173091
 211040
 44596
 260890
 234944
 221152
 38124
 43189
 284998
 473733
 101488
 491107
 20790
 11161
 380875
 477440
 496209
 497874
 330557
 159531
 170428
 290362
 255608
 165959
 238518
 497807
 255227
 400683
 119157
 388888
 108770
 346099
 114974
 304446
 175869
 205717
 342640
 430643
 379064
 204403
 337164
 27147
 453274
 135135
 284294
 119704
 17673
 25991
 151918
 360816
 5755
 434762
 254957
 408899
 99108
 164009
 353496
 84742
 343869
 23398
 171970
 170440
 312870
 136972
 342498
 418371
 283018
 165162
 193681
 367632
 153569
 138726
 227020
 10881
 24337
 42587
 244139
 47804
 129426
 44257
 423076
 267543
 353360
 13754
 352044
 98726
 67394
 262498
 355400
 295570
 61004
 44176
 369628
 337572
 474428
 125000
 352448
 238571
 94709
 182110
 144393
 455445
 15198
 289933
 470900
 225055
 222099
 150503
 394822
 234492
 89783
 394492
 478631
 482071
 194137
 276433
 324125
 376606
 33703
 93249
 198250
 202889
 174579
 159866
 231451
 9586
 393923
 371754
 221884
 84944
 184231
 465876
 360039
 292005
 222813
 461089
 225720
 275712
 37569
 400927
 116754
 458598
 282608
 28368
 132098
 186990
 238238
 141132
 423884
 358075
 202072
 34815
 217442
 180016
 269145
 321885
 492457
 310843
 438340
 441176
 126107
 271694
 308064
 153536
 229998
 420946
 152190
 16677
 185950
 496758
 196626
 367423
 95585
 262322
 335556
 24325
 341730
 325115
 17322
 284502
 63447
 94243
 282193
 385914
 83941
 101274
 42670
 248170
 478789
 172895
 394842
 313530
 216909
 347064
 445378
 7841
 454240
 441298
 424998
 499056
 471771
 434405
 45703
 485422
 421010
 47451
 249679
 152978
 342995
 19584
 283941
 32682
 490861
 168288
 308653
 393261
 209542
 70668
 66915
 159184
 463834
 366751
 86286
 454812
 199558
 206935
 184137
 27329
 249127
 181444
 385616
 477514
 431801
 58793
 216678
 162097
 229527
 370516
 286863
 428961
 124525
 462996
 392156
 363636
 355932
 30120
 390266
 430280
 242597
 29490
 209969
 222917
 476300
 423213
 49981
 409768
 441558
 344404
 338698
 129782
 302865
 126661
 190012
 285477
 176661
 50460
 255783
 285112
 125747
 306063
 462734
 278523
 205341
 101819
 35171
 366896
 92164
 231183
 68682
 168954
 331304
 225274
 74257
 31914
 478757
 112578
 301180
 496502
 176308
 384558
 459093
 460180
 10475
 462212
 248687
 167295
 403388
 247034
 261831
 103167
 465750
 486199
 310656
 361395
 489927
 380887
 361666
 21862
 223645
 498979
 399221
 357977
 224108
 344102
 340565
 473610
 164921
 240678
 421765
 305277
 172322
 169057
 61497
 24168
 98627
 493949
 321339
 285423
 84015
 47154
 261365
 151367
 381540
 350546
 443122
 132048
 212013
 347284
 359976
 47472
 426131
 75942
 140649
 227813
 181975
 108737
 103512
 41955
 214137
 138680
 147684
 103314
 287700
 393079
 371610
 28666
 145551
 76774
 105192
 435786
 303054
 462041
 482213
 6944
 355896
 243402
 275997
 319943
 205793
 116710
 216243
 443758
 129032
 14384
 23928
 388975
 446331
 336399
 495903
 435140
 421782
 270746
 408655
 231405
 356283
 426323
 114173
 44401
 105792
 264325
 117516
 390487
 455788
 77117
 286916
 444099
 294363
 363416
 82953
 477798
 419354
 116592
 462631
 294423
 396860
 489404
 105468
 140657
 212791
 184684
 75443
 67782
 372055
 339680
 229900
 412659
 410882
 311861
 117783
 424136
 259049
 425405
 318660
 388003
 271859
 351282
 384806
 54893
 210605
 766
 13145
 319324
 298404
 77106
 176499
 269883
 239670
 293434
 350689
 166648
 316455
 441430
 131035
 263183
 481455
 218422
 39921
 35864
 396018
 0
 110062
 396683
 324947
 235534
 247396
 419028
 454400
 194143
 146994
 363605
 384940
 74462
 237618
 122377
 276303
 271423
 145380
 94710
 321236
 58997
 30137
 177832
 189242
 374949
 343131
 445392
 83471
 154088
 175308
 272474
 400820
 273726
 323595
 487995
 370182
 381236
 373807
 46334
 5865
 301112
 155144
 288910
 225577
 463674
 478388
 186746
 447375
 476826
 476411
 432741
 350141
 154071
 278591
 339477
 438247
 124017
 408735
 220720
 199717
 471094
 9181
 295726
 258232
 293162
 275424
 232319
 498088
 117055
 206260
 403723
 468722
 311500
 117481
 334379
 226784
 55257
 114202
 40419
 248623
 441957
 468998
 29943
 158440
 288174
 353269
 441148
 267311
 308351
 484345
 292104
 455292
 463231
 135342
 216076
 4078
 280301
 395892
 182617
 249757
 439322
 278436
 100695
 294786
 55104
 479706
 267139
 385372
 134831
 88455
 62153
 11880
 231645
 120164
 150990
 176123
 396900
 279205
 423931
 227272
 266541
 307997
 44188
 368088
 182616
 58221
 173151
 206662
 487467
 436246
 106938
 280811
 52130
 416395
 329334
 27098
 369119
 34340
 256139
 472835
 39769
 298141
 127335
 490274
 241471
 315714
 358929
 288604
 119412
 97691
 12019
 445311
 116632
 37714
 422110
 34701
 139749
 210766
 161361
 150099
 255467
 10298
 432361
 93072
 498358
 155248
 287761
 156188
 284596
 369771
 150375
 130108
 85350
 7895
 216421
 250085
 311406
 24980
 27152
 285746
 422259
 334587
 158594
 418922
 253476
 86334
 159639
 292526
 459183
 487981
 409993
 328023
 374937
 430920
 293738
 241175
 407639
 196501
 321904
 325776
 478860
 74993
 46581
 119652
 384503
 196940
 260227
 132057
 171027
 33880
 396700
 405931
 81789
 266692
 458656
 318772
 79761
 173386
 185820
 419571
 49126
 433301
 417891
 125218
 306918
 59407
 384816
 151209
 63068
 110436
 157273
 461860
 491022
 159852
 252127
 144760
 446362
 107744
 478122
 499246
 344451
 72450
 184769
 92042
 152770
 495226
 106646
 156205
 90371
 24564
 268459
 326581
 452279
 257568
 154297
 472684
 233326
 131773
 285310
 161157
 375264
 48299
 332109
 327068
 268203
 87641
 54426
 295928
 234002
 118957
 334377
 373812
 356392
 230581
 102142
 349586
 430728
 449233
 396434
 199596
 447402
 425046
 247261
 471164
 20348
 325231
 6872
 97032
 214004
 390258
 449839
 464381
 27926
 250987
 460340
 363773
 23656
 312184
 442079
 369024
 131285
 470298
 433619
 15368
 476073
 18071
 237412
 271701
 57426
 88350
 457692
 461667
 10299
 63155
 251702
 29362
 285444
 490694
 85694
 266395
 174709
 14437
 212555
 89903
 235643
 357290
 130562
 472207
 26509
 444253
 452893
 185924
 144701
 224428
 80148
 232914
 421236
 426143
 136249
 163682
 118078
 22163
 319689
 223732
 335683
 52670
 253086
 263232
 442988
 19655
 321170
 248706
 496078
 312998
 278967
 402534
 174072
 116143
 341789
 28487
 315704
 20983
 115992
 480022
 258187
 277333
 317707
 215060
 164331
 432369
 327744
 360232
 293619
 391535
 365839
 296827
 219670
 345468
 213264
 287708
 204142
 10041
 391772
 122054
 201732
 308439
 394884
 131782
 132848
 455908
 400378
 50087
 314948
 53829
 499582
 387393
 334846
 399258
 117542
 335716
 158890
 392940
 468281
 395842
 191033
 255362
 441770
 175301
 275433
 372453
 331269
 275377
 359368
 332016
 341960
 370085
 317333
 350204
 448240
 330306
 192531
 69584
 86801
 359210
 290660
 482652
 145533
 311599
 473312
 226673
 369525
 68052
 143020
 457709
 453079
 465595
 87822
 439184
 252388
 55604
 23650
 445656
 233741
 345710
 379548
 355266
 468659
 80442
 170266
 174765
 294336
 60014
 305750
 202505
 6384
 487197
 22093
 185643
 458236
 166827
 190918
 316979
 489051
 289500
 335730
 479576
 430300
 400501
 286446
 4187
 29751
 366563
 198261
 124138
 190510
 473162
 247991
 33490
 105799
 187012
 97873
 316463
 270166
 448488
 211594
 30456
 393693
 397742
 208014
 266067
 222674
 144482
 404786
 390926
 489222
 451173
 344853
 237795
 258728
 440206
 232024
 179260
 171049
 25285
 430518
 333793
 212501
 451059
 380582
 156453
 310193
 110272
 445779
 374315
 445971
 464086
 431609
 481255
 191285
 76546
 338806
 384114
 406615
 472063
 180218
 155405
 465975
 123087
 10098
 311337
 66586
 392166
 49048
 403032
 384726
 290080
 172307
 254968
 17150
 93323
 463087
 146153
 490319
 124711
 8724
 147961
 212230
 488818
 20833
 50724
 199853
 482919
 366388
 231887
 219745
 314809
 220288
 273338
 439990
 93482
 45745
 234720
 353978
 237929
 235061
 4610
 41204
 60935
 48150
 311320
 350892
 74609
 20640
 236571
 292284
 63251
 468723
 41716
 346647
 111994
 492326
 230326
 300375
 72152
 374700
 9093
 133246
 263636
 242491
 48336
 178602
 409127
 321697
 298475
 406344
 445935
 185944
 91252
 191624
 394103
 171003
 326265
 128448
 160165
 407499
 374145
 452173
 227537
 341918
 261709
 388292
 466803
 150900
 332770
 172230
 420149
 276623
 83903
 400150
 271368
 358374
 406487
 244580
 438751
 216749
 89868
 237540
 175095
 269580
 463988
 42381
 201138
 144569
 350465
 241183
 19842
 342485
 161904
 323480
 396328
 413686
 66987
 225390
 451735
 12327
 120359
 346229
 301653
 242726
 418024
 427653
 366597
 342366
 305111
 21779
 380461
 230658
 496850
 389473
 132879
 185501
 18030
 497601
 187379
 135916
 53184
 329243
 324636
 44953
 449019
 177199
 341712
 256250
 104239
 113403
 111967
 372802
 367951
 151695
 143575
 388699
 54811
 178461
 374844
 442093
 442765
 476433
 104193
 266951
 287884
 286584
 296153
 377125
 89396
 483848
 98425
 376306
 207689
 314819
 412243
 82373
 97912
 487370
 332082
 495145
 450963
 19521
 133887
 361802
 479874
 98321
 183632
 363247
 405405
 163346
 159284
 64982
 450357
 453992
 225136
 25300
 202304
 250039
 16117
 295032
 17356
 184178
 330226
 62200
 440059
 481245
 306786
 309611
 12178
 407631
 453034
 445550
 105112
 113378
 320224
 407759
 120912
 124445
 212115
 418288
 492890
 50025
 70951
 468614
 443621
 278255
 279788
 183221
 81001
 317781
 237956
 60203
 128040
 225224
 497619
 329546
 108940
 345556
 284324
 87428
 37778
 272213
 221972
 21355
 266921
 437976
 447791
 299014
 463232
 410423
 252143
 265687
 88894
 455366
 259740
 443174
 8390
 202469
 360426
 431821
 200579
 454347
 487235
 287652
 169631
 290656
 354631
 53007
 243956
 170114
 101076
 384243
 26060
 60405
 102217
 1872
 88824
 232302
 221723
 126293
 293519
 64992
 59159
 321308
 278551
 85296
 213321
 200313
 392314
 202607
 106846
 368421
 230477
 230584
 434265
 336334
 53192
 117514
 193159
 372294
 105406
 466402
 430639
 176818
 328140
 471488
 82353
 354140
 373172
 127773
 328661
 495209
 133864
 45900
 36581
 374342
 47064
 444044
 139918
 190769
 407799
 323257
 204992
 482611
 290120
 219552
 62418
 94216
 74048
 38461
 148545
 25291
 477994
 361826
 3904
 328968
 65305
 32553
 460615
 126359
 179452
 293645
 373169
 273440
 485686
 348878
 184377
 113739
 149570
 308510
 375524
 102567
 382226
 188233
 459521
 478909
 109396
 61586
 11263
 36926
 162953
 248036
 343174
 96212
 55798
 315236
 422946
 325816
 219318
 72752
 39294
 114973
 78914
 370288
 29849
 345638
 18939
 171641
 499813
 322736
 415517
 474198
 412551
 232128
 32160
 381112
 141176
 342735
 478420
 354936
 360065
 303020
 302482
 354191
 317394
 123555
 100340
 305685
 284665
 61506
 341723
 377716
 447476
 468421
 443905
 327551
 283739
 214957
 330746
 134393
 416211
 123384
 489940
 479350
 342158
 435211
 131113
 124994
 133611
 282235
 422611
 336600
 5491
 388288
 79645
 92875
 488081
 145785
 426239
 463420
 352951
 99770
 304347
 435938
 48590
 480819
 111772
 396131
 336783
 152309
 407563
 53033
 133585
 8928
 131333
 68144
 220776
 153995
 351982
 331730
 139028
 455205
 215821
 22920
 37957
 313507
 12805
 411993
 226913
 237541
 393738
 444568
 458506
 429833
 306702
 68129
 477602
 313248
 448363
 399451
 439443
 163290
 171252
 448136
 94393
 120591
 291497
 158675
 464191
 485017
 401291
 181409
 243861
 229703
 175062
 21612
 476358
 495531
 48214
 257701
 228808
 61688
 104920
 376990
 252727
 308080
 30741
 76104
 78361
 303130
 406655
 439176
 400078
 84245
 76672
 125383
 65660
 374267
 456106
 266331
 181818
 365852
 57329
 465824
 154837
 452690
 426860
 487024
 98515
 437096
 81227
 489680
 55282
 267171
 433947
 273797
 418719
 34724
 187289
 355806
 100067
 333222
 432720
 145326
 261174
 410596
 250147
 209949
 402433
 54024
 21171
 84452
 160889
 312297
 408340
 325620
 37349
 23
 191635
 446980
 239614
 7086
 486000
 314564
 218777
 246845
 320143
 483276
 489431
 227412
 451469
 300931
 95329
 436593
 310559
 297707
 331263
 272018
 443853
 403792
 394736
 126259
 278612
 404893
 279794
 134657
 225460
 110311
 139542
 494029
 102367
 85889
 157343
 280207
 441075
 257250
 457907
 369629
 84810
 10976
 55115
 69688
 298201
 97461
 450577
 331107
 145543
 27450
 52069
 385678
 146596
 11283
 285910
 26645
 321497
 470461
 100251
 272351
 27118
 70002
 380333
 263378
 389242
 299875
 235301
 365035
 31573
 143550
 421124
 82983
 359473
 212845
 143177
 99223
 104915
 121742
 108808
 302520
 401163
 6880
 388247
 114659
 207723
 31250
 494647
 283841
 465591
 321485
 382216
 452644
 180043
 489974
 259493
 201538
 187162
 190176
 403450
 449504
 30852
 348056
 303977
 171868
 148648
 374080
 420368
 278488
 492492
 129950
 256375
 243231
 383450
 367483
 241823
 210508
 316621
 274031
 289090
 415003
 109958
 3529
 156678
 326947
 79496
 56430
 105858
 362596
 442738
 224458
 91274
 444538
 23547
 100000
 22753
 252447
 20391
 95641
 209273
 92432
 390828
 465809
 411338
 31557
 185840
 216538
 400329
 471525
 24467
 92014
 449258
 493057
 197091
 288083
 115647
 322558
 305179
 317095
 307212
 203433
 57917
 251777
 217414
 379329
 337038
 406390
 114388
 222473
 387270
 317524
 54428
 40781
 120905
 281562
 269359
 248817
 43362
 191780
 285460
 110053
 136517
 345397
 416798
 53065
 270138
 80766
 489911
 470316
 182063
 211333
 154753
 313551
 489402
 125620
 224362
 350865
 478034
 52210
 492627
 266029
 63823
 345118
 268207
 459623
 253021
 50359
 407688
 142857
 451312
 286715
 289006
 369942
 212561
 420231
 27027
 429588
 33099
 456594
 64195
 433795
 494845
 169348
 411544
 257054
 145281
 427393
 450433
 25794
 106382
 191957
 221537
 486657
 328686
 32723
 288877
 310324
 417782
 361777
 119154
 140718
 232777
 340564
 244622
 71612
 425460
 372713
 159541
 51465
 99355
 40473
 54413
 385284
 178146
 251315
 135623
 276119
 405044
 180643
 364257
 163612
 65956
 401270
 76358
 263051
 94546
 215727
 183285
 306904
 318181
 270899
 145372
 203218
 241378
 451346
 285669
 241691
 237190
 26780
 270442
 421284
 57289
 158445
 274853
 224950
 15918
 345238
 137815
 477945
 190771
 367514
 253028
 471993
 148523
 406999
 375640
 418060
 469143
 451380
 297886
 85297
 326726
 457191
 56724
 405571
 297352
 418556
 14862
 305677
 237291
 460451
 28290
 297738
 193858
 81911
 396017
 162928
 373150
 358955
 255331
 491219
 435012
 258980
 263281
 52270
 150290
 309260
 42059
 491667
 298114
 273096
 140528
 1115
 94497
 231884
 239501
 402692
 271666
 62500
 4325
 303180
 14727
 333333
 54691
 472925
 260110
 446789
 304763
 28660
 286934
 267743
 329226
 442730
 34321
 426099
 76829
 127189
 471542
 448837
 492058
 173214
 50793
 113128
 260000
 154286
 479769
 270042
 310632
 197674
 146207
 90289
 257266
 304706
 133971
 431445
 226780
 482154
 60845
 498793
 471957
 262189
 23220
 291125
 279234
 180640
 87873
 5038
 242994
 47045
 89058
 225750
 416108
 291528
 284682
 240732
 250742
 465665
 296212
 104791
 424035
 300161
 147199
 393166
 154166
 452196
 494315
 290251
 302186
 236617
 232793
 315729
 153162
 145011
 474545
 183544
 183447
 173470
 207181
 374296
 265106
 306596
 236842
 357881
 322845
 267305
 233098
 361607
 93297
 326979
 392417
 477644
 348937
 85349
 267187
 432700
 441511
 228435
 475364
 226719
 444330
 385853
 41297
 461230
 229471
 341959
 476196
 367238
 302189
 482523
 120779
 195815
 115067
 411381
 83156
 202654
 244010
 332403
 32831
 192602
 112872
 48829
 21797
 290709
 71011
 126775
 242358
 150759
 407426
 412303
 158234
 473341
 167360
 239271
 59622
 403846
 59960
 389369
 112010
 182300
 485594
 433411
 203479
 341519
 291671
 42821
 143127
 383803
 494196
 173978
 144637
 339734
 463372
 455597
 66948
 259835
 98734
 64467
 210179
 308582
 351314
 4664
 25736
 68273
 86939
 447871
 229851
 96008
 118639
 448461
 377069
 337714
 119295
 298514
 355855
 453624
 309167
 348238
 169286
 31482
 408866
 172144
 315878
 27018
 159259
 307272
 264503
 414663
 45607
 280346
 251296
 332895
 260894
 472592
 211454
 46101
 123940
 335342
 70489
 11921
 33898
 395600
 346410
 470724
 189625
 407666
 229841
 475374
 449223
 148332
 471620
 405619
 230453
 91836
 226087
 25895
 27998
 389649
 198251
 485237
 344838
 383872
 95559
 12453
 187108
 170353
 51585
 207824
 433870
 356718
 270124
 185050
 175226
 242142
 154547
 248749
 357576
 461930
 82292
 209393
 475244
 76461
 90233
 299853
 111810
 437293
 185056
 431978
 259074
 499697
 426577
 256390
 334811
 182208
 313519
 249462
 49261
 58501
 218238
 106867
 396271
 364803
 229715
 440822
 34634
 342575
 403642
 104509
 186418
 327989
 280858
 438292
 438969
 137837
 353788
 349752
 454604
 94193
 430921
 100333
 396296
 144362
 98481
 129985
 115591
 268228
 380067
 259144
 106216
 40442
 398804
 132116
 421299
 65688
 36347
 347862
 450600
 299651
 18816
 350371
 493112
 151363
 350877
 381700
 495230
 136558
 72214
 309756
 143640
 476847
 3252
 443081
 155451
 496577
 112881
 7033
 84716
 131707
 39025
 185698
 323476
 415483
 356053
 260646
 275750
 287177
 289308
 184239
 248622
 114632
 144622
 149676
 108178
 129020
 113272
 338595
 495402
 178199
 399187
 118143
 345027
 138647
 348089
 277346
 434482
 295697
 280168
 64954
 461806
 148905
 67860
 275477
 479638
 402616
 344842
 12363
 277901
 266661
 369482
 131658
 180832
 223497
 213073
 331024
 399988
 116888
 421524
 375759
 462720
 87520
 225402
 99784
 241895
 42538
 204750
 370646
 254925
 310593
 341545
 479197
 165372
 256686
 168512
 454428
 205703
 358007
 72169
 359225
 334841
 242172
 234034
 34515
 219651
 412125
 480810
 494131
 122380
 277351
 152331
 192723
 382647
 274671
 128913
 189413
 205807
 399478
 105009
 277370
 24863
 315816
 403840
 295319
 282141
 458666
 87100
 291018
 13699
 14821
 95076
 252290
 65315
 275307
 467075
 402204
 418131
 463176
 147189
 475467
 316051
 216533
 3198
 258826
 421208
 221144
 294031
 342819
 85490
 141216
 30633
 269765
 253368
 330570
 226729
 446109
 471458
 52216
 37974
 443891
 491037
 290217
 28833
 266931
 223171
 392688
 456815
 116981
 447636
 170587
 142622
 328064
 359321
 228346
 92553
 382439
 5346
 308823
 320317
 41411
 488402
 355502
 234797
 122000
 240157
 242347
 403809
 461232
 384993
 252284
 167097
 377073
 344125
 344816
 103035
 64606
 174493
 171667
 309243
 223092
 261645
 155284
 177596
 323127
 400744
 420126
 271517
 285763
 191350
 176070
 474940
 371564
 149272
 149196
 12571
 398365
 10316
 206370
 64707
 256006
 323282
 255292
 111700
 457037
 297709
 181304
 422475
 164155
 292702
 216270
 283208
 413463
 35269
 431002
 447400
 63940
 196863
 459641
 32808
 259578
 217983
 235464
 43700
 266816
 110055
 350787
 303402
 145423
 264098
 202850
 453485
 136885
 394571
 227298
 347235
 85465
 134411
 202725
 300952
 168264
 205748
 193509
 45428
 214793
 447629
 419999
 415798
 173311
 51057
 278039
 466842
 315180
 18038
 11168
 116066
 294690
 249869
 13473
 175348
 256924
 21192
 363001
 176470
 468601
 45054
 475038
 491572
 409862
 300854
 457045
 421827
 456478
 422088
 468527
 306510
 244651
 276450
 361902
 60375
 386685
 111570
 196903
 237070
 405108
 260612
 96193
 456322
 276415
 65326
 398265
 328062
 334869
 73313
 431586
 359981
 468683
 81192
 429725
 262601
 7889
 345764
 430498
 91406
 295498
 6260
 200628
 332627
 284654
 123848
 245012
 433718
 300852
 192404
 209681
 173148
 336633
 310514
 456382
 83203
 76763
 14077
 477946
 106824
 420669
 422185
 336208
 443024
 377842
 330391
 469390
 470309
 80290
 416924
 352248
 380587
 202830
 248874
 332642
 108861
 276739
 294145
 231538
 74976
 91904
 347741
 118755
 280786
 366633
 56713
 281725
 452814
 485793
 353036
 256450
 276773
 458499
 408592
 403377
 491678
 137768
 139290
 337313
 19357
 120553
 277785
 236421
 88157
 307488
 94125
 19660
 269598
 259104
 318226
 192488
 112041
 62647
 270430
 117848
 186991
 384784
 30644
 180257
 379854
 318950
 113950
 301989
 176593
 455091
 262486
 4239
 122700
 106279
 47941
 163780
 10049
 133884
 438955
 476914
 104262
 393915
 1050
 221120
 313988
 435361
 365709
 365554
 210097
 477280
 33599
 159370
 267559
 92065
 122853
 193488
 338704
 231788
 234292
 218441
 16748
 123044
 112375
 185082
 105802
 14659
 264940
 374541
 170849
 266262
 301332
 169771
 93795
 225189
 94422
 74074
 403617
 167644
 399403
 268872
 119165
 343464
 409325
 359710
 417910
 413871
 393039
 471258
 87451
 432736
 170400
 75237
 448299
 238010
 429003
 4769
 62107
 444158
 382397
 308866
 273394
 64044
 256419
 211536
 213120
 118306
 283357
 46111
 441788
 425854
 436857
 60943
 184461
 463120
 427306
 318785
 62783
 131304
 298163
 100209
 461869
 268466
 390767
 108137
 32540
 219577
 38550
 109502
 145978
 313061
 202484
 477443
 28580
 490774
 411371
 41514
 72974
 333746
 157915
 374107
 326071
 270985
 212643
 347541
 237881
 273736
 208011
 303551
 176951
 468193
 420173
 79535
 262141
 215254
 31500
 231420
 182020
 235294
 134605
 38981
 18112
 82163
 129604
 211749
 499083
 271440
 287395
 398930
 83932
 491961
 167581
 311220
 91182
 269254
 380834
 447124
 259235
 497562
 230814
 410952
 65104
 414718
 37579
 123513
 180589
 343629
 360469
 402269
 283737
 57409
 15280
 165572
 206972
 60894
 424231
 100865
 148213
 16752
 306010
 114061
 119627
 39670
 187161
 373801
 272183
 390052
 272241
 294442
 336363
 441824
 110108
 70725
 372937
 222043
 481926
 163336
 306879
 485391
 113029
 26635
 254233
 464237
 345848
 375222
 206081
 393860
 158803
 107608
 139745
 161186
 107257
 36219
 89356
 70321
 72299
 340624
 2765
 423611
 256953
 53200
 392249
 273650
 238444
 139047
 2857
 301681
 369257
 76155
 204949
 482686
 317144
 85035
 449439
 100632
 368679
 456355
 278877
 12716
 207241
 113903
 259430
 322553
 95364
 58575
 64981
 188210
 357468
 46511
 29999
 329277
 24844
 188911
 74262
 355547
 458384
 456573
 54906
 49025
 391133
 9209
 47743
 490147
 127115
 391963
 466995
 210919
 494076
 425502
 374812
 102594
 149332
 158735
 383095
 482659
 29147
 490089
 94292
 378763
 121840
 499125
 14419
 378789
 115917
 245465
 398730
 23335
 382858
 244916
 130133
 466639
 233644
 39898
 155822
 415626
 341481
 194434
 235719
 492343
 51877
 108161
 423923
 498594
 393515
 169702
 380763
 124025
 421694
 126643
 47399
 76640
 166084
 198501
 325662
 340452
 227493
 297323
 452808
 457086
 217780
 7848
 326902
 299501
 378883
 135191
 307277
 133701
 11637
 132264
 103126
 90265
 2171
 376461
 349553
 302282
 255148
 433455
 95879
 423888
 194826
 441605
 31788
 339154
 493637
 454209
 131423
 239439
 67103
 32977
 78570
 83882
 89775
 411345
 369712
 94150
 149211
 28514
 43974
 491483
 429775
 367501
 132816
 226601
 228713
 303229
 294281
 477803
 408170
 355906
 484455
 236364
 358407
 77765
 23534
 105225
 320956
 86741
 129413
 413661
 71604
 134176
 284203
 398673
 368109
 318313
 85266
 418689
 47244
 42108
 463824
 238016
 225435
 378995
 57968
 409305
 448629
 75313
 163105
 161265
 161813
 153718
 322051
 404952
 496539
 477454
 156191
 493121
 445102
 167398
 293897
 481649
 426548
 66121
 471153
 197879
 476851
 393007
 427551
 415004
 208597
 267551
 443342
 101740
 284565
 458456
 16615
 317692
 337686
 39949
 354464
 321751
 214677
 274961
 36971
 495838
 45608
 410527
 213790
 469871
 93903
 156862
 446817
 430017
 313132
 16265
 106314
 311637
 414385
 251832
 85703
 453834
 104905
 268945
 361752
 48434
 79715
 58771
 163962
 209400
 376896
 86956
 499261
 182692
 369243
 145490
 377314
 308881
 450369
 141124
 26673
 424164
 131945
 473552
 145998
 92848
 235366
 150547
 37122
 87140
 480149
 129928
 324022
 123345
 211262
 458374
 407356
 268666
 181715
 131810
 477857
 27148
 358880
 341908
 284799
 228985
 40452
 424352
 364217
 74095
 465217
 222765
 184766
 340472
 401152
 404206
 206707
 85657
 96467
 331315
 192637
 240795
 470149
 418936
 81854
 23059
 55106
 44294
 80960
 162470
 376997
 63815
 143458
 14973
 346136
 277543
 77419
 142806
 20055
 330895
 194946
 231871
 112000
 180931
 303330
 388916
 416038
 269240
 351161
 116193
 245520
 282158
 307489
 479395
 265357
 88978
 313219
 154034
 392791
 217967
 225970
 458530
 484126
 127332
 26302
 185062
 184095
 203181
 321
 65679
 488101
 456824
 59216
 431393
 344979
 74533
 354025
 74815
 455805
 225202
 123458
 98229
 86266
 330567
 466404
 129206
 3843
 337182
 178013
 28800
 203690
 86355
 314709
 295081
 338395
 436150
 429707
 289261
 17105
 389218
 285831
 313333
 351648
 452983
 118066
 329770
 467837
 444444
 225725
 395450
 142000
 451916
 51840
 32805
 345701
 311421
 16683
 295895
 296891
 276826
 5519
 498345
 87096
 319750
 453056
 33545
 498162
 98559
 52442
 400918
 371675
 94781
 20352
 487101
 263204
 478260
 170103
 27735
 214564
 389891
 481612
 55318
 370146
 53366
 11926
 431824
 448542
 164294
 166236
 1930
 332007
 468110
 384808
 496640
 283095
 338565
 84362
 474142
 471014
 78348
 486031
 131539
 433788
 87878
 411990
 235990
 104957
 487561
 122993
 405025
 455428
 260375
 244970
 409740
 234655
 394182
 424191
 62290
 422480
 283915
 357965
 336263
 188870
 52220
 286427
 131749
 476990
 169457
 225656
 214285
 264643
 162592
 347304
 341816
 68965
 51002
 42427
 173051
 460000
 452213
 493349
 475946
 139175
 487369
 125133
 476232
 150778
 62283
 412159
 401087
 53247
 406692
 480489
 495328
 292649
 459807
 273345
 259512
 172674
 85008
 299412
 265260
 365321
 26851
 352017
 62624
 8385
 427511
 480217
 281338
 379730
 331327
 439759
 266474
 342523
 1054
 113195
 421996
 262466
 194894
 459524
 63259
 300454
 158203
 428282
 46087
 125429
 473596
 394367
 469097
 75031
 139371
 55771
 490136
 27562
 342855
 264900
 316813
 103525
 102415
 128380
 345467
 110356
 445418
 466797
 218340
 342668
 272806
 301202
 297435
 81967
 458237
 14408
 305678
 228614
 398720
 42889
 92312
 346127
 13937
 223981
 351726
 480654
 399235
 92453
 463124
 259127
 460150
 162773
 401528
 283306
 329450
 75396
 428271
 183954
 54871
 91800
 134106
 62652
 293837
 267352
 65978
 262980
 22138
 268324
 468431
 404531
 361341
 112222
 52176
 152968
 425894
 230008
 400561
 421469
 359373
 15294
 100495
 232805
 463074
 364430
 328497
 498862
 484368
 216260
 304815
 154675
 369124
 471218
 422779
 252194
 244141
 330027
 436577
 14427
 273677
 174589
 476550
 254454
 245383
 412490
 301010
 309308
 231897
 391449
 265818
 254463
 248945
 433955
 230929
 469536
 59553
 140774
 341419
 340867
 93616
 396551
 12418
 47125
 110065
 400000
 4709
 106766
 37053
 21393
 275445
 322573
 203138
 146766
 324905
 110326
 340879
 427308
 171090
 338081
 232251
 59948
 193361
 284004
 443421
 105760
 110624
 40909
 380694
 292899
 309201
 91104
 169366
 30030
 302740
 28547
 470342
 322360
 338615
 304739
 119615
 52801
 376717
 202780
 81596
 203155
 232329
 387672
 449449
 452485
 496355
 450435
 496523
 153546
 21891
 121177
 453457
 76371
 216089
 313691
 243509
 158446
 49536
 104166
 165267
 185794
 34655
 102040
 219042
 127229
 395202
 123859
 395017
 285340
 25519
 239660
 286589
 232231
 124926
 158149
 281112
 273643
 70114
 128175
 487444
 61916
 108260
 85741
 317581
 491642
 99862
 175634
 461006
 247861
 257925
 96220
 196202
 199145
 89793
 484818
 81321
 327650
 74668
 155290
 235689
 412158
 9599
 63483
 224086
 280801
 266925
 468170
 49046
 227324
 70505
 183902
 499847
 412658
 141501
 292971
 416143
 442018
 62165
 401468
 194068
 350923
 11154
 233641
 138294
 1609
 60035
 259704
 232616
 197519
 367658
 144370
 452408
 22665
 369295
 11804
 60422
 193247
 392418
 51327
 105946
 495616
 346153
 385049
 18789
 351380
 247308
 278675
 209027
 66795
 335013
 166415
 36319
 230861
 124880
 200787
 76870
 486051
 397054
 72305
 434650
 374570
 170699
 28032
 462151
 285891
 237563
 217034
 78745
 171024
 4855
 251198
 198956
 438439
 473292
 220808
 152441
 89708
 435468
 374734
 336395
 252338
 115942
 498678
 394574
 187518
 431094
 243243
 168449
 79561
 202875
 96708
 467654
 133132
 194838
 482702
 230406
 159329
 452889
 465522
 128866
 453057
 370869
 241285
 358493
 222096
 260480
 218135
 175087
 308668
 108253
 216339
 422997
 56867
 463718
 428892
 90014
 228183
 8818
 221569
 201561
 317776
 250414
 158730
 244387
 138085
 422448
 21077
 197734
 309874
 100164
 302139
 189606
 8799
 19920
 93265
 57264
 141059
 234313
 473954
 428785
 259917
 338625
 497676
 398276
 352235
 272957
 70939
 185792
 243184
 58477
 139273
 419572
 119105
 293248
 104751
 158892
 215583
 56158
 489365
 487350
 34199
 210975
 51487
 130673
 314414
 20200
 279607
 403157
 230242
 116719
 60047
 325517
 404241
 58461
 36138
 109959
 368878
 341175
 338302
 428798
 494746
 34991
 211603
 294922
 82175
 449124
 86119
 36485
 415280
 73014
 241322
 113312
 66967
 93602
 115569
 336702
 146786
 309261
 237550
 85455
 50312
 316326
 49644
 93025
 195506
 109170
 260152
 343011
 56318
 378682
 201265
 247488
 408048
 300802
 345264
 99933
 364954
 212899
 205132
 161141
 423875
 178126
 12596
 222391
 246354
 56245
 62894
 352339
 466185
 290103
 370453
 270016
 87278
 218809
 266861
 150793
 2481
 486296
 244181
 246594
 215942
 98716
 77297
 485688
 16533
 131262
 212270
 352168
 108004
 46478
 365099
 116230
 488488
 420379
 34132
 228630
 466941
 232686
 259547
 234741
 392350
 146382
 393808
 297820
 64146
 63456
 345024
 434746
 363050
 229003
 31340
 173328
 65263
 38825
 137996
 73391
 312266
 229435
 453025
 243648
 27578
 118133
 137978
 287263
 367905
 346916
 248965
 51463
 211798
 171700
 305280
 313762
 328267
 294800
 389414
 371965
 82751
 405658
 357830
 345348
 245717
 249441
 168018
 63231
 496037
 198552
 355183
 66666
 450786
 90153
 455938
 292324
 227835
 50156
 281035
 421280
 286531
 3022
 7395
 424112
 439216
 387521
 49002
 454402
 123630
 2402
 324847
 208255
 402850
 9189
 164886
 72272
 328119
 207656
 375488
 392121
 32351
 425298
 461473
 422861
 351816
 329659
 425215
 162436
 177544
 216271
 49255
 270881
 233804
 409236
 125933
 85756
 279654
 420615
 416225
 336798
 294977
 308381
 26988
 468107
 7822
 237075
 186838
 120753
 88754
 59477
 392797
 406614
 482895
 211363
 413060
 84588
 192379
 246527
 304348
 201181
 15336
 132973
 122077
 379557
 248606
 72557
 343193
 369691
 270440
 250523
 44486
 305720
 229858
 444732
 383091
 376530
 243052
 197738
 288781
 172615
 454159
 180449
 134221
 408271
 359676
 142360
 477908
 6327
 436289
 90589
 132971
 486737
 206739
 67702
 323070
 282034
 50183
 302073
 160679
 219790
 56460
 76532
 15659
 133449
 403493
 76559
 229642
 411241
 268069
 412054
 66710
 272153
 427775
 253068
 497065
 237255
 146012
 219839
 43754
 301893
 2194
 90669
 236275
 248467
 210575
 167213
 388390
 469213
 3024
 485700
 350364
 448212
 115356
 418093
 359790
 88305
 349242
 419830
 167160
 339068
 152514
 491987
 477024
 473254
 53097
 265248
 472018
 210514
 492157
 313575
 62396
 162225
 339300
 53548
 224876
 342572
 329952
 281069
 300180
 241443
 2007
 94105
 246466
 122961
 13271
 215136
 21974
 5941
 106101
 92291
 297309
 271135
 9406
 59845
 86097
 145335
 149792
 370903
 269945
 206469
 351515
 49736
 196987
 374261
 150797
 134030
 427868
 176880
 186696
 330033
 428981
 198557
 42960
 288969
 102141
 154586
 357382
 121248
 169750
 436676
 218837
 203694
 163480
 67893
 435861
 351891
 125035
 295411
 445251
 419305
 306420
 192360
 202063
 417795
 198611
 280568
 30227
 461605
 185679
 121982
 465927
 423099
 262711
 422327
 60997
 341658
 16811
 230135
 295136
 66384
 70880
 179543
 160439
 299157
 54828
 362004
 322105
 88502
 294829
 354686
 253898
 22262
 382196
 383908
 278929
 237385
 242395
 433119
 180375
 203216
 336682
 300708
 395893
 172826
 382217
 199312
 342789
 284994
 392233
 386659
 138638
 55297
 198699
 65610
 270959
 226145
 460644
 414289
 140682
 368175
 359123
 380665
 69215
 9144
 314340
 49021
 65161
 172747
 449025
 191323
 353130
 408758
 151170
 487304
 14492
 277568
 44916
 329729
 434421
 465849
 425307
 107699
 442683
 157945
 60680
 175316
 455507
 40690
 481605
 92536
 442394
 419387
 58448
 71262
 480281
 447314
 318880
 304263
 477513
 153793
 483021
 199884
 130810
 192410
 40193
 460352
 162203
 67911
 190560
 146946
 3870
 75071
 427703
 490946
 361069
 290321
 103737
 145128
 265009
 148113
 347735
 129989
 164856
 101673
 412201
 277978
 14275
 79701
 432351
 391618
 267263
 230875
 419079
 13528
 141460
 348899
 30336
 441147
 316962
 326659
 96826
 154024
 447137
 331602
 200840
 253616
 387347
 39372
 465917
 423260
 17718
 423148
 120195
 318862
 225744
 196497
 424712
 339150
 426770
 450655
 310192
 331712
 348201
 163455
 255870
 345093
 61740
 338077
 145603
 161276
 66014
 295460
 309042
 324712
 132603
 215366
 128464
 414708
 8383
 60995
 53173
 136600
 232738
 60374
 388560
 197285
 431799
 86997
 415384
 129037
 311749
 207801
 489264
 490771
 219817
 2545
 238682
 206976
 353592
 392017
 147758
 387981
 107972
 60341
 463330
 50041
 447703
 83378
 404665
 427110
 488449
 269732
 169634
 486148
 415262
 284006
 203135
 414893
 158738
 182709
 264666
 198257
 496171
 296308
 259705
 114396
 246778
 479599
 125479
 396804
 63304
 452758
 430308
 166921
 442552
 358555
 187385
 305110
 408045
 119775
 140263
 351986
 271581
 237383
 194762
 499702
 324453
 283983
 376980
 466422
 82095
 16333
 359223
 110799
 297494
 47239
 459147
 346743
 122813
 428142
 387191
 334833
 269300
 149153
 496161
 217229
 186360
 172450
 254310
 188369
 284235
 202198
 198430
 230222
 153437
 426008
 171621
 91913
 246096
 163071
 345588
 349532
 418590
 270456
 234748
 202702
 99872
 359560
 105945
 33771
 350669
 250000
 349143
 105326
 257380
 224472
 193001
 239644
 390902
 219512
 299769
 331985
 54618
 80681
 287164
 469698
 55625
 405199
 161990
 269668
 481010
 402636
 492539
 490848
 229645
 83473
 37461
 481615
 382704
 157233
 448193
 476003
 373049
 150027
 424357
 30706
 442091
 191303
 62637
 110974
 396091
 374399
 294860
 328046
 232757
 127077
 343309
 44165
 465172
 435610
 308373
 126466
 328082
 453662
 346499
 156246
 98361
 140350
 175279
 124891
 459110
 33598
 463867
 385766
 29247
 335355
 282169
 49631
 381590
 199224
 298057
 33265
 297559
 16969
 400587
 292875
 268194
 483324
 435806
 106123
 108800
 415512
 381945
 247929
 270563
 106526
 297698
 26886
 400992
 129836
 433853
 7499
 229046
 426620
 483261
 142784
 102887
 212170
 454993
 7642
 315542
 171834
 309514
 257052
 462557
 134167
 361554
 251724
 96123
 492742
 43539
 45242
 400668
 249489
 137657
 366304
 193018
 485157
 88808
 160200
 433554
 127698
 445596
 135595
 190226
 237558
 129357
 380496
 376279
 372800
 132911
 454320
 11878
 138337
 409016
 277212
 137668
 26599
 113629
 232234
 261336
 351327
 151946
 170947
 394498
 217169
 297732
 80437
 263031
 228356
 309859
 44642
 241336
 313839
 285276
 168980
 194331
 421368
 315407
 111510
 7047
 193798
 191111
 354318
 190110
 418812
 4627
 53610
 133081
 68534
 320432
 147808
 68387
 88785
 236379
 411117
 246907
 33336
 43437
 75210
 228765
 290621
 21876
 288144
 400671
 169829
 61710
 145496
 94704
 29190
 408852
 352444
 396963
 141381
 450762
 99893
 203072
 451247
 297411
 424882
 347218
 391651
 71913
 485740
 254737
 116866
 190078
 144259
 407121
 306149
 194449
 208855
 472416
 9225
 442179
 134889
 145966
 247772
 238363
 69143
 46275
 455936
 188017
 219937
 201825
 437378
 438298
 491428
 268619
 271563
 122651
 234984
 27556
 24946
 106821
 368255
 448913
 260022
 53758
 224660
 260322
 160378
 12267
 198506
 480859
 289707
 63495
 115226
 89677
 116213
 170445
 93092
 5839
 54717
 55058
 455289
 243153
 389186
 394111
 211537
 119727
 40653
 492425
 408060
 237377
 430126
 124672
 111320
 264576
 51963
 15260
 86664
 209399
 306913
 376569
 410498
 372586
 363042
 436599
 249153
 45341
 370053
 54554
 73167
 208638
 166287
 354002
 80403
 311414
 485995
 291881
 113682
 460829
 260369
 467420
 409502
 228077
 173276
 147924
 251798
 484946
 111244
 334478
 470210
 247086
 65520
 165406
 97080
 404846
 374297
 47087
 118838
 459021
 374356
 263286
 56383
 290985
 406810
 216647
 215725
 425713
 305952
 61313
 102699
 62525
 388178
 152124
 463423
 497470
 283951
 203886
 172031
 59785
 173218
 436218
 230380
 260802
 202661
 268500
 395189
 492822
 162361
 252220
 443505
 428050
 448453
 46039
 252492
 369028
 477852
 225994
 478502
 474983
 21899
 316702
 312242
 306954
 338510
 1760
 333810
 490909
 488203
 197033
 435438
 389711
 41179
 379120
 307090
 111190
 177492
 296255
 153866
 300298
 110860
 184412
 52030
 242369
 184614
 31026
 35952
 339037
 88995
 85562
 285039
 452145
 480990
 205769
 258641
 491076
 196602
 291450
 432542
 17541
 1768
 467976
 19114
 450417
 107572
 323545
 210294
 279939
 288374
 374313
 223918
 303449
 186090
 380764
 86717
 241116
 72983
 78416
 45967
 202516
 486298
 213706
 321128
 393414
 224343
 283048
 384705
 311326
 287905
 473278
 276062
 12729
 365227
 276049
 498194
 464303
 115275
 40566
 187951
 203626
 190451
 193940
 275136
 270758
 187646
 231769
 167490
 491782
 61946
 244325
 87434
 122975
 99179
 72049
 290448
 309290
 44079
 48518
 262736
 51852
 10106
 112750
 349931
 353368
 206735
 429846
 282280
 167942
 476066
 155756
 462705
 100184
 342442
 252466
 30374
 127659
 97263
 305416
 355430
 132217
 324137
 70959
 342419
 85507
 285269
 482149
 319485
 417021
 257919
 49099
 259571
 23719
 415757
 325884
 172786
 451696
 326304
 42053
 42412
 62648
 222825
 429323
 472314
 262778
 423301
 302483
 8548
 276439
 64871
 98530
 351171
 292665
 287534
 476190
 394608
 398262
 9026
 485178
 340796
 427335
 485776
 253294
 188989
 27292
 380847
 281658
 209924
 150786
 266008
 147210
 458135
 315135
 438356
 422482
 77770
 444990
 151916
 95787
 166624
 18761
 408680
 390010
 267885
 276233
 131056
 137087
 427849
 177642
 207038
 89277
 440451
 492455
 95652
 275530
 63713
 367899
 234587
 95373
 81092
 89898
 148291
 379219
 441343
 312605
 281194
 80015
 193194
 172546
 408598
 233370
 410680
 195396
 419400
 44452
 111718
 114262
 438709
 357174
 264356
 192857
 61895
 76476
 377902
 176632
 465184
 115250
 189161
 12371
 409748
 245820
 397753
 44162
 471769
 305548
 203656
 264150
 88015
 195986
 498190
 365440
 44588
 484811
 493813
 480919
 403674
 360463
 410911
 68527
 5387
 458185
 31145
 423687
 322053
 82532
 367148
 312056
 234725
 218067
 251865
 314801
 54521
 275577
 26046
 203270
 193152
 475070
 461468
 233410
 449006
 495597
 37791
 143289
 155224
 369026
 376003
 262412
 44937
 302771
 103949
 236555
 207220
 92752
 271540
 220028
 345572
 122590
 104884
 225681
 39677
 134004
 457377
 34551
 282075
 418938
 290909
 59835
 29439
 468824
 93512
 301174
 217382
 23777
 55528
 367183
 147653
 235726
 326605
 257498
 155294
 19185
 5713
 292863
 175504
 263414
 265434
 102687
 197682
 60427
 105454
 181956
 233090
 180289
 141885
 385251
 75370
 462673
 112128
 101332
 446481
 185654
 239531
 121778
 272631
 428880
 467223
 393709
 211198
 