84298
 281672
 115343
 340064
 52742
 323951
 448578
 248357
 136126
 488549
 452803
 326543
 475848
 318927
 464836
 110948
 392523
 208550
 43438
 346936
 290502
 394165
 51411
 36407
 246742
 268101
 371923
 301509
 3464
 167329
 215134
 312639
 65047
 37267
 359658
 80866
 381044
 477769
 491116
 16545
 202804
 196887
 306573
 224776
 212232
 146963
 297912
 12953
 66285
 187415
 2879
 265224
 327150
 477232
 438486
 271371
 77521
 495475
 243301
 104743
 96691
 151555
 359143
 30999
 287244
 408339
 482905
 365328
 46190
 475504
 88137
 439881
 87778
 385869
 97736
 218600
 349989
 122185
 254938
 329662
 92238
 0
 37405
 462127
 294733
 197560
 51191
 324372
 488637
 489547
 474863
 225593
 394347
 325330
 302325
 205470
 113214
 411345
 483100
 167281
 256756
 450433
 89578
 302082
 294360
 96191
 253705
 315501
 469100
 260797
 68447
 430128
 297087
 407854
 316731
 423651
 233644
 111836
 294058
 467492
 177943
 404961
 383264
 164659
 422293
 8841
 489690
 104080
 192717
 296020
 255692
 259834
 427755
 87137
 328232
 191032
 47365
 290235
 469392
 129420
 120567
 352192
 468268
 44838
 268756
 254556
 194983
 105300
 344015
 307786
 128121
 391756
 412107
 372764
 143939
 44289
 289207
 48914
 298301
 100062
 179353
 18198
 215686
 168990
 41524
 123582
 129178
 289312
 32662
 55402
 335671
 403648
 82491
 201467
 129629
 5009
 79257
 473841
 405513
 116144
 304912
 351991
 481268
 147783
 142857
 292457
 481565
 353363
 321917
 339974
 287656
 24684
 451366
 33913
 400939
 270842
 123479
 401123
 372611
 36193
 430042
 383178
 102224
 48304
 389791
 204988
 355148
 55315
 18291
 13513
 37035
 274956
 1505
 395661
 121943
 49062
 155629
 227056
 359743
 464478
 402041
 291641
 115279
 206164
 421373
 320156
 37466
 486853
 189906
 307173
 489647
 14195
 149924
 491888
 382862
 42067
 48805
 231715
 24929
 256962
 321086
 203360
 23337
 79478
 161119
 241590
 61591
 184043
 12789
 250000
 5944
 308770
 353290
 498666
 277777
 335829
 442192
 24046
 394242
 19992
 124524
 218778
 186215
 497133
 32005
 129956
 57906
 410435
 431318
 18994
 488962
 452185
 185915
 371803
 137140
 429120
 125369
 158963
 64171
 164970
 111896
 201460
 125481
 487639
 491128
 249103
 50514
 302069
 465517
 176910
 177230
 399251
 49819
 128256
 11238
 180868
 463558
 445112
 218428
 136690
 124540
 367224
 98856
 321997
 448448
 391368
 415846
 144022
 301359
 467801
 138186
 308724
 250766
 248190
 177279
 324719
 497974
 28579
 115752
 200041
 149083
 1831
 250071
 457233
 82668
 345043
 419753
 39126
 406483
 212508
 152037
 125813
 443415
 134340
 6790
 374704
 191900
 190285
 237918
 180156
 315699
 84950
 46457
 408062
 368023
 499121
 346132
 453833
 6240
 158446
 45454
 375000
 188995
 236862
 73791
 17928
 165502
 308274
 376022
 37939
 479999
 196085
 446022
 194827
 357272
 394914
 40511
 239483
 135766
 349114
 266640
 272156
 176881
 405960
 487658
 463821
 470381
 356567
 178019
 114792
 430875
 343215
 294612
 419999
 337357
 47841
 397988
 390312
 302477
 167396
 215574
 110940
 173817
 205681
 163793
 245185
 47870
 2874
 173890
 410597
 357589
 163252
 38910
 260407
 483290
 207254
 366043
 244336
 216403
 289203
 438310
 229625
 93222
 429795
 497079
 288044
 333333
 391959
 10204
 198572
 456063
 350569
 232718
 153034
 54621
 274580
 149761
 298790
 309407
 233850
 33223
 261308
 287190
 113948
 45695
 388231
 62751
 332650
 391916
 278613
 352113
 76512
 7042
 221085
 213847
 151927
 433106
 17864
 701
 433421
 499063
 436811
 322160
 10257
 344218
 497555
 494556
 126968
 260218
 406722
 280266
 134752
 167303
 85623
 483421
 245076
 449683
 128745
 387715
 171300
 213835
 484166
 435557
 442018
 195213
 18102
 195630
 219855
 253794
 472521
 210441
 27472
 202944
 330531
 297642
 101118
 21276
 324160
 15937
 168316
 102289
 96244
 442760
 304491
 84780
 108497
 282149
 230413
 17688
 22751
 230826
 480328
 333904
 287485
 397900
 420826
 221872
 424989
 232273
 209436
 288533
 152249
 92033
 106888
 354255
 179536
 80765
 56455
 459035
 127221
 452813
 86956
 50119
 400697
 222867
 31984
 187564
 477626
 153276
 247771
 499443
 487336
 478386
 437420
 469884
 42722
 331555
 379358
 468226
 217772
 225671
 4756
 333674
 40021
 434377
 190763
 484784
 33613
 157496
 194451
 157635
 104890
 119433
 52372
 284539
 213521
 288294
 57233
 470756
 156203
 77162
 364199
 163451
 314962
 163496
 132296
 36824
 371007
 437305
 96010
 490926
 290322
 23339
 62787
 428802
 401739
 156174
 251594
 413749
 194237
 406600
 478342
 164348
 359322
 230663
 32310
 271783
 171718
 183086
 285364
 339841
 79000
 382834
 128991
 194538
 190757
 172920
 386020
 444580
 318352
 260837
 362963
 133648
 61893
 296732
 23665
 367097
 311123
 304030
 5333
 362555
 108456
 297923
 56251
 456224
 293745
 427176
 86200
 348763
 131540
 473244
 253301
 421595
 243499
 186575
 275010
 278969
 300244
 165677
 479128
 324252
 402133
 72051
 1193
 436201
 379222
 445626
 234263
 397804
 496748
 382269
 376126
 423829
 29513
 255623
 242038
 295955
 377788
 40176
 87367
 172736
 491576
 232963
 141860
 30157
 359926
 207508
 113114
 498692
 333052
 181360
 202908
 238310
 3731
 456874
 199937
 216355
 220821
 372875
 47274
 66574
 173604
 329223
 326399
 9173
 165693
 431372
 492721
 407909
 39682
 190917
 92162
 448171
 41092
 155075
 492651
 435574
 487529
 221064
 495622
 487487
 390513
 320165
 408048
 65030
 157181
 372069
 174914
 277233
 336554
 212643
 48688
 1824
 463014
 148818
 338587
 175762
 470370
 55481
 414238
 194317
 240153
 372440
 28167
 498769
 192298
 44982
 334388
 418947
 56922
 281556
 365179
 244288
 69198
 123616
 145648
 126824
 330097
 491782
 399244
 21359
 81251
 219672
 421610
 190852
 4214
 420260
 454342
 445225
 276642
 75746
 248868
 238841
 161780
 59724
 77652
 169275
 72847
 228978
 190016
 461259
 107952
 382178
 480671
 133867
 139090
 252029
 180639
 454555
 22967
 345073
 482124
 344498
 339562
 401517
 145729
 20253
 472306
 67317
 171397
 358318
 115241
 1356
 159830
 270642
 464366
 3844
 22581
 188035
 147585
 466303
 194225
 161355
 78161
 329650
 220755
 287427
 65496
 424335
 159863
 33915
 22126
 230366
 143413
 236886
 169285
 30009
 34632
 391387
 495106
 85071
 22358
 143402
 78078
 417458
 490196
 202554
 406297
 47459
 298259
 388071
 78861
 2786
 18552
 358361
 61372
 135626
 44005
 457782
 122867
 388062
 6545
 423030
 41443
 86797
 61339
 206177
 241765
 205405
 41128
 12837
 141574
 143495
 390792
 487126
 264124
 466863
 162755
 13353
 19862
 485415
 104282
 143995
 169595
 427420
 286735
 444557
 188052
 172261
 482142
 490645
 452913
 375891
 37975
 314627
 285101
 230234
 194123
 45485
 64025
 71710
 323899
 26682
 256645
 451390
 339312
 406148
 448272
 400641
 266178
 243549
 265389
 47107
 476630
 307102
 298608
 303495
 40801
 76246
 69018
 485209
 15663
 307040
 477252
 488843
 281404
 304964
 176924
 444093
 192615
 66208
 94791
 291486
 367192
 37167
 400033
 312540
 272876
 223429
 409478
 19345
 9872
 412054
 286763
 314631
 74511
 177777
 201820
 18690
 264139
 403410
 400856
 125883
 102365
 255633
 106403
 5204
 416910
 316419
 425745
 20036
 476017
 381857
 253462
 436551
 96949
 285879
 359349
 443946
 441399
 311332
 440019
 313859
 262482
 442027
 433903
 283005
 355852
 176161
 246295
 27711
 147714
 428886
 341737
 31899
 102627
 445945
 246132
 452231
 341552
 424506
 275965
 125433
 140501
 215537
 484105
 83696
 129025
 89743
 421538
 313979
 332431
 341929
 254768
 439291
 85533
 174612
 437414
 55461
 338636
 63585
 474792
 207107
 372104
 476648
 77753
 174321
 298493
 110426
 425720
 391920
 352910
 108345
 209309
 362678
 165587
 6395
 97654
 291200
 145652
 448636
 99515
 447726
 44104
 470478
 357142
 3298
 56940
 267158
 495722
 407526
 194199
 191811
 280677
 163164
 148132
 92137
 40060
 229933
 73946
 149027
 123885
 291403
 349588
 62041
 377139
 17189
 437288
 33210
 499700
 440993
 424305
 92617
 53260
 152380
 231907
 50023
 456706
 37045
 90417
 491683
 241672
 497480
 96385
 287845
 191258
 22891
 355868
 267706
 106883
 258583
 44881
 44464
 102387
 24287
 429906
 324022
 307881
 133473
 447999
 23524
 465953
 284138
 317263
 484837
 286575
 220621
 143967
 423776
 11995
 370991
 333743
 83955
 472237
 345779
 341556
 482641
 465136
 65459
 89126
 484743
 110848
 363323
 435630
 374771
 4578
 378854
 409789
 237813
 203316
 219657
 420774
 13097
 105003
 336526
 157544
 105706
 399975
 406258
 231372
 426362
 207829
 63163
 285183
 312552
 368782
 248686
 363098
 155352
 485940
 177053
 408136
 171107
 64184
 135755
 245454
 470671
 72552
 278963
 25136
 295156
 450274
 309645
 265754
 169999
 345911
 256988
 147952
 279009
 438489
 472628
 251084
 220470
 133142
 164030
 242988
 179285
 183698
 348237
 16763
 297030
 318957
 442504
 29807
 436839
 191078
 196682
 50882
 309886
 280510
 368472
 147074
 53821
 318160
 252136
 121331
 123328
 72289
 220577
 144027
 286084
 463768
 4878
 96165
 185077
 38844
 104946
 228313
 377371
 242883
 110372
 294836
 25313
 67945
 303917
 312612
 276112
 245107
 207616
 302247
 67284
 154056
 48294
 448428
 79873
 7872
 405385
 489997
 120767
 106275
 278539
 498602
 431779
 454661
 198256
 322429
 46981
 319913
 98582
 368296
 61483
 377630
 151282
 474349
 15448
 472645
 74462
 120589
 321245
 261336
 321032
 250378
 311563
 497760
 217129
 211680
 464834
 385977
 83912
 339365
 127918
 160334
 451176
 451505
 474537
 17000
 375399
 203385
 212579
 385997
 328919
 10480
 350901
 250544
 190283
 416691
 97645
 105289
 21895
 47174
 348484
 123709
 89298
 422793
 490448
 247929
 391234
 294840
 485702
 135837
 51409
 54632
 17446
 163568
 292177
 23951
 22930
 173789
 378548
 59995
 38196
 178466
 159349
 199848
 341288
 173856
 383895
 439124
 164886
 202760
 163439
 469230
 111291
 467027
 370835
 243692
 17975
 467284
 435810
 456967
 34510
 174589
 307630
 370384
 152829
 271331
 165606
 248854
 119870
 472871
 396218
 187517
 477797
 343212
 145384
 208351
 181521
 202555
 449443
 184305
 239699
 104192
 478243
 21585
 403150
 196640
 433981
 264603
 431168
 429350
 390390
 205639
 393308
 356934
 323953
 414161
 462699
 356498
 358208
 230541
 172737
 354270
 342548
 213086
 297898
 377369
 122388
 199400
 23564
 350994
 253010
 345924
 4205
 127802
 421849
 410901
 185338
 16125
 343999
 240667
 123789
 72946
 128454
 108016
 488240
 216204
 261565
 56285
 70405
 415736
 448402
 339068
 202541
 345525
 121433
 185571
 275716
 350898
 414513
 309826
 242430
 164514
 274598
 347804
 177984
 330615
 475393
 244702
 395751
 315030
 161636
 200623
 264383
 430696
 38461
 435549
 311156
 74661
 29271
 115930
 463194
 73136
 119570
 178511
 279132
 463306
 308247
 233149
 190938
 239835
 435731
 476054
 49709
 55499
 127632
 349404
 157490
 106228
 299034
 433410
 94923
 295935
 294515
 125632
 268921
 381896
 6538
 201912
 157569
 377511
 463123
 468028
 498357
 291091
 289362
 302493
 162080
 132398
 346485
 461396
 300288
 206687
 36322
 410793
 249414
 444991
 312729
 96774
 440455
 452233
 177793
 41760
 436268
 194372
 343269
 427138
 428946
 107773
 136444
 62516
 434188
 326808
 256153
 370374
 338324
 472894
 349288
 69712
 217480
 182119
 148563
 496717
 86913
 291327
 406895
 221473
 480348
 24960
 183509
 427856
 207955
 238674
 45935
 99547
 216735
 184513
 143600
 41005
 440485
 167950
 340259
 41151
 274718
 334432
 11270
 75864
 58206
 57834
 1958
 222513
 222831
 263882
 11145
 183144
 44063
 153082
 276165
 82891
 425965
 397268
 447611
 377214
 358676
 254740
 30087
 248127
 299424
 398896
 338091
 113505
 485924
 474452
 406265
 494621
 476322
 118544
 222258
 132996
 62681
 75743
 225921
 251798
 157474
 379585
 358322
 262128
 387554
 399188
 421465
 406870
 143355
 488173
 147292
 1799
 245318
 412950
 100259
 398298
 49621
 234078
 292447
 213667
 191973
 265471
 469000
 170476
 366758
 165162
 143950
 37329
 410903
 212618
 258593
 211480
 8391
 188890
 195113
 424267
 359556
 280837
 127874
 178614
 313641
 280766
 310936
 246289
 474449
 56775
 401656
 60232
 5996
 110340
 13909
 67076
 280559
 242935
 214363
 416290
 466854
 118890
 376034
 226047
 382470
 496947
 17271
 233305
 275223
 237831
 425672
 473236
 9022
 201546
 289146
 78492
 441360
 104408
 92057
 310108
 292689
 139817
 408040
 69892
 289208
 492837
 394418
 32682
 444417
 114213
 42223
 495931
 127791
 318308
 355232
 14941
 456140
 125697
 6554
 181752
 254604
 196101
 160332
 28859
 232378
 16541
 143517
 368841
 493632
 205169
 485638
 448022
 51298
 419019
 304634
 452506
 243101
 51141
 162266
 372115
 265286
 410169
 176897
 53273
 126083
 458185
 291448
 179696
 333148
 219141
 303012
 137931
 404309
 169487
 61197
 368458
 160949
 296513
 165712
 274810
 40719
 143315
 73103
 171923
 337632
 309369
 193380
 430692
 53763
 314186
 116288
 276773
 148440
 403456
 279835
 179856
 303163
 140247
 210823
 39726
 114758
 291321
 60336
 14611
 210043
 234397
 320792
 300666
 267888
 478828
 82660
 145409
 343634
 356409
 10273
 423580
 281834
 384264
 340014
 480233
 191449
 276066
 261467
 224007
 471030
 54976
 385006
 212182
 83765
 311164
 44940
 339907
 388626
 161118
 257045
 295205
 339613
 232463
 151970
 239082
 428575
 230696
 187150
 154417
 227738
 210870
 476047
 430305
 265426
 322294
 135059
 339184
 447526
 101282
 434159
 116075
 498783
 285923
 431867
 262635
 339644
 196243
 205061
 309673
 349329
 468127
 62325
 322761
 247861
 444049
 410151
 117190
 12635
 30279
 129995
 422745
 494369
 157010
 120688
 192307
 49153
 444041
 303651
 438054
 112398
 318622
 336572
 4173
 314207
 163374
 156590
 459546
 355949
 399174
 246502
 399566
 91233
 257876
 227198
 488188
 247093
 182280
 158609
 54263
 318866
 23809
 441616
 235474
 24327
 135375
 285828
 35038
 171210
 413868
 250424
 200040
 155215
 277182
 2151
 53372
 359643
 57837
 450680
 358368
 20084
 252437
 57792
 415300
 158370
 185312
 372736
 375439
 3523
 166793
 456039
 295612
 426726
 435153
 16521
 352307
 360738
 372228
 134617
 58219
 150000
 113722
 459105
 136993
 84391
 310728
 75814
 2437
 232847
 112794
 489241
 24371
 3443
 365853
 383331
 465648
 101140
 72050
 23086
 88115
 374793
 201269
 485966
 1234
 101408
 240362
 6329
 73276
 372784
 107863
 66544
 438650
 65889
 414296
 125419
 97087
 126175
 495649
 158994
 247555
 14993
 332511
 180385
 181813
 322454
 134603
 20434
 57716
 278009
 159710
 478637
 170358
 430879
 194846
 211428
 299308
 226545
 448869
 184377
 347077
 342394
 61539
 404900
 90825
 181513
 330845
 482588
 349465
 419696
 455849
 335843
 285714
 212198
 389172
 373906
 82702
 485781
 422278
 156265
 97134
 425261
 35984
 471975
 459785
 15960
 341304
 31250
 224583
 380435
 233265
 151307
 206635
 255897
 298977
 106619
 362907
 459992
 380358
 474064
 396321
 362696
 322163
 463076
 62182
 293818
 428348
 498403
 286367
 397205
 216634
 256427
 389170
 466208
 336960
 341814
 62510
 338171
 353667
 246718
 306564
 7655
 11745
 1945
 60841
 266353
 309459
 375517
 292664
 366330
 307672
 257979
 107367
 174616
 479329
 378723
 31720
 279265
 447877
 226198
 327604
 214332
 466774
 477283
 474248
 421299
 293854
 52390
 479475
 13619
 429697
 113762
 120104
 201179
 462894
 22107
 277529
 389923
 321218
 48937
 170745
 59369
 223571
 230428
 337333
 391191
 258036
 177539
 330449
 383730
 5669
 347076
 472458
 359792
 218867
 256102
 3055
 404779
 13089
 70231
 291795
 342553
 149542
 183710
 360227
 411565
 295199
 474141
 129788
 39865
 39026
 289923
 236632
 241467
 407334
 333557
 412892
 40870
 270885
 441316
 255471
 186463
 236165
 302127
 389236
 59601
 469887
 98538
 147138
 62215
 107846
 121944
 363703
 12216
 193286
 233446
 72642
 70665
 107589
 464646
 305228
 233676
 51638
 438273
 42600
 124703
 286658
 80719
 369678
 208441
 119581
 352526
 460370
 347212
 493712
 278886
 441754
 44659
 53191
 193135
 139392
 488473
 141508
 248522
 60353
 419468
 233580
 37524
 446628
 222675
 341463
 334173
 474152
 155543
 17568
 335255
 347921
 323076
 154834
 54431
 436646
 226302
 108318
 57856
 188748
 59046
 488561
 277658
 486033
 327137
 132245
 447624
 422013
 255324
 320519
 461182
 150363
 173616
 301625
 121387
 231463
 197658
 308363
 429118
 452475
 122218
 120513
 442680
 259629
 363138
 89817
 29218
 420242
 352025
 314939
 206363
 363650
 391339
 350897
 340252
 498910
 34693
 409869
 254897
 47973
 252145
 251428
 175422
 350101
 359380
 483398
 321533
 23037
 489814
 188264
 83406
 236702
 33786
 66937
 322656
 439230
 258470
 321244
 2929
 377893
 348721
 331660
 298099
 406578
 56499
 302248
 404591
 365319
 117133
 196729
 403132
 333986
 391868
 444561
 454857
 206959
 49416
 455595
 271197
 369273
 215008
 446372
 388024
 479014
 14120
 273175
 54703
 337558
 427550
 285477
 453397
 123506
 110977
 377727
 261376
 458250
 6579
 483930
 180269
 198036
 161777
 237398
 19702
 292719
 346796
 246268
 277372
 413704
 232263
 360823
 463962
 199812
 428213
 368486
 118552
 31717
 450940
 67997
 110307
 129356
 414048
 168130
 18676
 434368
 116714
 296295
 170183
 490564
 159611
 482514
 231031
 73944
 27441
 471444
 389851
 498996
 396410
 33776
 417189
 169227
 421579
 481481
 401638
 407363
 375127
 295442
 356564
 349708
 48292
 152266
 472794
 419632
 118661
 248872
 492428
 283224
 196011
 105140
 232343
 105565
 480
 211075
 352162
 482745
 407438
 183846
 332713
 245896
 403558
 385408
 174123
 248725
 248907
 468432
 119547
 141093
 451397
 268267
 184851
 31764
 261240
 258013
 53579
 235527
 279959
 108055
 77902
 74849
 250401
 361349
 109045
 51068
 478919
 382786
 85580
 485233
 142048
 439560
 396274
 344943
 455702
 118433
 147348
 109607
 238336
 96769
 95859
 477311
 339934
 156634
 393298
 329247
 419445
 259843
 86326
 171834
 104295
 462629
 408022
 347008
 312807
 374648
 230626
 376531
 309254
 162050
 381804
 111898
 219524
 62082
 173319
 378179
 20585
 139921
 173652
 186990
 358618
 102611
 452890
 222616
 88841
 398347
 292728
 77435
 291687
 453900
 496543
 146719
 134430
 279742
 32589
 436947
 137512
 239607
 223050
 10084
 177857
 191226
 32258
 467862
 400912
 371940
 328383
 22522
 208107
 164829
 219546
 377756
 414777
 170832
 254145
 280567
 293467
 373607
 465948
 241517
 346938
 81830
 21828
 161342
 353800
 199676
 375792
 67847
 391943
 399139
 461575
 174500
 91625
 393157
 357334
 300769
 356749
 43771
 289933
 235942
 279756
 366357
 369657
 468929
 397297
 46201
 194461
 199275
 47958
 5649
 363810
 94265
 207465
 103423
 5369
 493310
 406004
 134042
 441020
 318090
 201167
 437433
 329114
 465577
 381676
 335150
 474822
 348065
 54836
 243373
 262733
 142185
 105477
 34447
 439331
 337920
 475435
 364649
 134721
 93285
 26443
 401587
 127773
 140863
 495175
 297646
 462298
 71803
 179723
 258465
 165366
 393152
 364706
 274824
 38479
 191548
 180971
 443547
 358379
 214285
 372790
 261660
 161174
 191217
 442220
 148934
 462952
 61499
 13253
 100528
 464688
 396004
 107614
 401265
 10445
 84222
 267924
 205521
 63162
 222580
 48281
 224498
 400480
 128856
 394371
 17001
 408125
 87660
 203294
 405418
 167534
 190045
 146763
 339249
 215029
 84413
 32065
 463276
 334523
 175624
 271632
 357793
 276202
 345973
 423852
 61170
 222439
 28400
 42971
 448450
 281448
 278601
 190735
 487341
 452690
 153596
 470836
 197835
 160231
 238964
 424999
 357654
 275499
 149933
 293441
 294520
 354188
 38108
 323524
 196636
 481680
 47501
 303106
 414481
 33983
 443806
 480805
 254428
 53043
 107791
 231560
 72732
 431646
 183466
 281571
 58453
 400251
 206943
 282939
 184714
 100674
 396856
 445008
 494128
 392343
 204875
 86550
 466156
 373350
 353643
 338332
 172878
 442969
 318401
 85991
 447222
 266958
 142165
 68213
 375560
 253804
 262857
 386262
 205932
 407868
 242995
 289931
 421568
 482822
 453395
 102013
 374693
 204119
 462246
 131489
 493701
 212103
 324050
 228441
 105633
 356747
 358500
 300101
 400616
 257981
 225788
 167522
 14279
 271430
 260000
 401662
 433686
 63416
 455532
 179298
 367721
 406257
 308470
 33819
 87793
 442376
 58589
 315736
 201189
 412417
 227314
 412720
 163128
 192108
 48077
 204263
 36892
 199836
 414560
 433215
 14346
 39360
 145084
 241804
 130657
 357443
 437784
 175472
 179963
 332840
 352193
 182330
 385444
 357877
 163187
 377131
 165594
 2743
 136832
 377188
 486675
 142951
 124340
 360099
 259191
 171187
 412464
 186490
 315949
 355624
 377094
 345328
 379647
 441651
 371662
 176691
 14260
 284097
 413776
 420846
 176118
 353842
 67819
 120814
 352555
 363588
 17186
 255995
 94451
 91278
 350296
 437105
 201149
 318282
 260841
 28474
 335085
 41385
 333550
 166908
 158694
 321571
 349908
 112384
 412079
 87753
 376786
 313327
 207426
 287048
 251135
 249374
 300355
 347996
 138050
 450882
 301847
 136552
 461698
 471322
 342078
 413264
 293828
 231608
 379320
 113564
 17497
 360992
 386854
 47600
 281528
 393541
 463951
 172619
 75665
 163387
 298568
 482177
 72755
 6372
 106358
 444622
 64971
 311271
 484642
 115021
 304911
 302876
 409453
 307768
 173906
 489973
 421740
 326904
 220620
 460142
 94873
 99030
 112329
 94364
 442499
 11890
 398694
 33648
 273237
 149815
 415603
 457465
 126980
 262727
 152353
 404445
 419377
 308835
 96842
 318286
 383357
 355952
 187596
 275823
 96680
 444665
 5096
 382
 99920
 78733
 72028
 343551
 197882
 310355
 434048
 26172
 14910
 65525
 421792
 413781
 359700
 91219
 52416
 312673
 260563
 229792
 87780
 59988
 346129
 498540
 430329
 304113
 472297
 115711
 490933
 63222
 130219
 451166
 148657
 367417
 123925
 85591
 353952
 354000
 437413
 39379
 397508
 53487
 137543
 342725
 75656
 473692
 29961
 269020
 258762
 187676
 119684
 2223
 385146
 106507
 7040
 459324
 121079
 113750
 475838
 198978
 10108
 267609
 88512
 342862
 410731
 349809
 352875
 361665
 32331
 72216
 385915
 216443
 459851
 74363
 410392
 309660
 317350
 208860
 109764
 19977
 441650
 237804
 359097
 283604
 133748
 122078
 425778
 104861
 179863
 173364
 274311
 201524
 400814
 126838
 345864
 313325
 269757
 298586
 330606
 30173
 36713
 379869
 132885
 330212
 198173
 349850
 447943
 89794
 424663
 121730
 138471
 19864
 444989
 219678
 109837
 289007
 295490
 455177
 481663
 479480
 474748
 334803
 43647
 313232
 345829
 430146
 97116
 437741
 289494
 141328
 445016
 311511
 404434
 471649
 256365
 30612
 151435
 250464
 346418
 155768
 367473
 272708
 45098
 55629
 497344
 162532
 248405
 74163
 250389
 348857
 147574
 312096
 149189
 476804
 399238
 415927
 473000
 69097
 352461
 42995
 494555
 416182
 91346
 192093
 467199
 148148
 203110
 267797
 339115
 396333
 9150
 173931
 389296
 328379
 383102
 234523
 298748
 245410
 282437
 236137
 7991
 304554
 342867
 65633
 83264
 143874
 135281
 437804
 11097
 217739
 312146
 400696
 212327
 213616
 357230
 83163
 430776
 342130
 341693
 477998
 427628
 475641
 323606
 386685
 463859
 312085
 341121
 46696
 443386
 118135
 233986
 404663
 431825
 129018
 417525
 391875
 469676
 267213
 474964
 180216
 208970
 331974
 125053
 116786
 88313
 434103
 94359
 361898
 393477
 17431
 373021
 430107
 228465
 257524
 464915
 390608
 44167
 278770
 219993
 357747
 107620
 156332
 111638
 494612
 478986
 29669
 187214
 131506
 17094
 44184
 35211
 390172
 342882
 130508
 217690
 68376
 58988
 15710
 99133
 72835
 118688
 227832
 386103
 220010
 38997
 430733
 367138
 187529
 258979
 400521
 270584
 31461
 471999
 313474
 51246
 191873
 22909
 396722
 402092
 276257
 170219
 286812
 370134
 406392
 234799
 297177
 83570
 265907
 228223
 164791
 247904
 374837
 287878
 311234
 105308
 61408
 39636
 434810
 100000
 390994
 2159
 47746
 467394
 304356
 380804
 208273
 909
 17377
 465973
 460773
 380713
 356630
 232290
 58188
 232644
 295261
 318249
 331055
 493972
 253945
 489407
 188
 299605
 291983
 393139
 157865
 207042
 172492
 56381
 277451
 471068
 179879
 5717
 232261
 157662
 449323
 147058
 315572
 499154
 322203
 266020
 294721
 150384
 96178
 73043
 391447
 91108
 27614
 492712
 199250
 44567
 217183
 348441
 245387
 250810
 57992
 173972
 387105
 198800
 400114
 449824
 122416
 52303
 208901
 283710
 343568
 391452
 439077
 20811
 98456
 493212
 439861
 155548
 337789
 192364
 462937
 362144
 254780
 347464
 412365
 86416
 133831
 256494
 200157
 227494
 149955
 190861
 332977
 491490
 11448
 309512
 355879
 415024
 102831
 303276
 363134
 200522
 429909
 14115
 302469
 330040
 235686
 187590
 435369
 246634
 39225
 266764
 303330
 139879
 136060
 428185
 107998
 345653
 386098
 98511
 230543
 259728
 162030
 22023
 91865
 137698
 4464
 269753
 249604
 273885
 77561
 452434
 409862
 268425
 334715
 428853
 452785
 438726
 328063
 275477
 15964
 228444
 170280
 128128
 161211
 86774
 493041
 166282
 265031
 402809
 287337
 422272
 392817
 105207
 431946
 18476
 497400
 284726
 315844
 388238
 171806
 65310
 9305
 75551
 488478
 361281
 152357
 45720
 258775
 258165
 83217
 363385
 30140
 297255
 209185
 380742
 235087
 270630
 213800
 166196
 187584
 239647
 259101
 358899
 372093
 171814
 238535
 233990
 124336
 443436
 131578
 37728
 59662
 444701
 248743
 70593
 439457
 224372
 237323
 477083
 12459
 446193
 444478
 461932
 207826
 116540
 351198
 240763
 338618
 238590
 357018
 13843
 414336
 218581
 92353
 193430
 41946
 27397
 12277
 54280
 60664
 349555
 216162
 245766
 426266
 460176
 418132
 443039
 323650
 234962
 29969
 168314
 246522
 243890
 92478
 207763
 36973
 410100
 426367
 444475
 478980
 161910
 22093
 43784
 93538
 338216
 299901
 106837
 271920
 96903
 265064
 403580
 435423
 493655
 306940
 154437
 377926
 313549
 397287
 265360
 77347
 159825
 202222
 320603
 401275
 294762
 208028
 289850
 348421
 230130
 133333
 76948
 400803
 145852
 342640
 497379
 484622
 33516
 191575
 105516
 142487
 438107
 96507
 45889
 329011
 473968
 202841
 323997
 219430
 18253
 66492
 175789
 76855
 68251
 156281
 219115
 144356
 486285
 154973
 21203
 81389
 199772
 346751
 44549
 299251
 337569
 347803
 206082
 371005
 262523
 436064
 190899
 296272
 446808
 315021
 9241
 205339
 427450
 138457
 373742
 111778
 340481
 63632
 348242
 3064
 132345
 362814
 455514
 255139
 379446
 326739
 342476
 399252
 133819
 309871
 288708
 284210
 121521
 130054
 288743
 390808
 255643
 370876
 141259
 14897
 394288
 464434
 4503
 161778
 139323
 266284
 250172
 79505
 321749
 463906
 457380
 482551
 414197
 484632
 474414
 430151
 53225
 318815
 18770
 165467
 221905
 376616
 232342
 342105
 72879
 281788
 245770
 219495
 350936
 118073
 71250
 205882
 402430
 261653
 274373
 56761
 336334
 267788
 58733
 431451
 453221
 360706
 172175
 499960
 430379
 327868
 19792
 487674
 459611
 356552
 68436
 110661
 135149
 135738
 346721
 118842
 401287
 257934
 284681
 373200
 378359
 22058
 87688
 52896
 106253
 262083
 136663
 33687
 247467
 295732
 430532
 174674
 93417
 118076
 312925
 136936
 366430
 457906
 471460
 23556
 427962
 272883
 486232
 274010
 276587
 132729
 263782
 205532
 12323
 76142
 415492
 19215
 369093
 385044
 8314
 334842
 22920
 478151
 327119
 320102
 68147
 216529
 481526
 387812
 483446
 168315
 85488
 246152
 162844
 110835
 280504
 224304
 289516
 202385
 294514
 490846
 10574
 370761
 431986
 477000
 347833
 206409
 143552
 242032
 22520
 395703
 467749
 97596
 434780
 335377
 50472
 17215
 100307
 379194
 77103
 284365
 292748
 295556
 176633
 32713
 290049
 141542
 43156
 361717
 93333
 139001
 336237
 35848
 106272
 205407
 176607
 225255
 378231
 283746
 382611
 332783
 232667
 218556
 194291
 142699
 263655
 90662
 47151
 233504
 416146
 161620
 153846
 129283
 477419
 463482
 371429
 257478
 316804
 213286
 198239
 128188
 421184
 352851
 81145
 412020
 317063
 230544
 397765
 49376
 485852
 296102
 92592
 133760
 450544
 119506
 269713
 239813
 83107
 227496
 423093
 280821
 391511
 245881
 173915
 277878
 17366
 296403
 452553
 185189
 459953
 364077
 244561
 78818
 430910
 224238
 483466
 440188
 18433
 204649
 434343
 76164
 408845
 87103
 224012
 255107
 244576
 17105
 490141
 42750
 211062
 496006
 348439
 410865
 145727
 268015
 432701
 143999
 211724
 217779
 144295
 125477
 9737
 406746
 263726
 68106
 310654
 147107
 173122
 257472
 309776
 68303
 54234
 412681
 172294
 173803
 491418
 175586
 219178
 101713
 111929
 238068
 55765
 375452
 474810
 218917
 152073
 385316
 260477
 273483
 452751
 159369
 333299
 115035
 27660
 312464
 271421
 314814
 464534
 444148
 33626
 226439
 449296
 94815
 300186
 471565
 53280
 112268
 94506
 283957
 30856
 156331
 290423
 229211
 447676
 50847
 479851
 360777
 330025
 252019
 80844
 279148
 196486
 232788
 60089
 48651
 136992
 265998
 463556
 94781
 22853
 147157
 233875
 246077
 387445
 474789
 386009
 362867
 273783
 496317
 492737
 51219
 45380
 266743
 319363
 376059
 395284
 76643
 398102
 401973
 310646
 194358
 311782
 93424
 134251
 121020
 51560
 475374
 221318
 301682
 474924
 70531
 107361
 182619
 120265
 460102
 81842
 71736
 178138
 422306
 69752
 28281
 30251
 390975
 10156
 220056
 213468
 352030
 143062
 217703
 143475
 178645
 410221
 486549
 390610
 55181
 130424
 382990
 23330
 220334
 133898
 276761
 32753
 416783
 290387
 201308
 473120
 264522
 358526
 421097
 382740
 474507
 112004
 320100
 7944
 252677
 135905
 383840
 387906
 445541
 294131
 110644
 382156
 342277
 101265
 442748
 132821
 492564
 26478
 463059
 346488
 498417
 279777
 50715
 477035
 5094
 337331
 278877
 23049
 167422
 397286
 60013
 478328
 69013
 385281
 1475
 105711
 144866
 67516
 452584
 383310
 312858
 201388
 278396
 298507
 40540
 338870
 119374
 394659
 173767
 75696
 1511
 238267
 254931
 323976
 369887
 414638
 117093
 471294
 170028
 17794
 94278
 14622
 150602
 442184
 346890
 129135
 198142
 460591
 245929
 120225
 346840
 94019
 326965
 384551
 383195
 185396
 483500
 338088
 386850
 2596
 458805
 472813
 215327
 134397
 271729
 479597
 260607
 438457
 295597
 77755
 415783
 309465
 493561
 378954
 447917
 74445
 345020
 361657
 409767
 403112
 303129
 365611
 51549
 297802
 323604
 417455
 120723
 66608
 305026
 254583
 340906
 286058
 200281
 200636
 289388
 13604
 393681
 147067
 219865
 351038
 36842
 114591
 330543
 24094
 488371
 108523
 320925
 477582
 60235
 155918
 104361
 208708
 104623
 314178
 116701
 255336
 119523
 355411
 699
 68026
 148473
 159821
 235542
 241895
 252792
 349583
 263157
 218330
 21722
 160612
 312963
 460608
 393267
 11741
 216587
 26516
 78838
 374914
 388476
 62190
 170886
 463235
 348839
 215511
 207014
 479362
 59278
 256929
 387923
 354964
 294898
 187456
 401405
 264770
 468784
 423423
 402934
 330680
 269681
 18323
 294485
 350105
 306585
 431911
 268302
 120413
 473214
 303456
 141749
 326452
 31573
 55830
 34541
 68915
 448866
 477792
 194170
 97457
 188367
 342986
 62072
 143173
 282574
 218217
 179599
 428970
 462686
 95366
 198060
 25237
 117000
 162751
 28500
 23278
 211860
 376027
 190456
 174536
 309262
 215451
 104695
 391365
 129113
 31274
 374249
 393668
 142307
 478741
 101151
 47805
 207774
 439200
 86305
 34013
 334313
 452024
 264266
 270942
 165109
 283511
 343093
 178832
 126863
 384531
 354545
 39424
 434503
 340764
 117058
 443449
 473888
 395491
 82834
 217242
 441207
 284990
 485588
 179888
 145506
 387235
 168758
 242327
 232075
 120985
 313582
 264250
 388194
 22338
 394084
 428978
 123970
 262866
 113793
 7381
 479652
 37450
 63083
 311590
 378810
 30225
 53095
 314778
 423000
 455706
 263357
 446743
 282969
 349048
 99033
 494606
 389224
 405074
 444823
 199335
 144300
 6157
 33545
 417511
 170531
 295005
 249235
 104710
 71428
 411861
 482758
 292982
 378065
 262327
 293519
 307915
 420792
 385419
 75101
 281006
 393895
 27810
 384564
 402528
 251707
 27968
 351145
 44339
 413385
 14027
 44202
 42537
 333506
 423782
 447750
 415952
 305720
 204973
 293808
 366955
 237388
 499118
 352172
 6940
 252647
 227818
 96378
 420171
 224231
 305394
 135183
 374175
 136363
 392648
 127554
 384674
 495880
 488140
 169529
 437166
 279494
 316113
 241907
 450499
 282469
 410728
 72
 159835
 299354
 275108
 253928
 368120
 307170
 150023
 493537
 171114
 108713
 259669
 303867
 111033
 12679
 225925
 18974
 141741
 340188
 19645
 479586
 498863
 87903
 357101
 198805
 38645
 406330
 460260
 155065
 231868
 174639
 196223
 225475
 302738
 181458
 477368
 161956
 331621
 493177
 353698
 481443
 457706
 167911
 311521
 247364
 456492
 194425
 117478
 392398
 29797
 230459
 126040
 112566
 316279
 85895
 62494
 497368
 405628
 96594
 155955
 405561
 323232
 322016
 149608
 182595
 426375
 394674
 238701
 426873
 367236
 315009
 230188
 206541
 172377
 49228
 170893
 324375
 374965
 416024
 121992
 15364
 111993
 365543
 497791
 414707
 308979
 330584
 394167
 142731
 251612
 442021
 47619
 475882
 123409
 14839
 269340
 472902
 184987
 395509
 38515
 385951
 41095
 49250
 364019
 154846
 32090
 175183
 133962
 435703
 433680
 277405
 165462
 3560
 169180
 108797
 54146
 238995
 42982
 451869
 372953
 187566
 217030
 51125
 380746
 291279
 126097
 410026
 383841
 114325
 139418
 135299
 215763
 259689
 28276
 276459
 160329
 268656
 32986
 65766
 197079
 443125
 110054
 194569
 311877
 383132
 369163
 439220
 201357
 497167
 6779
 75753
 182799
 226919
 115740
 414786
 74190
 276363
 225816
 312064
 104262
 65703
 446503
 475896
 166197
 197039
 162068
 243964
 219750
 69828
 105641
 108097
 39363
 286732
 94192
 482421
 121152
 2280
 416955
 473907
 190230
 348278
 323598
 124863
 187431
 146905
 154801
 323009
 422754
 14539
 220515
 388523
 239315
 352020
 273671
 330188
 397127
 262389
 477978
 309387
 372311
 441681
 67726
 453295
 413102
 219266
 82844
 67936
 493470
 133753
 184115
 421663
 284150
 215526
 495153
 495309
 484140
 257736
 88748
 382982
 189301
 390379
 19863
 271592
 488447
 314046
 181564
 199390
 75757
 175947
 10819
 137608
 4958
 104499
 421169
 461624
 235815
 450414
 322285
 379562
 338330
 273585
 391859
 354422
 28568
 210875
 438019
 170624
 450255
 168801
 463239
 203276
 493754
 197040
 392665
 100066
 259302
 56082
 9512
 336236
 346654
 331906
 341485
 203988
 49544
 156444
 188507
 279231
 92097
 147492
 127254
 221910
 172354
 93526
 190663
 391537
 394350
 191787
 150042
 305445
 390216
 72260
 470491
 47966
 14379
 91997
 299737
 167879
 157156
 394890
 132447
 74162
 330298
 60571
 313924
 94093
 476135
 471086
 414081
 224110
 281350
 388639
 371206
 154496
 176241
 151624
 44246
 210968
 222640
 496995
 433275
 14821
 454992
 322683
 50455
 373415
 397077
 392627
 332820
 298191
 477986
 44217
 39562
 11616
 205617
 172415
 338433
 425810
 164613
 405249
 200771
 426529
 413195
 477892
 275018
 6479
 158024
 17629
 6547
 326967
 181223
 415241
 447016
 9511
 369850
 54442
 171561
 101193
 95193
 404202
 394457
 395466
 325145
 482876
 349056
 18771
 3034
 292433
 309469
 205830
 402310
 293466
 19304
 84188
 478233
 356701
 347246
 413244
 215224
 294407
 267634
 96106
 429758
 231005
 84919
 398086
 40967
 6867
 359199
 125806
 95971
 62176
 198160
 384441
 127081
 65414
 68288
 47131
 433210
 24636
 162849
 24126
 315520
 346340
 390957
 360562
 361046
 45288
 472415
 35179
 221738
 367828
 416211
 292264
 362221
 164948
 92480
 406584
 397740
 349353
 476979
 78793
 497403
 37759
 350115
 166347
 262934
 93423
 460294
 401996
 227005
 98367
 400069
 458517
 453582
 498477
 103179
 60385
 98630
 434124
 404239
 378901
 196665
 36972
 460869
 222288
 269574
 326401
 459773
 384542
 207667
 169003
 305976
 442632
 142178
 164871
 995
 133016
 37313
 91800
 338889
 111718
 120192
 90411
 207309
 207155
 319670
 260413
 258344
 16055
 60886
 84042
 497295
 256005
 213989
 265556
 317742
 353054
 112204
 365529
 322912
 321252
 193194
 140719
 141068
 366334
 209254
 70970
 259900
 405292
 268094
 415577
 211363
 92769
 116802
 51949
 406648
 393465
 45834
 452000
 295174
 84434
 269417
 263338
 167992
 435482
 377323
 442498
 45646
 367787
 438390
 414157
 338039
 312783
 110030
 259633
 227038
 254407
 168705
 317774
 87613
 6628
 8377
 132124
 355894
 252925
 300352
 67811
 326732
 76712
 264010
 397708
 273707
 484198
 93699
 95850
 488721
 467578
 175129
 304064
 371504
 278388
 91397
 227283
 253409
 484154
 393506
 446711
 288342
 257690
 117204
 187797
 299628
 323218
 70661
 437642
 380170
 358510
 342157
 180714
 227653
 155602
 451206
 336909
 398038
 132799
 487269
 119207
 104721
 55161
 349923
 142971
 43084
 337165
 258521
 255878
 322907
 258577
 330492
 326156
 482011
 155339
 386060
 385008
 191727
 395620
 131534
 280860
 351435
 41941
 17923
 102672
 62327
 120518
 155688
 451068
 484838
 162580
 228155
 257030
 348014
 218753
 202791
 335855
 312051
 151192
 395658
 294736
 493181
 217280
 359247
 350197
 9509
 114823
 37156
 368979
 220607
 128125
 305464
 247634
 488886
 304916
 435847
 124376
 130434
 200568
 470425
 469372
 266777
 174978
 251778
 59912
 376512
 116991
 280961
 438837
 174007
 267144
 72319
 354818
 238191
 351014
 230425
 25432
 464542
 321782
 235413
 388274
 171457
 377274
 364323
 220075
 359098
 104577
 91216
 366597
 346673
 369372
 384037
 178150
 222296
 78554
 287444
 488667
 38782
 272649
 93086
 250659
 289137
 271676
 310850
 400788
 447151
 77590
 410694
 18060
 473969
 318800
 393009
 334323
 182592
 393402
 228776
 7609
 497683
 494964
 193372
 216936
 45568
 457116
 416334
 91998
 243356
 448498
 184633
 131223
 217371
 277683
 66827
 424794
 157498
 459051
 246071
 69301
 105474
 372974
 11228
 277744
 380534
 334387
 449327
 26431
 471568
 115162
 373577
 109761
 173674
 117263
 464147
 475206
 274079
 76840
 4182
 457142
 17125
 169698
 425811
 389996
 284817
 421737
 289964
 151032
 94771
 220201
 81654
 50645
 487727
 356687
 482038
 472492
 123610
 249955
 393683
 357696
 121574
 273839
 372087
 464720
 410920
 373612
 50718
 356384
 383107
 349532
 193812
 198628
 14365
 120302
 343113
 291477
 457666
 212984
 352760
 146520
 194192
 196308
 310722
 119229
 197049
 307179
 404275
 109900
 261904
 85273
 79064
 108535
 470177
 177137
 76976
 112582
 55012
 325104
 55399
 400562
 148546
 437736
 142986
 154888
 475518
 425369
 87064
 271528
 423596
 350692
 421805
 390806
 37623
 488966
 269457
 8493
 494785
 497771
 86019
 80555
 443518
 245049
 429212
 147927
 193800
 144584
 172500
 319716
 322034
 416511
 420405
 365443
 376055
 278326
 322972
 149883
 8744
 447689
 205324
 15361
 463860
 245492
 34792
 275157
 389482
 43683
 155461
 107911
 364469
 165066
 381303
 264450
 124986
 15509
 400985
 75614
 368223
 372699
 474943
 144660
 145157
 197502
 194323
 176873
 40509
 63653
 162089
 298482
 217459
 243243
 61728
 406923
 329178
 36332
 155109
 258353
 129570
 126637
 162711
 261592
 460303
 304012
 401208
 225143
 147007
 137458
 298443
 192458
 310481
 94769
 704
 152237
 161592
 56525
 204495
 295774
 228971
 54719
 332018
 362864
 132961
 12427
 390037
 414955
 157324
 415628
 343987
 399797
 427624
 458120
 3152
 151761
 274193
 110824
 338896
 295587
 495415
 463571
 269024
 363514
 421894
 238449
 136320
 