334839
 124633
 10401
 461538
 302002
 459910
 476734
 318781
 15107
 495685
 136907
 136347
 250855
 139602
 114696
 302926
 213846
 364102
 61434
 149145
 246929
 260358
 256454
 254763
 250903
 317325
 60405
 442822
 66552
 469095
 40299
 286980
 75492
 396634
 16326
 484074
 267851
 160170
 355123
 250704
 483238
 475558
 239525
 65217
 218871
 16249
 362703
 225328
 103755
 422922
 139730
 278127
 32824
 388809
 265964
 439276
 497297
 488456
 3562
 400560
 181967
 468296
 163387
 249569
 385908
 141015
 465124
 448308
 132616
 106043
 185990
 304816
 171222
 283703
 52911
 254526
 407849
 254649
 472887
 137001
 410076
 121967
 269294
 290787
 218972
 21785
 54037
 109613
 421292
 241940
 403148
 216990
 84487
 411060
 15263
 377214
 121347
 8064
 330719
 87968
 90122
 304394
 229516
 274124
 93797
 166697
 18124
 27439
 383950
 49936
 419689
 345542
 114247
 88691
 4598
 266448
 45563
 112296
 232196
 146540
 252747
 390894
 223099
 159025
 87301
 425706
 10113
 252172
 27460
 209204
 497961
 28706
 145545
 114938
 114244
 91498
 189017
 52028
 301994
 18762
 161317
 158093
 293093
 186940
 455593
 495309
 203614
 283810
 60007
 436054
 313297
 437109
 202209
 26130
 422270
 496934
 393096
 168183
 4281
 113872
 117428
 84717
 214801
 76243
 467800
 52975
 495142
 163134
 196700
 168662
 411201
 249974
 172134
 170008
 210949
 52805
 81591
 116874
 126997
 370844
 424902
 219830
 231819
 351647
 411329
 374668
 488498
 315648
 212227
 226805
 157813
 487956
 341731
 314764
 328821
 261562
 178288
 10744
 141091
 70726
 328054
 96416
 157937
 405519
 154007
 208278
 274365
 481983
 218547
 301006
 69691
 15578
 168330
 197883
 489925
 175165
 256131
 260180
 231143
 330937
 335915
 473794
 284672
 248979
 408240
 365831
 368028
 85395
 475841
 362972
 162930
 45077
 424788
 328966
 80099
 298343
 186509
 110461
 376692
 376514
 485735
 154685
 206714
 235964
 80540
 40710
 215464
 403168
 19385
 27500
 137311
 232628
 182524
 182352
 246702
 377060
 130460
 437324
 87929
 384906
 388414
 431036
 95013
 255777
 187568
 461834
 351630
 404015
 397056
 40308
 290670
 462292
 47619
 297220
 319860
 326652
 235294
 329144
 408009
 34033
 4699
 92134
 135140
 347991
 106189
 222868
 178438
 120555
 57556
 222761
 203900
 12888
 90245
 41273
 210706
 405321
 237808
 17252
 42896
 289107
 276762
 459807
 168921
 6802
 216850
 300402
 281946
 173469
 253067
 267246
 401852
 392985
 194317
 155803
 65652
 346286
 360037
 155567
 291249
 174044
 248526
 371174
 386537
 299630
 353620
 146057
 356280
 136184
 189535
 474186
 153846
 243661
 107901
 23809
 405704
 219628
 403372
 323519
 452856
 111953
 313477
 295682
 479461
 89339
 26552
 141057
 154950
 340637
 435650
 432183
 115802
 435865
 414554
 496081
 90648
 279153
 118942
 9461
 305828
 180327
 325320
 419686
 432093
 306609
 281250
 299867
 402602
 109943
 51503
 413223
 359560
 269443
 439570
 95589
 297379
 104363
 476197
 257730
 15884
 303564
 442796
 328383
 450550
 353957
 467532
 188979
 119149
 330919
 193877
 245036
 410372
 68509
 307483
 72900
 398619
 271800
 361272
 110897
 152077
 135907
 359880
 314786
 491020
 488681
 124942
 168576
 445348
 257177
 366334
 412864
 134955
 334331
 80329
 168645
 355067
 389261
 266857
 486541
 321270
 127291
 342299
 302330
 371853
 5003
 84914
 44014
 326336
 274087
 115814
 432743
 306832
 402253
 274789
 152509
 194607
 445254
 438098
 67790
 6069
 484218
 451787
 361652
 415633
 403760
 130198
 227024
 205449
 213008
 4950
 259084
 248027
 251360
 354504
 159781
 102504
 262253
 87237
 303241
 108821
 246839
 48062
 323321
 492203
 369125
 285400
 39382
 236418
 328378
 376475
 364930
 3912
 300124
 12203
 348695
 154011
 218368
 58604
 36655
 68324
 131490
 34512
 21739
 379255
 350817
 407473
 313159
 50130
 305057
 292764
 490442
 107667
 430125
 299074
 260141
 96014
 193995
 199699
 135164
 494519
 292658
 129043
 53207
 330789
 298219
 337743
 230764
 352059
 108933
 18773
 192950
 380138
 94194
 361667
 365827
 302810
 499582
 126089
 281314
 424003
 389700
 112698
 115624
 392207
 311812
 14722
 175834
 435056
 288977
 287130
 20528
 202915
 144519
 178199
 209465
 246301
 419423
 349346
 391209
 441755
 452854
 396887
 470917
 320210
 126873
 73064
 252018
 261154
 281756
 456960
 235678
 298878
 459406
 472602
 92728
 310232
 433060
 233895
 256818
 116497
 124002
 309748
 157679
 429699
 337029
 47063
 355159
 350214
 42974
 410438
 126126
 152426
 49901
 168680
 310249
 299140
 246525
 334113
 42465
 71070
 412763
 174159
 207540
 89892
 292694
 477663
 272704
 428443
 293130
 433812
 171314
 249883
 133719
 87665
 198879
 488398
 291558
 290721
 357188
 376427
 340703
 247863
 107845
 324136
 168744
 395152
 293179
 424682
 173270
 258788
 301891
 390462
 327433
 460801
 324639
 201406
 276993
 133692
 239893
 77733
 422018
 54516
 154236
 16755
 302835
 377344
 217042
 433319
 435675
 499689
 419896
 76674
 121104
 106423
 251888
 459245
 491272
 396227
 32115
 202469
 19157
 421983
 364935
 202265
 423234
 251367
 456546
 450523
 189573
 123106
 87166
 129881
 243097
 257629
 471245
 234305
 127429
 241712
 457592
 271342
 428820
 356456
 235748
 117057
 280983
 213108
 344501
 77481
 402129
 462406
 138488
 455046
 261030
 359200
 112353
 213094
 487447
 424997
 294456
 156732
 479310
 95927
 286046
 122708
 148864
 413558
 228025
 26953
 429866
 413038
 84978
 91414
 211289
 478648
 287749
 306896
 180439
 436896
 293074
 332552
 480117
 25842
 354457
 249375
 52040
 115189
 287917
 295602
 403167
 89686
 73347
 178442
 343847
 447033
 42435
 155701
 437484
 264681
 204324
 42162
 287577
 125243
 95238
 215929
 394709
 378220
 330076
 278301
 463283
 119489
 306416
 264935
 185084
 28495
 439924
 431326
 114725
 219935
 22257
 172752
 418158
 387755
 167166
 166044
 220517
 170374
 463983
 186544
 439885
 121780
 84275
 100277
 265130
 194349
 210021
 445126
 139918
 449364
 485609
 174442
 4905
 316688
 50966
 337883
 72108
 214413
 34864
 269847
 235665
 116280
 451496
 332112
 279833
 96751
 2908
 63364
 406532
 261136
 230698
 466228
 302368
 80152
 27960
 140745
 342847
 297925
 57624
 11501
 251243
 166404
 22432
 318400
 45426
 459719
 237264
 183011
 183457
 469333
 300037
 18200
 29368
 269710
 96118
 418804
 34945
 294233
 366863
 207498
 367378
 310626
 166927
 465236
 334623
 102583
 315693
 347246
 213749
 282840
 389864
 179369
 202372
 451066
 448184
 241365
 132587
 472266
 263529
 152627
 28210
 6969
 410879
 320901
 27450
 389207
 77777
 121495
 201012
 258256
 386514
 298048
 151556
 1566
 427849
 455496
 340467
 228443
 491464
 62065
 248654
 116845
 248723
 89329
 263233
 378304
 66008
 375588
 328957
 433573
 105354
 264211
 210379
 222825
 223825
 207341
 154848
 114495
 182870
 468682
 393004
 362230
 197140
 131535
 141293
 456074
 289797
 30858
 61126
 165499
 165331
 454230
 54794
 118333
 82085
 468173
 487695
 407423
 58210
 355326
 166175
 419927
 170333
 253826
 335214
 272484
 306672
 315789
 142118
 137911
 189743
 448527
 280570
 374980
 352697
 431767
 422637
 208185
 143696
 56931
 422370
 145585
 432280
 221796
 271689
 390468
 169011
 329059
 235907
 63903
 29852
 37309
 58090
 71479
 325103
 235578
 30839
 305475
 375700
 203600
 47430
 124521
 16006
 81081
 109454
 341302
 422480
 230181
 482617
 173512
 237622
 334005
 87419
 343057
 486061
 56461
 68272
 342900
 243740
 468229
 389057
 464450
 341297
 399218
 378274
 345575
 204435
 70493
 11192
 254012
 208732
 235570
 286127
 141192
 327652
 90746
 71609
 308328
 258703
 231529
 136749
 196702
 194312
 139644
 438985
 130296
 463166
 448033
 80470
 254102
 200332
 158144
 146887
 317938
 186808
 211128
 212580
 328149
 411481
 294888
 475381
 324842
 1395
 290180
 421556
 29157
 40250
 490085
 139630
 154543
 218006
 241073
 124399
 72895
 367157
 358669
 101931
 253580
 52867
 203205
 146016
 87074
 26974
 89906
 384296
 396725
 453544
 375730
 419925
 204840
 146706
 325977
 380090
 4257
 300919
 161616
 136150
 415658
 277431
 88258
 595
 458976
 79136
 116381
 390712
 188426
 409860
 227869
 276315
 82485
 124653
 314843
 125000
 150989
 228534
 225444
 233815
 221821
 246177
 460498
 45142
 156806
 254425
 42502
 114760
 287635
 390098
 263109
 96665
 378676
 233532
 4707
 291550
 54276
 38947
 445606
 312967
 100251
 498010
 163935
 358073
 181793
 31453
 63102
 118459
 121398
 456898
 230901
 440862
 490657
 395501
 415141
 388845
 42214
 397854
 258928
 305925
 360218
 417693
 456319
 139382
 144052
 199885
 213359
 164502
 15962
 423076
 177857
 475803
 209407
 249938
 227792
 190694
 39682
 62975
 255042
 282320
 39280
 372340
 280104
 241432
 60828
 364240
 289596
 260772
 13119
 126978
 482953
 436615
 261301
 49417
 180071
 204778
 32899
 362757
 392729
 297382
 156294
 792
 200473
 488851
 357771
 15625
 195313
 254040
 142781
 284492
 171878
 475005
 359417
 32277
 124899
 424070
 244488
 233737
 9626
 213230
 278699
 347761
 452476
 432
 221068
 221564
 152042
 376422
 473938
 78423
 326910
 261959
 162489
 168357
 178722
 67703
 427993
 376292
 419925
 83345
 57280
 210308
 478068
 1524
 417911
 206327
 40840
 253718
 427489
 114657
 204184
 229612
 47302
 425738
 342756
 116004
 159939
 29280
 188563
 174563
 152921
 134200
 338038
 107517
 149704
 180301
 491131
 128201
 255710
 274400
 448751
 77275
 475443
 338368
 402853
 439255
 482734
 349514
 358757
 13018
 327135
 392923
 485096
 206086
 39405
 340419
 413720
 65396
 337530
 121726
 72445
 381206
 384591
 176137
 480821
 324681
 234330
 152991
 249502
 393162
 232223
 131339
 58460
 408345
 234656
 179389
 386700
 401801
 12594
 221469
 134513
 388888
 267236
 378224
 251201
 47150
 190450
 338661
 196824
 388888
 211894
 466554
 336167
 315821
 223845
 294209
 267967
 408011
 75055
 425552
 70796
 309590
 86956
 445563
 3759
 253941
 462885
 378046
 66285
 185149
 22623
 29535
 412908
 298706
 386353
 252181
 275536
 391038
 244696
 482993
 135510
 413087
 461104
 375689
 86817
 303252
 465631
 146389
 225852
 261495
 299493
 366404
 275919
 422316
 151050
 123495
 391893
 155510
 308365
 201239
 33951
 365647
 128809
 467374
 106106
 248016
 304902
 355453
 129566
 63823
 250332
 366774
 442231
 302319
 43187
 156671
 103790
 81728
 207053
 235018
 404689
 171347
 139847
 105123
 46581
 458691
 255989
 387355
 386160
 104045
 152845
 299675
 171527
 151213
 408267
 379310
 872
 296510
 259323
 322434
 377992
 119072
 38772
 278987
 283582
 163205
 406669
 405102
 13924
 309046
 195011
 326090
 381074
 23191
 89845
 438900
 364718
 256218
 304574
 462238
 486646
 432003
 59051
 472482
 172397
 107886
 25852
 54481
 924
 127855
 413191
 444883
 366141
 37061
 158385
 54259
 436634
 168229
 333815
 441800
 475244
 334247
 73947
 61600
 9470
 181082
 142009
 199454
 14019
 306750
 433437
 76513
 88316
 224214
 277417
 117115
 273239
 275142
 165087
 270043
 161974
 416494
 215146
 109776
 479528
 153846
 433149
 115527
 145303
 399126
 285532
 418202
 104952
 147423
 215338
 304129
 153052
 431038
 99395
 60256
 433713
 70870
 346439
 287117
 301514
 38134
 421267
 86925
 99523
 157049
 159441
 2651
 378042
 479007
 180216
 341612
 120358
 334719
 62347
 367097
 74626
 299004
 302250
 499000
 347573
 267110
 293729
 16000
 464555
 437555
 84276
 201407
 257870
 466202
 12862
 186015
 74861
 455448
 355769
 327272
 27894
 60165
 395393
 191012
 239530
 359550
 155359
 333995
 262410
 330897
 485658
 379746
 320567
 21344
 469889
 449395
 439945
 254223
 426536
 21235
 451219
 198076
 437487
 306558
 297987
 173449
 325755
 192233
 271714
 257610
 281489
 363369
 95125
 430609
 247230
 181052
 36812
 418991
 101585
 121860
 82277
 227168
 20556
 189847
 418444
 321529
 32761
 458246
 308899
 343403
 326180
 498356
 401123
 376572
 252800
 404794
 165122
 180952
 287483
 315632
 427755
 404134
 50314
 160501
 274545
 27352
 189426
 355305
 282194
 284304
 27202
 197865
 455677
 162155
 427734
 363787
 107643
 165607
 480738
 218132
 79624
 88621
 92783
 82110
 291304
 446741
 207253
 61126
 194310
 426793
 224131
 65600
 316713
 360528
 177165
 257640
 494829
 82232
 440021
 281866
 31655
 42038
 89954
 345074
 401576
 97350
 425143
 112141
 348659
 294467
 444369
 272570
 387426
 172173
 347972
 410025
 323581
 241099
 218100
 268129
 413288
 65605
 470147
 106093
 367691
 276317
 335247
 488804
 89752
 66941
 442578
 281398
 24815
 97937
 38243
 404314
 58377
 94908
 39025
 424116
 195641
 491702
 120148
 300917
 241645
 123173
 105468
 28524
 481579
 293082
 19304
 8411
 181818
 299999
 187040
 294675
 104651
 147983
 307143
 20042
 458474
 161486
 434643
 396551
 16291
 209255
 32830
 366678
 171827
 236536
 145003
 78703
 154008
 168389
 30641
 426750
 347826
 85165
 183786
 479267
 182647
 38657
 31301
 12790
 38810
 141680
 163842
 301616
 401801
 429494
 81951
 416237
 308411
 85414
 169895
 301725
 153726
 425138
 2109
 210659
 84369
 241636
 325454
 451363
 356896
 38054
 91377
 455460
 170269
 133466
 344944
 373426
 179620
 268308
 461025
 15361
 429804
 19703
 174630
 105734
 263737
 493962
 499054
 418076
 253978
 66286
 369101
 189066
 180505
 122439
 60969
 303762
 103702
 281581
 33127
 395845
 302058
 177907
 224608
 153946
 259102
 237619
 409868
 429350
 218363
 365937
 65988
 302952
 408766
 68345
 370943
 485682
 220017
 366919
 154028
 142284
 498394
 136679
 220722
 445136
 86378
 87247
 222033
 234324
 67761
 435064
 105658
 30129
 83516
 495829
 146445
 333801
 425878
 125797
 461242
 387723
 58972
 135179
 138059
 2369
 373549
 304482
 341907
 67378
 13432
 191825
 213284
 359044
 3867
 156085
 444063
 192731
 33488
 334096
 58790
 414219
 239998
 353089
 468170
 130699
 277902
 24106
 75078
 102116
 243973
 113902
 144779
 310512
 458937
 230141
 192132
 433033
 250833
 78914
 83501
 239689
 463279
 430481
 487618
 128663
 104510
 157403
 20727
 118859
 342561
 270676
 130359
 95784
 389221
 496493
 265859
 94176
 72000
 480786
 178590
 423182
 49961
 155595
 423469
 151061
 160156
 77153
 170294
 489408
 98427
 369812
 104377
 208840
 350387
 479029
 466052
 50651
 77778
 405520
 476581
 4867
 465811
 169141
 216271
 190107
 250064
 315855
 51446
 107893
 497556
 404347
 342263
 4794
 187583
 235599
 278330
 147039
 160243
 415860
 150468
 237732
 430324
 22826
 421399
 496495
 421383
 417712
 234214
 272324
 228041
 160039
 267797
 54918
 374197
 37164
 311023
 98668
 396172
 49765
 411060
 53933
 423808
 494297
 334984
 116257
 167055
 417170
 6329
 399967
 278996
 369369
 369116
 275103
 16599
 45019
 401305
 185806
 435540
 134742
 163597
 394422
 158532
 464020
 401481
 91660
 332887
 277917
 144898
 66911
 234954
 360197
 214460
 471626
 488372
 319897
 168088
 327769
 117299
 32686
 283402
 494177
 211997
 256962
 453686
 73426
 50151
 486715
 116417
 472216
 223821
 169310
 416017
 98813
 358947
 123139
 78215
 288723
 311691
 188931
 210745
 351412
 384366
 458624
 449151
 42027
 57020
 471225
 131572
 363971
 321988
 236263
 330406
 464449
 33498
 358580
 411795
 83724
 481755
 300390
 494486
 38372
 321701
 148487
 50276
 389086
 386518
 29672
 495075
 167300
 163576
 391486
 45323
 100178
 284626
 305687
 386844
 38170
 302141
 433879
 364060
 72109
 486300
 318329
 451479
 336234
 270339
 493567
 209851
 453455
 306680
 324641
 359223
 73965
 309602
 275959
 148590
 104934
 217014
 497150
 410007
 179189
 274760
 353579
 29386
 213198
 43947
 396857
 227865
 2511
 222144
 291247
 433102
 368307
 400621
 158728
 90440
 418387
 264434
 238080
 63084
 245164
 257260
 77102
 210811
 270574
 279071
 21129
 480095
 201454
 175732
 382416
 194850
 349686
 350117
 185751
 448121
 371699
 423785
 4712
 450635
 237586
 465834
 189463
 333333
 97386
 181786
 87385
 373946
 367479
 490179
 176925
 192929
 381047
 263040
 421142
 12076
 192891
 486910
 244066
 389682
 310245
 339192
 272832
 252608
 469739
 449276
 453624
 384297
 257119
 355332
 296340
 160978
 396904
 428240
 371254
 98276
 391037
 60852
 497630
 271524
 264201
 136641
 286640
 219450
 271026
 240750
 223892
 112575
 36123
 481487
 362324
 79365
 122303
 303947
 467262
 223403
 270577
 210125
 365986
 249504
 23335
 181945
 22780
 103174
 215739
 454265
 290652
 72191
 242095
 208829
 174668
 97729
 296324
 390004
 444223
 397113
 118886
 226207
 385556
 286442
 221770
 133402
 480347
 180450
 237366
 115524
 166640
 244436
 483980
 68691
 464356
 329577
 59439
 419294
 482852
 176034
 391006
 197717
 430144
 13344
 199875
 360640
 32217
 183377
 334877
 6672
 432590
 142196
 89119
 161132
 364534
 242233
 99120
 295829
 111508
 433372
 204972
 188552
 255443
 399650
 155159
 449677
 78858
 36191
 312883
 383447
 489907
 390719
 309200
 481473
 131633
 357192
 78271
 463276
 270287
 103192
 357835
 204977
 244966
 344736
 134819
 230970
 223469
 5977
 395850
 321172
 483259
 498099
 93089
 74527
 341300
 497744
 124452
 356479
 147678
 69695
 290993
 4675
 21455
 325651
 277906
 42179
 345544
 250391
 400030
 48132
 133555
 441948
 10541
 399852
 462439
 68570
 359997
 98188
 271739
 177462
 422621
 274277
 246566
 1529
 375069
 473584
 357272
 467682
 28814
 123529
 29980
 154814
 349931
 444058
 313646
 188802
 442657
 431428
 240908
 441176
 153558
 470617
 448135
 320317
 65562
 226388
 358566
 222994
 370405
 19334
 361591
 298571
 218329
 300528
 315346
 54064
 208544
 130710
 308617
 209258
 203045
 345843
 315317
 81492
 71294
 56075
 347427
 475159
 20579
 497177
 185655
 238145
 38705
 127932
 293110
 395015
 123225
 251816
 243311
 293622
 437533
 275738
 302947
 178482
 48656
 477537
 5613
 104069
 155881
 473882
 147971
 346178
 211743
 70390
 416341
 63592
 218921
 149355
 477041
 459756
 269218
 496282
 144264
 492212
 220566
 469164
 409746
 448852
 280995
 63404
 394093
 228000
 286020
 390697
 329596
 392046
 412568
 482520
 17363
 481751
 474008
 44756
 374583
 215241
 131820
 192019
 425066
 485484
 493429
 90102
 63300
 470032
 308697
 275815
 229408
 40718
 138876
 460544
 64784
 459545
 83426
 395604
 323271
 392835
 38369
 15357
 363696
 233644
 42085
 343766
 481010
 166388
 2967
 150569
 75742
 342130
 259361
 18717
 31652
 154831
 58265
 364098
 351943
 175113
 325863
 126637
 459859
 228693
 319008
 346469
 238618
 42666
 413064
 19061
 384922
 18730
 239726
 426913
 470237
 222793
 14634
 296836
 137022
 300847
 365594
 168704
 69580
 304728
 351610
 15463
 138718
 423499
 38240
 204347
 348461
 366782
 313666
 167536
 199459
 262760
 61342
 208442
 418049
 458730
 287536
 298675
 468889
 124885
 52390
 50794
 144319
 102476
 193022
 104521
 297271
 129791
 187984
 49667
 65903
 111655
 449004
 305389
 110609
 489103
 183957
 371656
 338225
 46594
 108579
 438978
 275118
 299389
 485791
 245198
 91857
 309890
 363715
 230064
 403723
 133480
 489429
 326342
 353994
 68117
 354897
 421209
 432740
 439201
 365074
 391739
 138941
 82211
 355400
 484393
 254273
 402455
 301924
 124547
 193050
 489086
 138825
 0
 370152
 335294
 277223
 414871
 440754
 225607
 13607
 354309
 87115
 178717
 416031
 74772
 206425
 154779
 268894
 200705
 123518
 472664
 44412
 273615
 467122
 56331
 10162
 24074
 320993
 100484
 424286
 279106
 410146
 25763
 372549
 442488
 98831
 386778
 423350
 267981
 71236
 456806
 124491
 167563
 400581
 328601
 121921
 431119
 17703
 350716
 140666
 14925
 315294
 271783
 90389
 156330
 321890
 337606
 227984
 421636
 132911
 354163
 118914
 482271
 161486
 396306
 194987
 64021
 198884
 468031
 329099
 267961
 318043
 313675
 143884
 283740
 209946
 63981
 264610
 405277
 71185
 418108
 54336
 188138
 497117
 57915
 463506
 358841
 20961
 32299
 328944
 211921
 282546
 490956
 328374
 30462
 274916
 199473
 21626
 110821
 416385
 489459
 264951
 367554
 345835
 323550
 227177
 442909
 436911
 234996
 412036
 209728
 72108
 22855
 149104
 138142
 464135
 466325
 27295
 197081
 432890
 448330
 131761
 260215
 219233
 290830
 301518
 368924
 425884
 146893
 257222
 119332
 37704
 202330
 339393
 381802
 133821
 447400
 86977
 268992
 295024
 57888
 382567
 67414
 415789
 98548
 256621
 443422
 117157
 310832
 276670
 243553
 325237
 484811
 30896
 409860
 355468
 51367
 143130
 246374
 185061
 269160
 410893
 130969
 116958
 193447
 284325
 450756
 358922
 133356
 139185
 164540
 499090
 258426
 76378
 475124
 34213
 133352
 77896
 18522
 99868
 183806
 454692
 241145
 197018
 243001
 269445
 47250
 427161
 35971
 13945
 261969
 279346
 266931
 441371
 712
 4400
 151417
 364835
 126710
 289349
 110335
 399301
 77750
 418784
 275676
 381614
 206296
 169685
 94281
 472633
 327828
 291677
 420374
 427795
 234693
 30125
 324617
 299435
 411515
 84996
 410628
 278711
 122507
 5448
 35832
 220765
 446239
 490647
 30900
 152203
 372696
 396434
 211962
 389119
 237054
 167768
 138796
 484123
 35747
 391166
 135498
 391652
 336078
 427654
 312236
 369998
 173942
 463862
 334953
 196047
 214413
 382456
 459181
 180242
 75186
 276635
 490366
 121575
 305770
 101584
 121613
 467849
 230065
 261311
 136958
 72898
 130929
 460401
 25280
 426744
 400882
 124593
 236099
 389794
 462445
 393312
 13313
 342145
 265132
 403681
 205106
 213330
 444552
 232933
 361058
 157722
 125499
 284560
 167508
 39642
 461029
 454510
 341720
 275107
 262160
 258643
 392653
 288307
 417721
 393722
 126837
 37703
 298887
 8340
 448822
 106121
 43156
 105007
 102280
 295402
 188976
 2032
 255794
 165008
 306308
 158555
 87672
 445746
 449804
 369149
 451258
 316393
 123868
 254863
 462891
 293620
 117896
 256257
 1805
 28012
 301290
 36115
 482310
 33147
 430400
 16588
 324999
 67776
 309525
 233588
 179590
 224625
 327190
 134664
 411467
 430154
 191732
 106873
 236456
 251981
 310219
 273983
 484036
 210616
 395058
 184693
 444839
 35784
 361054
 415887
 63081
 98696
 15050
 474435
 490058
 140184
 448497
 347060
 29823
 53092
 130902
 367393
 311636
 406782
 493475
 259873
 146348
 405263
 13748
 147636
 263606
 100759
 52147
 327790
 63748
 39837
 343247
 312712
 430634
 195193
 224253
 343129
 257710
 434775
 467323
 492897
 470467
 391800
 460990
 445184
 204819
 259455
 26308
 62699
 373
 406158
 204252
 57574
 315124
 263032
 139265
 121199
 420127
 320430
 401890
 175654
 179768
 371311
 41618
 112676
 21748
 20269
 335955
 88787
 484797
 14335
 43389
 235970
 165613
 401473
 307977
 468560
 437275
 252302
 443334
 278217
 447404
 358150
 474025
 122248
 441187
 40357
 171214
 60640
 232324
 178661
 493825
 237509
 130573
 232118
 432780
 434897
 142151
 444681
 392876
 157470
 19619
 168292
 79785
 374570
 487578
 339208
 269834
 80242
 140669
 479285
 167945
 466380
 143620
 373325
 317708
 483290
 130817
 88692
 135635
 8966
 391818
 296679
 279403
 429714
 498618
 330400
 237614
 48573
 451234
 378410
 127733
 13582
 292448
 469079
 356725
 394733
 437154
 304901
 455546
 60987
 21955
 139708
 64682
 459680
 189082
 458014
 168961
 193264
 423936
 246903
 259900
 367662
 79812
 357692
 447368
 55216
 463587
 0
 204325
 276773
 364185
 330966
 65292
 16909
 312569
 161721
 293838
 124352
 201052
 126910
 365310
 198372
 343750
 455555
 395717
 284071
 102032
 292945
 371095
 310747
 172543
 448837
 135302
 366244
 48289
 431116
 424906
 479217
 499163
 47634
 110277
 431860
 493333
 195091
 331699
 497932
 95567
 319201
 189066
 499629
 185389
 330153
 140193
 144840
 290984
 374884
 100000
 151845
 44671
 142743
 109184
 159181
 330403
 449367
 301406
 226084
 437010
 12784
 468582
 376235
 205203
 238547
 4937
 115201
 380675
 1631
 483904
 387989
 44356
 326542
 55248
 33511
 108688
 336785
 427083
 274976
 348252
 329712
 54721
 431140
 17390
 59899
 413038
 443880
 159584
 23939
 449751
 479575
 135189
 170131
 197125
 242516
 192245
 464257
 235204
 330565
 120525
 407026
 32889
 260378
 108153
 117054
 327538
 151048
 238375
 452279
 286507
 434892
 71932
 53673
 130813
 110017
 337121
 480080
 328396
 76946
 402646
 371944
 114511
 242011
 360483
 319758
 289644
 400905
 249267
 291878
 42177
 458343
 14226
 267878
 454212
 317540
 183232
 376065
 124723
 183207
 267610
 125545
 274157
 82443
 226192
 426099
 288594
 370784
 224094
 115681
 348563
 250323
 220320
 413074
 241935
 255656
 228755
 134427
 216402
 380952
 327945
 235092
 451337
 145913
 84896
 371392
 193072
 38792
 414460
 325093
 148035
 141231
 13076
 147812
 99723
 356986
 272738
 401552
 292796
 320505
 376866
 428496
 430769
 265822
 218462
 422081
 5172
 407780
 116599
 224484
 224499
 162773
 421648
 63276
 10836
 343398
 144286
 457547
 102154
 490296
 350206
 479147
 479198
 287575
 452151
 123122
 141975
 14130
 131322
 159494
 375829
 169567
 202509
 193060
 419330
 390070
 154209
 35061
 3203
 33047
 59001
 492027
 428566
 90767
 121217
 320512
 460259
 418575
 475381
 83013
 185233
 316391
 393507
 53256
 489186
 113130
 428228
 462577
 326612
 398185
 181935
 31243
 414446
 402632
 413987
 971
 346153
 30770
 465345
 450208
 439207
 60565
 93503
 71592
 372267
 393355
 463994
 318847
 305976
 210588
 459668
 119475
 99634
 381619
 358444
 333333
 285538
 1807
 262845
 284551
 272901
 250944
 296900
 95438
 472356
 158014
 498961
 223854
 336722
 254712
 326050
 38227
 255857
 276576
 252350
 293335
 261604
 398585
 470422
 287516
 372093
 138619
 350894
 219678
 403056
 254847
 323741
 439060
 74776
 136363
 73024
 26315
 36545
 359177
 326653
 314525
 194266
 485915
 176700
 123769
 439454
 48502
 94430
 339484
 316543
 195864
 416153
 40381
 271938
 495852
 141556
 343671
 212805
 98431
 331207
 266666
 88585
 52815
 210117
 289528
 488181
 115622
 237410
 411276
 139017
 312813
 307172
 499278
 21510
 238829
 96193
 367600
 32264
 314125
 388951
 170357
 479409
 82753
 434470
 473259
 238149
 446182
 156595
 94380
 95903
 433518
 229454
 317215
 256656
 416835
 118465
 49283
 480814
 276136
 340138
 240506
 362452
 24021
 124
 487336
 140688
 120723
 85729
 332688
 473347
 119132
 59062
 298583
 122336
 283390
 285918
 459612
 116510
 240636
 140469
 451761
 121132
 348258
 150913
 25104
 56940
 20680
 456331
 125420
 373328
 83565
 434407
 184560
 6921
 478139
 242476
 225010
 307
 45084
 194509
 122780
 192637
 316117
 303259
 300713
 202195
 246657
 486431
 239598
 288089
 326261
 167126
 186633
 158215
 429806
 27243
 136710
 491084
 321494
 47236
 253451
 441784
 306493
 98108
 361298
 312769
 259844
 367029
 27498
 386379
 80572
 406605
 77373
 494365
 184069
 497863
 128177
 291669
 94556
 434479
 349757
 189920
 223846
 133477
 428901
 26236
 82115
 391923
 9557
 398683
 266328
 364702
 489051
 130300
 338614
 19262
 266451
 78728
 375438
 15370
 436235
 426752
 401257
 462735
 385062
 320226
 374471
 365791
 213070
 169992
 274070
 199809
 66730
 207393
 174975
 137095
 439196
 406015
 417426
 200701
 379542
 164773
 272766
 99094
 93535
 440526
 187188
 174864
 233324
 179998
 103818
 84187
 128954
 432857
 109121
 134952
 154924
 424941
 301175
 77698
 386513
 165214
 6404
 326187
 146707
 102493
 294417
 490897
 104160
 98134
 439804
 181989
 462862
 232068
 157608
 235571
 467280
 118068
 242885
 367553
 756
 309866
 419817
 74377
 320420
 49080
 426185
 243278
 184538
 50503
 258195
 445162
 27571
 114616
 487006
 217327
 414263
 329379
 298663
 162635
 25630
 13957
 210341
 142810
 299999
 478773
 434392
 113878
 120006
 115834
 109917
 77877
 124954
 443684
 456758
 123724
 3497
 124503
 90762
 498071
 119502
 136720
 52056
 246595
 403775
 434048
 486761
 33009
 200214
 382338
 125984
 78947
 254185
 63255
 92569
 264690
 329049
 84405
 100785
 364588
 256345
 410150
 106738
 36633
 93156
 296616
 212394
 215156
 71194
 425024
 14963
 392613
 131311
 203592
 159800
 241393
 439935
 36524
 247352
 71811
 161553
 377269
 33668
 72974
 486573
 121580
 261141
 289902
 57479
 465656
 280885
 177492
 78205
 325031
 43921
 425208
 49295
 142575
 337499
 350757
 440454
 82791
 269936
 461047
 487669
 476864
 234913
 5420
 439557
 248240
 480148
 147647
 387358
 37534
 73092
 236565
 93811
 22994
 355617
 424876
 248498
 249516
 459786
 103181
 271041
 385876
 316558
 121998
 293829
 490355
 47744
 127473
 386381
 230252
 152292
 440800
 216083
 370029
 203484
 395722
 454233
 334234
 499694
 437530
 377646
 485430
 296170
 312588
 100556
 303560
 143459
 136363
 180139
 214275
 324560
 493923
 348861
 412068
 474267
 108465
 248596
 490934
 81209
 399318
 269300
 34548
 97591
 429352
 12133
 419004
 479803
 374313
 93166
 382588
 368162
 171240
 218981
 292125
 308671
 34759
 365560
 56890
 215823
 185294
 68227
 386552
 153889
 18156
 263315
 498644
 164658
 5572
 302275
 164043
 489563
 57851
 68493
 240170
 392441
 430782
 251612
 182269
 400245
 487083
 53301
 62035
 122082
 392440
 252960
 271096
 52573
 324351
 439783
 450823
 31199
 291709
 453214
 362847
 139732
 421446
 482190
 267917
 268583
 327906
 275622
 430563
 53473
 109803
 153846
 41851
 16708
 347856
 143442
 114873
 158708
 205747
 450078
 259834
 227953
 382372
 217028
 336363
 383674
 322435
 16941
 399999
 41815
 491992
 173348
 395287
 722
 394324
 87510
 172608
 298679
 49016
 392156
 246753
 458807
 483516
 471402
 427368
 294004
 331905
 436697
 349532
 150413
 447886
 435027
 348873
 52443
 326345
 59168
 216681
 10982
 115115
 61348
 221869
 487179
 73966
 109094
 479682
 380654
 247036
 251795
 35983
 230546
 82519
 267775
 457174
 459540
 184601
 457657
 334753
 496308
 364092
 328940
 135938
 53551
 322785
 78530
 468611
 416485
 241096
 81212
 124600
 170838
 263360
 249874
 434894
 158457
 498358
 129466
 36444
 184241
 144127
 138090
 470760
 284688
 416511
 462915
 328056
 9117
 305961
 345337
 67095
 27320
 282773
 187898
 18779
 75109
 48648
 499285
 70543
 213049
 428312
 38716
 362837
 188962
 77764
 167467
 496822
 389939
 70896
 47596
 355174
 287030
 460204
 345544
 218448
 360911
 371391
 51528
 95503
 420936
 335106
 107227
 398663
 384554
 281230
 23098
 169590
 281687
 151614
 227426
 424851
 269969
 360507
 97374
 3378
 96536
 180831
 262541
 242807
 318282
 69537
 314382
 333333
 304297
 282527
 486338
 114306
 314929
 140299
 4113
 222463
 468665
 124336
 371312
 492994
 431232
 284308
 41447
 243210
 148244
 42364
 159442
 47127
 173913
 228016
 86654
 80879
 327523
 341778
 309295
 395345
 55073
 242693
 417140
 45730
 334733
 441958
 491376
 42537
 266437
 324776
 110507
 190944
 243634
 41010
 139270
 493297
 95879
 400464
 270846
 307650
 5510
 307265
 215096
 54081
 473947
 125918
 55471
 302325
 487059
 33766
 150675
 162664
 98646
 270455
 419187
 386106
 71713
 323448
 426887
 481818
 210268
 83739
 209215
 252081
 68635
 316190
 29993
 149777
 409135
 179013
 226428
 452526
 170445
 271363
 144115
 355425
 39922
 368597
 489552
 126195
 36302
 289502
 235480
 365484
 95510
 196324
 220040
 388027
 179484
 212343
 480236
 131028
 386851
 323681
 288409
 415195
 395550
 216150
 365843
 183948
 172192
 30026
 285980
 254320
 201354
 403940
 226035
 288762
 389898
 43412
 247046
 184462
 358205
 120728
 475350
 339237
 382189
 101765
 167921
 484562
 421828
 468233
 220675
 15307
 452174
 142750
 115975
 190561
 8622
 72314
 42577
 420801
 327145
 385747
 200430
 431699
 29477
 328903
 192307
 6166
 382357
 492440
 3123
 258677
 335307
 300801
 186446
 20751
 410156
 361538
 47169
 434388
 41809
 202421
 141848
 451707
 130808
 339586
 322331
 381740
 168336
 372475
 283019
 18238
 485043
 28348
 180837
 368289
 145354
 135658
 4052
 77331
 320408
 390681
 106778
 1209
 405550
 71847
 296066
 198025
 218181
 452935
 99649
 123561
 195404
 402051
 92660
 423822
 497448
 373124
 452331
 341743
 401433
 421219
 456215
 102061
 345438
 428983
 197298
 339999
 210012
 433006
 437927
 484928
 7329
 253414
 344096
 285324
 174078
 251731
 94618
 29189
 289765
 106969
 21071
 367029
 49323
 450991
 210140
 56224
 27671
 48973
 183450
 222186
 282234
 312305
 184847
 159663
 151368
 438200
 120359
 449171
 115170
 83835
 246603
 203194
 148102
 461832
 18831
 283493
 436775
 196333
 175458
 304491
 307829
 496937
 416597
 117246
 31857
 452761
 341978
 148430
 134452
 77379
 174715
 120805
 13694
 363018
 356985
 15197
 162863
 204046
 353933
 156271
 334812
 286082
 53756
 199159
 384945
 307627
 223322
 47000
 129474
 232098
 44586
 57577
 488794
 78220
 411102
 450413
 100515
 105865
 26286
 275203
 462819
 457413
 376054
 369842
 13257
 192809
 330328
 368582
 70629
 45287
 314876
 476202
 418332
 237773
 453625
 231190
 3546
 54048
 168601
 313286
 310209
 284378
 255770
 326260
 316842
 155555
 375660
 16139
 477293
 354618
 6747
 421601
 476213
 25892
 96048
 449667
 160589
 49188
 173498
 259138
 58111
 371633
 458495
 36490
 312970
 310171
 167191
 263211
 476987
 210290
 393903
 44897
 243902
 411651
 281948
 129384
 116041
 277368
 330508
 82661
 436470
 118364
 496232
 11464
 275037
 252415
 721
 18897
 353679
 443084
 294960
 282676
 28554
 139218
 103680
 497862
 269993
 445859
 54230
 157696
 374101
 411878
 159046
 377916
 219109
 452141
 336787
 274170
 164636
 131110
 190113
 163560
 54483
 439525
 322132
 182593
 481571
 194963
 139654
 218065
 46815
 278639
 9227
 241433
 366942
 15416
 485271
 195016
 287262
 159600
 311459
 457087
 381248
 411688
 432498
 478114
 31597
 347970
 386452
 74557
 207069
 472219
 352064
 51400
 242610
 215279
 450341
 278947
 24201
 239982
 13132
 107088
 326274
 190826
 217718
 468896
 48276
 268380
 300565
 42106
 410582
 475382
 462326
 146296
 416824
 453614
 378693
 472612
 129406
 413280
 315890
 427693
 246852
 495888
 160904
 203588
 150416
 275556
 175293
 143398
 371978
 85536
 302964
 72322
 370625
 47717
 80398
 314110
 416224
 149055
 360446
 478295
 388158
 141522
 38418
 430986
 486031
 328294
 409882
 313790
 382449
 470099
 191973
 237784
 220546
 128388
 113704
 160543
 439904
 387374
 434302
 60674
 27708
 323379
 437011
 112705
 414897
 187129
 117178
 158455
 443029
 292098
 252154
 388071
 498228
 423391
 458682
 137947
 42450
 268913
 495107
 31759
 414945
 285960
 405904
 24094
 367461
 434191
 400416
 143975
 52030
 387559
 282180
 338930
 473089
 234612
 38341
 399633
 174864
 24051
 103040
 429632
 404726
 405872
 200283
 66486
 363606
 367340
 216988
 383716
 353945
 47381
 14386
 344569
 154810
 248266
 77714
 14106
 284762
 43841
 433249
 94773
 38788
 275204
 491393
 121875
 413160
 484622
 484104
 441571
 104449
 147784
 479281
 121399
 480703
 303547
 322002
 141217
 150820
 268528
 420323
 197831
 193797
 242123
 54696
 378632
 16946
 236263
 112314
 292871
 452439
 152484
 416363
 281996
 433670
 46779
 351202
 95197
 319069
 251113
 461538
 159736
 440050
 81175
 107206
 300023
 460430
 52294
 343059
 395409
 408627
 476303
 144721
 204580
 472276
 361211
 273800
 265445
 432179
 186200
 195226
 57268
 297926
 92665
 453457
 217257
 78167
 100003
 187684
 401493
 251863
 375050
 24473
 224104
 227925
 199697
 51583
 105858
 363175
 219566
 446623
 442157
 196191
 82029
 192244
 52819
 497295
 331901
 450030
 25117
 54118
 249494
 257626
 265551
 108479
 319992
 239974
 51020
 81619
 255801
 211854
 12276
 442513
 204724
 204724
 281200
 13249
 253006
 378700
 360406
 100442
 22033
 342514
 68311
 423687
 223145
 375552
 320330
 122872
 70782
 153567
 417016
 317833
 463276
 291508
 10413
 414690
 379060
 457345
 76395
 168606
 231745
 186453
 226270
 106800
 105368
 33054
 214734
 375448
 419318
 11723
 155060
 458732
 66226
 478548
 260356
 330079
 225044
 363276
 137054
 384245
 304624
 139315
 28104
 5733
 378403
 317322
 321680
 246104
 144371
 90041
 202862
 167106
 292417
 114116
 253479
 461544
 435180
 414634
 483929
 61018
 230848
 238868
 82970
 214589
 363500
 217934
 1522
 253454
 487012
 451290
 477389
 275959
 271309
 37920
 387365
 334126
 276767
 142186
 367371
 64216
 153899
 355543
 200626
 201637
 473118
 224307
 445403
 68045
 405275
 491945
 295148
 211703
 4460
 478183
 325538
 418219
 489690
 45212
 159793
 6489
 260501
 94855
 479487
 235799
 59668
 355528
 301165
 388079
 454441
 186226
 141486
 471954
 230749
 393016
 398761
 373002
 12578
 477195
 306066
 20490
 351459
 123291
 488376
 317338
 231939
 190218
 196317
 48162
 293980
 442891
 103091
 160092
 331002
 117331
 138584
 312186
 449155
 393779
 121256
 397477
 71482
 30386
 92132
 266592
 299028
 217475
 215445
 162141
 72864
 199948
 211757
 252958
 109409
 232595
 308510
 285547
 333755
 195789
 160751
 33780
 17542
 300452
 43478
 243885
 465340
 415355
 470437
 281503
 12742
 79243
 272391
 356730
 112497
 78488
 173669
 154367
 377927
 173672
 113668
 109870
 151195
 164624
 28599
 270766
 81540
 427209
 255474
 341404
 67925
 294934
 484092
 344702
 29372
 290869
 307662
 460396
 195687
 308450
 378692
 112075
 377652
 421617
 473180
 359427
 318033
 335084
 254898
 443252
 423871
 295093
 417699
 342204
 57297
 476842
 409090
 452909
 424171
 479933
 148674
 229288
 491428
 137006
 369368
 250069
 93938
 354330
 138800
 192677
 116408
 307483
 24511
 98031
 76345
 98997
 460559
 1105
 486964
 15197
 53338
 161843
 498130
 425264
 256382
 175171
 187479
 407355
 187382
 389072
 306912
 85488
 464686
 440654
 476412
 374670
 327500
 420245
 35482
 202496
 210905
 478727
 289779
 291497
 91355
 352820
 331632
 267893
 335921
 435884
 137884
 94537
 44883
 437200
 84969
 107067
 204290
 227807
 289168
 325618
 436505
 415045
 276780
 264215
 301747
 364856
 309261
 198767
 458036
 151405
 498202
 127813
 308345
 464824
 147789
 388636
 28294
 463236
 55162
 186482
 300763
 494320
 351311
 211472
 89728
 71979
 85759
 106281
 142300
 238398
 38052
 230470
 187984
 307754
 395177
 294465
 301909
 20756
 173292
 88002
 438983
 411333
 252912
 461338
 15708
 471963
 257772
 200999
 127198
 297357
 294018
 490889
 364081
 458140
 493892
 374480
 475720
 163528
 311320
 358615
 117033
 130613
 19431
 266133
 204467
 289773
 341471
 258706
 325805
 218016
 398588
 21928
 191619
 265746
 275676
 92009
 44360
 447661
 288551
 78469
 414336
 452708
 338243
 321349
 232558
 25565
 91058
 490464
 393775
 124179
 152613
 122629
 468940
 233495
 339636
 103913
 220174
 283044
 493445
 191055
 419099
 12962
 62181
 295682
 75172
 459874
 368776
 270033
 175000
 362091
 459518
 401136
 264340
 442176
 409504
 131691
 11869
 43610
 89640
 361571
 477627
 443252
 435483
 157157
 97811
 222457
 243650
 370820
 410232
 175452
 491516
 139824
 234058
 408637
 2705
 358313
 272899
 283714
 373368
 306301
 270532
 373134
 7043
 316210
 23600
 129714
 284422
 412297
 16035
 33971
 280732
 122713
 351486
 377646
 57045
 220514
 225710
 20035
 209955
 145844
 286185
 401788
 435355
 483024
 266757
 301417
 119487
 291004
 179505
 106132
 26906
 175457
 310682
 7128
 346681
 107908
 92652
 341828
 291399
 162704
 292605
 337956
 49451
 26709
 444820
 53217
 7670
 439164
 112312
 119440
 408573
 436918
 451851
 353263
 449727
 285211
 421473
 485383
 43283
 49105
 397812
 91298
 98742
 268122
 150376
 76711
 127593
 255367
 325439
 292527
 361957
 251903
 236019
 103545
 401410
 447911
 246813
 466197
 443892
 447977
 177230
 49976
 55031
 483127
 291695
 451351
 160420
 193382
 6365
 158763
 