117357
 26595
 275543
 56360
 491708
 86376
 309813
 341851
 361722
 17946
 480202
 285956
 210543
 166666
 248259
 162144
 377623
 73376
 173415
 365013
 422245
 472110
 145854
 204689
 400991
 13105
 406629
 426080
 184566
 35011
 123920
 487239
 477975
 206378
 312170
 268329
 493974
 314694
 183108
 147932
 38789
 467625
 160981
 26859
 346846
 332835
 287446
 29892
 87383
 215897
 262638
 360490
 235807
 204918
 289478
 445730
 41891
 358230
 456371
 33500
 362725
 303281
 372222
 205370
 124306
 379035
 259417
 92468
 9136
 369419
 198191
 214345
 77765
 219176
 345665
 468327
 345000
 275123
 9469
 233930
 67080
 23221
 411441
 195035
 223696
 101060
 310609
 172941
 450655
 257939
 138640
 499783
 196476
 54151
 188638
 299975
 342351
 412840
 247429
 3179
 357607
 311793
 366750
 102727
 213724
 342333
 247631
 70362
 70283
 255765
 413355
 387784
 461145
 14149
 487128
 325966
 54336
 260594
 465628
 412931
 347068
 123275
 298166
 54838
 21623
 53699
 484395
 322008
 283396
 350653
 291386
 360387
 370624
 423205
 456828
 463000
 146001
 142438
 444817
 146790
 31323
 493061
 204350
 258546
 348479
 26515
 260933
 225594
 34916
 389251
 19820
 61164
 50422
 38292
 234164
 199602
 410127
 448751
 260752
 293286
 80450
 151771
 333847
 326770
 465623
 312029
 128596
 345517
 406903
 302698
 60679
 41099
 145077
 391895
 79451
 232915
 355054
 305951
 70270
 459758
 203049
 407324
 145283
 99018
 499960
 454638
 324318
 185421
 430408
 296392
 176967
 112258
 22779
 274693
 152477
 310547
 372250
 137162
 239210
 6137
 330890
 189972
 462911
 155146
 365746
 236842
 110758
 345010
 332209
 145300
 255187
 373769
 219046
 331550
 235008
 252760
 383883
 42083
 184399
 82770
 126976
 451809
 451672
 182430
 107370
 94415
 265295
 302768
 240124
 111009
 36618
 265193
 151610
 453475
 408298
 156225
 248495
 239428
 307249
 117294
 143363
 453340
 302335
 264155
 249267
 459775
 208221
 319373
 126673
 87990
 261932
 72116
 273989
 113475
 37469
 349219
 388127
 195796
 363978
 313089
 471467
 361332
 231649
 422279
 454816
 301775
 290372
 422209
 107259
 75318
 438863
 148682
 130619
 62200
 160574
 318739
 402335
 313034
 131431
 195541
 105846
 196788
 107160
 78231
 49993
 5308
 495678
 235660
 428713
 214209
 424408
 268659
 143878
 429593
 106614
 339592
 436289
 56486
 152404
 335196
 363636
 269012
 114053
 185344
 105088
 186414
 88007
 169366
 108386
 202168
 486572
 153846
 316742
 76462
 359816
 88183
 50854
 461538
 32015
 240474
 366997
 10250
 181818
 464253
 365817
 99209
 58114
 67719
 400704
 236027
 281402
 210462
 168064
 177071
 348286
 38666
 31616
 431171
 108207
 303104
 4706
 314928
 446520
 433248
 43435
 18200
 155825
 427315
 74235
 418312
 400983
 21352
 194987
 148581
 251556
 305332
 39999
 114695
 421686
 120358
 53037
 298093
 40464
 135759
 293930
 187846
 19999
 329259
 95557
 456243
 384526
 452838
 305677
 487175
 28920
 225463
 461039
 197822
 269230
 242140
 66348
 93272
 231833
 456375
 45082
 363260
 455452
 161130
 149967
 327439
 267196
 477120
 244827
 473658
 15118
 317683
 417664
 1725
 165659
 458725
 90200
 301598
 89622
 75477
 246073
 264819
 67143
 168393
 241913
 118302
 497749
 444444
 224625
 37531
 263997
 30033
 426747
 205330
 134215
 375403
 342401
 307283
 418106
 314444
 18086
 368475
 154839
 301475
 373188
 93813
 295986
 494213
 431229
 427880
 378518
 22463
 64966
 26315
 40169
 178304
 203712
 287822
 281205
 346049
 129716
 375149
 463658
 56457
 451556
 174605
 450824
 149159
 450754
 94238
 364048
 79847
 109500
 227151
 19159
 42759
 466282
 290087
 255379
 232075
 190499
 266583
 280549
 439247
 92590
 251564
 271067
 373708
 354945
 326289
 98373
 464768
 115012
 284696
 361780
 413564
 473126
 150721
 211047
 122560
 32416
 311858
 35294
 48725
 30180
 323262
 302495
 103538
 189293
 285132
 151391
 83907
 112306
 179325
 154874
 354097
 399979
 73970
 248905
 265823
 303510
 6818
 5286
 231652
 25950
 39697
 211317
 181921
 144484
 284184
 182295
 230947
 497014
 135399
 226906
 206289
 389137
 484147
 308571
 151439
 55308
 331942
 448526
 461835
 272549
 244343
 453211
 40502
 436969
 331830
 95840
 55449
 396208
 204101
 207200
 392499
 492787
 131101
 102680
 446341
 92761
 401077
 387057
 477007
 233085
 367828
 407751
 183076
 384170
 374499
 99168
 98036
 280
 4405
 22307
 88993
 168145
 260717
 98994
 167254
 333213
 115761
 189655
 498197
 355163
 176468
 311041
 291749
 373925
 133703
 289603
 485607
 265884
 73015
 236196
 425837
 444553
 228085
 483197
 416535
 431493
 379735
 352756
 354290
 270904
 448795
 254708
 101062
 5054
 453129
 253333
 438158
 154874
 236370
 471735
 135749
 95882
 130382
 172455
 111241
 29775
 262694
 360071
 294800
 380489
 184604
 445181
 493684
 313042
 287407
 343953
 378879
 254545
 444743
 242934
 242751
 395518
 446990
 465089
 299147
 398656
 35346
 341740
 119999
 401000
 27879
 360477
 255267
 240621
 172645
 184984
 47952
 325155
 281178
 270585
 129603
 60791
 231058
 369752
 397461
 116041
 243953
 379813
 126204
 469129
 492216
 292364
 115259
 142788
 272748
 157102
 267094
 142828
 256376
 22520
 308638
 67473
 244165
 382096
 271794
 497102
 245026
 230883
 231044
 360702
 391999
 442131
 11884
 63035
 34285
 21400
 298144
 195303
 270743
 493952
 159445
 302236
 301016
 379056
 16413
 173609
 29603
 460127
 377897
 18166
 125969
 400770
 368770
 127447
 78612
 478664
 486893
 109196
 158366
 213488
 61736
 424491
 69642
 367769
 346182
 65739
 235441
 251794
 187314
 110367
 451989
 300752
 334245
 405703
 203088
 293945
 95367
 163201
 137354
 206624
 291107
 72366
 367023
 220544
 124569
 46941
 296336
 486815
 266276
 113531
 327935
 355911
 30281
 292355
 59162
 50909
 5928
 135475
 40090
 227844
 283350
 474521
 397467
 320526
 424990
 290663
 246749
 301209
 7651
 374206
 356448
 166329
 239597
 414897
 159785
 276595
 347969
 65359
 378787
 24489
 141540
 289078
 332794
 154008
 443278
 471192
 153061
 398857
 362070
 271491
 49132
 244743
 63718
 41849
 205268
 241981
 460987
 110977
 140747
 37395
 378104
 208511
 367357
 310138
 260660
 411200
 94012
 474360
 230181
 39078
 426011
 297895
 492415
 85201
 252551
 192209
 306784
 315394
 269951
 229729
 432656
 208416
 78361
 9595
 80323
 11970
 145643
 141147
 296010
 180257
 290928
 62318
 40305
 52120
 133814
 95810
 189347
 203775
 448547
 480472
 148825
 226321
 203917
 281856
 214344
 211710
 427239
 440329
 277652
 399999
 413937
 442292
 381105
 107199
 379120
 266817
 53654
 17063
 120743
 306936
 85373
 386859
 24347
 217409
 114830
 350721
 377773
 62200
 289363
 281208
 320199
 84887
 256452
 389528
 63795
 61873
 382607
 211796
 438888
 421415
 110286
 95362
 482613
 141630
 436925
 22957
 82582
 2413
 12015
 73809
 334415
 285429
 17904
 292207
 78257
 224216
 418412
 336545
 380343
 197383
 140257
 218925
 213538
 107886
 109424
 54918
 221611
 4181
 110661
 23631
 19184
 72542
 280726
 327704
 286005
 239409
 322958
 369364
 417075
 242641
 263526
 317470
 499084
 191046
 170478
 242871
 455656
 30721
 214285
 406814
 206197
 290194
 298701
 93462
 393226
 30612
 495985
 232765
 369705
 172793
 340069
 62647
 173956
 23157
 358905
 376328
 429410
 252997
 357817
 403080
 309523
 299890
 103680
 201993
 175294
 267057
 399398
 384662
 262914
 137421
 148053
 309211
 305292
 102713
 261039
 393787
 288407
 474017
 829
 38863
 94830
 311473
 215984
 451948
 135445
 78042
 314191
 178173
 344094
 22343
 179426
 76354
 144132
 319832
 361562
 257782
 164269
 408707
 286645
 26696
 59926
 6570
 36901
 182923
 463324
 375126
 437783
 60377
 486531
 252452
 12044
 90798
 424668
 241713
 17922
 229555
 142233
 61474
 496085
 172566
 341478
 202872
 148276
 318816
 483547
 435183
 354202
 442428
 139428
 123785
 257871
 120931
 317889
 396232
 460543
 314156
 68104
 13347
 70707
 83091
 165185
 344431
 373762
 415790
 383842
 246777
 115151
 314000
 58058
 363988
 377157
 99543
 12804
 447826
 38623
 436669
 168981
 329527
 467125
 359681
 429357
 493567
 445294
 200051
 95371
 290386
 12182
 124892
 166708
 12573
 490280
 180968
 198120
 123419
 389986
 108581
 189823
 307509
 295940
 203727
 440353
 420064
 240256
 416326
 19936
 288842
 5825
 298543
 454248
 348458
 38446
 64159
 206392
 143176
 57979
 483957
 304896
 265486
 365707
 403632
 132170
 100480
 438949
 223036
 459352
 321853
 94507
 334026
 413223
 461926
 416633
 268325
 85122
 435527
 179349
 453565
 480114
 341306
 273521
 322548
 63850
 132958
 247663
 38154
 468076
 115037
 144699
 79640
 416964
 97025
 26696
 35623
 192189
 278406
 291157
 46157
 220896
 63192
 208456
 151149
 424869
 355433
 476386
 432931
 109673
 119565
 205953
 358985
 471156
 97176
 210138
 338077
 340100
 364546
 316053
 462341
 226076
 435729
 179527
 85727
 426926
 149419
 323855
 113064
 131490
 126667
 207495
 251015
 466602
 95582
 226774
 35398
 118025
 284793
 350439
 392770
 461760
 232852
 411218
 306735
 353607
 144459
 12516
 296344
 35361
 175115
 475383
 394949
 168711
 20950
 384134
 472178
 148748
 381179
 268519
 211542
 378361
 324616
 61282
 390405
 143849
 241056
 405810
 430252
 389643
 233187
 261421
 70856
 49330
 154647
 375883
 305931
 90255
 370320
 116310
 153578
 236713
 463614
 336479
 3764
 343750
 459398
 62473
 132829
 176830
 225215
 26192
 146362
 229191
 362448
 474231
 193778
 50377
 32673
 235404
 350267
 211856
 280070
 184158
 62680
 412608
 151054
 304347
 298977
 51277
 71030
 468926
 330411
 459890
 145506
 295256
 491772
 29680
 462867
 141701
 296735
 65585
 431135
 157303
 274446
 191846
 121566
 339585
 133945
 351961
 478170
 389645
 355029
 72859
 439557
 426324
 406508
 177796
 242626
 324739
 384638
 244007
 209416
 226029
 137443
 337822
 86100
 33847
 26730
 230166
 378526
 473362
 223317
 137012
 457365
 251829
 401960
 127820
 83877
 361091
 146989
 300375
 54010
 294270
 146703
 414804
 33714
 400456
 377807
 142741
 388492
 7088
 286689
 490034
 79767
 113574
 276062
 238563
 12823
 434437
 309048
 157728
 242620
 135972
 57171
 151693
 340869
 6596
 287128
 392160
 10199
 337997
 249754
 326779
 437083
 228374
 366632
 431999
 411425
 217561
 338374
 474258
 23879
 370719
 236668
 247867
 116468
 275729
 64277
 125554
 105072
 332835
 487289
 179457
 264956
 172543
 299750
 137530
 188158
 228396
 426441
 304259
 414415
 494866
 488574
 104741
 464890
 166207
 234944
 12252
 10010
 10471
 141908
 258000
 256410
 13527
 458037
 71082
 254968
 389328
 93223
 182507
 460958
 126732
 25474
 209218
 343053
 100467
 139968
 485474
 313791
 219819
 115864
 189594
 484076
 245413
 42482
 429493
 111857
 78784
 299112
 330279
 487404
 453292
 371202
 33368
 411966
 1189
 60074
 126271
 128246
 74498
 317238
 432432
 314483
 98021
 473718
 80647
 349642
 31920
 280459
 44057
 420463
 106648
 6850
 317832
 238893
 123718
 71428
 213292
 206944
 492889
 429865
 289771
 202221
 284966
 138540
 216648
 214959
 464728
 28572
 487813
 113682
 182296
 321545
 258021
 313149
 459257
 209969
 61982
 310408
 366636
 491902
 360212
 226485
 490184
 299922
 469318
 239284
 142616
 382336
 444113
 395915
 302735
 97
 115595
 140129
 33601
 76251
 236245
 272165
 44871
 123034
 15384
 38886
 56962
 488560
 419020
 190439
 463192
 382978
 386834
 133931
 428493
 204171
 160965
 481996
 52096
 240198
 213854
 259951
 65190
 262676
 309523
 175424
 252710
 50861
 443352
 241910
 170842
 61717
 340872
 65659
 288321
 152027
 129901
 215565
 57575
 193356
 483977
 187259
 385828
 77164
 2377
 478109
 383549
 69326
 289806
 417078
 251979
 25818
 392738
 356281
 317204
 224306
 424943
 466316
 30552
 429718
 79813
 104761
 465279
 284335
 376386
 228493
 360487
 428891
 493705
 266971
 422249
 260575
 351044
 45333
 322542
 150163
 205919
 74506
 401749
 38047
 66853
 148835
 182193
 397932
 272727
 33367
 113563
 268032
 148864
 340317
 245560
 192949
 387079
 134802
 213788
 372209
 347725
 62143
 486501
 341502
 319653
 402532
 443813
 38735
 59967
 19900
 457696
 63515
 327201
 389014
 68690
 174212
 313390
 449419
 189600
 307433
 462264
 370091
 19469
 352074
 72049
 74422
 242512
 443083
 285714
 492033
 145769
 276186
 16129
 428089
 147617
 197753
 372110
 98214
 364953
 338624
 403537
 136713
 358924
 205458
 90595
 356504
 335691
 471428
 46290
 32738
 441491
 316780
 185852
 189286
 281990
 117964
 307547
 413370
 408387
 183462
 321844
 154030
 132672
 443689
 314394
 424102
 87439
 259520
 208244
 24879
 169031
 46270
 168778
 59352
 426715
 439927
 178217
 192972
 215449
 42695
 348858
 133467
 314181
 246106
 77820
 87673
 479986
 281629
 182292
 302268
 62045
 372916
 119360
 38301
 77341
 4592
 238711
 13769
 214404
 416376
 477043
 199979
 29357
 37997
 424438
 102358
 423253
 482198
 322585
 33629
 300743
 227056
 223014
 415966
 301721
 26975
 261929
 195708
 64110
 432176
 469119
 68475
 312542
 87937
 361521
 32921
 373153
 291618
 215294
 5420
 112514
 113304
 171869
 197306
 45989
 6630
 111344
 17381
 157986
 407882
 436351
 7689
 166005
 462187
 479703
 167035
 304156
 371099
 454035
 6117
 480552
 360412
 474907
 406754
 420851
 201225
 400631
 77968
 414835
 376706
 24593
 410106
 145098
 398812
 424242
 296317
 112107
 490159
 253731
 202791
 475353
 38396
 125690
 370761
 388956
 32550
 308674
 269357
 263583
 380717
 275114
 351270
 362870
 499310
 161945
 497608
 167186
 289473
 416531
 374350
 286384
 98130
 220889
 29390
 352294
 251473
 320407
 425925
 6012
 397693
 260021
 359737
 328476
 157894
 251861
 108484
 321782
 397674
 289256
 186474
 245646
 199999
 381700
 444941
 388063
 162965
 121388
 136576
 335528
 11876
 297841
 440514
 22002
 249606
 54136
 300271
 193411
 387339
 295655
 374399
 211872
 57312
 92982
 80799
 427010
 405347
 450954
 63320
 23664
 374093
 302521
 92170
 70173
 241214
 388741
 315276
 76337
 34207
 401344
 167634
 480868
 165049
 226365
 322976
 307510
 82957
 211534
 117021
 86567
 95394
 178317
 488126
 459396
 77500
 359284
 328761
 180080
 233300
 65047
 8230
 496811
 165024
 10473
 234778
 170138
 190041
 333333
 57791
 113961
 396353
 28496
 289905
 415030
 137706
 260728
 22787
 28033
 368481
 159166
 305827
 30699
 341509
 411102
 335862
 396298
 467900
 30988
 484172
 341933
 178493
 172673
 142751
 336195
 360233
 9907
 380173
 450534
 246309
 142526
 146400
 53365
 333361
 460163
 317079
 288605
 222990
 439999
 367594
 196275
 458608
 310693
 448607
 271442
 222053
 164151
 387921
 194384
 94717
 69070
 332448
 186662
 263615
 272515
 375385
 398859
 334
 31290
 162325
 0
 152133
 478393
 36518
 304426
 23728
 24989
 75126
 119126
 328638
 425981
 304782
 146134
 140749
 243081
 119402
 373130
 356195
 240883
 310594
 490058
 494899
 293369
 265029
 443174
 110507
 269505
 361839
 259124
 165767
 416932
 445073
 51374
 201562
 202424
 465922
 363325
 346253
 438127
 24187
 236076
 420073
 82477
 481981
 272859
 70534
 358536
 309250
 47352
 476205
 453616
 365828
 130943
 277289
 180718
 136119
 130576
 413110
 464869
 434407
 426450
 488849
 148990
 278196
 398131
 224267
 492707
 111710
 366514
 384770
 121782
 440905
 236014
 294415
 47315
 137805
 310718
 497263
 162744
 11877
 161137
 278707
 77586
 75973
 346202
 222518
 58891
 169524
 485276
 252226
 460674
 39459
 189263
 182157
 356126
 448064
 366916
 245729
 65406
 280925
 265700
 283623
 208686
 221398
 326347
 87753
 294930
 486850
 63946
 316770
 53108
 70690
 321209
 132822
 173188
 299449
 15993
 158322
 363743
 398795
 13065
 433578
 228991
 171976
 231897
 169686
 12177
 129053
 209193
 385791
 497403
 340480
 111155
 83907
 114913
 487777
 4024
 471115
 144777
 462229
 388867
 210301
 34782
 71893
 246937
 16129
 187967
 404404
 353456
 460952
 354877
 263229
 102451
 318608
 199023
 179762
 69511
 119719
 441295
 189309
 431339
 448951
 10508
 69247
 351697
 130330
 486728
 22442
 440812
 67916
 114119
 270224
 129200
 21451
 120098
 152820
 215919
 112654
 119883
 338017
 497054
 476640
 248837
 149825
 384615
 327530
 323343
 228571
 85271
 140000
 367018
 54888
 192054
 459260
 312984
 114258
 27871
 366778
 367021
 80236
 417307
 238530
 294361
 297142
 61415
 404052
 470447
 39455
 115754
 112050
 74522
 142551
 233430
 308579
 142255
 420740
 142170
 397834
 182188
 272074
 397142
 435970
 20860
 64382
 112495
 145782
 177627
 83590
 4430
 166450
 348690
 316532
 165736
 408499
 455375
 423395
 307831
 469259
 10762
 89909
 185258
 172570
 87054
 191749
 438431
 460188
 64254
 107962
 205415
 237067
 277985
 120695
 315596
 498730
 285958
 302404
 376800
 340758
 364285
 96841
 466815
 478753
 447943
 437170
 226572
 111940
 102441
 110573
 38936
 251482
 185755
 380203
 458188
 16672
 322676
 466517
 299258
 1559
 27627
 451044
 110664
 135611
 446310
 64480
 17042
 93805
 232341
 342604
 151395
 453982
 401592
 306709
 141147
 295417
 424103
 118184
 37070
 343568
 133625
 161332
 56005
 454953
 157298
 7637
 241032
 176759
 86242
 440407
 383195
 256206
 277634
 398040
 272659
 334410
 343766
 408795
 467253
 354712
 194258
 159395
 161669
 428235
 225420
 130573
 311158
 62759
 344307
 446930
 463056
 341332
 469930
 499767
 199800
 206374
 13370
 415499
 309674
 231600
 5416
 109067
 288195
 177537
 355578
 257878
 272310
 284029
 236503
 168478
 272056
 320325
 237240
 53410
 39094
 258248
 320230
 435625
 97101
 117056
 183822
 19337
 169811
 83465
 260968
 49394
 342063
 471539
 6640
 495042
 187193
 386901
 427408
 73944
 236196
 367217
 359446
 425850
 243139
 275408
 154637
 234700
 291176
 68443
 485141
 390217
 61264
 206529
 55335
 401944
 296486
 0
 428125
 74701
 183300
 350287
 98898
 275567
 61664
 216362
 218785
 323597
 431250
 409174
 196694
 482995
 109254
 444874
 370069
 203838
 439011
 189375
 346741
 106278
 488699
 238414
 162506
 387848
 264705
 177700
 436474
 128973
 18010
 93278
 187500
 260958
 485120
 288203
 318111
 139990
 47823
 9634
 72792
 71082
 472605
 203154
 72662
 56519
 397863
 128785
 153293
 78587
 105709
 375640
 63495
 180244
 397925
 50516
 250028
 459208
 461569
 69842
 101304
 75512
 245544
 452691
 331115
 58287
 366981
 443131
 308823
 89074
 469730
 276459
 204061
 394608
 381380
 248334
 208284
 211243
 458695
 102108
 464767
 31609
 487961
 79335
 166872
 293617
 278633
 194982
 364642
 25731
 496525
 249599
 184837
 109950
 391087
 275141
 431962
 330812
 401426
 369087
 336210
 172449
 124736
 439352
 440449
 299666
 65082
 52045
 388304
 497520
 274319
 52168
 120251
 473118
 484537
 45930
 455569
 64057
 139876
 437029
 18376
 25157
 355822
 367244
 261020
 101408
 474319
 264803
 214915
 25102
 84501
 364147
 271884
 454722
 53741
 201569
 225481
 424754
 458576
 207470
 256646
 442408
 276032
 384774
 298625
 459705
 131233
 384006
 42062
 498062
 98806
 133417
 389637
 491879
 102025
 99522
 344062
 140351
 261762
 274390
 429544
 448116
 386283
 328454
 16270
 99097
 276640
 166896
 375752
 208721
 223642
 166398
 148466
 51611
 246341
 470708
 165212
 370526
 376768
 223431
 46442
 125887
 444216
 271741
 260419
 230275
 408084
 90947
 136012
 491656
 417191
 444382
 406453
 98113
 476463
 307041
 173539
 81933
 480174
 268178
 477477
 71234
 457774
 334367
 269227
 307578
 137970
 226759
 374508
 351065
 205618
 187736
 318352
 103718
 161657
 211465
 3691
 179476
 440064
 217536
 269568
 458897
 134928
 421587
 33017
 12305
 442150
 138023
 16454
 282303
 402953
 212509
 289995
 99332
 254032
 240204
 196253
 477656
 120649
 342130
 91807
 234052
 329818
 212892
 351628
 260043
 395118
 244167
 57490
 397593
 22292
 324684
 370606
 200913
 373091
 77377
 98499
 243480
 393073
 59336
 455422
 436137
 95488
 298615
 4799
 453831
 87566
 62229
 291931
 407441
 303751
 217487
 495278
 311355
 226438
 70324
 483110
 195976
 144651
 496039
 296448
 23102
 235121
 42465
 159428
 272194
 496592
 461788
 149166
 458045
 235609
 46167
 102498
 370882
 244047
 457208
 73394
 194041
 117002
 498498
 253636
 483581
 483872
 481560
 237752
 43307
 312834
 170849
 210259
 85223
 401150
 438326
 371559
 421103
 379394
 312709
 16306
 294352
 486465
 163338
 43034
 498359
 213724
 401878
 23996
 289333
 357694
 312626
 25923
 20893
 483831
 20454
 414604
 148075
 497887
 26434
 388473
 89560
 188758
 293656
 62500
 145489
 235482
 304246
 439583
 243882
 436789
 84610
 299554
 175467
 14541
 305924
 402324
 353146
 390308
 269456
 325887
 60114
 62205
 452191
 264105
 157142
 409719
 7628
 325113
 95941
 436182
 405589
 165625
 360238
 74148
 50747
 441292
 423973
 212006
 367198
 7256
 470329
 58877
 177625
 259147
 385024
 344415
 350768
 175669
 178463
 377851
 20855
 318849
 450155
 244630
 19292
 2837
 492765
 91029
 468436
 155016
 433993
 45117
 87425
 73883
 458541
 265125
 294287
 22465
 171364
 293745
 113387
 116684
 379460
 384236
 411743
 392838
 279900
 40808
 267943
 356733
 215445
 160233
 487860
 379967
 473338
 288288
 351512
 21303
 437552
 5763
 411254
 361722
 152845
 184818
 304938
 2294
 185198
 51312
 123998
 117400
 94525
 364505
 148424
 428593
 320234
 149337
 482421
 246796
 499007
 268039
 153697
 140649
 49531
 47643
 196226
 439203
 14834
 204257
 373631
 306008
 426109
 166234
 450275
 267031
 222446
 409982
 255961
 277251
 170370
 280979
 432098
 356283
 207715
 216620
 92807
 187612
 283496
 388672
 388741
 87958
 166666
 487592
 142051
 261798
 251786
 226841
 433299
 176641
 300383
 124881
 486019
 323876
 276463
 44782
 304320
 386085
 149700
 123310
 75498
 231828
 243058
 251861
 88637
 122793
 8572
 145231
 388888
 162539
 344236
 280347
 77010
 400300
 462970
 308675
 195600
 5562
 381370
 248265
 149003
 265325
 410602
 494414
 77400
 18320
 181378
 111275
 412394
 498577
 439678
 63122
 453858
 226965
 36490
 109889
 293235
 116995
 460372
 243827
 462068
 400452
 60106
 431957
 225718
 128938
 144236
 301479
 305466
 247970
 328153
 25103
 282608
 36879
 370640
 448799
 349662
 325173
 475155
 253839
 235852
 471956
 81365
 362529
 323288
 301393
 130183
 164949
 122950
 256259
 34876
 404313
 70169
 443087
 331403
 481851
 59062
 187538
 57231
 65929
 95900
 293210
 457437
 85913
 60292
 478798
 236939
 444444
 120549
 102443
 255677
 461027
 273090
 22501
 55658
 311611
 36768
 389405
 243575
 111249
 325704
 225274
 58982
 153271
 413320
 301684
 436595
 8756
 329963
 67427
 186467
 464268
 204560
 478619
 251751
 91442
 291687
 67778
 274170
 22715
 87553
 120999
 99223
 277878
 298044
 458356
 48408
 13739
 432386
 473204
 195805
 57392
 170993
 289855
 46395
 347421
 427216
 280148
 320924
 374731
 346145
 156137
 336438
 250075
 280708
 336750
 26737
 226383
 110070
 48489
 448881
 405749
 294575
 462378
 484894
 450595
 389871
 300199
 430544
 477052
 79113
 460696
 20665
 210265
 473523
 394657
 388431
 279710
 117062
 47391
 55254
 314628
 434238
 139851
 112626
 103937
 457341
 463704
 154042
 42041
 177706
 75881
 362746
 351661
 121709
 469914
 134185
 60817
 292221
 16696
 200041
 289449
 382610
 165238
 315856
 406850
 349255
 85044
 364316
 37489
 79312
 76402
 90398
 287502
 48000
 89485
 289843
 43933
 215369
 235523
 115547
 30458
 257577
 372430
 473861
 315762
 61765
 79926
 369399
 304746
 171742
 40573
 463783
 300884
 221786
 49175
 53408
 316348
 290194
 105928
 50678
 75580
 317337
 278685
 388198
 242590
 285854
 363565
 231466
 282687
 451271
 434515
 144847
 313031
 301694
 222829
 445095
 148710
 136970
 460518
 371785
 367246
 243101
 98241
 463886
 371832
 116982
 426299
 282170
 350826
 499879
 129939
 213388
 112005
 163421
 352295
 148178
 479537
 53559
 367922
 388000
 438873
 408803
 263597
 439929
 288071
 405630
 947
 431796
 369913
 247435
 33305
 382772
 206135
 481294
 69052
 110765
 191139
 249043
 194454
 282461
 186826
 425677
 343851
 402387
 143160
 45494
 464912
 180477
 13694
 33333
 202841
 263892
 48500
 291881
 133204
 454980
 33772
 401122
 414497
 349593
 422765
 384180
 376364
 190776
 243417
 490541
 448141
 262907
 144215
 287752
 111770
 255107
 67784
 89026
 81705
 402908
 7632
 169087
 352110
 330804
 13559
 146929
 141368
 307167
 402635
 313879
 369547
 175271
 354183
 470993
 450328
 285216
 457839
 209095
 172941
 384741
 453618
 463057
 273430
 284489
 365380
 385236
 174358
 383656
 179844
 354071
 426506
 317921
 157737
 446709
 71627
 240735
 309445
 399176
 221702
 277679
 436198
 250325
 358708
 257252
 174273
 43105
 432641
 133412
 112307
 246409
 276349
 189309
 226144
 294628
 52382
 474972
 189655
 467633
 409525
 388819
 66924
 109191
 245354
 50370
 103909
 218724
 453042
 263957
 362908
 466289
 77297
 419639
 456243
 74022
 378946
 57725
 125198
 83916
 185582
 474775
 472751
 318517
 359171
 122726
 10656
 386405
 137700
 282753
 241395
 66032
 191391
 187766
 361324
 245239
 330291
 76359
 160447
 119904
 443022
 262794
 34366
 333333
 473719
 15896
 153176
 203786
 262166
 253759
 499526
 21263
 147085
 210224
 214549
 265941
 206953
 375571
 113797
 203485
 211778
 66752
 418584
 101220
 154627
 102425
 75450
 260375
 319167
 295821
 73203
 62964
 225627
 168391
 165004
 296592
 310505
 184716
 333856
 371433
 302344
 53827
 337696
 488833
 84605
 170166
 351622
 207317
 127920
 342916
 201980
 39710
 475372
 41258
 18921
 444617
 123454
 64373
 71170
 435266
 303347
 120945
 115512
 396778
 421802
 431413
 333812
 107058
 278651
 493621
 59868
 277394
 18724
 137612
 251622
 23446
 474274
 214235
 219772
 22261
 51519
 119924
 484681
 51731
 160171
 173743
 326236
 347337
 413463
 472442
 313880
 269230
 148099
 7278
 341723
 84397
 400015
 251104
 353420
 64461
 402821
 39325
 305595
 237051
 181230
 42876
 381416
 213136
 420863
 141651
 436856
 491752
 120704
 173953
 428702
 418599
 270665
 146895
 258424
 402654
 237582
 143072
 437566
 450527
 152035
 157720
 432126
 126802
 73176
 157109
 220183
 40034
 125543
 278550
 357617
 191867
 40365
 279376
 330214
 313812
 278349
 382956
 351225
 354256
 458156
 278918
 57483
 280357
 366045
 381841
 274504
 86585
 208797
 229537
 373333
 261745
 438952
 390410
 394039
 148337
 250477
 294967
 483964
 385108
 22767
 56255
 173874
 417015
 276957
 130042
 287267
 162348
 224976
 400161
 135650
 158670
 489859
 290083
 194215
 371177
 414826
 175248
 160263
 360384
 308766
 231986
 461054
 319959
 250700
 236591
 348637
 248844
 407919
 320023
 493854
 299300
 493445
 276292
 153291
 497188
 436003
 493190
 264016
 497095
 33520
 248548
 147505
 74403
 280132
 195048
 477971
 92521
 496243
 448322
 142741
 50587
 428938
 207635
 270350
 123305
 493816
 87269
 437972
 251273
 326945
 115931
 293304
 253617
 292812
 225747
 169846
 76025
 490272
 71125
 414536
 100850
 227609
 348611
 190718
 287489
 331374
 3920
 38103
 281301
 146683
 376722
 85857
 182574
 336298
 94803
 184752
 154860
 321367
 415248
 447128
 277243
 172396
 475857
 499428
 434525
 194942
 464167
 333037
 365957
 146943
 144273
 141958
 69091
 208815
 476789
 420730
 247444
 338446
 451393
 492237
 21916
 165960
 219858
 211644
 118916
 66367
 373160
 107811
 313153
 58376
 474452
 313826
 240462
 401792
 33529
 159115
 227183
 397882
 203576
 416296
 252321
 285322
 366024
 377965
 7548
 231537
 92088
 405130
 242250
 95460
 308910
 170779
 90530
 388114
 393116
 382677
 70837
 432353
 138727
 317453
 468035
 67819
 46581
 392376
 199635
 312460
 69904
 279001
 333333
 37715
 277595
 429332
 213520
 409920
 292852
 134857
 361653
 191713
 97879
 2084
 495327
 219178
 153338
 276453
 296928
 59050
 92128
 16919
 31851
 467241
 320163
 408321
 493803
 476702
 347627
 90961
 459563
 422632
 488017
 447871
 474797
 59102
 179282
 288868
 247680
 280298
 78415
 384302
 274832
 372197
 40555
 429074
 164990
 141445
 135076
 455500
 311568
 244239
 455696
 44916
 341296
 172583
 325804
 295315
 348034
 423269
 420314
 376512
 452191
 686
 407651
 177919
 431754
 239199
 311570
 135705
 431718
 469263
 460473
 429841
 8765
 157657
 104042
 72730
 131960
 426268
 336572
 35640
 30800
 312655
 234290
 56548
 420461
 16744
 237616
 383023
 27916
 347856
 185980
 214115
 79760
 67374
 295845
 286733
 172413
 443874
 274658
 303898
 123011
 416996
 255300
 428746
 428646
 168247
 322710
 417165
 252706
 101426
 168859
 290891
 349217
 120116
 449704
 409766
 284250
 237981
 179148
 274498
 43389
 155333
 429430
 40489
 142971
 132958
 217507
 410386
 35323
 160298
 398462
 71018
 186184
 342333
 187199
 225948
 498458
 102656
 452660
 468206
 438255
 158592
 319951
 209081
 275790
 23336
 161057
 81300
 263971
 143545
 397307
 406080
 391812
 209993
 60471
 97048
 252058
 301347
 462147
 294444
 91031
 297871
 216257
 202131
 498503
 156125
 445226
 92309
 238869
 355358
 201754
 164989
 444681
 421731
 409742
 458419
 456815
 23169
 286279
 156179
 348530
 298731
 494917
 287343
 121054
 361528
 126588
 132846
 124772
 72164
 227752
 453375
 101465
 353106
 295087
 297362
 413880
 406346
 454206
 177718
 243877
 445073
 12875
 79979
 50840
 70985
 481190
 246947
 329425
 227574
 255977
 61436
 185989
 251528
 164809
 307032
 431034
 228677
 449718
 400438
 148112
 383329
 31940
 299688
 423070
 52492
 221910
 175723
 447171
 275277
 35670
 389741
 51984
 187576
 304059
 303823
 326208
 467930
 117219
 498408
 458893
 157948
 158179
 21472
 235682
 496732
 411980
 145006
 454901
 4746
 167002
 20472
 233221
 371266
 365985
 80311
 80332
 803
 263353
 55133
 393755
 191292
 139864
 158424
 106498
 82279
 368675
 339819
 285056
 96010
 260652
 455671
 367905
 320444
 379126
 495441
 312664
 221386
 240546
 225864
 229067
 70533
 437922
 285983
 337135
 470300
 128536
 269253
 17183
 266986
 314476
 374303
 428571
 52621
 498249
 274193
 441808
 62773
 44196
 287249
 18080
 251435
 376441
 274271
 367298
 214055
 486016
 69453
 480593
 112359
 159732
 468047
 399625
 189050
 449337
 83381
 418578
 276119
 149425
 250489
 388783
 283245
 4053
 144160
 139209
 384577
 438800
 322245
 232458
 402166
 233290
 27020
 40766
 428267
 238900
 306525
 36873
 218235
 1751
 466513
 52020
 119298
 352385
 410256
 375758
 293558
 400497
 412275
 274541
 423920
 72795
 144696
 229209
 298561
 88697
 145098
 486496
 439698
 175249
 109656
 159648
 455972
 483652
 341803
 85648
 343146
 184577
 380131
 110119
 229546
 456400
 304005
 452671
 164620
 432432
 349767
 403360
 488070
 305450
 390408
 331284
 20886
 434526
 467787
 50243
 406436
 175682
 197121
 61373
 495383
 397543
 312133
 444389
 96835
 123158
 406984
 463175
 219714
 79573
 139672
 176995
 198224
 80329
 263698
 335087
 76003
 83709
 245088
 186274
 185379
 498122
 262336
 252763
 42413
 287469
 176501
 283768
 264009
 381414
 388191
 250721
 212841
 441117
 225100
 376660
 261443
 177176
 91345
 282746
 247893
 450600
 297382
 34495
 254603
 188462
 64813
 123520
 239484
 221569
 328406
 284922
 253509
 440941
 71745
 98291
 171667
 357142
 449589
 462378
 21138
 101462
 197046
 468871
 2347
 283999
 148690
 245725
 109694
 331120
 228721
 230902
 92250
 260826
 343339
 416165
 434994
 275695
 280607
 123709
 324335
 162062
 117378
 285325
 367403
 176285
 124985
 266699
 212784
 222983
 401966
 442433
 472382
 425753
 338190
 104417
 331042
 184364
 272648
 255284
 162387
 244340
 23850
 21427
 216122
 435224
 479853
 435515
 109519
 342098
 244173
 181236
 269347
 301850
 37200
 105793
 358655
 208084
 261349
 40909
 260795
 185126
 313710
 125445
 450168
 298833
 417070
 46004
 243738
 348935
 323879
 149579
 312060
 401205
 61868
 320895
 441172
 214083
 106190
 127131
 212351
 47798
 232119
 86256
 312753
 219845
 426229
 73084
 284807
 170731
 299318
 52289
 497009
 231703
 368918
 368877
 41312
 460816
 413825
 61575
 379345
 388947
 136834
 472387
 169543
 365138
 7492
 349551
 352160
 410104
 62948
 279622
 73560
 440845
 476834
 490821
 13106
 124603
 9572
 142397
 19646
 712
 284444
 356329
 469301
 422686
 207132
 411214
 479634
 255957
 330406
 38518
 60683
 296642
 380165
 326674
 386666
 498370
 395516
 125287
 10688
 470003
 135985
 217784
 475444
 65388
 490934
 455957
 145433
 217318
 383357
 65593
 490872
 429369
 357615
 26647
 37867
 332181
 118091
 355029
 68965
 228871
 222342
 350094
 484149
 344487
 386680
 38945
 113867
 221423
 423440
 76400
 239916
 439733
 370159
 327272
 180722
 350915
 66373
 339661
 347398
 53930
 321562
 261361
 398252
 175416
 268256
 308427
 494949
 282781
 468259
 176727
 67493
 216857
 422689
 102293
 51298
 481763
 444332
 490157
 118382
 427410
 104855
 35714
 390676
 321467
 491173
 228450
 496233
 386230
 285690
 417236
 453797
 253557
 407272
 327970
 106936
 6167
 111092
 282350
 481132
 271871
 106050
 421936
 124016
 300972
 482140
 212898
 337837
 33935
 244019
 288166
 118642
 20111
 332189
 343933
 416215
 17675
 359800
 397789
 69755
 40593
 475427
 330094
 417951
 142857
 61573
 141090
 93744
 98568
 262437
 210526
 428460
 210893
 109421
 435242
 55871
 32446
 30413
 26175
 377753
 254371
 342116
 188362
 31343
 415984
 60016
 242187
 64840
 64017
 422168
 453889
 286892
 152523
 82647
 247583
 307943
 355231
 419601
 96765
 97703
 484741
 430723
 74602
 229518
 91358
 118949
 245250
 467000
 236000
 440298
 16875
 14902
 310799
 416531
 37347
 442078
 393462
 481545
 49022
 452978
 359366
 303847
 230464
 198019
 162132
 306274
 269160
 140778
 113553
 445367
 385645
 461473
 158413
 341033
 211400
 4365
 185840
 314959
 325238
 130903
 218149
 244297
 410365
 482119
 121962
 116666
 163533
 442725
 5548
 363992
 198282
 75933
 389898
 226130
 173832
 278121
 119066
 36065
 380983
 181690
 88345
 41453
 446742
 202402
 384463
 277020
 298292
 102143
 185760
 119866
 307227
 467295
 485656
 27450
 153606
 72582
 19029
 212708
 337358
 309288
 199843
 116600
 75659
 100412
 206834
 151342
 401300
 244210
 31642
 492851
 349551
 336902
 450943
 146790
 70559
 144422
 101683
 269060
 201238
 375647
 375630
 230827
 269455
 253626
 23828
 190050
 317106
 470694
 69833
 245735
 229011
 210170
 237761
 195260
 471172
 251167
 126912
 108301
 418895
 258175
 369549
 493054
 425036
 143035
 194751
 115814
 423958
 446940
 411701
 230232
 419883
 442942
 78440
 480216
 389601
 349966
 423150
 397074
 277726
 366000
 285030
 477955
 376759
 314742
 261701
 171474
 399820
 177113
 32974
 416606
 341526
 295507
 168929
 213598
 335848
 186678
 442256
 83044
 265166
 1974
 162889
 346528
 265131
 20259
 333099
 360043
 155844
 214583
 425828
 14370
 156390
 145191
 219949
 43966
 45319
 385071
 99257
 291907
 121951
 220697
 266706
 272727
 278349
 221837
 446037
 124804
 442397
 152882
 442276
 402273
 111100
 83103
 130719
 295648
 200351
 14403
 245917
 176193
 306656
 475285
 95571
 371680
 418452
 154016
 197921
 385589
 348713
 345032
 54687
 317873
 57864
 252926
 128526
 214285
 307516
 81885
 434469
 410687
 448364
 0
 265818
 363298
 223195
 50439
 119750
 54908
 498802
 141315
 147939
 76717
 176736
 498996
 63998
 401434
 407438
 86000
 483524
 343763
 51924
 18266
 112585
 423055
 398925
 239821
 368036
 34381
 114334
 32897
 416289
 218048
 326044
 396389
 220700
 12579
 22982
 4393
 929
 403747
 74779
 162102
 209315
 185676
 335720
 70771
 257719
 142067
 110169
 413348
 7263
 100779
 432655
 201763
 447784
 250752
 122794
 286486
 130061
 112787
 57727
 29671
 197968
 480380
 2854
 8082
 288725
 358157
 23984
 295385
 130349
 471815
 280756
 144863
 217422
 321950
 46409
 403686
 187701
 210468
 105432
 134338
 198589
 61923
 350498
 328921
 44384
 444744
 485186
 367762
 57783
 264525
 128524
 282287
 168881
 22288
 31754
 477169
 133416
 177370
 204016
 435335
 211999
 282146
 9051
 139602
 362385
 470167
 179745
 429970
 150185
 63545
 136588
 257751
 224073
 71884
 339115
 209329
 344006
 96249
 101413
 176163
 405212
 446636
 142311
 362772
 316239
 361067
 144013
 55591
 484462
 393442
 434505
 391176
 198648
 317341
 268078
 431515
 482778
 68152
 489517
 105676
 304994
 224429
 195041
 430711
 356006
 181102
 397306
 181900
 496827
 179149
 483188
 474619
 493974
 312888
 172527
 496707
 393905
 236983
 152157
 249968
 236492
 104550
 312772
 169682
 174469
 4824
 420890
 186637
 474061
 369762
 29250
 296107
 44678
 251418
 144717
 198403
 98519
 132071
 449213
 425641
 244421
 153670
 490108
 55991
 266558
 17471
 154872
 190476
 277999
 270033
 249262
 310750
 217848
 74714
 72739
 10992
 258980
 446553
 388950
 425702
 239497
 121172
 333038
 60146
 260264
 252845
 51005
 248549
 482366
 277867
 269494
 8422
 109081
 174835
 14591
 215731
 332658
 227612
 397211
 280221
 323734
 54897
 460009
 63734
 364011
 388159
 379697
 402199
 371740
 282899
 386244
 346009
 26288
 484927
 162888
 393157
 7348
 234228
 465796
 25051
 456346
 157188
 186452
 485362
 376295
 87765
 98907
 305732
 225203
 81789
 303219
 191455
 135945
 415666
 202998
 313933
 16286
 116928
 426770
 139718
 396240
 266198
 50923
 180947
 240183
 218620
 216752
 6765
 191969
 177833
 496539
 201525
 271512
 189918
 301921
 94592
 448429
 110683
 266603
 50451
 290452
 207308
 256845
 177313
 476208
 49064
 313384
 192881
 288247
 266886
 188742
 433060
 53273
 465814
 222664
 367621
 6084
 316537
 40153
 171412
 418243
 45666
 36709
 19747
 392528
 387363
 393819
 141832
 317153
 307569
 214840
 281379
 497799
 452605
 99793
 222209
 5190
 439002
 389801
 197157
 286656
 275809
 175513
 383088
 110841
 328900
 215544
 313684
 149367
 80000
 72252
 51748
 380461
 110065
 59074
 9116
 311003
 70243
 16111
 150515
 246391
 35714
 491053
 75250
 107402
 246478
 177031
 137719
 490197
 476988
 350899
 290512
 37221
 416555
 350044
 55133
 252248
 273603
 481366
 209916
 473307
 493134
 363972
 61234
 237500
 189822
 427383
 162782
 206605
 170258
 109979
 279309
 104955
 423754
 156336
 440834
 62851
 349133
 465722
 480665
 397606
 445976
 206831
 1066
 50237
 86720
 424554
 321428
 127953
 170807
 107685
 38075
 21513
 404647
 118386
 407594
 416486
 292534
 135135
 478565
 442327
 356190
 483622
 189544
 192708
 415315
 493655
 165278
 205692
 435483
 441668
 379279
 100370
 96263
 79721
 376406
 494508
 492741
 89883
 280971
 197338
 27069
 323037
 222165
 364454
 192783
 205410
 399344
 213237
 456994
 110149
 233615
 318249
 256576
 256476
 198663
 178634
 186096
 346501
 352360
 354141
 415862
 157394
 270935
 166414
 332369
 52115
 94927
 50209
 58615
 272826
 203728
 301106
 77480
 275571
 331777
 109613
 26825
 208939
 64093
 459420
 296044
 206565
 379662
 14656
 52919
 174904
 26608
 164576
 400673
 67360
 131578
 450253
 457337
 489567
 95588
 211985
 272727
 421907
 230877
 177669
 112802
 178114
 122337
 314472
 258842
 494941
 94324
 75302
 227908
 355913
 39806
 162961
 400811
 406867
 51546
 327239
 351771
 445868
 85649
 332814
 395543
 150501
 106370
 166953
 43321
 404286
 94198
 100847
 270773
 165726
 275823
 281079
 446583
 395493
 405020
 164555
 214523
 255865
 373396
 93750
 58055
 389765
 487492
 459440
 393632
 22738
 164336
 213549
 63977
 56805
 47729
 71630
 32393
 395371
 146157
 498626
 234075
 13954
 41528
 348046
 242568
 273133
 493423
 111371
 322551
 164237
 235294
 194439
 273215
 