1523
 4715
 21425
 20529
 7512
 31304
 12060
 39957
 23610
 26803
 20321
 49870
 30764
 22607
 24033
 42115
 25785
 5607
 4785
 23474
 37468
 4744
 17785
 21725
 13243
 32017
 41619
 18132
 39858
 11527
 975
 45944
 11762
 14687
 30948
 40284
 40355
 35880
 8081
 33452
 21402
 18791
 2694
 6370
 49171
 5813
 5485
 12143
 48880
 39358
 3339
 8574
 34554
 20265
 23328
 41258
 31319
 3666
 28645
 26415
 21508
 28144
 25678
 4515
 17845
 10135
 32452
 45912
 27495
 44995
 18638
 32528
 19049
 8523
 49632
 25022
 48596
 21710
 33184
 5437
 32693
 25029
 28888
 35700
 17357
 24112
 39562
 9321
 4078
 48732
 217
 3250
 1552
 34921
 4642
 34996
 13859
 34803
 38302
 8335
 9898
 35127
 15559
 48233
 18248
 13055
 24344
 22518
 41976
 31404
 11931
 40754
 23480
 38561
 22424
 28514
 47426
 20969
 47144
 28856
 44893
 44721
 46002
 34784
 43659
 35931
 8536
 19404
 7550
 22758
 42230
 16237
 13014
 5963
 22171
 47772
 35736
 23366
 36401
 12269
 3430
 31852
 42234
 39004
 44197
 4409
 26134
 32646
 45141
 25089
 43697
 18201
 16149
 39095
 42748
 8345
 2556
 45409
 3629
 8199
 5326
 43554
 15033
 19185
 4146
 19999
 37321
 21336
 15904
 33998
 35473
 46522
 25345
 12732
 29197
 42135
 47988
 35666
 45716
 41476
 13021
 270
 16146
 17293
 37199
 23758
 34175
 18911
 40778
 31223
 44685
 36165
 4955
 41239
 22493
 27346
 3431
 26797
 13716
 32883
 22499
 32924
 13224
 37800
 27926
 27673
 2428
 37838
 5358
 17528
 26790
 743
 48828
 43073
 20337
 12432
 15720
 19038
 15733
 17006
 10050
 30742
 19876
 13991
 49360
 25965
 14092
 28044
 42850
 38044
 14541
 16426
 39905
 20180
 13911
 1956
 11815
 2558
 28970
 24795
 23182
 9779
 16685
 20627
 42840
 33813
 42544
 45276
 6531
 49303
 17747
 4080
 7889
 17246
 11592
 6917
 4526
 2534
 25600
 17057
 21798
 8709
 46466
 2941
 3781
 52
 3174
 33601
 1216
 48427
 25384
 30543
 13855
 27842
 17612
 20220
 37812
 6528
 16852
 13203
 16779
 47058
 35415
 47039
 1141
 32710
 37742
 33910
 46873
 42833
 9871
 34428
 42109
 48739
 29625
 17136
 37472
 13829
 7597
 27662
 48436
 476
 16263
 3650
 12740
 32686
 43253
 38558
 32048
 9292
 13136
 9737
 10659
 27534
 27118
 45395
 18632
 46765
 2894
 566
 28314
 43532
 48633
 48049
 32318
 18833
 8880
 27010
 35710
 17045
 47798
 32337
 14078
 42654
 280
 45419
 41225
 28959
 16752
 26685
 1685
 29562
 24128
 49882
 48782
 15032
 5518
 37242
 35712
 29903
 29579
 2544
 37089
 7753
 23975
 45691
 13291
 25376
 19306
 38151
 27218
 35734
 35513
 44660
 7281
 6591
 12043
 26658
 36588
 5064
 25036
 33265
 11571
 38839
 10889
 34496
 10786
 46893
 10667
 11950
 41964
 49464
 1234
 8678
 21517
 814
 48381
 7053
 34987
 40129
 6479
 36211
 23033
 29787
 30395
 4873
 46127
 35658
 35478
 38903
 8244
 1615
 21789
 19481
 18778
 12933
 3048
 14996
 33468
 36226
 35140
 7237
 49275
 4835
 585
 40639
 27018
 49737
 23342
 29854
 20512
 6456
 5021
 19813
 38105
 10677
 32135
 17000
 9520
 8423
 41511
 20749
 29445
 29441
 17880
 10340
 36249
 11459
 27584
 31113
 33004
 12856
 11553
 46531
 48283
 19274
 24383
 40354
 15361
 16739
 7420
 26999
 39569
 4594
 25689
 16229
 40165
 39638
 22219
 18388
 5310
 33500
 11821
 13760
 38448
 12460
 38607
 41539
 36017
 34116
 41290
 11184
 43986
 20284
 752
 37404
 16544
 49565
 42918
 35966
 21507
 16501
 5312
 27503
 43582
 1015
 30546
 49551
 46315
 40044
 22553
 22884
 44532
 13155
 10929
 35877
 31163
 19091
 28764
 34240
 