841848
 328828
 956491
 114942
 810741
 166184
 9419
 919453
 408022
 878649
 824353
 424143
 760869
 790024
 23426
 992096
 180050
 644176
 793962
 770562
 849968
 159975
 94743
 344067
 925506
 495722
 487191
 608934
 867444
 689078
 348164
 506673
 39125
 938704
 218212
 396664
 907019
 170152
 303692
 600195
 415355
 609374
 980874
 630004
 180674
 870947
 298128
 48071
 936170
 72811
 259233
 677758
 38108
 326109
 224084
 700058
 507231
 944377
 245673
 735844
 408357
 442094
 386846
 835633
 854060
 406082
 666413
 766829
 307230
 30189
 422565
 196760
 937238
 553572
 451076
 666143
 306137
 525696
 563453
 342011
 534537
 231858
 882052
 334667
 906138
 425002
 123674
 127138
 175864
 481988
 291682
 741758
 510940
 250433
 683704
 65404
 33529
 990828
 636595
 526827
 547468
 828263
 208340
 290076
 252761
 175486
 881368
 823979
 559483
 707438
 390446
 427153
 973517
 788244
 671383
 24951
 620384
 930290
 837432
 912188
 434648
 989911
 716670
 577612
 23771
 603960
 603281
 62474
 247100
 211180
 179229
 292015
 164951
 182794
 647236
 155458
 715624
 420102
 354583
 866606
 555324
 666529
 62036
 13057
 731485
 99714
 873015
 579484
 812094
 782122
 201710
 430324
 767968
 826598
 485746
 675814
 621476
 134882
 6261
 268768
 757355
 679214
 652630
 196571
 327324
 946939
 583574
 417083
 614023
 891891
 603831
 924118
 893210
 791270
 323134
 978085
 826285
 88092
 292041
 894707
 465752
 233041
 732530
 417770
 103706
 390081
 747579
 707767
 966882
 780604
 937212
 413146
 261329
 254747
 331714
 794633
 881148
 118421
 861338
 334532
 776347
 481668
 159190
 392286
 449430
 41192
 240299
 514137
 466864
 252324
 677744
 239329
 882352
 125960
 54667
 142427
 330807
 394793
 154189
 71736
 256239
 19079
 354518
 439271
 556541
 430848
 161940
 120478
 547861
 838709
 723901
 393350
 237588
 254406
 724650
 72744
 789829
 976740
 548940
 376322
 428957
 875596
 994829
 744491
 25593
 187649
 580246
 818731
 775296
 832235
 4605
 302818
 837438
 367421
 573333
 22662
 197888
 922138
 480275
 258379
 803439
 765957
 35758
 13605
 583030
 875235
 592381
 543734
 758304
 366935
 660591
 203732
 988647
 300789
 560000
 809197
 920760
 727110
 160038
 975013
 620311
 133165
 572453
 977296
 411827
 357818
 958525
 392062
 949227
 388258
 433635
 209488
 98122
 144342
 924080
 936336
 305304
 861910
 955317
 182313
 276961
 215499
 719811
 182182
 268462
 182656
 617730
 16741
 734251
 43065
 36477
 927477
 311994
 768214
 146974
 594643
 157644
 299533
 495284
 429343
 421058
 860312
 708532
 894480
 839343
 682200
 195884
 397564
 951490
 396011
 47775
 340371
 654175
 33331
 115636
 532723
 310183
 757709
 190385
 715951
 805448
 474548
 287834
 551589
 339622
 229666
 115921
 751982
 36444
 421532
 30436
 743475
 83377
 665251
 306001
 457759
 894869
 980633
 454138
 989033
 57982
 209597
 6980
 354415
 840425
 263531
 517606
 130648
 946908
 593692
 116454
 516306
 236895
 31963
 755926
 554360
 912740
 323465
 544993
 602804
 969259
 54491
 984916
 214562
 188421
 592989
 725349
 141479
 298113
 927490
 819609
 93017
 225475
 279069
 800879
 582810
 459197
 536033
 229698
 884596
 286998
 525059
 3455
 547346
 452834
 644116
 432672
 38783
 621180
 751263
 464165
 229752
 669837
 551971
 236646
 57544
 891418
 170820
 377624
 706438
 463921
 131418
 928210
 133093
 781140
 661795
 168437
 277099
 401384
 20118
 593083
 837367
 274911
 378014
 624379
 164580
 922245
 940298
 967134
 34337
 206290
 508271
 666666
 404886
 817671
 106746
 384215
 768368
 299618
 282290
 196458
 590805
 525452
 408839
 563082
 602253
 733367
 876476
 667651
 175002
 678657
 832393
 630975
 226945
 167379
 184852
 603581
 139247
 279671
 644326
 297492
 688725
 31444
 672611
 920926
 258008
 35939
 287615
 338928
 504194
 25157
 377585
 995940
 738635
 513566
 842948
 673961
 320213
 376588
 406209
 116273
 157879
 646884
 918114
 436073
 282460
 979065
 569511
 986337
 642559
 293083
 286090
 326843
 497614
 535816
 297201
 765482
 837333
 600717
 170217
 352599
 828779
 172925
 267062
 644337
 655784
 805194
 110890
 187921
 3316
 177504
 307838
 479484
 244101
 150442
 665268
 487440
 696575
 335165
 165990
 43245
 840244
 64939
 741007
 689635
 142338
 940277
 490684
 444834
 510843
 583102
 478351
 867723
 412444
 923127
 207756
 226440
 78628
 352600
 607463
 561494
 746231
 784588
 244690
 668772
 623932
 874945
 367142
 889602
 134967
 689293
 84320
 791310
 432607
 350045
 621978
 285735
 966889
 443587
 990770
 41475
 159269
 87221
 520575
 791891
 419597
 844155
 590355
 627898
 74761
 506292
 420133
 66729
 332687
 297218
 887169
 934885
 646926
 103703
 824566
 751397
 681568
 490909
 962612
 209662
 449493
 295613
 556109
 608750
 133828
 899489
 47933
 857656
 709803
 417398
 156366
 218220
 954378
 832588
 219727
 168646
 372530
 719865
 100402
 940925
 31369
 756638
 166246
 243762
 243809
 387000
 96811
 30471
 990476
 345952
 734216
 704593
 383400
 166563
 694907
 796622
 77248
 489723
 517424
 248365
 500020
 72135
 493900
 978217
 867125
 656179
 816305
 459930
 656390
 218122
 885679
 462507
 424190
 734303
 356389
 405300
 717950
 820608
 227780
 508832
 300561
 587029
 684919
 100133
 91758
 192721
 68163
 493606
 797398
 180109
 606515
 963149
 757801
 373177
 97569
 136837
 128981
 336439
 182138
 743375
 223110
 383733
 444152
 396912
 446971
 246312
 490539
 478260
 133708
 109832
 485873
 912318
 403958
 586389
 924916
 640013
 118834
 445243
 948190
 783659
 905284
 863446
 962710
 327223
 423520
 729621
 741319
 745358
 374297
 768152
 155503
 520654
 910891
 650226
 498445
 865530
 189380
 62796
 856264
 850000
 54075
 283018
 663025
 928754
 469775
 345068
 993412
 669269
 525175
 161140
 17666
 993769
 232442
 269209
 108818
 116638
 665249
 673614
 565591
 648588
 207253
 278535
 684787
 897702
 289470
 957210
 13227
 995131
 106194
 691584
 127375
 597943
 334856
 249944
 225572
 629675
 103149
 108364
 722100
 360175
 651937
 982857
 698938
 2646
 278250
 821675
 489862
 564727
 368425
 794669
 286840
 219634
 371715
 221653
 703713
 92959
 605836
 258669
 85798
 621542
 625022
 41109
 810234
 65166
 455609
 678913
 530076
 905555
 350177
 226254
 580335
 766717
 52701
 310935
 48585
 451523
 545410
 763313
 224255
 45118
 237375
 653679
 333333
 511137
 33656
 120544
 655652
 803020
 10188
 914736
 736842
 124669
 683029
 373829
 832812
 550894
 256564
 740888
 304434
 635077
 726756
 272144
 585634
 553538
 99056
 911435
 773858
 43107
 751029
 423287
 150271
 461538
 223658
 548343
 920839
 400450
 43229
 193020
 380201
 235886
 838264
 679288
 892603
 651506
 264271
 363822
 603442
 352348
 461928
 800189
 878165
 214531
 320940
 215884
 332782
 791797
 207148
 967161
 299813
 884546
 561160
 21043
 272175
 727748
 492817
 514934
 235231
 721197
 345106
 982402
 898305
 32915
 61003
 494281
 348007
 936720
 480392
 22482
 418065
 940977
 326605
 527490
 787959
 484621
 326842
 579978
 495473
 34825
 918247
 792885
 632934
 870180
 556273
 479899
 388958
 728491
 90261
 794069
 182546
 675240
 978258
 552924
 211259
 742047
 276194
 540931
 327637
 74074
 706010
 680966
 739533
 775608
 558249
 234089
 743851
 21591
 639650
 572951
 121796
 930607
 639180
 963830
 693815
 81752
 154256
 162682
 734820
 548643
 788066
 860774
 538614
 736218
 480885
 914851
 848872
 106942
 890268
 647464
 686073
 801315
 230456
 943396
 162162
 313190
 366044
 424561
 681264
 717539
 496124
 76690
 50602
 300224
 988993
 53802
 962794
 933692
 128201
 755758
 843934
 144970
 53840
 37357
 367247
 429046
 849841
 736263
 401833
 18545
 322505
 504621
 706164
 631970
 351342
 975972
 135640
 241478
 643374
 442183
 197355
 527564
 659274
 188627
 695373
 360749
 695509
 914732
 965347
 389134
 759017
 418167
 752636
 729363
 181045
 108970
 864147
 2040
 674074
 892051
 69417
 927868
 668257
 290656
 969230
 826704
 625884
 747847
 903496
 771604
 865851
 708451
 429475
 557540
 423000
 174194
 596158
 656479
 42314
 822279
 655597
 928506
 478102
 769230
 896030
 729738
 370310
 310397
 370529
 683506
 551037
 757835
 647058
 207342
 771685
 298483
 747291
 72086
 602086
 290786
 973258
 582356
 46529
 552647
 143436
 91214
 322902
 633730
 218473
 819136
 903115
 656844
 59484
 515145
 938687
 106787
 168847
 167043
 93691
 848085
 299625
 68519
 93493
 121711
 528600
 164011
 276509
 606562
 690167
 487554
 448450
 890634
 896570
 861565
 970580
 822104
 249961
 474883
 710895
 434670
 144282
 0
 810357
 58169
 649673
 993346
 272547
 550306
 837498
 205227
 460921
 832515
 568475
 9085
 130409
 703417
 767998
 57558
 62422
 479609
 849890
 53919
 756613
 724389
 59350
 507469
 807767
 990878
 729904
 815151
 272516
 15813
 358450
 979236
 589380
 869820
 273983
 617248
 354008
 631364
 819819
 747074
 749328
 704865
 544204
 915646
 424126
 186336
 660855
 791151
 684661
 949455
 955102
 101949
 914081
 621997
 674413
 41948
 800112
 694488
 540482
 973104
 786645
 792879
 990747
 827295
 632307
 207747
 788007
 408764
 150385
 400866
 388854
 836777
 101555
 1418
 593224
 929525
 767996
 744249
 46657
 329230
 28315
 467831
 136300
 215208
 830912
 968601
 380772
 960501
 314623
 16939
 174922
 476671
 708987
 261237
 740740
 244598
 587031
 551398
 260512
 272132
 747976
 97390
 180303
 393190
 763466
 89111
 184490
 903225
 940341
 622641
 608293
 213376
 786508
 386302
 454850
 25423
 549432
 208948
 844848
 588050
 543482
 949858
 71543
 617325
 469160
 207319
 43105
 598857
 244945
 457917
 380176
 551604
 424673
 358498
 564698
 637846
 749648
 164629
 626405
 371593
 763468
 611767
 389246
 983856
 417650
 219512
 96663
 660113
 681621
 809683
 737987
 140703
 218788
 566733
 400052
 443466
 502608
 46822
 468592
 293633
 154394
 328695
 505753
 570490
 850437
 608636
 428510
 329722
 355538
 518714
 749403
 303703
 669797
 994563
 205974
 358238
 957168
 192628
 575300
 517911
 778866
 975708
 817170
 31558
 144607
 611019
 308744
 205831
 711212
 664739
 238985
 457765
 325732
 255844
 178990
 557597
 459028
 810500
 570150
 848648
 481850
 709999
 7386
 185986
 338828
 609181
 835854
 904939
 589999
 697259
 857746
 640643
 339361
 720317
 880616
 510704
 193777
 384948
 33818
 375491
 464524
 203741
 4608
 520551
 281698
 247269
 305957
 917657
 365557
 879703
 681794
 526517
 112627
 496410
 997928
 668669
 540513
 420948
 919526
 273127
 234878
 864720
 188514
 185213
 819490
 413955
 187579
 400222
 567158
 346206
 690235
 258321
 263736
 463911
 549355
 870588
 709090
 724014
 105359
 600966
 706101
 326860
 117986
 488226
 904306
 323458
 712425
 302788
 642557
 532888
 798472
 902317
 953831
 740532
 3935
 851186
 341200
 237246
 161605
 24714
 922571
 279737
 520854
 694518
 829787
 598985
 134388
 639147
 619005
 133927
 336928
 590855
 784031
 238941
 986850
 67011
 466727
 921904
 909039
 148201
 904381
 390311
 775817
 450785
 391584
 18600
 174427
 400822
 694641
 252497
 620689
 987433
 782392
 278265
 564789
 477285
 982480
 635896
 295798
 866666
 339722
 341250
 439356
 379464
 995012
 392734
 478651
 346562
 372326
 533493
 20408
 804320
 140149
 163598
 415985
 982150
 547068
 143809
 488876
 494392
 56286
 747988
 154195
 162977
 611013
 461975
 634764
 999257
 103326
 265420
 239285
 875420
 218272
 405028
 290986
 214188
 48563
 491408
 919832
 402170
 748284
 793452
 347826
 780732
 110630
 413383
 528624
 817188
 299284
 126234
 568967
 318464
 810068
 762166
 281317
 443682
 836185
 889081
 586640
 380361
 924902
 386901
 796805
 750809
 854863
 304366
 193948
 370615
 202342
 321281
 661000
 293906
 783172
 171428
 631742
 899733
 265992
 301878
 415812
 264633
 541363
 511593
 667161
 989658
 269786
 758938
 770334
 432717
 473873
 834443
 866755
 963303
 612357
 316170
 795291
 946661
 43646
 55651
 271765
 630494
 530997
 379258
 931511
 475942
 704960
 452318
 924011
 876499
 596867
 486166
 636999
 800447
 966666
 193264
 222927
 219241
 123162
 948
 746354
 85537
 472934
 398396
 202764
 94528
 212972
 336993
 953100
 448646
 468083
 649479
 286999
 136050
 379373
 750875
 421736
 230355
 383966
 337652
 487738
 308302
 534228
 760132
 849423
 671193
 839676
 386949
 155512
 413084
 480602
 872691
 930050
 63382
 92523
 231518
 508462
 416671
 960981
 662371
 792440
 738412
 849689
 306079
 346099
 476207
 359809
 969669
 944648
 25974
 210196
 579728
 734813
 533153
 865839
 402196
 397938
 364814
 580622
 536319
 453493
 71086
 435481
 819049
 963543
 860363
 876632
 694610
 813206
 94512
 502165
 89398
 699547
 70051
 782432
 352885
 449546
 499815
 2400
 449626
 482888
 135175
 603496
 339940
 682181
 786957
 428735
 877008
 846889
 778379
 525481
 825093
 121426
 560697
 5897
 647459
 279007
 192167
 441023
 130784
 128396
 545006
 705243
 440610
 556970
 633214
 410587
 720785
 410511
 459303
 179652
 95329
 712849
 13337
 482517
 652870
 614124
 142857
 699041
 215577
 140279
 325820
 856287
 413666
 615360
 280959
 881529
 715875
 966704
 386339
 365236
 583347
 11547
 618239
 585168
 121235
 70310
 809981
 531362
 286190
 857380
 658996
 459419
 808921
 714248
 491412
 444044
 926959
 911911
 393686
 907361
 546391
 483577
 46564
 946720
 145263
 701652
 192841
 657759
 770899
 150227
 271452
 698617
 408683
 425099
 315149
 435232
 364754
 149588
 796939
 194511
 671015
 581924
 189358
 203415
 439962
 669307
 413675
 867847
 658336
 750922
 86738
 443707
 44787
 148443
 236900
 141402
 471566
 615763
 179447
 890003
 542981
 152543
 456249
 572496
 882698
 706602
 84438
 789473
 532692
 274931
 515309
 121349
 603826
 497539
 331189
 252807
 779139
 82267
 474058
 993736
 270135
 975390
 155692
 67961
 816333
 177177
 954961
 3784
 543633
 791836
 519156
 669556
 247855
 318207
 393777
 922585
 458949
 981489
 712919
 321792
 103834
 480816
 888337
 653217
 64846
 152239
 515909
 457627
 27604
 118918
 251188
 571463
 538417
 694082
 586089
 835070
 671540
 386624
 801043
 298306
 656611
 872225
 119951
 257383
 490553
 220793
 406990
 898601
 869613
 818730
 288544
 598981
 300147
 940826
 388750
 413620
 992097
 491687
 217512
 348081
 180986
 490483
 129770
 738038
 617856
 980769
 942557
 663365
 804153
 327488
 415372
 528821
 868723
 601247
 965167
 348870
 859060
 13797
 273506
 144546
 399261
 662571
 331715
 511958
 789060
 102452
 881876
 822468
 7886
 721351
 381224
 117761
 555266
 520376
 839496
 658657
 192702
 741053
 798376
 46325
 958302
 881635
 810909
 409618
 341837
 454193
 52268
 512953
 772455
 555108
 408255
 326636
 112937
 546396
 225145
 140704
 381052
 103684
 135395
 300982
 960042
 86565
 80374
 943484
 130722
 852567
 230708
 188230
 879622
 573790
 141732
 110568
 797546
 736405
 613650
 418433
 803993
 945098
 576028
 28549
 199258
 560135
 512336
 152653
 160063
 421748
 903954
 46611
 266810
 713377
 518170
 912623
 174382
 933322
 519594
 888619
 755740
 496246
 824669
 833500
 11545
 514337
 932481
 369655
 652068
 86469
 798010
 271325
 177575
 683877
 941531
 577846
 250856
 348956
 983333
 904665
 250444
 332163
 868131
 708226
 115502
 666009
 66045
 916328
 876422
 629660
 817891
 423726
 815095
 189171
 826165
 920859
 797051
 724054
 27851
 439705
 645705
 769663
 528568
 284372
 419235
 894491
 806535
 779765
 619189
 380992
 783732
 38212
 638424
 400637
 60200
 959103
 662213
 215406
 164667
 829897
 431441
 569105
 491106
 942454
 421602
 624200
 395993
 73372
 74003
 875635
 475284
 888957
 225368
 297067
 710600
 307795
 636903
 564746
 400000
 198702
 175606
 221586
 24312
 816501
 476570
 905116
 616368
 308586
 812576
 355533
 514866
 352941
 668490
 91192
 419554
 505967
 36147
 278731
 139689
 777070
 645450
 610600
 472168
 523015
 991605
 44343
 768211
 913773
 566539
 463097
 762244
 760884
 791771
 57738
 662407
 847498
 888110
 994759
 710018
 306763
 378243
 155329
 888620
 5842
 823577
 435197
 488518
 118983
 677419
 852784
 888
 338874
 376280
 236239
 357560
 729580
 816978
 626272
 350081
 40549
 210073
 116896
 410269
 677384
 99793
 754429
 110699
 578083
 903321
 277531
 321113
 51274
 268933
 415603
 256791
 766066
 56177
 429943
 121869
 589788
 761483
 685736
 954303
 213625
 55201
 581054
 110231
 523716
 299065
 164818
 355174
 661453
 460654
 989591
 942038
 931437
 627507
 233541
 139536
 81098
 447184
 555014
 222222
 275307
 594219
 271213
 155133
 648074
 89096
 691085
 255916
 412958
 789338
 393735
 761493
 541573
 969688
 577206
 907981
 217998
 151249
 641961
 573670
 400749
 203235
 920909
 342408
 152737
 129196
 277464
 354670
 421668
 929668
 668646
 791779
 666019
 759099
 843072
 148884
 354610
 302562
 946077
 954924
 504587
 402037
 981582
 143856
 891174
 997625
 122271
 500295
 181288
 397443
 632159
 869556
 869749
 448759
 282368
 21881
 6541
 896823
 886651
 773094
 15350
 144260
 3658
 779346
 706535
 894030
 381192
 763791
 172612
 937820
 70608
 832517
 352558
 265177
 929261
 639550
 346537
 725060
 254852
 831405
 858431
 56667
 888424
 944911
 452978
 202472
 217974
 182393
 418974
 383735
 316036
 1028
 483648
 291524
 820083
 231350
 75015
 901875
 252729
 177743
 413605
 770826
 484610
 408396
 737373
 968789
 515618
 292641
 370414
 291780
 739525
 272592
 2817
 66164
 584278
 170761
 211225
 130247
 866955
 875167
 415281
 643818
 764431
 189437
 702970
 664556
 24070
 646018
 671798
 942766
 80881
 791175
 806941
 71274
 817435
 691566
 830576
 596233
 90836
 961450
 213422
 598455
 59367
 150766
 692280
 983839
 879083
 370456
 796534
 995604
 143181
 946072
 671519
 569128
 853548
 34722
 133316
 812500
 407443
 58696
 355960
 585751
 52023
 438537
 676927
 38145
 49221
 334362
 108283
 635342
 662251
 533684
 764057
 624393
 397370
 915159
 702932
 2944
 347701
 872681
 28806
 143849
 244246
 42768
 201197
 558370
 714502
 484188
 81218
 111375
 73584
 967741
 296117
 873730
 309687
 548799
 766618
 498698
 765917
 484848
 876600
 789193
 7675
 636139
 311087
 626666
 858590
 627820
 795081
 247757
 601449
 448401
 428444
 965703
 695801
 943486
 219806
 550234
 251885
 885282
 911185
 390114
 430769
 717514
 290661
 628505
 733201
 149549
 166760
 153763
 909832
 973722
 518818
 392960
 254291
 238201
 491691
 403450
 497705
 654925
 896666
 962762
 315934
 522444
 809610
 115069
 277672
 936532
 997662
 278890
 369318
 22016
 977777
 590539
 404536
 553488
 380902
 602473
 751997
 463865
 412839
 275229
 515601
 447272
 261151
 998738
 882515
 50196
 650751
 40916
 585535
 208416
 383841
 577107
 896710
 390897
 434514
 778870
 90499
 937584
 282697
 269009
 148574
 754243
 723538
 29197
 940151
 450324
 66752
 146109
 472697
 623777
 213651
 691175
 531606
 26507
 446327
 782804
 236714
 410916
 762442
 633312
 273820
 790312
 643678
 790983
 708636
 344072
 851605
 38305
 589708
 976335
 856467
 2471
 299440
 276944
 203217
 64655
 158044
 303631
 343371
 909016
 481723
 48398
 532533
 6817
 806759
 795713
 392590
 884817
 988059
 235559
 961231
 950164
 98360
 687236
 915284
 721855
 899891
 849486
 447376
 197772
 800530
 125382
 450881
 942050
 91593
 243934
 290822
 747179
 837567
 222184
 760330
 671494
 631259
 976397
 758010
 361479
 910410
 536062
 693097
 663994
 96130
 687403
 762260
 292426
 440784
 686293
 864858
 305177
 934206
 817200
 658494
 118419
 169271
 636828
 736407
 81296
 970398
 453336
 285960
 868799
 8602
 317453
 832854
 181423
 824025
 909429
 295533
 680631
 921221
 400993
 181507
 312586
 715413
 403317
 620300
 317706
 353342
 710631
 23320
 669074
 338796
 893343
 263269
 572987
 195595
 866399
 554351
 387531
 96874
 339935
 598513
 305297
 132398
 111631
 735777
 302878
 563654
 708638
 359160
 423882
 512181
 438912
 606619
 790152
 608695
 336752
 318356
 5613
 848702
 937456
 897739
 789105
 198632
 329018
 182998
 484020
 858818
 754359
 240963
 2325
 301184
 272169
 788647
 389540
 854707
 628439
 227967
 624026
 322988
 309585
 724495
 550495
 173913
 787054
 137655
 943258
 441860
 909771
 803882
 479904
 574796
 192573
 780178
 527854
 255614
 823727
 269879
 87063
 933522
 833744
 838838
 79482
 204819
 407369
 519573
 470279
 657199
 333429
 301766
 623302
 479928
 874007
 597136
 986078
 449252
 408030
 127175
 534106
 580542
 512021
 108957
 88206
 589286
 324786
 65698
 391411
 618419
 621221
 528890
 750830
 814934
 630859
 998524
 700536
 825057
 372298
 713091
 875469
 837633
 71425
 740885
 797223
 832207
 393763
 47858
 59304
 405933
 644861
 843373
 321464
 926688
 411067
 839764
 769696
 876535
 760965
 734278
 341204
 505698
 709771
 501686
 417016
 559322
 682352
 58943
 881673
 740726
 881436
 168900
 436052
 576012
 213476
 697044
 832533
 27392
 783301
 701358
 483706
 643209
 879742
 822496
 387596
 351333
 798449
 284164
 112750
 633079
 354241
 662746
 330239
 315835
 15304
 577812
 266206
 127240
 387755
 99087
 115212
 517276
 920508
 681208
 205546
 794482
 15398
 140744
 759427
 398907
 674484
 757443
 370720
 857560
 712301
 361832
 21459
 114930
 878877
 524923
 364631
 182036
 635115
 70339
 948602
 393652
 976276
 508903
 923414
 514692
 847222
 331019
 793225
 963534
 508110
 28668
 471633
 713941
 91483
 563977
 105342
 512283
 343918
 415686
 674797
 103614
 131953
 121863
 561200
 292535
 906935
 990866
 640625
 423327
 944376
 928857
 159929
 350174
 675411
 169036
 184051
 744062
 521578
 375399
 751918
 791966
 375276
 769531
 539856
 622190
 859303
 225394
 111111
 604583
 142757
 424383
 492403
 622756
 97982
 369442
 459829
 183282
 770634
 613765
 86433
 110493
 92133
 194504
 306766
 517714
 823939
 121317
 145956
 296021
 239227
 503225
 527426
 269078
 798744
 203329
 981447
 408059
 135920
 776234
 585665
 340548
 278588
 163070
 831384
 387409
 817935
 200867
 511627
 112888
 360688
 883112
 26679
 829321
 558428
 922918
 486893
 496318
 710616
 186991
 683495
 829217
 685000
 989456
 941699
 482758
 750369
 16981
 241604
 155562
 65847
 154526
 750325
 741496
 410683
 477227
 497981
 765578
 55546
 542644
 290077
 998962
 130562
 34692
 235581
 790661
 2429
 394627
 454299
 136426
 231901
 399326
 718834
 466529
 570874
 142406
 76109
 386723
 130885
 175885
 972325
 78499
 335081
 868439
 900625
 777524
 895212
 311107
 407863
 336088
 95828
 667506
 218899
 597948
 31447
 786181
 478300
 826932
 261483
 317249
 911728
 181848
 871744
 959322
 514610
 711532
 508270
 388489
 365822
 520514
 228577
 110747
 596112
 22487
 870879
 630371
 471577
 956815
 382005
 80295
 242420
 981478
 654534
 882208
 811853
 224604
 783038
 110382
 663523
 968400
 490489
 841477
 109862
 125524
 341955
 753468
 597784
 839036
 320228
 761253
 753296
 667296
 484638
 65717
 367314
 951718
 560600
 945758
 928523
 722166
 756311
 131112
 739023
 590341
 90861
 276324
 656335
 993166
 635195
 270620
 120091
 859703
 276804
 466741
 149750
 407495
 369287
 18068
 651252
 955074
 262215
 405072
 850553
 602181
 599719
 920039
 354098
 694463
 737456
 437573
 164761
 937500
 638236
 118760
 31627
 170451
 706515
 549423
 923093
 411808
 527356
 284923
 245898
 865096
 442940
 791552
 976170
 546800
 780480
 411231
 596247
 155634
 573389
 911694
 603001
 767732
 161404
 249434
 530890
 425764
 43451
 167237
 173841
 816221
 264840
 684353
 487925
 807301
 339152
 207461
 962066
 562073
 758694
 151599
 7432
 981132
 360817
 131443
 317062
 293333
 390221
 147389
 65326
 502272
 952606
 731402
 392930
 736836
 16370
 613134
 978021
 353356
 640217
 483574
 352338
 26525
 575281
 981462
 174627
 787499
 110459
 670157
 616452
 307749
 621498
 689933
 642451
 409494
 111488
 566083
 17567
 65095
 817029
 161946
 337333
 570782
 105913
 853482
 688239
 7308
 301540
 69359
 79919
 908077
 983477
 395023
 888798
 109246
 545896
 642833
 519983
 548416
 848526
 330339
 63004
 862428
 933746
 801018
 820969
 168372
 405889
 669099
 654542
 951258
 498629
 332974
 440123
 194249
 533333
 856358
 5928
 429221
 498085
 578269
 174708
 237867
 526001
 819616
 580391
 583599
 6580
 392001
 478057
 405463
 340666
 507641
 378174
 267017
 871914
 721339
 470284
 643508
 591922
 495182
 96170
 626590
 903999
 656227
 867009
 885957
 919389
 174158
 838113
 36303
 485493
 246209
 217220
 494324
 991866
 972006
 347101
 480522
 239069
 709902
 649521
 998696
 629740
 565103
 680266
 905223
 314004
 736750
 725092
 829590
 442978
 787378
 320618
 767640
 676826
 69400
 828984
 883180
 631268
 898489
 267865
 179160
 785106
 697109
 536610
 856540
 212798
 816040
 918848
 989248
 600198
 981741
 524391
 328292
 447947
 373654
 208847
 563141
 141674
 606482
 596193
 933958
 571182
 423871
 398686
 832546
 523368
 590905
 472544
 639081
 323953
 235119
 813671
 766093
 599277
 518518
 677913
 973961
 150210
 882966
 340217
 585398
 791072
 138054
 526594
 622113
 847148
 161093
 718972
 115499
 620006
 489638
 644143
 208345
 483905
 709971
 823529
 527940
 464558
 656735
 99488
 802849
 560029
 212121
 631284
 601550
 88182
 617647
 259892
 680334
 616716
 255972
 463516
 227678
 101064
 818792
 554411
 642487
 468248
 240796
 458302
 55579
 642473
 584418
 765853
 888383
 269151
 664161
 587211
 587799
 583785
 356613
 545130
 243647
 43219
 43993
 286881
 114870
 999488
 966228
 622143
 56665
 675375
 896841
 804407
 187550
 84615
 473584
 848206
 124003
 46163
 699926
 243181
 76017
 237660
 46613
 746350
 803586
 555692
 346149
 103090
 581658
 814069
 354089
 175196
 602795
 479802
 766036
 51781
 779985
 282266
 290696
 809855
 395279
 266666
 891472
 380609
 365924
 241524
 910121
 844223
 82504
 65621
 441157
 627345
 621193
 899493
 762284
 339100
 468867
 687649
 329512
 482002
 154842
 4954
 264233
 504930
 920619
 628280
 129125
 602059
 349069
 397086
 435919
 547486
 382524
 795764
 39370
 122218
 384360
 738629
 791958
 297506
 634247
 437019
 274833
 180005
 107259
 403077
 730304
 576508
 456140
 241327
 929456
 936289
 423991
 889287
 660414
 807837
 688927
 494887
 325666
 435180
 432665
 584619
 651919
 921774
 733773
 294317
 195418
 438050
 844333
 517455
 172232
 486187
 616199
 634267
 57781
 613279
 181938
 82200
 430293
 845338
 212086
 347054
 103003
 454937
 240591
 302547
 37783
 317014
 154646
 863525
 581002
 828365
 877718
 989920
 736854
 612254
 539170
 26617
 278431
 724300
 343952
 248982
 462918
 715025
 409518
 454923
 285111
 283087
 503792
 889050
 289441
 954647
 142149
 500856
 207489
 507622
 956413
 219125
 430420
 289522
 621290
 440070
 877893
 486696
 340992
 249314
 71811
 600365
 686988
 935320
 958404
 966395
 48879
 485194
 98722
 405233
 439569
 629836
 891950
 736788
 741148
 542857
 862445
 418888
 512745
 471111
 401528
 976012
 49496
 595477
 328378
 998809
 195409
 152330
 442717
 788055
 188655
 588505
 783869
 404494
 178042
 322591
 666260
 994733
 610866
 364241
 470695
 829445
 1833
 87312
 717348
 348964
 624496
 950656
 422462
 119782
 439037
 774629
 476313
 368779
 108930
 532176
 158151
 980218
 149871
 906309
 275269
 847999
 785268
 230031
 946969
 366209
 970925
 573878
 887892
 183072
 930420
 482244
 103155
 8331
 978264
 471953
 207405
 260846
 416204
 273684
 772492
 934263
 12947
 468468
 4380
 428830
 248673
 743718
 867731
 449505
 618044
 105367
 182756
 26094
 527536
 126916
 29106
 416486
 155243
 394666
 564328
 56674
 880033
 15885
 447108
 572375
 550807
 93686
 193201
 916208
 228973
 510074
 183272
 833035
 639251
 571630
 425141
 360134
 217281
 458181
 966359
 669069
 602990
 482182
 308332
 45430
 878274
 558388
 92380
 739046
 965961
 400090
 71577
 515789
 393461
 887308
 664256
 73789
 997571
 471307
 541284
 8648
 764633
 453456
 218907
 97100
 323972
 679788
 895797
 6431
 626110
 893388
 242558
 287356
 750393
 282904
 626072
 863584
 933188
 477905
 505715
 482476
 7114
 605612
 725989
 963347
 927907
 67085
 299683
 276681
 828014
 370665
 224035
 989018
 743532
 946792
 302606
 131135
 206464
 678171
 684126
 128369
 411345
 79958
 641112
 299957
 79156
 178058
 893947
 539872
 152593
 878590
 6107
 858761
 981371
 252369
 85483
 537455
 466590
 438272
 219088
 700080
 88780
 668027
 354026
 159095
 551054
 137263
 115263
 312652
 446808
 954323
 419918
 148965
 813228
 507387
 770388
 883918
 533634
 596733
 281148
 37815
 722910
 778762
 930253
 798630
 691517
 680457
 337142
 866132
 977920
 811717
 940828
 200725
 741799
 206970
 793593
 923295
 586391
 585681
 292724
 844961
 897752
 399176
 460835
 778218
 379204
 222112
 5199
 67294
 287867
 445757
 491686
 974877
 756904
 807819
 987577
 856352
 384552
 112037
 69428
 24559
 811282
 893170
 801447
 895941
 736796
 167144
 368345
 63839
 782747
 345152
 117411
 456831
 997722
 623542
 953860
 680942
 879956
 344569
 172616
 620953
 240472
 443555
 351125
 415531
 358357
 914647
 76775
 614372
 735571
 460448
 207974
 383645
 505489
 315993
 611430
 127389
 583812
 573926
 707613
 861062
 628326
 110884
 730650
 473483
 897580
 500348
 674667
 992460
 974447
 537025
 549773
 198226
 29833
 720068
 406973
 667960
 268722
 665023
 52142
 208697
 223816
 594835
 267996
 339588
 723574
 143479
 164683
 802240
 127203
 792955
 491952
 388013
 911809
 974195
 804131
 78809
 328972
 713872
 418643
 601503
 283527
 856503
 41459
 51081
 516907
 55197
 337010
 348260
 718406
 714193
 981254
 974217
 31137
 195322
 652822
 220728
 971927
 859816
 760273
 530534
 40196
 206159
 835265
 556306
 358477
 241817
 455632
 692543
 318535
 405116
 718193
 224525
 472527
 749890
 515119
 527401
 764307
 922948
 963251
 379162
 510514
 905848
 36495
 538036
 572080
 787775
 674411
 455737
 10328
 935555
 384919
 821331
 743284
 676474
 659742
 138268
 538330
 71169
 785656
 207855
 968247
 328859
 204568
 597580
 844754
 617283
 162177
 86295
 15857
 443991
 175908
 324738
 743509
 350867
 749762
 82652
 674108
 373294
 663024
 731751
 538542
 792696
 198054
 186552
 191400
 144899
 509397
 930057
 276129
 380922
 677640
 530475
 693003
 587414
 72027
 764253
 529411
 856613
 123447
 592452
 80883
 436436
 850753
 570065
 503723
 331373
 737369
 671025
 634609
 249585
 809712
 327576
 346839
 145760
 509088
 433921
 982360
 293856
 794448
 311525
 844148
 310262
 152866
 880450
 488652
 919614
 568095
 141430
 75721
 324873
 542285
 498459
 515794
 285318
 216730
 545594
 24177
 893510
 786493
 843863
 40816
 906116
 213964
 976165
 350933
 459969
 340930
 642638
 127458
 843990
 618057
 138147
 12854
 139032
 356682
 284912
 488089
 397567
 786470
 204328
 623502
 655719
 540697
 654853
 396681
 179008
 630136
 923454
 144745
 85333
 725925
 118140
 876911
 933950
 904547
 218218
 10292
 976969
 35610
 619275
 192478
 413242
 369882
 992363
 301402
 35848
 311349
 92366
 995879
 250727
 254526
 146835
 36802
 746049
 276919
 695680
 29226
 356301
 458213
 828664
 250890
 576575
 594974
 519880
 458912
 28108
 80422
 500680
 251034
 701238
 483377
 32061
 188079
 958562
 746010
 659062
 145307
 901312
 609187
 816509
 676609
 904420
 995802
 985272
 668221
 245998
 329598
 842312
 302540
 809150
 139958
 778216
 282552
 191499
 100903
 888448
 704834
 338978
 554220
 379765
 161441
 821446
 107750
 467429
 55561
 347336
 833130
 169712
 53287
 957746
 405714
 565508
 203215
 217866
 436464
 741693
 770622
 495264
 263157
 769363
 608939
 136017
 60371
 414535
 944122
 988061
 15164
 744499
 335025
 879548
 441293
 504256
 529680
 782178
 953144
 682174
 21085
 754152
 545092
 559825
 278145
 414244
 299125
 169439
 695368
 928567
 346177
 229265
 602807
 439635
 254642
 574711
 923889
 156802
 497215
 62996
 831741
 650974
 137328
 643312
 914279
 455791
 767717
 659737
 332983
 848
 289394
 695904
 959006
 78098
 540875
 498684
 687050
 221983
 603291
 103220
 372332
 605346
 86646
 476925
 472318
 886452
 460810
 533376
 965561
 877131
 550344
 751078
 792040
 46302
 482734
 976435
 599500
 960878
 421235
 835010
 481894
 209580
 907736
 241516
 3410
 385948
 903330
 492063
 482317
 381672
 615286
 842735
 769700
 315161
 164009
 93962
 225403
 898190
 872359
 972656
 508988
 366559
 55872
 174683
 149359
 131506
 98204
 590167
 847605
 668013
 357306
 850799
 725374
 369389
 892765
 943924
 521369
 979633
 838902
 332398
 960877
 598690
 493338
 937607
 608482
 840050
 858578
 124594
 483608
 608754
 563944
 52369
 500407
 184305
 463362
 267038
 256726
 754775
 450409
 299828
 174789
 151616
 772687
 73561
 499771
 570526
 192307
 497158
 915508
 279999
 984871
 986377
 316239
 481460
 696682
 688941
 275807
 501914
 708996
 226229
 379888
 343651
 545279
 833300
 783459
 450675
 718956
 471811
 427628
 300210
 676602
 959982
 235516
 284886
 96321
 29471
 798583
 11291
 267548
 368332
 287640
 166193
 345073
 408263
 457820
 248482
 622955
 524115
 192374
 656960
 758119
 31633
 710340
 414596
 726190
 316489
 787699
 522234
 229937
 944255
 847861
 164513
 565226
 900829
 290216
 601827
 600705
 158847
 378714
 359322
 665670
 516620
 893538
 939121
 604651
 259349
 73017
 951350
 708648
 176975
 284988
 968849
 806284
 461411
 701015
 74308
 949621
 321879
 885173
 693723
 7498
 756765
 72352
 888022
 224489
 249603
 754608
 253641
 487348
 678111
 362820
 523473
 239600
 666295
 606222
 866986
 594422
 629418
 133595
 663050
 789757
 112532
 939186
 175751
 139169
 70593
 341298
 747235
 195652
 919560
 631000
 990078
 469571
 321407
 281852
 720572
 227642
 274716
 316386
 526130
 383763
 654387
 605374
 415473
 157894
 804894
 762070
 570714
 364856
 987040
 299254
 860582
 183142
 755295
 902712
 750045
 450704
 439126
 52282
 293402
 707509
 435570
 522128
 554098
 400444
 966080
 570016
 857091
 566676
 822194
 445030
 125874
 291793
 372624
 688713
 950851
 571069
 58322
 60389
 226790
 433267
 378660
 754662
 91355
 821529
 418790
 514854
 471486
 187165
 920159
 160349
 471835
 576295
 761145
 254571
 924727
 363195
 85493
 554581
 959710
 668367
 211751
 614279
 571937
 797956
 650439
 47235
 716205
 199103
 21884
 282850
 8281
 292017
 784833
 924772
 831303
 395986
 640915
 902877
 138420
 979766
 353413
 651673
 31680
 637394
 990734
 202086
 439560
 538313
 216993
 823406
 79768
 259536
 90136
 791063
 617589
 835175
 87790
 403397
 618705
 566413
 274405
 98429
 408726
 230605
 432084
 505579
 146180
 139266
 211236
 809117
 845825
 196710
 57048
 306136
 509398
 181548
 796870
 602568
 977099
 594491
 939564
 93783
 68421
 335511
 777305
 208670
 100032
 145553
 86562
 228086
 496692
 713915
 123081
 79698
 40673
 283234
 862639
 16863
 162457
 883068
 287628
 330201
 306952
 318826
 256637
 69750
 418801
 731935
 148630
 165759
 233427
 262345
 396707
 424181
 971216
 467120
 767982
 721142
 113966
 718854
 635924
 996460
 867977
 972626
 496043
 864650
 253639
 134237
 5207
 822804
 194629
 652676
 494845
 756470
 7843
 771725
 711674
 194167
 618233
 846153
 326245
 283113
 49504
 693839
 51633
 104617
 533327
 264809
 117223
 439361
 561664
 159227
 559318
 130426
 510885
 156501
 86190
 277544
 990561
 389440
 245765
 508722
 292181
 165241
 284893
 539539
 769101
 511109
 584787
 680643
 245974
 995202
 478804
 907630
 621274
 344658
 301848
 722269
 776904
 592783
 943635
 358347
 462966
 706660
 863781
 562804
 324378
 160646
 809030
 912749
 936507
 992075
 877247
 500000
 539501
 735301
 26091
 505053
 613945
 39214
 735920
 582758
 929155
 640933
 677611
 410519
 404249
 984049
 963356
 616851
 709498
 279112
 619010
 705891
 854209
 20602
 895933
 713397
 160174
 34013
 668152
 221288
 120376
 126208
 403461
 329023
 4567
 749681
 599384
 967984
 313961
 127345
 444672
 440400
 742678
 442399
 605859
 807636
 950445
 908943
 33578
 67139
 215264
 696567
 766572
 400841
 545454
 508875
 898436
 51243
 557450
 821008
 931034
 18875
 545417
 307590
 368575
 573006
 183622
 986887
 527316
 646921
 681800
 392923
 629437
 290787
 415815
 43912
 945622
 570907
 989090
 883291
 259057
 493605
 946990
 690544
 873939
 626821
 474875
 311808
 995397
 72578
 514386
 660533
 558499
 528925
 214383
 402068
 366789
 767875
 394616
 327536
 414223
 552542
 815665
 1143
 479476
 308486
 375210
 982270
 340569
 844159
 92482
 435818
 479116
 209923
 207651
 947732
 846534
 111889
 535642
 61634
 805652
 269889
 278848
 610589
 974722
 924267
 519329
 945475
 674049
 406732
 783607
 427269
 504532
 24360
 139534
 36734
 870607
 643690
 887695
 661691
 829415
 80223
 89931
 173217
 14449
 533957
 724511
 160159
 979825
 711497
 222949
 79946
 158340
 93471
 290367
 977840
 175728
 872950
 270329
 101571
 869695
 434843
 531149
 497000
 8409
 713692
 69226
 856377
 748603
 637857
 530137
 445947
 152614
 263562
 995010
 614223
 799999
 13159
 794476
 854752
 568247
 327815
 191443
 240179
 696959
 394843
 487183
 562168
 210575
 967228
 130316
 301776
 823317
 89258
 289904
 745301
 442555
 331753
 676429
 291787
 761904
 813812
 198473
 475671
 336585
 142787
 99559
 670465
 101563
 850758
 291838
 733138
 703968
 184589
 742705
 594627
 256943
 418824
 105473
 237712
 200282
 324037
 93523
 878171
 974862
 706710
 252933
 537764
 218295
 69507
 965543
 645797
 367172
 759083
 108051
 287947
 314269
 157016
 464324
 141818
 366771
 165093
 723037
 998852
 799054
 468177
 675989
 166283
 967195
 970875
 782042
 779956
 33707
 955593
 30718
 170115
 599716
 676825
 135587
 937853
 697916
 954868
 742239
 584085
 445925
 61549
 838715
 609243
 475642
 7919
 148363
 798751
 819366
 870120
 345020
 193616
 768621
 854141
 735661
 82785
 960264
 586798
 120721
 770596
 322424
 348855
 955807
 777557
 518798
 200639
 710105
 131386
 608537
 799134
 271062
 371900
 857976
 382097
 883897
 850901
 83168
 856442
 212075
 686191
 720656
 196281
 65494
 872966
 974434
 969691
 994718
 426566
 500508
 60122
 105366
 731028
 53388
 673135
 998258
 728873
 302325
 104881
 54529
 268873
 75628
 424013
 831507
 133191
 886224
 507176
 899276
 918918
 280867
 20543
 125223
 136054
 763628
 234861
 87941
 988742
 562043
 12342
 892493
 887415
 97560
 652650
 824840
 278822
 97345
 318868
 252062
 942926
 340043
 655172
 912674
 592896
 203844
 298426
 106484
 238682
 229769
 192767
 224823
 971511
 614699
 985443
 273778
 489542
 374038
 676814
 318618
 620463
 788146
 677121
 874246
 124935
 153846
 435571
 413807
 231753
 609275
 705511
 874944
 667453
 245266
 788301
 814312
 214061
 69500
 336099
 955231
 120433
 236292
 417737
 701444
 921686
 760179
 403252
 933900
 61222
 488799
 16994
 876458
 592032
 577835
 832967
 729112
 632730
 996857
 764606
 606393
 840261
 64610
 889767
 505748
 114758
 738201
 623484
 954069
 431372
 156741
 186155
 232851
 258018
 687320
 725639
 545686
 768971
 81000
 795038
 22856
 623587
 831613
 564995
 701691
 437861
 252152
 433502
 359920
 324217
 800990
 333887
 943118
 722012
 694398
 510078
 841207
 304439
 948366
 893927
 435873
 554385
 348003
 478772
 691965
 978406
 432024
 152704
 791371
 562638
 346834
 536578
 272215
 869565
 842489
 17197
 50725
 210817
 531293
 305657
 546123
 830689
 80040
 151966
 290683
 516579
 269171
 943229
 773099
 576536
 85523
 534958
 472434
 640776
 568650
 293030
 28146
 631119
 721507
 650160
 326
 574904
 806073
 827460
 251000
 422284
 319802
 136872
 333843
 623133
 611337
 990456
 844779
 650793
 372086
 752242
 157306
 994177
 135442
 983914
 966433
 741935
 327229
 884155
 679735
 135003
 409766
 160511
 323637
 573106
 879276
 129935
 38095
 754949
 335155
 522266
 49939
 610270
 724181
 385659
 137566
 234427
 750498
 3822
 537542
 794434
 573935
 246211
 20047
 291760
 824560
 995324
 382209
 603678
 171299
 840274
 590893
 89242
 355503
 741439
 187343
 757087
 254794
 262731
 897701
 889001
 967979
 731380
 90962
 697235
 17246
 28075
 289833
 485673
 931951
 900074
 919513
 730834
 445716
 37695
 941667
 631578
 435294
 550387
 54123
 615831
 462862
 990654
 818158
 114091
 343617
 305913
 342320
 920590
 867279
 516646
 729183
 811134
 342273
 897358
 630248
 883990
 399999
 580150
 511087
 810888
 514045
 623424
 303150
 700011
 431894
 417905
 177519
 654333
 953956
 674430
 840294
 249333
 210898
 758762
 971019
 152410
 894197
 141832
 947270
 620817
 864378
 307846
 81967
 849563
 402214
 44960
 293959
 922819
 865746
 571428
 181943
 540021
 152954
 912320
 842587
 95253
 719202
 839798
 23152
 657892
 876781
 210106
 73588
 226277
 720562
 174030
 276886
 181099
 885460
 79791
 402813
 872264
 244948
 236207
 620240
 727010
 124002
 591941
 79032
 198373
 33438
 844776
 806898
 347809
 102427
 8704
 138163
 246761
 373638
 494749
 256439
 607487
 46085
 131199
 64406
 710890
 559370
 222003
 302131
 514534
 282755
 228750
 275000
 803050
 922754
 699853
 371873
 4418
 390185
 143763
 312202
 253431
 462195
 122924
 240006
 525428
 375926
 11897
 585582
 921543
 294187
 901081
 627175
 330992
 260610
 291954
 248636
 495050
 443364
 987219
 759623
 425736
 434130
 797452
 988452
 846464
 282635
 444791
 470174
 607222
 990718
 376068
 101578
 258603
 118791
 572295
 75796
 352780
 356177
 193163
 463109
 443438
 219668
 723738
 943996
 715820
 446122
 565705
 289256
 635979
 671894
 849196
 790498
 725752
 211423
 68205
 821059
 297142
 212912
 796610
 483594
 590862
 145550
 79672
 123697
 883407
 963375
 588235
 891481
 95279
 944689
 466093
 981889
 818289
 466107
 84780
 683163
 481481
 363373
 871553
 10695
 496122
 645611
 166954
 669260
 918693
 862853
 98431
 197249
 679236
 338994
 684761
 327207
 6494
 781104
 368262
 389791
 300710
 966387
 958524
 987146
 395774
 285600
 386591
 809950
 616919
 937625
 320214
 209265
 743711
 249760
 727197
 831558
 350110
 23098
 896935
 438137
 800751
 428014
 222047
 635604
 138689
 783545
 462286
 997740
 987091
 241103
 187812
 122424
 120642
 653912
 435401
 487351
 771834
 631376
 902652
 575313
 252915
 111225
 974604
 580538
 73288
 625893
 873642
 307458
 508108
 909090
 684138
 767808
 215573
 393513
 648080
 734717
 991234
 682564
 397656
 894514
 280040
 835923
 486415
 329909
 923292
 604128
 477103
 788843
 241710
 889338
 313478
 73155
 759756
 907648
 673937
 811399
 977545
 737889
 249032
 489344
 710900
 285467
 172588
 467062
 164191
 732006
 182609
 879655
 518013
 40526
 515873
 11339
 459522
 579520
 598958
 695018
 496365
 574361
 383713
 777231
 153624
 537169
 10317
 949083
 690985
 949630
 883278
 237786
 552285
 852237
 733507
 546501
 803685
 596066
 931453
 630554
 891061
 15101
 429629
 641033
 585302
 123867
 258000
 596619
 953291
 559705
 787281
 230105
 75570
 754878
 816580
 308414
 695703
 810729
 249966
 334965
 884111
 646943
 293363
 665200
 652937
 958135
 767557
 407623
 132902
 199999
 584153
 552890
 242486
 785266
 235289
 510501
 823071
 879712
 678239
 384889
 735535
 440334
 735211
 243046
 261217
 878246
 373801
 363898
 561204
 892777
 918200
 746506
 579468
 637251
 900377
 864723
 92163
 653382
 832642
 158791
 243545
 170880
 349021
 313708
 630173
 320536
 831509
 131763
 766438
 829214
 569309
 876308
 469625
 879563
 700040
 946619
 99232
 606407
 913090
 715178
 5134
 958511
 591762
 916843
 675697
 147127
 282121
 681859
 583831
 69770
 50620
 24203
 142764
 776311
 919752
 188118
 25855
 231319
 596183
 262658
 144767
 571259
 524498
 270615
 974968
 731440
 699548
 513106
 433234
 78164
 430029
 822793
 211382
 71448
 837899
 206122
 316181
 26180
 598376
 159849
 15507
 372438
 396316
 190730
 676747
 891837
 932896
 513796
 904262
 85682
 358197
 35756
 557251
 303610
 441322
 601225
 521032
 864965
 519725
 969557
 427697
 830103
 874785
 155462
 940092
 930593
 3491
 816794
 85431
 842712
 736044
 873186
 140071
 720246
 816228
 824494
 259622
 58577
 938410
 830464
 412200
 442703
 397598
 330175
 604054
 640461
 384892
 972174
 525497
 454545
 743362
 127687
 853719
 260809
 370931
 148537
 121241
 187115
 992039
 285086
 987596
 961399
 375104
 886741
 114378
 549534
 506983
 450719
 731809
 96243
 715915
 941088
 607600
 405412
 850164
 338557
 635044
 360091
 480624
 557020
 597609
 428904
 442579
 410788
 30771
 177086
 74382
 107579
 797769
 407731
 460043
 432022
 84047
 483957
 625582
 899934
 554630
 683779
 173836
 102021
 395357
 399820
 338883
 243674
 587493
 648038
 485906
 337986
 68099
 940992
 455938
 343863
 99204
 469126
 922290
 652241
 150567
 379435
 906637
 231748
 865943
 137579
 965770
 134384
 854921
 925847
 495479
 504608
 847332
 508916
 242774
 267296
 88703
 815677
 747692
 875994
 206232
 789437
 420828
 462924
 164477
 779969
 292889
 941728
 27879
 249583
 387685
 991160
 142807
 721460
 714285
 618684
 305252
 394636
 304461
 518438
 451820
 520554
 196941
 835829
 657718
 181011
 364824
 241051
 191753
 574162
 196249
 303971
 159762
 655918
 18198
 320357
 870725
 941802
 478189
 372290
 825791
 842026
 717444
 389853
 429425
 798093
 515068
 971175
 779254
 439598
 192221
 858581
 687923
 62791
 124157
 708215
 75367
 923850
 736904
 136023
 234690
 365732
 749335
 229612
 214544
 387888
 556722
 577289
 389841
 275496
 729355
 154046
 574750
 39904
 383655
 899206
 446156
 130359
 42100
 362000
 144972
 259646
 57142
 87576
 347207
 138753
 962406
 296833
 254355
 122991
 367229
 460354
 181013
 880627
 174402
 906250
 914285
 618374
 214569
 114754
 138172
 271770
 525321
 539007
 951756
 756255
 340843
 12791
 723616
 856636
 419330
 953043
 318368
 788487
 664050
 529773
 277128
 981884
 977828
 921850
 896701
 39364
 412148
 530282
 139176
 551935
 831205
 614739
 824927
 804008
 493087
 437908
 109717
 718503
 402893
 509549
 720169
 8877
 802783
 450810
 637047
 793176
 45364
 636985
 234648
 666689
 499568
 153781
 772093
 943349
 888470
 579960
 580671
 474977
 369230
 52512
 821100
 955098
 782847
 652996
 932296
 43715
 822669
 862726
 57715
 982856
 325565
 740977
 327980
 133047
 751213
 5084
 852168
 761004
 465688
 462640
 232499
 848058
 444243
 771055
 848364
 640506
 764725
 235261
 57676
 759098
 819502
 154638
 610216
 290040
 876443
 521739
 933520
 129553
 842895
 941711
 915629
 122575
 214067
 423234
 172834
 432300
 163196
 748181
 937681
 482946
 335196
 752611
 765577
 587340
 225157
 282005
 613740
 900204
 317257
 567567
 514403
 605153
 943505
 638501
 945262
 226869
 308762
 17907
 992010
 126636
 147804
 179246
 944845
 51587
 170126
 442655
 982378
 207413
 784623
 356917
 76204
 691804
 940164
 794731
 35683
 667401
 82304
 634161
 425142
 660735
 618807
 325214
 502419
 278923
 358555
 167491
 435178
 271700
 53918
 488359
 969018
 778505
 788589
 582305
 50412
 20307
 684344
 590691
 895027
 221396
 162011
 126042
 239532
 138888
 724687
 139077
 27088
 356764
 346312
 436255
 840965
 654009
 992795
 88180
 34666
 302423
 827534
 795987
 684073
 293683
 957631
 681836
 2222
 735373
 303549
 641651
 773361
 768786
 593672
 29538
 684506
 438713
 632525
 611981
 184877
 503002
 296723
 981743
 171140
 942577
 772496
 454530
 295528
 885011
 307214
 685388
 923791
 812712
 492288
 840823
 438297
 661116
 762318
 603699
 70453
 641354
 26503
 769207
 407715
 220997
 386250
 195151
 959044
 868469
 34769
 497047
 143352
 126369
 794486
 188929
 179487
 892160
 428527
 401444
 153790
 803760
 994572
 615599
 671312
 135483
 275984
 352316
 687379
 854827
 760704
 922512
 213991
 829167
 150125
 966750
 561584
 56260
 520023
 624351
 248618
 517199
 661631
 343501
 4876
 225242
 870609
 339915
 626203
 499239
 352250
 962257
 714751
 533000
 542108
 976608
 976190
 507042
 215424
 191549
 716688
 918165
 933170
 450427
 362007
 633521
 830601
 913764
 498041
 516680
 507282
 906951
 898794
 398378
 882
 378143
 724810
 164088
 828301
 968834
 653802
 302494
 590496
 65466
 946121
 624213
 7361
 45530
 509055
 195614
 470201
 848186
 824953
 735293
 379379
 587443
 792861
 633322
 787346
 949640
 677246
 88673
 952202
 71428
 473274
 99509
 646656
 371161
 512243
 67999
 954113
 390976
 101331
 277019
 278602
 402498
 228291
 430037
 390956
 959508
 821576
 880478
 70425
 821915
 235873
 113523
 387492
 227570
 387216
 69936
 153545
 851574
 353899
 47785
 521245
 205986
 392784
 277908
 76315
 620253
 616266
 663914
 291738
 662433
 552280
 457046
 243243
 256641
 391468
 270726
 926947
 497868
 858106
 595744
 373637
 921802
 646605
 246360
 24202
 441251
 82802
 837446
 258245
 986076
 840579
 318779
 973919
 289922
 137227
 515823
 883164
 639627
 484703
 688287
 366609
 609357
 399482
 825337
 339798
 981528
 410555
 926538
 604089
 402785
 437304
 156010
 567984
 219404
 194955
 373494
 319609
 350450
 817460
 222793
 827586
 265832
 137879
 708977
 571789
 946321
 675017
 937126
 932484
 787173
 469346
 339144
 109585
 750375
 650770
 29394
 254145
 970562
 969957
 410526
 461697
 967145
 362446
 281081
 91659
 503335
 810004
 396670
 805839
 35158
 152091
 867230
 10402
 110351
 566462
 343157
 958774
 936769
 784925
 766877
 522252
 720452
 946389
 263456
 139809
 337692
 343407
 188817
 406619
 960530
 515259
 155131
 443127
 82913
 135399
 614905
 356178
 851029
 865030
 826
 147396
 441988
 654210
 358414
 871053
 585652
 130862
 814882
 673898
 791940
 872340
 400896
 460079
 719693
 625000
 82435
 535401
 816326
 746545
 200456
 918001
 681973
 530508
 942715
 762897
 656574
 926820
 7182
 656654
 110648
 829877
 138520
 135048
 605602
 972972
 859110
 71367
 645330
 330714
 437523
 324503
 996201
 269521
 532296
 294757
 494901
 508787
 442585
 596983
 901268
 213592
 492206
 588022
 961130
 936709
 42989
 139927
 605903
 362235
 809611
 500600
 241896
 543272
 948305
 423124
 332184
 487309
 581289
 531284
 224294
 146307
 83823
 990924
 192172
 653693
 215512
 319039
 589341
 991206
 681444
 501364
 458404
 851178
 300182
 649576
 878142
 187240
 706387
 551028
 980576
 468446
 809577
 891083
 719442
 873096
 424443
 732254
 102575
 496144
 358878
 454155
 317070
 506357
 169668
 981511
 936065
 989317
 444158
 218146
 733190
 586519
 115863
 832970
 495671
 32201
 893798
 138487
 200096
 923452
 116166
 952345
 81056
 896694
 509935
 160826
 557798
 429356
 571321
 617352
 329090
 589264
 194906
 753054
 974741
 820301
 573678
 66893
 412868
 954294
 514864
 776820
 99231
 881581
 176185
 424579
 230196
 55085
 600141
 845165
 100169
 953095
 126094
 897297
 718348
 441810
 890705
 808060
 186478
 224073
 304601
 720958
 386201
 334892
 392005
 491287
 820559
 563619
 922181
 257049
 428429
 557133
 163636
 216887
 372130
 855862
 227994
 527073
 499034
 185046
 200000
 925007
 590692
 879227
 57859
 543827
 740281
 70822
 951845
 187786
 328376
 489216
 588296
 563206
 22708
 111769
 414444
 649506
 799661
 920862
 407707
 313600
 428571
 148435
 714826
 695503
 64280
 193545
 678933
 552671
 129563
 491803
 462354
 616164
 716180
 710970
 233590
 106368
 935622
 862308
 466878
 777358
 908380
 485124
 126592
 390472
 130936
 338782
 651844
 635725
 316187
 249031
 36642
 339390
 855635
 233806
 57191
 317185
 852792
 724833
 204186
 460052
 322101
 914003
 567410
 363767
 362831
 42642
 930352
 654114
 125626
 858078
 74731
 784346
 591718
 10449
 480876
 434224
 643556
 831325
 218946
 878821
 273408
 952877
 341208
 123870
 364862
 671185
 64209
 287569
 122257
 623890
 807339
 667222
 486495
 404172
 830769
 591009
 874179
 509485
 602251
 349418
 116117
 554111
 970845
 496564
 547896
 197649
 518142
 403379
 914863
 328765
 678598
 920637
 587929
 403813
 716697
 508070
 756458
 41260
 53465
 801143
 15002
 687128
 431375
 878948
 884704
 432072
 363391
 810082
 597515
 806083
 794656
 498312
 728064
 709625
 263146
 765597
 689606
 865097
 686079
 734930
 579627
 278341
 39092
 248535
 976726
 877534
 36840
 906402
 999352
 664770
 382425
 202197
 429978
 151390
 843313
 289655
 960408
 116193
 795997
 347863
 603759
 927422
 620372
 832445
 603626
 316561
 901885
 295813
 747781
 456708
 199776
 428402
 676759
 869940
 260637
 722814
 555127
 256126
 834825
 686225
 204002
 12963
 210757
 166163
 981303
 454413
 687170
 979584
 970969
 494645
 1978
 268922
 380035
 678131
 632246
 668871
 847964
 86023
 853782
 529991
 129319
 535601
 286830
 429799
 600211
 44811
 150352
 379025
 361797
 954753
 15068
 761064
 890371
 821414
 431692
 53135
 494006
 984293
 378084
 202346
 487730
 820478
 22841
 288824
 282352
 856973
 814516
 151509
 262413
 547572
 804500
 546351
 837353
 170385
 826021
 835852
 664423
 695443
 852859
 806395
 658
 290909
 475037
 325913
 308865
 198396
 752772
 782649
 122951
 179461
 470433
 930232
 224912
 205284
 47447
 516014
 610185
 873897
 598461
 323649
 344860
 66598
 977551
 755115
 981877
 350298
 751135
 511986
 41786
 740530
 856207
 142155
 641373
 305247
 57263
 264723
 739776
 232483
 581151
 248820
 205434
 958416
 227246
 525419
 611072
 676311
 936240
 755358
 577235
 919555
 99715
 966572
 249192
 492784
 1326
 852013
 373174
 524642
 968762
 240707
 257389
 264160
 871307
 445973
 411957
 309092
 321310
 314935
 244682
 139527
 715359
 950447
 752202
 526236
 812253
 937483
 321869
 244215
 872276
 454441
 348230
 836342
 124797
 382962
 510008
 696423
 389638
 357429
 941102
 914378
 854436
 799225
 227390
 963796
 113469
 8213
 880779
 877775
 748996
 594446
 582919
 416641
 736625
 250496
 441022
 100502
 326572
 200127
 6087
 474864
 180675
 96028
 605897
 965772
 930983
 549450
 805260
 707321
 133372
 554039
 570837
 741336
 50672
 97277
 974266
 678357
 171609
 576783
 957176
 544939
 821828
 257219
 783940
 635036
 217150
 420195
 305158
 701732
 682860
 768492
 804100
 868059
 719936
 401973
 123580
 371929
 534938
 433323
 454596
 636890
 718518
 508598
 332610
 942358
 919710
 987218
 679925
 662498
 532680
 51282
 261285
 319640
 634059
 704541
 861495
 801896
 732238
 388030
 120645
 894882
 55401
 114655
 802234
 9081
 525352
 751168
 918569
 54522
 492542
 683374
 766216
 861909
 934412
 781904
 276336
 894998
 253237
 115075
 282907
 748281
 244532
 111926
 584287
 365462
 821825
 431677
 146638
 449874
 849450
 850556
 21276
 625353
 395335
 861816
 349630
 550433
 136808
 46489
 806065
 741158
 435245
 45141
 304937
 958610
 851660
 13406
 441879
 412938
 506432
 629595
 270345
 796411
 91151
 509202
 927986
 219289
 587079
 344734
 596578
 451981
 577159
 704471
 588181
 695337
 175107
 974791
 133281
 744659
 64816
 408121
 475494
 880926
 773400
 503448
 977888
 122866
 193523
 131237
 262842
 57821
 20317
 722306
 857292
 249761
 894461
 263761
 842030
 956343
 249246
 710126
 244876
 512961
 226132
 621639
 641025
 738022
 523747
 950354
 976574
 171061
 364490
 348284
 360350
 616305
 913154
 389844
 391304
 612753
 994788
 430961
 158163
 172998
 178723
 454493
 736694
 621880
 357398
 554478
 951108
 833178
 256349
 985253
 843664
 262829
 907850
 778555
 946648
 923212
 396063
 774247
 785515
 183970
 353084
 290732
 808767
 619834
 387541
 307184
 126548
 639903
 63240
 680682
 156454
 685810
 356683
 523193
 632819
 768438
 354981
 101663
 824933
 201296
 336345
 455949
 519100
 861956
 522752
 237431
 952397
 37037
 834462
 485263
 878501
 889407
 286591
 156984
 49763
 314432
 633063
 91694
 430902
 791142
 510849
 243940
 100664
 57769
 638441
 602302
 693184
 562907
 246285
 897741
 467083
 213293
 878661
 815041
 964759
 710373
 887147
 656577
 373176
 8062
 118712
 131034
 290138
 101123
 638922
 547902
 637362
 357942
 142257
 464323
 77815
 266547
 409904
 512259
 558069
 726392
 289219
 245754
 194888
 391517
 923664
 509314
 453427
 202107
 656713
 442116
 325993
 497323
 805703
 849135
 249622
 19447
 83753
 782657
 97931
 98570
 166197
 182676
 930254
 165299
 372476
 222180
 43376
 68367
 474351
 439899
 980445
 883720
 28290
 861824
 228288
 453884
 535870
 217175
 30918
 658248
 295107
 254088
 290729
 226959
 486349
 353447
 594989
 833007
 357847
 190831
 640846
 922672
 569685
 152458
 11764
 641836
 547534
 991578
 306777
 884324
 33355
 485477
 177430
 329813
 24813
 536410
 846249
 487551
 741286
 778931
 658660
 518831
 629914
 618301
 949101
 659803
 746764
 512367
 662989
 200933
 651965
 743258
 737062
 469798
 150911
 176470
 736036
 223297
 116854
 334995
 338765
 731130
 867386
 886956
 295755
 848744
 931602
 197212
 64651
 960607
 991822
 659469
 350890
 948385
 636909
 462809
 252067
 59866
 758550
 478183
 259093
 420108
 215760
 761967
 873080
 347131
 259317
 522120
 102657
 918834
 226117
 825598
 196823
 36868
 837958
 800959
 656542
 350199
 380224
 608157
 795957
 918174
 42682
 75488
 957124
 209261
 840792
 361593
 46449
 148779
 849131
 627775
 382914
 135616
 75502
 421466
 778314
 950962
 179902
 255183
 396054
 642364
 543117
 215071
 624702
 273514
 808616
 260349
 362545
 335280
 569134
 519737
 220068
 270879
 204630
 695501
 957652
 726574
 427416
 184732
 211686
 182611
 881813
 130340
 863660
 322680
 577307
 332908
 281151
 161073
 533830
 563421
 108849
 186919
 646624
 708628
 923607
 64464
 859769
 451476
 154486
 35087
 871046
 406093
 887595
 185862
 581408
 902722
 149582
 534374
 259378
 437314
 860598
 970213
 386367
 341405
 760824
 50533
 707824
 808510
 742420
 768782
 384472
 167575
 49583
 249895
 978354
 69616
 541113
 121456
 245227
 458653
 412800
 603919
 84733
 650262
 676183
 557382
 2012
 798459
 303683
 957181
 90060
 395480
 939602
 38216
 675935
 223084
 343900
 98482
 343220
 769929
 354862
 406536
 448843
 280821
 281870
 218485
 153063
 164522
 195005
 735629
 112484
 140725
 934395
 523315
 69636
 370317
 388243
 417254
 644507
 10548
 995190
 198643
 785406
 884079
 814579
 547913
 37220
 418143
 382902
 571713
 275746
 504347
 256867
 937157
 209322
 133990
 254113
 918999
 821094
 474786
 38580
 137546
 78501
 320350
 34531
 357865
 86655
 726679
 42110
 982462
 329856
 249558
 131032
 460316
 197740
 900191
 878184
 188571
 76680
 957439
 377657
 717892
 847536
 467028
 67606
 792270
 904810
 221308
 562958
 692117
 257493
 697156
 260731
 771117
 883114
 213432
 182845
 197586
 713938
 624503
 742155
 985283
 171165
 90032
 199755
 303555
 50089
 716772
 271963
 322648
 487590
 673342
 202837
 814879
 321360
 417588
 727636
 330000
 661030
 304535
 504219
 966049
 210033
 598126
 979377
 303658
 684474
 897849
 432732
 250256
 242780
 231412
 702410
 369359
 143262
 453569
 816387
 41178
 154425
 57162
 72164
 914363
 498579
 611798
 195402
 107740
 710595
 117647
 550117
 550151
 583366
 278470
 48896
 612202
 325379
 53302
 672601
 789644
 304825
 183071
 432426
 669844
 462887
 656592
 245792
 684009
 702208
 223989
 223938
 459097
 995815
 736633
 338571
 800896
 367875
 419454
 10531
 742949
 796814
 229783
 519375
 718820
 536014
 829772
 223644
 687714
 781481
 898387
 570071
 487658
 536240
 953488
 280393
 293909
 985088
 507597
 340425
 912510
 29854
 485001
 54353
 171745
 905582
 634746
 1560
 557860
 142159
 128440
 68647
 886699
 396833
 112807
 147789
 143327
 685197
 922908
 482555
 193510
 908366
 551292
 820477
 848351
 799252
 644457
 106633
 321436
 577420
 912105
 873152
 100883
 766213
 792778
 318175
 312024
 652282
 688937
 563581
 964687
 735722
 848044
 76672
 376675
 319702
 289569
 936865
 155242
 53776
 898505
 140278
 299376
 527394
 570015
 689559
 670479
 999231
 231094
 423054
 151271
 980426
 81578
 189723
 832986
 323088
 362720
 291804
 138461
 821002
 501047
 468288
 853823
 489633
 931407
 193664
 597272
 291661
 210119
 926090
 741458
 514622
 437095
 989010
 921841
 330301
 755168
 671044
 831503
 138919
 962639
 412525
 286247
 984400
 439471
 14993
 328358
 247695
 846861
 107041
 893792
 998869
 265898
 14171
 298654
 281362
 983873
 696994
 666760
 320614
 289938
 730220
 698369
 423728
 394003
 194442
 36260
 45888
 357351
 684427
 507482
 861866
 199662
 79211
 223057
 270864
 181582
 389534
 38861
 614726
 614941
 663629
 242548
 452451
 740381
 213314
 653925
 810954
 574518
 329032
 824529
 547317
 410011
 361202
 797978
 658142
 489028
 239075
 306352
 651629
 437306
 666848
 921680
 471867
 147444
 833691
 957575
 586294
 566719
 807947
 763954
 371343
 543798
 667381
 262447
 879389
 239397
 535782
 924087
 608029
 115996
 955744
 200276
 718689
 534811
 684764
 895641
 728666
 998972
 277830
 537863
 736312
 907083
 122905
 140183
 942714
 487949
 671991
 869450
 907488
 807392
 387431
 852606
 205019
 585281
 243364
 557379
 683524
 179138
 752613
 950313
 715175
 169918
 153810
 904131
 177016
 579205
 65129
 557823
 833340
 45956
 830595
 433799
 425401
 172023
 425277
 367324
 562740
 939048
 351308
 140698
 549415
 338775
 78882
 651278
 735226
 274042
 481122
 502581
 673103
 111150
 19101
 575435
 810107
 500307
 327897
 789983
 955117
 107828
 569508
 417642
 352889
 503956
 168736
 381163
 538533
 520560
 240384
 639393
 107130
 947730
 226501
 7287
 906389
 203539
 804157
 366606
 17274
 828323
 439417
 759804
 23830
 628607
 635364
 244113
 7358
 150314
 130282
 420348
 605515
 254480
 299634
 385675
 762666
 636808
 553203
 850943
 850477
 608118
 252473
 741596
 38986
 790760
 755905
 189903
 435353
 988972
 658239
 677433
 346900
 771349
 190264
 632013
 678227
 494270
 918625
 732568
 268493
 206218
 877703
 829860
 205822
 359966
 345219
 40157
 187013
 868895
 738010
 611037
 563562
 299421
 374197
 292587
 320701
 357387
 241379
 455207
 853866
 131745
 252813
 352191
 725933
 183331
 274527
 587328
 708680
 383956
 938666
 253881
 911236
 71557
 303456
 608771
 441080
 16069
 841504
 444306
 251391
 610531
 539453
 86168
 824175
 825439
 644678
 643084
 402652
 411483
 448693
 371279
 938705
 946749
 314303
 54524
 382475
 660806
 619925
 840833
 453820
 295034
 801351
 592256
 468411
 843837
 811187
 269461
 293438
 102632
 591889
 22172
 223201
 378136
 340486
 193636
 284847
 752438
 350284
 54282
 562818
 225389
 999494
 897976
 436617
 891911
 440735
 318118
 259655
 881817
 556552
 62974
 982376
 974341
 104966
 939739
 536069
 787271
 630741
 308621
 263460
 804607
 894071
 211930
 231171
 793585
 771321
 924019
 920337
 611421
 424408
 67397
 346938
 721353
 385005
 954509
 309479
 401215
 726606
 956989
 892865
 177064
 573553
 958673
 807063
 895813
 690529
 616634
 927127
 741939
 42640
 851247
 670262
 336665
 112582
 802757
 222421
 838537
 760175
 597802
 705676
 966786
 351620
 776001
 36030
 580909
 385341
 557733
 978708
 680926
 373748
 172600
 249197
 367147
 203211
 438217
 878260
 60300
 701224
 595930
 216104
 159063
 558120
 676766
 714349
 390778
 646644
 483906
 659776
 118217
 317574
 468374
 494979
 476096
 998991
 822785
 726768
 23567
 620783
 328222
 716687
 159086
 431147
 192003
 466557
 569492
 179880
 898535
 789308
 119758
 881721
 75949
 261127
 922226
 451429
 83209
 27215
 194513
 558769
 418363
 703925
 541151
 301211
 927863
 83947
 355283
 408693
 200796
 790136
 497303
 918242
 17022
 769888
 405016
 782073
 267180
 915960
 170540
 439753
 506260
 922000
 984148
 995926
 493887
 317640
 230164
 270364
 995307
 763523
 999234
 726017
 593229
 589640
 670514
 917174
 68757
 844851
 525773
 469417
 424681
 296819
 160316
 756875
 865260
 926480
 693112
 918660
 970797
 308222
 697925
 701186
 719299
 197879
 389412
 215169
 536997
 236996
 972511
 804774
 651110
 519370
 58933
 146334
 669720
 459459
 789802
 135918
 115311
 865500
 185525
 222596
 692009
 466666
 545440
 260337
 997738
 659340
 498522
 846642
 506437
 518377
 168921
 542061
 242053
 282679
 156798
 314855
 516453
 229132
 867770
 973913
 59475
 42977
 513661
 564662
 899827
 996234
 799458
 517761
 780633
 132664
 280106
 555844
 878781
 160727
 767986
 52220
 278280
 52173
 442453
 378984
 87509
 926540
 861466
 652396
 230210
 655283
 508952
 56436
 514285
 872630
 666258
 963133
 885501
 787199
 452976
 342582
 438325
 122009
 853087
 381289
 554211
 381819
 409457
 26385
 552597
 247863
 40601
 632823
 217694
 976481
 203997
 440000
 576654
 905507
 898912
 268557
 625245
 784603
 961338
 894766
 578954
 41284
 818033
 582252
 80964
 253341
 839424
 99249
 946588
 894682
 739603
 970271
 167180
 306986
 140060
 104764
 647574
 125546
 381704
 296738
 74781
 65025
 184406
 457489
 513525
 713992
 187620
 937302
 839279
 225540
 249079
 481943
 354385
 53798
 222761
 687297
 887220
 848078
 824430
 978802
 177291
 118098
 625569
 158762
 765321
 186826
 880833
 986670
 927839
 629096
 911007
 40282
 454786
 286778
 953384
 268984
 20563
 259941
 522727
 587127
 528447
 918258
 692974
 371755
 7299
 896757
 409106
 767538
 328846
 476063
 379504
 436341
 598356
 792736
 258959
 648286
 450744
 908068
 68700
 157432
 366118
 515422
 396559
 69274
 74805
 448802
 3673
 711999
 550318
 865999
 196690
 603866
 461162
 820445
 654155
 246443
 838646
 531909
 697529
 992746
 674068
 113349
 248132
 54609
 90715
 887588
 562839
 312383
 502702
 558385
 892418
 511221
 882323
 808600
 436144
 68063
 419019
 242087
 646540
 979536
 883916
 513064
 364108
 871429
 261311
 331374
 541616
 298136
 230966
 20045
 462017
 334726
 433357
 272943
 859145
 97895
 204644
 908023
 475485
 393071
 9611
 449903
 686642
 473568
 250335
 750689
 586846
 802073
 252672
 21837
 784708
 207735
 771241
 536039
 598767
 262295
 292401
 887876
 864142
 876157
 961089
 493882
 456912
 501784
 46881
 62606
 37153
 867491
 792469
 159880
 912405
 27431
 600723
 624367
 897647
 472758
 585289
 827692
 15916
 608974
 824712
 633988
 65675
 471414
 367798
 463243
 770664
 27060
 597068
 501702
 671145
 467321
 971806
 903668
 611126
 155353
 339425
 392086
 113898
 232408
 210889
 575895
 139197
 914854
 509960
 690187
 259136
 457708
 141952
 900546
 529202
 433456
 17301
 300487
 83518
 995256
 464889
 883965
 652173
 693652
 976602
 888276
 790076
 684055
 349593
 652631
 340587
 746236
 205042
 979700
 141917
 390363
 696990
 627302
 69767
 851293
 752477
 818844
 763623
 486477
 580700
 261968
 448106
 980170
 631611
 714711
 593513
 992449
 68056
 245224
 465065
 867
 443599
 653636
 124809
 378296
 110248
 229004
 346649
 515680
 88282
 233209
 670227
 103040
 850726
 644961
 223765
 513944
 168234
 247030
 519489
 384286
 184037
 417771
 191102
 776493
 849584
 17889
 949969
 801705
 544587
 761713
 176006
 743879
 207330
 630319
 396569
 660886
 685174
 542768
 878156
 982737
 236306
 247876
 21650
 44663
 574235
 454383
 468245
 904773
 391367
 633146
 608198
 556551
 784337
 884578
 442040
 727757
 310715
 296272
 379314
 988945
 422322
 365817
 189743
 957438
 589986
 566292
 762185
 697232
 119183
 525706
 131504
 272929
 75577
 481682
 226812
 471947
 50940
 904892
 338910
 800000
 78160
 294980
 858947
 963797
 970883
 293396
 646563
 731707
 710829
 726362
 917673
 160794
 402169
 615777
 758146
 608589
 626515
 488928
 19113
 443923
 953445
 796278
 563603
 548803
 577503
 631117
 956204
 566519
 539001
 683034
 516240
 209228
 775308
 426325
 59405
 954333
 946993
 422459
 200435
 381061
 389684
 349573
 286930
 929030
 758314
 704167
 510250
 206896
 421455
 154808
 389834
 707689
 782321
 889540
 649668
 720297
 411941
 491343
 493992
 910187
 555589
 827553
 593182
 79166
 787535
 827394
 979004
 189228
 831858
 557551
 557195
 210970
 273789
 475522
 55584
 60813
 551145
 911190
 594160
 370370
 485494
 69996
 753380
 849464
 625265
 390498
 709094
 998593
 712083
 685511
 428970
 385747
 88341
 905607
 264509
 506839
 230769
 917360
 759923
 232951
 814969
 357152
 113600
 484504
 515987
 434443
 840632
 976063
 304485
 428299
 934848
 758823
 498542
 507186
 546837
 989447
 142272
 799803
 350222
 472604
 835071
 478305
 529282
 946311
 547884
 18705
 845233
 489927
 360298
 297186
 617306
 968048
 41636
 356719
 941176
 283839
 660122
 334331
 257698
 273955
 745170
 52338
 706328
 596384
 735303
 652041
 486840
 128434
 583269
 309062
 614626
 847416
 307368
 670065
 42328
 40360
 615325
 720194
 894434
 993175
 570723
 592026
 966053
 398781
 370642
 298453
 107142
 280109
 810702
 772046
 679300
 447941
 560298
 937201
 333000
 211086
 841927
 127315
 147454
 88957
 325966
 547129
 456692
 192812
 177081
 38520
 508143
 704152
 470778
 781135
 524163
 748146
 229755
 347396
 945659
 103029
 513888
 203438
 5121
 680520
 748596
 502194
 500789
 279381
 796150
 895870
 53055
 787844
 624005
 206718
 630720
 463970
 240315
 478464
 271805
 258753
 241498
 818716
 580374
 29834
 446166
 374351
 403629
 173949
 357741
 529613
 890040
 251440
 632266
 329197
 209564
 142081
 89025
 428640
 872622
 227574
 30363
 906879
 461714
 365772
 72640
 900448
 156028
 22999
 637850
 704448
 606361
 540423
 117445
 892018
 738999
 14679
 193816
 594016
 609916
 842660
 278751
 742788
 384993
 214936
 956215
 514100
 652236
 792100
 288635
 317226
 84040
 171331
 615384
 381727
 36539
 667792
 450847
 765728
 851271
 458397
 747894
 247941
 303306
 795041
 737870
 541778
 428254
 280129
 763918
 154911
 50068
 623051
 322437
 745430
 891535
 601664
 181480
 483775
 659444
 703594
 792252
 968000
 397658
 221996
 901226
 866531
 583235
 186103
 736150
 157790
 610608
 341780
 266669
 40176
 489707
 505859
 450547
 334964
 205247
 387842
 640065
 275580
 210838
 642714
 364312
 121482
 324595
 3466
 778542
 668311
 928296
 646922
 856850
 112622
 35066
 549139
 521358
 815994
 550023
 596835
 809025
 11264
 724351
 713472
 749687
 910569
 745528
 122320
 333502
 112132
 343834
 389016
 916712
 442122
 664008
 892360
 444571
 243497
 109807
 524718
 285298
 783564
 141309
 908847
 552729
 510815
 223710
 475863
 168224
 361178
 899441
 579050
 54926
 469632
 254689
 775681
 995856
 397837
 251198
 788724
 223915
 81519
 608648
 878096
 499158
 336872
 153236
 595746
 139413
 953014
 576449
 637178
 613893
 535610
 67995
 758136
 113804
 488873
 539282
 665755
 410851
 32522
 665188
 819093
 120331
 82916
 538163
 144528
 448036
 418238
 654625
 604311
 165860
 473537
 483772
 188041
 317021
 560158
 852471
 282378
 384091
 668652
 333245
 165927
 290068
 998374
 202466
 329614
 78620
 397873
 768229
 391030
 864942
 45848
 245476
 531615
 200087
 147254
 153635
 127272
 755995
 345869
 679751
 780108
 845977
 860956
 776277
 617203
 990562
 65629
 701453
 270872
 795847
 313424
 709018
 624693
 104507
 793610
 709014
 380197
 982590
 297904
 795021
 475980
 307116
 383949
 920937
 557522
 988683
 421343
 539470
 627533
 596926
 198345
 231295
 455859
 741721
 355354
 76040
 272630
 451302
 792014
 436963
 685390
 354707
 78278
 129373
 129984
 706566
 625242
 697547
 951758
 353070
 356697
 295217
 476503
 13142
 712634
 386142
 76646
 775977
 189042
 945288
 98287
 482425
 764611
 826646
 429321
 799404
 505449
 1230
 230452
 204394
 495153
 313373
 299181
 530141
 513005
 327607
 934949
 469965
 7022
 385906
 417670
 113926
 991519
 700033
 580204
 518809
 115523
 664896
 805785
 998001
 651932
 127174
 733420
 743250
 436241
 709162
 81157
 203940
 434542
 947398
 213957
 507087
 227190
 27934
 670954
 352848
 988488
 421242
 497665
 632880
 665146
 776549
 192717
 8011
 325578
 41379
 98532
 105772
 793650
 241360
 617064
 705851
 824858
 502503
 40518
 620875
 230661
 491744
 472173
 150880
 326282
 672099
 54945
 331958
 949687
 403937
 689737
 870092
 449165
 736530
 800322
 211388
 275569
 99325
 628550
 899478
 42944
 628318
 473436
 794388
 430072
 800795
 564247
 938153
 239520
 806688
 229085
 880827
 532934
 50192
 130268
 288232
 505856
 689779
 139885
 711040
 538491
 341734
 563289
 711444
 90376
 785775
 628563
 778650
 358287
 521466
 997186
 318964
 79545
 745365
 421543
 901294
 177726
 450307
 253780
 693960
 938230
 575738
 389330
 518218
 98598
 624003
 822661
 780525
 587829
 982662
 582542
 595196
 603629
 60006
 325702
 167755
 989109
 559408
 815869
 856690
 878685
 730388
 995433
 209178
 595958
 264272
 416819
 316755
 996290
 59595
 514311
 146887
 378093
 514258
 192681
 236989
 699737
 756948
 967611
 7600
 955543
 223080
 823559
 230120
 950930
 734035
 170894
 168908
 695143
 439910
 676572
 159220
 571687
 80188
 981296
 116041
 242884
 453766
 498477
 289057
 397383
 970938
 946250
 922349
 898407
 573922
 255983
 909096
 449453
 445317
 568174
 27551
 411423
 206767
 517850
 15655
 876619
 104745
 969072
 304079
 171267
 916149
 859727
 385294
 551223
 286219
 330401
 674412
 101257
 456305
 312500
 435440
 190589
 124516
 135539
 61017
 919755
 910297
 111220
 916093
 823484
 165941
 132711
 361493
 953802
 738332
 683916
 535583
 14216
 322124
 249407
 205177
 494838
 293571
 618544
 954933
 116086
 826073
 358120
 615633
 597738
 906621
 820857
 722070
 541062
 890368
 431211
 686567
 378780
 713017
 32422
 815317
 633541
 798012
 561861
 740464
 971821
 360444
 218697
 89726
 645211
 991029
 282451
 581164
 247475
 260226
 225930
 181687
 293597
 81990
 662386
 773878
 782241
 423283
 373993
 684202
 550964
 921966
 499494
 382115
 333838
 707216
 998730
 522051
 225653
 581323
 227586
 158589
 238174
 746774
 108744
 128446
 762041
 341089
 872275
 93070
 592599
 304707
 705501
 861783
 392348
 591199
 321379
 911347
 228976
 657148
 670422
 234518
 161209
 918204
 898795
 325200
 293099
 876190
 162158
 15261
 641509
 473532
 422834
 737690
 691645
 231909
 429905
 67396
 840747
 726059
 749410
 807359
 758652
 661016
 311247
 390007
 280679
 991592
 378680
 601821
 12019
 2319
 824814
 957488
 275910
 454203
 857049
 437717
 321780
 940157
 419695
 886997
 414918
 497509
 793063
 590102
 592023
 850212
 542116
 608815
 590278
 998420
 932726
 812376
 394523
 402605
 248344
 45936
 22241
 102228
 866474
 790922
 861913
 268946
 955131
 996860
 545164
 426784
 341220
 718448
 116442
 554639
 72515
 533673
 50598
 623104
 789899
 152620
 606282
 617835
 692239
 8851
 272710
 171606
 919264
 744530
 773086
 56474
 960460
 245666
 940418
 326693
 901485
 68039
 555189
 148930
 691783
 477054
 209324
 38824
 190969
 17977
 871764
 387765
 402683
 385565
 742564
 418389
 632815
 45064
 536034
 317297
 370363
 755928
 509479
 337891
 936633
 879590
 822832
 218615
 555813
 726283
 993260
 184523
 672212
 600997
 368482
 719665
 853602
 681657
 829280
 128976
 777530
 35119
 755438
 883293
 409547
 162692
 770591
 429648
 540004
 823990
 733096
 560473
 79664
 911423
 917655
 578817
 285401
 510024
 113697
 119422
 799466
 417967
 178407
 431162
 483328
 926338
 635696
 548387
 373613
 930913
 976430
 735732
 194720
 404902
 641381
 785340
 822733
 115065
 862035
 293290
 389144
 188699
 516523
 193990
 793987
 498619
 41598
 130859
 857716
 981958
 308024
 35653
 349635
 412290
 195554
 33767
 537139
 306224
 508973
 980443
 29674
 439958
 634234
 863922
 713159
 616260
 643469
 641348
 235541
 27217
 673936
 684302
 898386
 630631
 413904
 498242
 512371
 559513
 373108
 708523
 985611
 747497
 516469
 751247
 96077
 546973
 541278
 940998
 152089
 820687
 461214
 625778
 66817
 737563
 212476
 404515
 47619
 666384
 496527
 440027
 257541
 131277
 760988
 24334
 281849
 319541
 143835
 223451
 7633
 825960
 811354
 70883
 380244
 224322
 217097
 640699
 306479
 808097
 127659
 459566
 901622
 452901
 446342
 165783
 603720
 450335
 909618
 952054
 167574
 32987
 477649
 482076
 650717
 306292
 932830
 225312
 573748
 447540
 449607
 968876
 446454
 767355
 509849
 33387
 118291
 601545
 920223
 466268
 952435
 830351
 304031
 165559
 717683
 880701
 692225
 635187
 781386
 424054
 185993
 742014
 530592
 738741
 782080
 817515
 319763
 844569
 300757
 230181
 925233
 633952
 703886
 821969
 954397
 935977
 136334
 545807
 80233
 23001
 834300
 837737
 433889
 330762
 362933
 647930
 433492
 471170
 528577
 189827
 451819
 890716
 487161
 554731
 48876
 198967
 150406
 17543
 548641
 952137
 774675
 483025
 802556
 607584
 698262
 150146
 410692
 669649
 252616
 198593
 562721
 521370
 947504
 905882
 395348
 936674
 501549
 313012
 469373
 814340
 177126
 23316
 625986
 366032
 600000
 815008
 165535
 485242
 581950
 947000
 800443
 711107
 88172
 758
 894139
 769961
 561106
 571549
 581728
 361938
 598177
 299771
 658809
 344123
 317959
 105555
 240783
 417070
 679762
 945938
 263615
 321732
 203148
 710344
 646850
 82513
 267335
 755911
 203271
 387961
 133537
 45003
 180722
 11267
 349264
 863103
 853974
 332931
 147911
 525635
 272921
 655
 627871
 176217
 890339
 525860
 891693
 907787
 484169
 862509
 486916
 233442
 111440
 926876
 211961
 788657
 815612
 255276
 256847
 160852
 97975
 861820
 26961
 871626
 46904
 299329
 120283
 736718
 761949
 359358
 730500
 993722
 617432
 886866
 58661
 949109
 876696
 675965
 443715
 839940
 844926
 580367
 759766
 788850
 414461
 837557
 800603
 704553
 836060
 103017
 588957
 372124
 892436
 964077
 585086
 80111
 903825
 460190
 606956
 289037
 807154
 350055
 638548
 171636
 100438
 453407
 490173
 192095
 649805
 181347
 122283
 951206
 38405
 803289
 842615
 70740
 260405
 160675
 514058
 261728
 931970
 655013
 575721
 491928
 523448
 782640
 292525
 414982
 588058
 439556
 750121
 410205
 943312
 413793
 833387
 538072
 701047
 410853
 808535
 683048
 555555
 835663
 257314
 12753
 806246
 352425
 177403
 388642
 830653
 914769
 169771
 879883
 386472
 581175
 796313
 449228
 550767
 478230
 905048
 564651
 963089
 119846
 154656
 311627
 254866
 181558
 727002
 50624
 35587
 567532
 349887
 751602
 141119
 770848
 424460
 917785
 42013
 440716
 347372
 889167
 338137
 675891
 750000
 718826
 646646
 322027
 599506
 339954
 209634
 274905
 230713
 396205
 82058
 223260
 98881
 547547
 714597
 578152
 917191
 251898
 97272
 993017
 428104
 512583
 217597
 557650
 756809
 102694
 507478
 995910
 117278
 834676
 60730
 102975
 734119
 139607
 392650
 42697
 742473
 5853
 334280
 592228
 638995
 166469
 289170
 206632
 277699
 865761
 300583
 823089
 602281
 75196
 41432
 275862
 11325
 153178
 249327
 963832
 830882
 69309
 726613
 915129
 520813
 589925
 473982
 761480
 743269
 211610
 442260
 308366
 384679
 197456
 152990
 734040
 759897
 928613
 928074
 770849
 329508
 925015
 20890
 851810
 943147
 712223
 245406
 930533
 239099
 82997
 20554
 240966
 646420
 190666
 420100
 273613
 114214
 600297
 119508
 335752
 674716
 116605
 193100
 149551
 848920
 447450
 525632
 869199
 285959
 564467
 245248
 101343
 847326
 716998
 192295
 970906
 941798
 973894
 575459
 566326
 151349
 780838
 726831
 408870
 223181
 628315
 706491
 844744
 861609
 586650
 897290
 504250
 277992
 29823
 129253
 700655
 181228
 618028
 320704
 872678
 950877
 774304
 154905
 8625
 491931
 476547
 213637
 355091
 392632
 347381
 777509
 837840
 249750
 779611
 628992
 285136
 398251
 708805
 952036
 774658
 621710
 372542
 960625
 37342
 563933
 970451
 156774
 200055
 248312
 318840
 27159
 987846
 77253
 14206
 582338
 340503
 299829
 756160
 374605
 657314
 546492
 797390
 240220
 860456
 175684
 717647
 522877
 187910
 873062
 583794
 918475
 313592
 432244
 420427
 709880
 335714
 595072
 222805
 145566
 24115
 318690
 526933
 876287
 504896
 158189
 247895
 799198
 105888
 758979
 730754
 128572
 697742
 862356
 961818
 640374
 506245
 107266
 468477
 571850
 162034
 407541
 522259
 419517
 857696
 351671
 418533
 408403
 198627
 79105
 87189
 990785
 935925
 512753
 56359
 488795
 196438
 955366
 437086
 409770
 840002
 252947
 360617
 246724
 476417
 801546
 873949
 597924
 343928
 254880
 982888
 727183
 367167
 787893
 947928
 146230
 711919
 897432
 507299
 572840
 51562
 194166
 869818
 699560
 800493
 886814
 427363
 914371
 4070
 306293
 629118
 408502
 171377
 764756
 214176
 549170
 339074
 95114
 812460
 842536
 166530
 436586
 959066
 862320
 747270
 