7338
 8884
 3949
 6165
 9434
 1674
 4700
 9261
 7333
 8956
 3931
 2697
 95
 7598
 224
 7812
 1740
 583
 5669
 4414
 5598
 9085
 9836
 8105
 4575
 4726
 6342
 6791
 3554
 4672
 5699
 6126
 2613
 8782
 1929
 2159
 8403
 350
 8975
 6480
 6186
 7336
 9100
 1104
 8208
 7874
 9950
 4095
 1240
 9413
 821
 9493
 3436
 1450
 3956
 7770
 8698
 3655
 2259
 327
 1798
 6216
 9036
 1272
 9067
 6035
 6947
 6290
 3661
 9780
 2147
 5662
 7452
 7121
 8630
 675
 2715
 6969
 4961
 5336
 2111
 5452
 3157
 6721
 604
 9173
 183
 119
 1653
 6875
 7448
 6860
 551
 477
 196
 1701
 4964
 1499
 1461
 9279
 