1526
 3371
 3486
 9001
 2490
 8604
 5987
 2837
 6595
 9130
 9390
 1431
 2851
 4948
 2097
 3183
 9840
 1560
 3698
 3146
 73
 2360
 7307
 4933
 3124
 3369
 1822
 1925
 297
 6316
 7032
 4677
 69
 3169
 4602
 8834
 3229
 205
 6616
 8278
 2000
 598
 5658
 5442
 8003
 7779
 7155
 4554
 259
 6083
 715
 2116
 905
 5078
 5187
 966
 2454
 5585
 8680
 848
 7469
 5228
 600
 5151
 6522
 3018
 4093
 8151
 9133
 2158
 1010
 104
 6689
 7913
 9408
 9117
 7575
 6545
 5517
 4192
 6202
 4361
 2422
 7980
 4804
 7548
 2408
 5336
 3815
 157
 1833
 8315
 3638
 0
 4224
 9262
 1989
 6826
 9124
 8820
 