530070
 387808
 91010
 812206
 611160
 955215
 964334
 103115
 120732
 512484
 966906
 995990
 372602
 491675
 898835
 112587
 469828
 823434
 847822
 294003
 251720
 428314
 918918
 802245
 55048
 683168
 445993
 122584
 733310
 827960
 693834
 249155
 730279
 365862
 793786
 209093
 251708
 859121
 452051
 102141
 933563
 499846
 698890
 744303
 574337
 517021
 924842
 130899
 271518
 722830
 59939
 299119
 159258
 648480
 308259
 447481
 839260
 17996
 970659
 249217
 741391
 273598
 449961
 160968
 438624
 987551
 393384
 520863
 658879
 953428
 607765
 888888
 545807
 388166
 26168
 441372
 89361
 849639
 435072
 107163
 966966
 178931
 587342
 330866
 843199
 508555
 102127
 798401
 405660
 655942
 159298
 583272
 325247
 204635
 823343
 541849
 447017
 770854
 599463
 555077
 764850
 418570
 589332
 671515
 834124
 111037
 478934
 846583
 594522
 271105
 273367
 318788
 174657
 244206
 833139
 95030
 994076
 370701
 643967
 213230
 949303
 450222
 343079
 597701
 759069
 848291
 126205
 628804
 754054
 486988
 24924
 90197
 873442
 737576
 244298
 305283
 130440
 103752
 400292
 660434
 352120
 456896
 792285
 182659
 469334
 466684
 859598
 915898
 90461
 183162
 220762
 667552
 730711
 624393
 411093
 117496
 301226
 763430
 732620
 360288
 153662
 411167
 280452
 266433
 668304
 985859
 448784
 319439
 383331
 692730
 540901
 352483
 978723
 568430
 125623
 858447
 732329
 521084
 493705
 346253
 796011
 255126
 835627
 21551
 186095
 716221
 281500
 660428
 130718
 321739
 301199
 95541
 144608
 134679
 999111
 490153
 291224
 761183
 627769
 102689
 511520
 996653
 284732
 100501
 12267
 275496
 246141
 281587
 257325
 285714
 312147
 133333
 715192
 724921
 737864
 144322
 297877
 273203
 913612
 772997
 698076
 355057
 393063
 599577
 750966
 105526
 713446
 477748
 927319
 110079
 232470
 240656
 771089
 940916
 400091
 81562
 547664
 382463
 76335
 122879
 464547
 979296
 475823
 165887
 235043
 520528
 848009
 675276
 178124
 897714
 919901
 266558
 787981
 661016
 314399
 847509
 347788
 175591
 563892
 442126
 796606
 926935
 838479
 148797
 60353
 806664
 714874
 201419
 406528
 985309
 610763
 754356
 640531
 287352
 389117
 257425
 449996
 333035
 111543
 315100
 716298
 849937
 839463
 93278
 268656
 122824
 57929
 594494
 777978
 295302
 256830
 20896
 110761
 257476
 10935
 496887
 480504
 521959
 605374
 644460
 458670
 168435
 600484
 149417
 277556
 991171
 565502
 138469
 215207
 560057
 465847
 984303
 742184
 310548
 597130
 626528
 257898
 778469
 643712
 196721
 793625
 896713
 378473
 637964
 184133
 446151
 494224
 431153
 40838
 716187
 943769
 846961
 376414
 89268
 631250
 171916
 990144
 219365
 524410
 602555
 512963
 458148
 436268
 955714
 10781
 120092
 906440
 680398
 195031
 385397
 742477
 191965
 534723
 577543
 976203
 816591
 632605
 14640
 718162
 984073
 185372
 350857
 463725
 583732
 711521
 219043
 967741
 346404
 530498
 658114
 217194
 307221
 235170
 256246
 635700
 116206
 115641
 506531
 780556
 452079
 955327
 504548
 27144
 602629
 786595
 448815
 777406
 231810
 16330
 428774
 882020
 427433
 492449
 953980
 607915
 850078
 644424
 438619
 359615
 784663
 435664
 829272
 545454
 377912
 514470
 232874
 949015
 840546
 462571
 871119
 684095
 103207
 236220
 822503
 559212
 737034
 990412
 352888
 496785
 796747
 307964
 641857
 858734
 155841
 413707
 573630
 282892
 888510
 118753
 386090
 981961
 800263
 547770
 451570
 242695
 685932
 546564
 858943
 655314
 842733
 384999
 226072
 532463
 96730
 420064
 365712
 515555
 614630
 426994
 952095
 727041
 798516
 299741
 779196
 287506
 660908
 165309
 937879
 774607
 650980
 585062
 256019
 864010
 634049
 445871
 139504
 171428
 516027
 46448
 986337
 319516
 267374
 604439
 548022
 800225
 479348
 986899
 76975
 136709
 637688
 207663
 64191
 414012
 188045
 881191
 952176
 323887
 155006
 117647
 535464
 955491
 816577
 475902
 333055
 249371
 370050
 712963
 992935
 584738
 115044
 792738
 10310
 920903
 147286
 520882
 368189
 692354
 354975
 917676
 510917
 39745
 766345
 550638
 758433
 54344
 225254
 769802
 405539
 415993
 266198
 757691
 791793
 449914
 2285
 51041
 195454
 759089
 155608
 849367
 993119
 715099
 193788
 858323
 426590
 547949
 592234
 511002
 15173
 5172
 448559
 299931
 458149
 804299
 188140
 361337
 125830
 837471
 837718
 708584
 270659
 196444
 536642
 243266
 272216
 22010
 445502
 376355
 137972
 303942
 126834
 769794
 222222
 59034
 774246
 213767
 452560
 422775
 116952
 215481
 57512
 647209
 379814
 239448
 834507
 755112
 368524
 770218
 679363
 618181
 272226
 589630
 997507
 684782
 787709
 206474
 595681
 894640
 933978
 454066
 665503
 454302
 779456
 278352
 843356
 532725
 366189
 624471
 523222
 761867
 282548
 854189
 78156
 0
 449153
 210253
 339473
 791510
 177533
 460805
 446169
 482535
 469652
 555627
 237016
 515485
 819899
 326195
 873046
 726166
 755880
 344353
 149828
 349890
 160239
 694479
 312022
 441822
 38610
 942035
 352498
 280314
 293577
 963800
 681254
 333333
 202093
 53842
 273571
 810765
 713182
 30675
 11964
 861556
 11220
 18249
 353846
 505035
 632962
 454946
 369844
 34063
 92781
 403521
 446301
 82323
 84847
 408948
 312633
 708591
 369794
 127508
 298185
 682570
 485897
 109383
 699008
 446342
 144067
 139186
 87265
 102522
 393018
 265317
 942945
 498236
 46198
 603870
 166998
 247297
 467114
 636000
 507546
 879340
 331206
 644129
 625941
 258524
 314137
 481524
 460574
 239107
 41546
 983789
 197174
 332472
 759878
 45665
 324483
 123102
 366262
 982895
 132117
 466051
 372771
 601188
 576400
 128654
 7879
 468964
 144283
 410557
 637751
 489525
 505975
 732899
 340882
 354477
 891418
 435504
 530411
 64113
 2072
 784701
 528920
 274892
 185257
 471544
 720814
 396527
 738095
 476157
 225763
 998964
 325531
 952515
 386296
 82551
 123783
 152678
 96173
 293045
 931279
 138246
 489968
 761816
 282860
 248328
 665264
 131506
 288601
 503006
 398555
 300279
 570545
 246073
 48609
 161343
 966859
 211310
 190926
 39269
 222550
 800535
 92211
 294280
 65594
 199967
 644303
 493046
 203779
 148851
 778826
 634971
 644353
 587681
 23384
 967325
 858973
 211255
 633570
 188153
 141879
 492487
 714752
 221810
 547107
 250334
 480652
 763995
 265345
 549712
 542773
 253254
 61622
 906487
 489625
 861593
 931941
 110091
 249942
 863063
 985379
 7723
 454597
 16974
 749956
 681792
 53076
 555555
 874268
 536753
 976841
 493399
 758075
 108621
 755375
 554330
 791821
 229774
 284802
 778679
 368552
 971826
 415349
 415721
 54532
 40629
 262404
 489479
 327582
 870862
 385873
 600652
 73349
 23683
 414531
 373868
 614438
 888476
 310289
 520654
 507693
 992495
 696257
 905569
 464237
 72212
 755166
 299725
 890248
 407209
 960155
 239084
 47142
 137472
 463040
 876824
 862813
 104614
 90108
 328937
 246257
 479948
 466334
 619350
 847706
 609546
 892918
 87510
 492322
 136675
 777081
 580306
 243527
 200953
 568817
 272946
 245874
 457525
 450511
 571348
 692255
 446546
 159147
 91313
 663338
 835554
 996095
 86118
 348860
 408805
 142249
 590112
 926444
 508175
 436922
 518456
 127428
 853326
 464538
 834808
 950106
 612499
 39722
 775779
 282504
 261013
 580739
 217054
 961848
 944771
 455621
 195445
 180420
 527239
 945069
 827967
 500684
 819259
 452689
 416628
 324615
 429668
 211931
 747519
 659490
 875751
 265133
 47328
 344930
 232266
 310086
 975216
 105429
 10981
 764683
 125586
 675247
 130974
 765329
 309612
 335076
 664518
 980198
 183588
 925438
 319391
 386666
 133444
 747487
 141528
 417483
 172258
 57963
 354958
 591562
 373498
 300771
 23838
 316320
 260431
 672371
 212806
 797303
 446718
 18161
 205405
 513393
 901549
 510719
 828263
 883289
 840642
 531130
 619240
 730047
 584036
 65776
 768216
 640027
 221724
 751353
 958342
 690122
 182320
 302248
 347315
 41074
 473289
 465087
 835164
 324557
 462809
 318947
 973491
 272086
 345459
 207185
 924161
 22866
 902897
 804201
 231561
 25341
 122827
 975644
 116763
 488233
 341932
 555537
 910931
 154225
 294592
 417670
 176312
 359004
 527914
 793480
 383372
 176474
 502053
 748513
 831688
 41446
 498340
 771812
 985915
 343990
 990335
 108841
 218604
 392001
 906241
 106740
 330042
 837107
 629740
 77020
 496141
 830758
 850511
 722869
 273189
 641262
 818367
 153840
 84139
 119079
 255515
 139212
 315931
 758715
 402229
 961756
 529952
 914342
 394154
 229937
 113092
 181447
 194837
 39688
 267496
 233636
 737113
 6086
 594674
 477322
 524701
 800170
 309110
 214915
 900958
 128023
 978129
 179712
 126328
 528985
 592455
 468105
 163857
 780187
 355923
 694001
 263157
 186356
 406835
 285654
 439005
 249585
 665912
 209552
 614979
 650987
 809829
 452205
 587537
 554140
 63962
 213490
 127113
 299973
 514285
 833368
 742717
 580392
 138904
 141321
 556435
 827053
 168454
 67141
 38545
 748844
 271408
 112885
 411709
 141680
 167949
 793998
 951070
 636840
 111193
 495327
 378007
 661865
 133080
 585794
 750051
 414924
 865798
 149903
 390441
 671430
 621529
 992471
 335229
 600277
 503039
 866529
 85363
 866492
 312095
 521805
 15490
 99589
 101299
 150698
 149866
 914304
 816326
 261492
 550668
 812865
 457479
 870136
 231713
 355915
 381578
 241442
 554171
 432847
 116959
 344070
 403576
 991129
 361607
 297621
 379694
 463961
 324468
 350161
 329202
 684150
 684734
 850208
 804886
 372762
 314083
 590335
 849467
 695845
 380562
 712273
 853418
 290041
 772810
 68310
 154259
 165933
 298233
 747317
 518771
 491066
 635724
 569797
 189405
 157773
 447336
 652095
 110462
 477527
 695765
 740037
 230174
 303681
 574688
 193132
 969181
 674902
 465101
 445454
 427367
 552242
 124943
 242524
 789578
 348118
 765199
 657417
 355615
 507859
 930875
 35104
 524281
 115798
 932666
 249086
 341685
 831188
 158722
 218556
 729387
 777520
 541125
 290379
 306670
 912144
 838253
 97560
 120348
 824175
 480267
 126117
 459525
 737733
 441640
 451674
 870823
 777303
 457211
 49012
 821576
 498750
 925573
 221917
 900373
 312930
 851974
 241966
 686330
 448143
 603428
 653040
 745137
 483451
 311091
 946096
 947891
 163399
 325121
 356940
 810734
 534134
 804827
 280778
 468784
 68477
 650440
 630857
 950507
 291126
 946726
 381936
 282835
 938351
 623110
 259935
 899222
 404075
 330784
 631760
 867394
 949800
 240684
 542369
 665094
 334165
 721257
 373281
 422984
 30769
 223838
 520070
 544925
 691556
 119359
 209170
 235060
 888581
 975276
 541448
 224750
 197354
 385086
 361561
 608158
 570272
 472527
 318373
 766189
 31260
 142553
 145511
 956823
 964253
 914473
 793796
 562739
 529411
 337505
 793660
 827160
 537240
 847290
 430800
 456813
 226144
 421310
 12805
 552020
 442031
 404676
 984090
 675464
 906659
 451681
 937851
 193256
 76622
 879902
 127501
 284996
 328646
 630768
 321084
 912021
 445070
 534936
 663540
 561233
 680863
 875069
 511400
 466617
 861923
 253345
 684602
 6659
 33285
 980797
 276363
 912280
 897603
 732545
 912847
 168724
 998485
 362218
 944598
 80383
 484586
 533923
 520106
 102220
 471038
 899082
 875157
 707499
 507646
 725660
 417060
 10381
 947372
 422152
 312698
 436147
 607809
 427549
 231497
 550079
 600944
 776307
 372781
 684245
 708487
 213299
 270103
 270308
 707103
 657848
 964493
 184424
 821270
 429961
 929622
 354216
 435220
 138738
 242643
 710337
 965616
 199275
 639828
 473605
 676456
 988857
 16059
 376013
 475434
 212734
 287020
 565279
 849902
 963384
 510204
 644865
 683624
 556451
 211194
 717293
 963498
 960538
 284111
 24963
 248817
 351297
 526315
 995902
 873015
 965667
 304243
 548475
 409818
 145014
 121648
 514041
 176300
 74460
 638073
 454336
 106248
 993337
 972848
 669555
 621145
 183510
 675745
 625386
 170153
 83515
 150933
 249017
 43030
 691145
 525981
 345597
 761534
 798175
 493289
 195681
 654504
 489172
 280690
 104526
 304430
 929364
 321
 205111
 613141
 948480
 644793
 808777
 149628
 644849
 700126
 14046
 24329
 530329
 746077
 359044
 323575
 671373
 335754
 404839
 42349
 93251
 768014
 744425
 169924
 551830
 865320
 364705
 867416
 230371
 646813
 974561
 228290
 31554
 455887
 716619
 586738
 998698
 662264
 771551
 47619
 353177
 192864
 413793
 52581
 416527
 697837
 923050
 930032
 114522
 392814
 761467
 447007
 77181
 374223
 118570
 260146
 556541
 886167
 676889
 754766
 504317
 611998
 627382
 785405
 203516
 655512
 710678
 83213
 677069
 878501
 979333
 133430
 55169
 78453
 508218
 834840
 712564
 146447
 564937
 311310
 161472
 424999
 932893
 444253
 161227
 584071
 231516
 638408
 523576
 641938
 818353
 507280
 223816
 931951
 135547
 394285
 438917
 293966
 17846
 717457
 259081
 406595
 225542
 598464
 244789
 788764
 856979
 334297
 360185
 920233
 948634
 879669
 99445
 33172
 207505
 640594
 893639
 244036
 358943
 83379
 282546
 399925
 543238
 954954
 910153
 690542
 168716
 761684
 956655
 458449
 585931
 534563
 251599
 79786
 140899
 814758
 33688
 455085
 349470
 932569
 285514
 291980
 173015
 289735
 207263
 926389
 424833
 136902
 999002
 824845
 592976
 602726
 438178
 848330
 948842
 485145
 269023
 402301
 400324
 346338
 763987
 392629
 477341
 542409
 441065
 821314
 218921
 935833
 578947
 333717
 179431
 413656
 276252
 529119
 279818
 403607
 421857
 98100
 625192
 733826
 801249
 52516
 228817
 536383
 228075
 454140
 981201
 362235
 254976
 800845
 861990
 759962
 801973
 286096
 31420
 314442
 446697
 557544
 776645
 189896
 423856
 724744
 651324
 591155
 705803
 711729
 60913
 604785
 109305
 19322
 74258
 931479
 577195
 520222
 556440
 861495
 141114
 570920
 891019
 193729
 131817
 888375
 293712
 310625
 405034
 537283
 76900
 308641
 635321
 329590
 939831
 792909
 442428
 286425
 197701
 623125
 65161
 760717
 968590
 970687
 872807
 926143
 992758
 167637
 269565
 856698
 88175
 477484
 576636
 870421
 969053
 959315
 412232
 808680
 323149
 887550
 552978
 788769
 876597
 125788
 793935
 49725
 105592
 675105
 12361
 254881
 187987
 979843
 798571
 965387
 129749
 614418
 103849
 134085
 578295
 141781
 984795
 155251
 638430
 365657
 874579
 915015
 861189
 63839
 661386
 452867
 577959
 868476
 635768
 640406
 654533
 126286
 507536
 931377
 33079
 211801
 15429
 529979
 695206
 871287
 239467
 214344
 951672
 833465
 743923
 523050
 978561
 372855
 235785
 963038
 886940
 718334
 698824
 601041
 903267
 707905
 457519
 211979
 116549
 895292
 3516
 980497
 82554
 654650
 397159
 266431
 938514
 238877
 321218
 77288
 614511
 809114
 578829
 610172
 12961
 806780
 792874
 755027
 550840
 754817
 184732
 7774
 830663
 991094
 639175
 168064
 603810
 849914
 868586
 825419
 501915
 314024
 631880
 368365
 326207
 795035
 877777
 335878
 981048
 762732
 471059
 252204
 219292
 554501
 463806
 213783
 510903
 902965
 632516
 81210
 996266
 32860
 536454
 44019
 171456
 179300
 975468
 756481
 270342
 633130
 941231
 137214
 254479
 972258
 677008
 766289
 435473
 729963
 637483
 998467
 923492
 946666
 9785
 390987
 947282
 940233
 302952
 240463
 67932
 309358
 770021
 356454
 428630
 827375
 711893
 133778
 594603
 115830
 543842
 130822
 776864
 923255
 624883
 516066
 283625
 752544
 811768
 87538
 796705
 981028
 274642
 928041
 680987
 83165
 153200
 894700
 376041
 9764
 597629
 824246
 963761
 728271
 549945
 493568
 618556
 715532
 7984
 697183
 845590
 689161
 910077
 354492
 587082
 508104
 491467
 721396
 300938
 880779
 884772
 167444
 271897
 335588
 688271
 478238
 933214
 19697
 356333
 142464
 891343
 55555
 498841
 128987
 816046
 868927
 866677
 537127
 192560
 706429
 794204
 805405
 541005
 450266
 290631
 836740
 21642
 691343
 116226
 26495
 176880
 728698
 1315
 317953
 284135
 50962
 494989
 464520
 227350
 237969
 162679
 876434
 604501
 208791
 861390
 553516
 437919
 920620
 246297
 447421
 875338
 208885
 667532
 276086
 425742
 644161
 69966
 35844
 232239
 663544
 373139
 419567
 476624
 223130
 346774
 118482
 652173
 877407
 825321
 332296
 165186
 28571
 266029
 162118
 309684
 894546
 893861
 704043
 494243
 975391
 913043
 414023
 488998
 325191
 884258
 434408
 93420
 453751
 281437
 385026
 325733
 820003
 180828
 497250
 947384
 836289
 109700
 735665
 651065
 644134
 485390
 557377
 599561
 922767
 312939
 996383
 378695
 672765
 324184
 737884
 887190
 29593
 985543
 779876
 109816
 470395
 569471
 551410
 225003
 320596
 847116
 662952
 403497
 620317
 519061
 535584
 101400
 968196
 403155
 571495
 138359
 383656
 705483
 357384
 130556
 90812
 43978
 376769
 446922
 868083
 425203
 775950
 396721
 378263
 281656
 361874
 356030
 136274
 431659
 585631
 61135
 78065
 621230
 24652
 774155
 987275
 542644
 833333
 534835
 241912
 177601
 11171
 170685
 913818
 518847
 818016
 447124
 562010
 102249
 647341
 27560
 125622
 477473
 788336
 16949
 671619
 610775
 824396
 553455
 322428
 430338
 794795
 508191
 380512
 179532
 625920
 708816
 919131
 507396
 231001
 855108
 285330
 489410
 936980
 44398
 85786
 810482
 905458
 887963
 576810
 412687
 308736
 698552
 754021
 617310
 407361
 475763
 376199
 317073
 535166
 531612
 463896
 170731
 195621
 363636
 269951
 285528
 899024
 926353
 760135
 962867
 482171
 243503
 760015
 89606
 577779
 432173
 274944
 725409
 816540
 658160
 253777
 832854
 443712
 363515
 709388
 823762
 231995
 842095
 605237
 143122
 432983
 902027
 741567
 686664
 771806
 70681
 25174
 463625
 530492
 224229
 95630
 71465
 661721
 662204
 370548
 4993
 856695
 253545
 342268
 229059
 550021
 300912
 93869
 151212
 157683
 289701
 175429
 855010
 948462
 548672
 590541
 75791
 814705
 623010
 574313
 223883
 594031
 395925
 367549
 277813
 878677
 422617
 978085
 593019
 240506
 739710
 269087
 817944
 897201
 452657
 532216
 552625
 464425
 484768
 856095
 220443
 498084
 855460
 755985
 453865
 879498
 100006
 357779
 44025
 699281
 661710
 872673
 586806
 308442
 300711
 886275
 624113
 201241
 47175
 991672
 41563
 901190
 265734
 37237
 38671
 96019
 355681
 664739
 739987
 349469
 475301
 876228
 368858
 710059
 649130
 104405
 453254
 431848
 7354
 585461
 67265
 164531
 152165
 154558
 449222
 977425
 505980
 6449
 358192
 112303
 619903
 370869
 67260
 501068
 441406
 313043
 269726
 753429
 30058
 4572
 120224
 227807
 143706
 413902
 7957
 835250
 997505
 732992
 491725
 615140
 617737
 588045
 968485
 828466
 260966
 639089
 805175
 662313
 272892
 434354
 737161
 12954
 915779
 966280
 665486
 806321
 702329
 220822
 292429
 232032
 994616
 997959
 482319
 153144
 240193
 815437
 527587
 242165
 418318
 664528
 197662
 740486
 949620
 132953
 712617
 273246
 888740
 729314
 249380
 826821
 193948
 140221
 286788
 471887
 87993
 205795
 927746
 639559
 626248
 718217
 969696
 22139
 484216
 289876
 231762
 318232
 402409
 415068
 479338
 495471
 809967
 447878
 65917
 485714
 133567
 398362
 677969
 925335
 10009
 989040
 119120
 339647
 521541
 255332
 127228
 262448
 33250
 690887
 999738
 137721
 934759
 918994
 617489
 288250
 32221
 388735
 336980
 280487
 560824
 596881
 602339
 32890
 228099
 767202
 303441
 916923
 880166
 529547
 351814
 345819
 428733
 711499
 634727
 675161
 372514
 881392
 766041
 600938
 994459
 74136
 694408
 314121
 530315
 578733
 139399
 207780
 873090
 661571
 372053
 346384
 894080
 463583
 261259
 907063
 227699
 169991
 9116
 599315
 525427
 874101
 393952
 459515
 671126
 315859
 210142
 814835
 79061
 319750
 533765
 628160
 186729
 594558
 289945
 710582
 44252
 581761
 20223
 824562
 622907
 306357
 278490
 382230
 877622
 701624
 664997
 613476
 795309
 910224
 782791
 982360
 377182
 548487
 4876
 140845
 367765
 467371
 159043
 295169
 260690
 823285
 976721
 57722
 269962
 132268
 617317
 469175
 268613
 626447
 922878
 611223
 323452
 116792
 537496
 250016
 613401
 277243
 507048
 687500
 233819
 429891
 802707
 331
 300248
 659182
 126109
 346008
 344755
 787989
 567059
 72219
 99220
 691329
 479552
 467603
 75215
 901768
 687303
 439175
 185080
 529715
 66839
 126436
 551168
 687822
 808221
 17605
 608763
 595438
 27788
 923823
 687950
 141371
 875997
 757413
 737236
 76659
 215382
 616450
 133319
 987163
 450083
 272403
 553926
 205213
 16224
 580139
 223532
 40581
 361445
 626804
 21932
 142857
 314477
 174950
 265848
 490197
 523270
 649046
 822966
 111580
 976899
 100604
 552975
 429810
 220083
 867256
 531971
 462623
 773769
 335933
 728406
 410762
 233834
 958710
 40269
 811097
 736630
 499916
 815183
 394636
 713153
 607966
 36871
 311685
 147487
 95616
 495197
 34730
 875074
 570347
 498388
 917836
 513868
 870343
 574051
 385144
 797369
 132769
 954924
 623127
 376994
 340000
 171938
 196784
 687378
 680542
 180059
 623953
 181750
 252973
 53273
 968152
 104113
 975545
 297274
 852595
 559754
 234832
 670581
 391229
 94313
 866970
 636804
 560975
 959284
 117348
 373216
 830550
 575539
 484593
 185138
 908324
 445519
 568081
 597827
 992770
 12499
 877213
 336341
 427909
 809812
 572762
 686269
 266358
 747742
 967370
 611290
 58040
 100000
 453612
 395178
 136103
 270884
 112245
 26609
 958762
 697297
 777867
 935414
 863822
 532867
 514966
 905923
 699253
 689655
 669264
 572296
 565876
 367292
 423167
 473481
 109049
 427280
 383406
 616109
 911669
 373158
 379120
 873417
 111190
 74626
 794323
 347417
 788661
 229244
 206409
 181832
 990441
 776740
 478945
 21376
 783098
 542833
 383052
 103225
 235929
 564673
 580973
 219327
 772359
 153063
 342783
 435452
 161249
 747939
 21454
 333368
 443420
 369127
 738299
 756707
 733815
 537975
 760176
 22781
 43005
 498969
 788292
 82030
 872113
 820415
 8734
 105263
 489686
 402684
 73469
 887197
 133889
 91692
 377700
 316367
 682148
 801567
 831061
 869621
 540395
 791461
 86923
 961668
 410169
 416455
 479307
 228819
 445843
 56746
 857097
 816277
 33134
 407512
 532825
 184321
 978966
 314368
 927217
 605120
 48680
 325388
 97409
 19332
 436317
 777179
 461348
 662883
 515317
 611453
 278106
 918457
 24975
 195112
 472636
 561338
 617652
 96803
 272176
 448026
 454545
 965601
 695121
 20415
 42304
 964641
 597655
 406999
 799376
 124871
 447205
 424242
 34049
 984407
 722708
 989159
 95274
 612484
 695623
 195690
 618093
 527382
 419341
 506691
 829643
 913663
 377805
 158252
 238832
 532488
 78564
 205305
 55606
 348440
 897075
 528386
 511129
 499521
 404061
 855855
 113456
 90314
 246447
 986288
 861727
 598893
 19092
 801526
 464982
 990655
 656157
 68697
 68078
 836643
 684587
 128138
 381186
 24170
 424618
 968508
 451792
 76923
 822632
 870577
 136768
 683760
 727051
 700478
 64626
 844920
 160107
 887920
 513859
 401655
 27349
 912631
 526176
 593300
 43729
 957569
 521064
 44568
 334996
 545340
 207434
 875873
 728580
 190201
 199257
 645323
 231253
 692763
 47919
 381678
 957437
 29098
 35899
 799529
 290793
 540207
 418327
 698927
 794763
 194560
 331114
 399317
 255549
 581776
 511008
 307469
 391480
 568668
 782244
 837665
 768456
 767899
 98494
 984069
 565328
 36080
 67098
 65207
 754634
 709892
 591234
 574649
 323809
 391130
 231003
 43209
 760598
 577229
 69767
 934189
 215979
 614572
 889013
 777645
 101507
 1153
 18427
 75512
 584086
 570008
 550983
 968008
 772472
 723830
 634525
 336569
 277741
 359861
 659565
 620626
 223944
 512677
 959530
 963663
 824834
 265923
 432746
 941599
 690981
 574566
 37423
 196338
 357941
 234740
 927207
 965046
 379687
 12492
 317791
 978178
 979919
 264067
 564623
 590529
 638189
 789173
 47600
 148374
 266879
 134327
 436038
 105068
 467885
 245523
 468623
 313308
 468497
 351961
 513148
 279297
 595608
 820039
 476059
 70921
 157521
 37315
 895307
 45936
 867881
 274099
 24365
 129685
 843218
 269662
 775578
 531589
 119072
 480242
 939779
 415510
 515472
 19186
 531089
 649080
 710940
 599999
 167141
 236803
 812493
 417400
 490391
 634765
 777385
 772012
 697412
 51612
 790123
 694988
 129346
 253624
 780275
 256108
 777320
 717314
 105589
 52878
 976332
 645662
 300119
 834526
 379194
 707531
 202153
 6543
 328348
 551424
 865234
 920331
 648464
 489095
 516707
 838487
 141628
 687871
 389654
 138751
 798442
 486852
 360705
 266061
 623906
 122807
 227476
 442189
 479861
 896886
 942340
 762278
 348333
 704306
 445
 509986
 576093
 55730
 264522
 721654
 911280
 137143
 50522
 502315
 738373
 736666
 286107
 869482
 241615
 241788
 35316
 313711
 745178
 504259
 47683
 560836
 822516
 425645
 970764
 89043
 897777
 188235
 596610
 999850
 737015
 579005
 907875
 435691
 273394
 884794
 906804
 431820
 832900
 79256
 59020
 595959
 524313
 562864
 25625
 879122
 551139
 945204
 337573
 557181
 308786
 282853
 701651
 998278
 911074
 562166
 750087
 821826
 544109
 246214
 235688
 510264
 19824
 942879
 789236
 98816
 189121
 840878
 444658
 319194
 846930
 886290
 203773
 315205
 349134
 232709
 311123
 619598
 843828
 123482
 54808
 186444
 844740
 694269
 188232
 129345
 441711
 429525
 476510
 135656
 725080
 874058
 413629
 893455
 13757
 488545
 259668
 755799
 176605
 817416
 512522
 929434
 588422
 956141
 401792
 742974
 211651
 672170
 620871
 419263
 593785
 678784
 887515
 948186
 371161
 223892
 263032
 571118
 842068
 806720
 793017
 10161
 408857
 770706
 537444
 930594
 97662
 550301
 39289
 580477
 462511
 296320
 784507
 167400
 346356
 42193
 704649
 498493
 160170
 293155
 278676
 4059
 733448
 884848
 847926
 879241
 594053
 187004
 891172
 122368
 790940
 981047
 98775
 661971
 340314
 846132
 471620
 233120
 486655
 614690
 803343
 337780
 443379
 361911
 739670
 421548
 684948
 502567
 845885
 754609
 81729
 255880
 892516
 40470
 943279
 879767
 641810
 463768
 305427
 671165
 608787
 414593
 320868
 476175
 163984
 708428
 785028
 624233
 757652
 290917
 165618
 116351
 759061
 984424
 672094
 790328
 379456
 805237
 880217
 120939
 835329
 472123
 618895
 76938
 917205
 523687
 968609
 282843
 224849
 606010
 198316
 34488
 746192
 30395
 983192
 950047
 452380
 88467
 955530
 290723
 143352
 645802
 820081
 33122
 730896
 269373
 224066
 178436
 410351
 183758
 431458
 68955
 684906
 734403
 33848
 375916
 291398
 74600
 504091
 165178
 82811
 462272
 53145
 372250
 842590
 564168
 945480
 236620
 379227
 292836
 735433
 948676
 485061
 82926
 997848
 122959
 946612
 575182
 60606
 415772
 55045
 175484
 720081
 664485
 348767
 669498
 82890
 890295
 459283
 514367
 900024
 831292
 277640
 260261
 595194
 229578
 23171
 939501
 9100
 428884
 652012
 4122
 477975
 91572
 664657
 185567
 832209
 982645
 985699
 341993
 504968
 772344
 840538
 933668
 124447
 105963
 655221
 349230
 587840
 142901
 27265
 592529
 478123
 635990
 606360
 766635
 735859
 265450
 846689
 272035
 935453
 872985
 127999
 772580
 587583
 903846
 678647
 505985
 643690
 222521
 961051
 215052
 688977
 498406
 144048
 627134
 256576
 267233
 418300
 240748
 857742
 815279
 649091
 423867
 225955
 241509
 355964
 470119
 212454
 764581
 375278
 464747
 914932
 362890
 29532
 977781
 124196
 698244
 956503
 730819
 772130
 121183
 551082
 559970
 230483
 891102
 909371
 608611
 623533
 843236
 714121
 818297
 778431
 968022
 508429
 341704
 721868
 261951
 519000
 77093
 951403
 457807
 500617
 736526
 469863
 704427
 708912
 491573
 432197
 941072
 784364
 67317
 577437
 614394
 469026
 338864
 286404
 567113
 365998
 715745
 755038
 672424
 871293
 843450
 316567
 213628
 806430
 874133
 826529
 343537
 317291
 40077
 454395
 578926
 185934
 151071
 292118
 463383
 948891
 925266
 29696
 57887
 722244
 574664
 949676
 690686
 685175
 194731
 248762
 421897
 959507
 591152
 871852
 462994
 655453
 972285
 830985
 698649
 778781
 597730
 657986
 137336
 350
 99361
 833154
 793974
 35714
 455740
 580141
 380914
 296061
 467592
 764468
 695214
 365019
 734105
 171799
 211515
 72567
 518122
 476313
 404168
 504778
 694656
 530185
 430404
 112144
 72035
 192431
 606273
 567704
 90353
 139319
 127613
 282508
 858854
 485466
 859917
 252618
 198247
 38926
 741061
 731480
 294448
 400121
 87728
 404989
 919488
 138812
 709377
 888524
 146250
 838150
 703880
 984796
 627534
 441056
 207908
 913072
 732537
 551724
 813724
 139109
 851456
 866089
 601166
 404157
 620521
 438932
 188182
 710956
 445980
 822962
 338544
 55718
 310296
 472402
 986194
 712230
 666666
 364296
 722048
 965285
 139139
 493141
 464932
 450819
 393231
 908616
 930563
 366129
 251162
 332766
 140311
 498266
 504683
 490021
 971068
 175824
 356679
 181975
 757302
 614942
 52710
 595889
 306226
 974789
 812873
 843174
 445658
 32252
 282519
 289797
 195921
 706064
 101458
 936170
 466453
 608886
 498923
 717478
 412906
 371725
 822856
 433799
 397735
 137211
 184713
 824029
 674681
 736725
 176898
 338269
 24537
 547694
 556895
 263541
 251824
 318140
 673932
 812365
 763383
 604756
 646812
 802135
 224929
 316171
 469571
 267860
 574468
 192789
 817807
 409873
 771351
 29342
 218615
 363986
 695485
 614730
 231860
 752805
 194418
 433451
 368781
 801836
 369516
 313811
 216310
 372623
 191189
 770400
 649226
 494150
 25907
 896027
 458604
 84712
 403531
 739723
 823608
 94502
 758102
 890592
 202432
 878694
 253072
 458080
 380145
 952776
 130630
 776834
 746492
 56199
 989887
 337247
 994240
 104243
 864334
 798101
 206246
 584931
 98909
 31224
 537085
 344062
 142808
 585923
 222410
 307663
 193356
 524353
 64925
 196563
 649042
 242929
 81066
 328016
 47201
 355778
 305193
 763735
 346801
 901677
 563161
 567261
 400421
 343545
 533771
 677256
 717802
 803666
 297261
 265479
 93324
 249969
 847893
 47759
 676279
 521366
 291001
 288073
 261220
 747227
 281736
 515966
 420103
 39408
 166609
 476692
 879601
 704721
 12165
 201100
 196492
 695537
 541781
 279260
 827188
 33626
 484811
 611889
 763716
 929959
 35981
 853295
 183087
 717771
 647955
 515230
 419054
 758013
 810031
 421040
 789286
 553617
 366562
 61405
 350121
 697819
 317054
 506960
 849169
 529429
 328921
 383293
 894141
 704906
 393639
 653886
 957539
 230011
 226476
 15562
 914606
 31914
 719805
 137583
 10315
 207155
 625036
 708860
 681748
 79875
 241545
 256631
 231316
 747353
 843620
 393066
 186206
 701411
 677257
 641236
 503966
 84644
 708316
 373626
 146523
 527481
 66623
 262127
 847207
 926344
 357064
 658664
 736518
 284706
 306592
 445620
 217242
 983207
 53298
 104953
 746872
 643423
 176640
 187118
 612826
 534059
 982340
 834316
 110322
 466515
 358053
 855853
 541076
 209906
 89398
 606593
 174748
 624338
 220196
 411920
 56916
 818587
 372795
 932055
 960225
 880748
 773633
 50523
 554234
 588928
 403716
 868256
 479029
 965707
 443149
 99527
 880284
 747247
 303703
 22653
 274747
 553279
 837746
 63663
 56386
 477321
 445986
 867267
 238557
 599053
 481820
 97550
 528401
 212906
 140071
 707400
 991799
 568900
 506538
 862344
 177255
 902912
 912511
 937027
 600924
 194891
 923988
 683261
 43465
 268727
 773879
 692836
 423091
 294476
 386906
 877434
 548274
 660706
 244832
 405395
 861355
 68633
 379169
 827611
 69250
 556786
 275591
 163577
 841628
 601914
 211031
 775862
 522521
 959479
 776815
 417480
 942101
 707580
 568698
 781942
 94015
 140286
 726822
 958766
 271180
 998683
 267821
 432044
 891558
 801493
 582264
 666115
 153559
 786867
 276560
 14598
 478550
 852298
 825409
 744323
 543827
 526539
 665361
 296427
 196504
 780044
 3211
 147911
 39226
 205058
 197519
 865033
 425793
 220602
 8727
 340257
 377233
 251897
 719160
 41383
 299742
 743119
 712550
 935584
 175635
 133434
 960019
 200653
 620715
 138339
 220617
 12582
 849602
 730856
 470320
 267685
 809735
 131206
 153153
 596354
 599374
 341200
 368134
 545674
 619730
 681564
 836979
 620306
 714595
 511700
 497769
 905013
 636156
 238861
 50764
 943374
 220573
 307439
 964832
 741379
 861813
 80569
 138554
 120459
 541169
 202776
 293107
 670610
 304645
 640836
 581597
 366040
 23006
 897858
 614742
 692393
 418794
 657871
 148929
 228575
 443768
 823312
 82974
 46532
 225721
 529297
 264202
 906792
 278657
 423933
 437632
 955693
 1727
 79584
 69087
 348239
 264403
 634741
 200648
 277407
 319276
 770749
 884051
 639246
 457212
 351408
 437408
 69227
 404627
 676709
 748764
 864578
 841055
 789270
 942796
 333575
 21056
 36445
 862501
 766032
 263665
 465484
 845588
 962264
 402749
 608059
 457270
 115781
 603649
 226319
 316795
 827881
 160263
 42033
 494638
 331995
 801315
 218776
 809260
 356898
 729360
 355020
 304885
 885890
 247758
 971835
 746139
 783587
 151291
 234610
 680911
 460640
 6481
 421265
 840022
 374065
 834039
 499308
 867104
 964791
 895457
 6144
 212330
 21772
 473069
 681723
 901876
 746698
 439413
 779579
 844264
 396907
 448275
 590780
 244617
 860869
 30362
 774260
 431337
 262938
 51869
 96888
 624024
 966155
 424657
 702661
 950945
 140296
 858059
 565348
 74399
 341559
 866293
 619067
 598087
 686200
 990759
 617817
 485924
 54474
 427273
 22898
 34066
 796293
 716174
 488035
 156713
 597802
 998653
 106393
 942233
 558323
 424737
 821187
 324618
 470854
 364465
 888658
 324599
 386617
 277697
 60189
 683360
 450414
 862061
 555145
 619554
 808033
 241689
 247073
 855785
 425876
 975284
 400146
 820167
 694295
 784470
 111723
 516242
 35558
 262499
 683377
 723806
 342412
 776730
 419672
 108160
 741093
 261060
 194321
 475773
 210746
 252579
 925907
 497394
 32933
 867195
 789943
 973004
 960053
 470165
 14469
 901071
 976155
 967689
 126715
 22179
 920388
 49806
 571807
 705651
 451767
 559262
 626333
 716674
 633050
 365516
 325937
 605212
 734648
 971529
 658236
 633237
 866680
 681171
 798357
 535435
 240083
 574825
 487119
 141562
 256244
 770634
 22471
 572441
 175070
 275988
 844328
 911113
 126412
 434496
 335745
 508257
 89791
 360696
 551923
 527222
 970843
 943918
 846578
 316426
 260781
 196539
 70000
 347554
 943221
 130190
 100093
 43770
 825564
 359393
 404065
 400000
 440767
 713609
 396169
 872584
 570694
 305111
 12903
 553762
 319399
 118637
 678181
 302995
 939372
 945811
 902023
 709585
 765310
 400143
 345528
 700387
 967802
 670819
 807666
 349065
 890068
 408132
 986289
 287396
 954691
 519848
 354482
 62126
 172017
 246725
 868630
 543075
 893965
 185047
 876272
 334085
 548185
 53014
 343357
 360471
 658654
 650992
 20124
 604403
 61750
 251941
 408218
 654907
 654072
 485207
 741558
 350932
 707379
 135872
 902383
 406355
 868193
 58488
 521794
 573049
 551893
 538614
 599707
 61284
 478793
 690014
 773831
 30786
 412905
 678552
 388579
 913305
 677992
 709740
 844694
 619695
 74466
 100192
 991857
 764705
 994334
 998433
 125195
 801273
 708463
 810111
 758595
 610457
 392323
 242029
 334321
 238923
 494583
 358621
 573850
 649108
 303308
 615749
 577571
 245268
 518532
 858097
 278779
 611111
 826453
 416656
 115578
 33988
 719141
 604831
 307386
 305248
 351958
 630215
 679197
 858244
 869018
 713790
 64396
 91239
 452129
 691692
 750902
 493423
 718600
 509850
 493865
 790708
 139240
 743992
 707639
 39484
 812531
 285365
 510364
 311571
 355516
 993354
 122404
 400668
 491803
 880708
 69167
 703772
 305240
 458263
 637480
 240313
 238872
 994557
 708497
 445279
 338154
 114607
 897332
 691594
 891434
 778819
 557746
 600683
 739563
 52925
 27553
 994095
 473696
 575706
 734260
 85353
 413984
 620004
 895043
 887199
 742133
 973325
 580468
 814578
 606250
 255924
 870821
 439114
 743306
 823747
 186475
 450040
 542780
 203749
 800813
 360710
 165699
 82466
 734993
 809671
 735888
 482959
 431784
 155538
 437307
 57405
 156
 15960
 868395
 526654
 611879
 321112
 486143
 95966
 742367
 13844
 270716
 554688
 212798
 599498
 204490
 156370
 80741
 697018
 255017
 763619
 602805
 864896
 532382
 133728
 805676
 667100
 266021
 481209
 506748
 216595
 976984
 297363
 475747
 870412
 559582
 63102
 112148
 587898
 838328
 9914
 582755
 865710
 347251
 193055
 646153
 361814
 677052
 501606
 804568
 891061
 332555
 671544
 175664
 314285
 294915
 419834
 246018
 696540
 144820
 519600
 433519
 789732
 732926
 487440
 501907
 208229
 398821
 568518
 20070
 858066
 664189
 503015
 152204
 886268
 312907
 869197
 309642
 274598
 355968
 884021
 95042
 670150
 368580
 593919
 629223
 366186
 751312
 418575
 224830
 571859
 200000
 59468
 486206
 204527
 363494
 280775
 336768
 747385
 296506
 770499
 733343
 515143
 742620
 412024
 973944
 648839
 940215
 980323
 894249
 213864
 108228
 669999
 394967
 552380
 967861
 739388
 537475
 917734
 867403
 104906
 14662
 968801
 624305
 143905
 841163
 513201
 428383
 562003
 358863
 390977
 199216
 736734
 995728
 624472
 318156
 302088
 927060
 791131
 371346
 986134
 159085
 519899
 894124
 743476
 664480
 193608
 63086
 977031
 362381
 122397
 406344
 570966
 737556
 476830
 660773
 213875
 828029
 687601
 724413
 897226
 179116
 639794
 362204
 501743
 517858
 351820
 500330
 378986
 784779
 97050
 297012
 404994
 747381
 541105
 6962
 862366
 88750
 973815
 465925
 79397
 893115
 646124
 300232
 98625
 908858
 656050
 831238
 197966
 328778
 713330
 561137
 861937
 943584
 421176
 903218
 429148
 698960
 909269
 993806
 111568
 407387
 608171
 316248
 33894
 216966
 952433
 961640
 53348
 109380
 985227
 364250
 163597
 835106
 902328
 745529
 905774
 792906
 578201
 16677
 444179
 30341
 530191
 581531
 526102
 140503
 695207
 839061
 476243
 575338
 535986
 471022
 803460
 926238
 547669
 16997
 956947
 105634
 890552
 984814
 763193
 489539
 862451
 268424
 110134
 718238
 627199
 550802
 348166
 761026
 895793
 563443
 383760
 393939
 844380
 605444
 354509
 91363
 509060
 642496
 451645
 684272
 304427
 769097
 181709
 71185
 629344
 112328
 790038
 252100
 471626
 582702
 944003
 770695
 641682
 713809
 203862
 861611
 361370
 819005
 109052
 548978
 648165
 526802
 655912
 19110
 619413
 853180
 553272
 522902
 719360
 745655
 51034
 206090
 775885
 697208
 80047
 526725
 873004
 469852
 87711
 624085
 445105
 279129
 825464
 601996
 706374
 39610
 35052
 195691
 63999
 288458
 805744
 856036
 703877
 731426
 879954
 464251
 258032
 592717
 575757
 809523
 385171
 422362
 713606
 211817
 575956
 624786
 514959
 575960
 458840
 79556
 664328
 346853
 977176
 712464
 469458
 235251
 158737
 706074
 999366
 591183
 823913
 762966
 112242
 485225
 718824
 836301
 585974
 860501
 762886
 637523
 561920
 486901
 391478
 979591
 776779
 443850
 151817
 390158
 475968
 573806
 552305
 93922
 421989
 956942
 969539
 657082
 460390
 531101
 162959
 339961
 355425
 660962
 193753
 528107
 305032
 750000
 426998
 418751
 336541
 829286
 719444
 496430
 206890
 553814
 188455
 443607
 618433
 140583
 845901
 328330
 833877
 969579
 298722
 286288
 411461
 720080
 131366
 477083
 289632
 289531
 372294
 981979
 715511
 492462
 352965
 257676
 421157
 577136
 183163
 709215
 564426
 213247
 183904
 814245
 545497
 155895
 520755
 667320
 4157
 204830
 5947
 302459
 168875
 297872
 177933
 985761
 479440
 231745
 677072
 623398
 66826
 82728
 192116
 879999
 170626
 795095
 433017
 572605
 180626
 918444
 960347
 634439
 546648
 252812
 366157
 376933
 908327
 667014
 33453
 619239
 502013
 631050
 696319
 608130
 851465
 757575
 50596
 267651
 649953
 914104
 651198
 895341
 816822
 292598
 138625
 170652
 148455
 682847
 651248
 178246
 438249
 13733
 363034
 97744
 930152
 268807
 632586
 704301
 775456
 237921
 750207
 996391
 627259
 383446
 94889
 338862
 85224
 334786
 877114
 857647
 949681
 794495
 704307
 953603
 71576
 627575
 689030
 174115
 380866
 286878
 562550
 140944
 408790
 125227
 565405
 322474
 395385
 956991
 668720
 939299
 353801
 973995
 462320
 274725
 834717
 91887
 801135
 503063
 125838
 525501
 835300
 484984
 11427
 29508
 195279
 393323
 872680
 814196
 715710
 148694
 360045
 809429
 978608
 498836
 862923
 527152
 745643
 33490
 65269
 332076
 908650
 581724
 443508
 739682
 569089
 23297
 466209
 692462
 55313
 864197
 880341
 893743
 253527
 241469
 562091
 167206
 883211
 60865
 297081
 290835
 697963
 395833
 703643
 541436
 334951
 333193
 31903
 571246
 969423
 248570
 175725
 394191
 179827
 173824
 821893
 975105
 794337
 613810
 292024
 796504
 887340
 322816
 370015
 376552
 739638
 105785
 484221
 887216
 432301
 643814
 943715
 264092
 49693
 199635
 858994
 675299
 730583
 577303
 45998
 522305
 227378
 633884
 507901
 803490
 987228
 671554
 931937
 439541
 305912
 619509
 545205
 235225
 647251
 359449
 157393
 940857
 270967
 295787
 21091
 806199
 817353
 2515
 11954
 302535
 987543
 593113
 879871
 210752
 479376
 644628
 198411
 170049
 567507
 327974
 779789
 912262
 363276
 361313
 735207
 952171
 411276
 592241
 795992
 190369
 538856
 976786
 787177
 465753
 112527
 469443
 993597
 630114
 814583
 938574
 227254
 934955
 57142
 297432
 460561
 757493
 517345
 220010
 490456
 182285
 147204
 527577
 610989
 37967
 36822
 400338
 189788
 318071
 922803
 137908
 403996
 298695
 907618
 453782
 413858
 785567
 844884
 38822
 155668
 910290
 617443
 88082
 241702
 676674
 288153
 29420
 555165
 103672
 51383
 797460
 78704
 172187
 872315
 31506
 558115
 974828
 329855
 23191
 258861
 670923
 425048
 91001
 499124
 587904
 93617
 555440
 418115
 203161
 202135
 435391
 765463
 158730
 411021
 899986
 400752
 76059
 935032
 959432
 659774
 370408
 594242
 695808
 101778
 787255
 435831
 335956
 27671
 736395
 188698
 760035
 588622
 76831
 452955
 924901
 881785
 468522
 616781
 179446
 586137
 711323
 585028
 567287
 692734
 562984
 247950
 704139
 824881
 107349
 991218
 365738
 102680
 937500
 258586
 436057
 336914
 345655
 988093
 782444
 810962
 164784
 392505
 493880
 884474
 504504
 481192
 167429
 748734
 214023
 616040
 368532
 594701
 766467
 39034
 161184
 357688
 125096
 204840
 983553
 679524
 836373
 52790
 425472
 483999
 230332
 322201
 736300
 292058
 916831
 199999
 826397
 73695
 34166
 117731
 934848
 596607
 871317
 601229
 986117
 568328
 512351
 16422
 940945
 358037
 5873
 393183
 239576
 528063
 7434
 656129
 316064
 600497
 229400
 657293
 731429
 454901
 307319
 564540
 740478
 680597
 259588
 355528
 266510
 501762
 753162
 872118
 734694
 465103
 62417
 926912
 538237
 806534
 450363
 924913
 680671
 188917
 389081
 495534
 754143
 689207
 184385
 981321
 51433
 909876
 68987
 956003
 377996
 255308
 937774
 268733
 206616
 423909
 643204
 502095
 627841
 10153
 443643
 413000
 450253
 773144
 591640
 37114
 328913
 406722
 572674
 201607
 78751
 424150
 482215
 255726
 554973
 600030
 563850
 692222
 969602
 385878
 608982
 261724
 886403
 540241
 318685
 509300
 264994
 524143
 7126
 159165
 537558
 219029
 921325
 73170
 700642
 391322
 96543
 461019
 587600
 800730
 863793
 474584
 75787
 390065
 555592
 352941
 961394
 538503
 133136
 969915
 965445
 151339
 200917
 520098
 46439
 922033
 56213
 699965
 104317
 425033
 409640
 639866
 836326
 841771
 81967
 670052
 104560
 375731
 963792
 829188
 965356
 158324
 893534
 507225
 434494
 960187
 604326
 207585
 575802
 667426
 355480
 718399
 914989
 668086
 280269
 911596
 958415
 837664
 971751
 28328
 596876
 647107
 13242
 557941
 490227
 725754
 749122
 7230
 370165
 486178
 409166
 247520
 312146
 998821
 702379
 308608
 287642
 692946
 723194
 734082
 836442
 198353
 187438
 117681
 124910
 228195
 107619
 976201
 7619
 170668
 851414
 333004
 758218
 561545
 356327
 777652
 790157
 562792
 151753
 792366
 542593
 358730
 85561
 947565
 61455
 171974
 718507
 968421
 458156
 159320
 834212
 177565
 144404
 1617
 578504
 129944
 852448
 876643
 165952
 44279
 916127
 86497
 990131
 830741
 363372
 254165
 997610
 520648
 325862
 708641
 744353
 470401
 961689
 734314
 165589
 976273
 468616
 675724
 952082
 469188
 438620
 92598
 801621
 420053
 564245
 231850
 984644
 601895
 756620
 835660
 779425
 749739
 277328
 773497
 921622
 16531
 580055
 926841
 611101
 165043
 37866
 982649
 409039
 590173
 449278
 843748
 384061
 64892
 401260
 111437
 993387
 615384
 183028
 953583
 223649
 30758
 411910
 154929
 952355
 118279
 389618
 435397
 890182
 868725
 330596
 289519
 800799
 689541
 52850
 738054
 351878
 69198
 846715
 703844
 555658
 413506
 609649
 765217
 875109
 601498
 882999
 316405
 411417
 191551
 154877
 992784
 776059
 414235
 575669
 669114
 874705
 534332
 848484
 728622
 491495
 389746
 156833
 820190
 434177
 390176
 968688
 294506
 950112
 511119
 711109
 393562
 472727
 295393
 209397
 396707
 308811
 198758
 268944
 877191
 56099
 677755
 700702
 330022
 550566
 172933
 692079
 521766
 60295
 251242
 528843
 695094
 455551
 187685
 602219
 804905
 63481
 763865
 79646
 400572
 161616
 208326
 787303
 42678
 155991
 810596
 31871
 448402
 861952
 47547
 201614
 500458
 712328
 991710
 106111
 139749
 721187
 869973
 998930
 551549
 182216
 394162
 880836
 103659
 136739
 22409
 545976
 134390
 8326
 171790
 657756
 528616
 818637
 692385
 452350
 30303
 197593
 93053
 822730
 416373
 902836
 503840
 217725
 258661
 35443
 749269
 574525
 267641
 922067
 3402
 667904
 291014
 144093
 389065
 963111
 800785
 823529
 748046
 245107
 107914
 127784
 253868
 217795
 771047
 838950
 496862
 591807
 894472
 202784
 78207
 440056
 855983
 252173
 755621
 75430
 815302
 735682
 941527
 229086
 641502
 41954
 503572
 412444
 668965
 580278
 129584
 273652
 94128
 994387
 239069
 672124
 39215
 961117
 269064
 197578
 263400
 998771
 670935
 373134
 741634
 490984
 43060
 815235
 493469
 644926
 552349
 518638
 993443
 763478
 193929
 272057
 559766
 16899
 93431
 845091
 613030
 74588
 68204
 812383
 625355
 806890
 276291
 748994
 60843
 433962
 649947
 877687
 415544
 206946
 29670
 708505
 100838
 429973
 393295
 816000
 235382
 487465
 727301
 87890
 998521
 216763
 757358
 675443
 456864
 342885
 73327
 929585
 365971
 155619
 363543
 438512
 937422
 24315
 729500
 630303
 622489
 935785
 403159
 604921
 460938
 851035
 249239
 546484
 230958
 730519
 887285
 570010
 178787
 896962
 145704
 136557
 534156
 695959
 274677
 929599
 983155
 141022
 38220
 928251
 592047
 211235
 165248
 498634
 141057
 822374
 630780
 276577
 116126
 182967
 706540
 330708
 895236
 997834
 892610
 741821
 448581
 977728
 267774
 996503
 68200
 769759
 182795
 707618
 930663
 960865
 497918
 849339
 394326
 383695
 615635
 923857
 122662
 668146
 2135
 218128
 918513
 176930
 135327
 359935
 220509
 778661
 431266
 665402
 12072
 617977
 269257
 627477
 90141
 676616
 654549
 271103
 613872
 539842
 502332
 680866
 384875
 472848
 931674
 542032
 881029
 345769
 7446
 727961
 210526
 288777
 746320
 196795
 677936
 754039
 22363
 793437
 918150
 344226
 332774
 725632
 599405
 444347
 597000
 619123
 779706
 670195
 512173
 850728
 838615
 668692
 346211
 17095
 521940
 370700
 429654
 899280
 606035
 666405
 50898
 261389
 8728
 292599
 988953
 999647
 183445
 972477
 589623
 641509
 801605
 909604
 851612
 56516
 606951
 181112
 390398
 897533
 519216
 409483
 380334
 695589
 484433
 772169
 303082
 687026
 840857
 706279
 357029
 673215
 141232
 656375
 825976
 635282
 429340
 668769
 488049
 896624
 241682
 923861
 971298
 660795
 423189
 333008
 153846
 529801
 254775
 547248
 636684
 521506
 838954
 183252
 447963
 434753
 673387
 304585
 422730
 465077
 362053
 283318
 125657
 629534
 74052
 52543
 952922
 215053
 374071
 717173
 872679
 638360
 584208
 380068
 687019
 578516
 828393
 574812
 269957
 15488
 40787
 256085
 374158
 716427
 152159
 632203
 356560
 109461
 101161
 962783
 181150
 750206
 409131
 960073
 801295
 873508
 4989
 658415
 264635
 287320
 656938
 103227
 593389
 777008
 230017
 747027
 152037
 397298
 3309
 805765
 935980
 282669
 378517
 806361
 403809
 14059
 782319
 629128
 6640
 456713
 99200
 362358
 903788
 585043
 3131
 673056
 54440
 45250
 706934
 143600
 108470
 448132
 454466
 279412
 990359
 196489
 897532
 440750
 992222
 279635
 57821
 992542
 688809
 174303
 5725
 976990
 656830
 5973
 703994
 453699
 17236
 913758
 712050
 777453
 186746
 151413
 817638
 426642
 808350
 220072
 747660
 963195
 867151
 418793
 802374
 493194
 892942
 615699
 229034
 535234
 949943
 478208
 674097
 180275
 162175
 881632
 813777
 419832
 389107
 626594
 698910
 444419
 836324
 241476
 175715
 510731
 189389
 729693
 551296
 778906
 922110
 457996
 272882
 846119
 704622
 799330
 396657
 831462
 489855
 132336
 578460
 768850
 64320
 991640
 354571
 714285
 155536
 242931
 675901
 406008
 799999
 281807
 789139
 452725
 681528
 971361
 156228
 319769
 301906
 742707
 658874
 546331
 649492
 393364
 792013
 415109
 507617
 655981
 502382
 787401
 900842
 75514
 904211
 969785
 35680
 861313
 878008
 825823
 9739
 56172
 521226
 77050
 556746
 442642
 605302
 927633
 561276
 947462
 549397
 642046
 45053
 836684
 154095
 522732
 774159
 786529
 85298
 359685
 819706
 245357
 708479
 761483
 724406
 966969
 92314
 689848
 393990
 248679
 320627
 317933
 956265
 818033
 797311
 794152
 112296
 142342
 85495
 174569
 165377
 136138
 107626
 859400
 89887
 785103
 36031
 634610
 319917
 925474
 669648
 178553
 81832
 509803
 554209
 899731
 400957
 766126
 904437
 726561
 427094
 150476
 226598
 17463
 30747
 284938
 668788
 302590
 239607
 608541
 944891
 519982
 862928
 981233
 27206
 752740
 122180
 842534
 800615
 887615
 630909
 328574
 404524
 163112
 243508
 368582
 267399
 532673
 463976
 881706
 590313
 866523
 909200
 584413
 262024
 175392
 168884
 603294
 678496
 939102
 554325
 664689
 539304
 295087
 794918
 516592
 870740
 507987
 629681
 957763
 117692
 64696
 377584
 698189
 376796
 963720
 16494
 926113
 81846
 351259
 911168
 472315
 316781
 165155
 865086
 508433
 519695
 15158
 76864
 582674
 730976
 296458
 395706
 829872
 724946
 342406
 204294
 303348
 243371
 797887
 274101
 702282
 660590
 857142
 79211
 607320
 611584
 274985
 330286
 889400
 212569
 289940
 862113
 294768
 960646
 196265
 29339
 77302
 554345
 564833
 806342
 300265
 622235
 731914
 994632
 628879
 996455
 173493
 606643
 933333
 747184
 594374
 163201
 288821
 953376
 925900
 780346
 175965
 192014
 747800
 84640
 700809
 939855
 267442
 721394
 450401
 906088
 369049
 58382
 650990
 654993
 317222
 666943
 26185
 654714
 731961
 285939
 781575
 990101
 122164
 521583
 721045
 329824
 980928
 397917
 930048
 49030
 123411
 782025
 287810
 504700
 585814
 136353
 101710
 226971
 256382
 242375
 140797
 463877
 883974
 360000
 655392
 464233
 674125
 398904
 466431
 604658
 444276
 798220
 35143
 29992
 491774
 860871
 388747
 561810
 335279
 133612
 216163
 837563
 982964
 600483
 961721
 878146
 392375
 338222
 707164
 511134
 269463
 501544
 279224
 980427
 44699
 323319
 416727
 263506
 79200
 916611
 88948
 440269
 866156
 982475
 606313
 525
 251659
 40382
 521584
 728450
 408182
 795818
 665434
 575330
 620559
 652599
 197633
 726736
 367101
 954883
 248291
 452436
 443254
 202614
 141266
 354261
 577287
 190337
 34025
 771142
 745925
 160274
 241748
 182831
 71352
 385735
 253961
 229186
 32645
 877012
 298734
 752101
 159081
 841425
 856875
 990477
 867072
 646949
 824897
 701723
 173473
 961497
 851183
 121493
 455470
 202950
 430271
 189574
 296005
 880294
 255150
 516483
 794677
 129896
 668755
 246550
 652787
 422008
 77785
 658395
 853573
 70933
 446229
 305315
 498507
 868919
 584503
 845651
 963840
 290322
 44313
 134312
 464739
 918901
 190600
 846094
 855000
 198590
 187040
 739829
 494420
 143309
 721596
 565260
 796034
 357468
 531155
 835171
 117367
 2722
 80603
 123512
 693854
 577168
 624420
 55979
 395796
 445108
 408538
 866767
 317284
 390544
 342298
 23100
 364280
 803691
 107553
 454806
 547938
 971569
 712456
 742257
 786829
 846728
 843477
 855579
 205158
 152141
 309643
 133051
 632422
 433088
 216182
 639407
 526889
 813408
 193
 893044
 100554
 188624
 824249
 595345
 171365
 204927
 531760
 37388
 751762
 408773
 911957
 662030
 120840
 892744
 19703
 323003
 318471
 652872
 665694
 50196
 569887
 355140
 233003
 525505
 39205
 594010
 172141
 347120
 741764
 732951
 273929
 443370
 384775
 842057
 508300
 206209
 722858
 506792
 864787
 408664
 704935
 403747
 616978
 250952
 257188
 529161
 464091
 537268
 250626
 871804
 957708
 417661
 388446
 314482
 73581
 352489
 125987
 691216
 615948
 953638
 540950
 385639
 471632
 504028
 788480
 430316
 425405
 2001
 799549
 859387
 192839
 416085
 964510
 851615
 163540
 511109
 322696
 824478
 369020
 23198
 77852
 264089
 264489
 281787
 278936
 702833
 759135
 100662
 997237
 291687
 74979
 70735
 878948
 721117
 261370
 869502
 25835
 939941
 485008
 333664
 131813
 2418
 682163
 707112
 243726
 310709
 948258
 521632
 561004
 859590
 652549
 730195
 842438
 984923
 688865
 177979
 349238
 379091
 491891
 294345
 33919
 635936
 413972
 759308
 946027
 558692
 131279
 67474
 419918
 84286
 383165
 297399
 674826
 599655
 725547
 54904
 870102
 708118
 821908
 473901
 938782
 139518
 280735
 385162
 740985
 257216
 14579
 496154
 539104
 565579
 338542
 457952
 589757
 626716
 569109
 870354
 743244
 50318
 675396
 217453
 514765
 771631
 10972
 904070
 96655
 84022
 965260
 23984
 735587
 8936
 475794
 145069
 277795
 411172
 532704
 54187
 93114
 565453
 931054
 120371
 751273
 737719
 841808
 854219
 982741
 749975
 784778
 59606
 536803
 847319
 306427
 553833
 459817
 800781
 317621
 647411
 862009
 818722
 972098
 701631
 768742
 867879
 971285
 816279
 757327
 348837
 987487
 58823
 916042
 68793
 198476
 388634
 872239
 200090
 394956
 323709
 918218
 901303
 295230
 915289
 600097
 195101
 91868
 660876
 206732
 156575
 564408
 480915
 260239
 539103
 101157
 812261
 749981
 11458
 715674
 784841
 46612
 514154
 403137
 488356
 475447
 491739
 679989
 331082
 168556
 380481
 455937
 881833
 712972
 466433
 935330
 41176
 10896
 390305
 300402
 563786
 501850
 512758
 506849
 556556
 979183
 61081
 196884
 317456
 180864
 84870
 821627
 626378
 566037
 371083
 879468
 917856
 625273
 198036
 926423
 37606
 113038
 918351
 747330
 887438
 710656
 130729
 758241
 113448
 252646
 586801
 289761
 947753
 423427
 227583
 539200
 914187
 294033
 487325
 702157
 668115
 982221
 898787
 670690
 266832
 272005
 679990
 66018
 406810
 735862
 638184
 708330
 448473
 564562
 108653
 235928
 794179
 76063
 874508
 64204
 470723
 242164
 764227
 506172
 25094
 521450
 958465
 401205
 240946
 54953
 201785
 672315
 951809
 315669
 149808
 615112
 83074
 893385
 462240
 976377
 269256
 982171
 317460
 888419
 449387
 351788
 759485
 62695
 916974
 150140
 775518
 772737
 9387
 947188
 168626
 120654
 326802
 31832
 176126
 749111
 743583
 111417
 964577
 605504
 324324
 645505
 781230
 83989
 673953
 907260
 361649
 64649
 588833
 250696
 110867
 14006
 328565
 366656
 831433
 335303
 13520
 389312
 95338
 126963
 579609
 916564
 279987
 912113
 766495
 651087
 543759
 234925
 312623
 328328
 351075
 728094
 507358
 39603
 226123
 297521
 18194
 550073
 406044
 820468
 616167
 83256
 279829
 10526
 427820
 687910
 177161
 377358
 530572
 233136
 953488
 754022
 350355
 997772
 494475
 952073
 544821
 566118
 684867
 766996
 909538
 76317
 553831
 114353
 169424
 258663
 567383
 145636
 475843
 899452
 995359
 445728
 395209
 505125
 627240
 484131
 627855
 511351
 308774
 311178
 706788
 437561
 642498
 258617
 784022
 232057
 602480
 371000
 830688
 903770
 308983
 447982
 662921
 829596
 642745
 532395
 921370
 105445
 223787
 513210
 727779
 452569
 40666
 547749
 950755
 388190
 288078
 903899
 299353
 321479
 91450
 602109
 84243
 622040
 553110
 642945
 943382
 42186
 641720
 222908
 948795
 691308
 895624
 668131
 623548
 388535
 713620
 888718
 343065
 52400
 133902
 295663
 891442
 663858
 146633
 821295
 175651
 421555
 646139
 522671
 895953
 851271
 506934
 581522
 852821
 785456
 999460
 562258
 103713
 22371
 991577
 318258
 849297
 270920
 660435
 588473
 274377
 579728
 169205
 627030
 306314
 353463
 961145
 639185
 843023
 275852
 794758
 423938
 700941
 185915
 15215
 708870
 49792
 567451
 720712
 302045
 94375
 500220
 8857
 689833
 373807
 323018
 658976
 829577
 378345
 136791
 913782
 31992
 466050
 90589
 300246
 268105
 521537
 565195
 422205
 297239
 272661
 649066
 618699
 778586
 555548
 123296
 959964
 638877
 419941
 900985
 8844
 21083
 947108
 928760
 110109
 451748
 702458
 738229
 439006
 504236
 104410
 389777
 581917
 62621
 732125
 840273
 222587
 930793
 987910
 963282
 247084
 879993
 572677
 615332
 384479
 988605
 130149
 721062
 595261
 21954
 125648
 454112
 242860
 327237
 758164
 621305
 390601
 783712
 248642
 899826
 69582
 290902
 598907
 252713
 896186
 118822
 933254
 101388
 88880
 406714
 848841
 263116
 538596
 76404
 543295
 9607
 443765
 332403
 607159
 537336
 708206
 149662
 630022
 946615
 266765
 527528
 828658
 960257
 987460
 692307
 124584
 737254
 818568
 768590
 314134
 616482
 225806
 704217
 24415
 52080
 292259
 166729
 774779
 125840
 152244
 145854
 909090
 139701
 906294
 532027
 752218
 656708
 831460
 542141
 450064
 57759
 809273
 731785
 445009
 431648
 21276
 662018
 331919
 637996
 368040
 938707
 266315
 847755
 359205
 892665
 555722
 217754
 136346
 353538
 811326
 541552
 83473
 613259
 542269
 626623
 981121
 148930
 494748
 923886
 818252
 623119
 284140
 319503
 577353
 86776
 900369
 887210
 376116
 258020
 947019
 411589
 260127
 52372
 738509
 825637
 145528
 803861
 650580
 954134
 580072
 547613
 111859
 481998
 749138
 197939
 691102
 176720
 739640
 466666
 114460
 318404
 688435
 380916
 945562
 74335
 220933
 282680
 216644
 193749
 943130
 479080
 233782
 379005
 581210
 921709
 603506
 825856
 536307
 894514
 983939
 602610
 292837
 54132
 109733
 136901
 485125
 160979
 14114
 656872
 976264
 737172
 408772
 908275
 603196
 16835
 997521
 479799
 777308
 81549
 153432
 914046
 355864
 449101
 738696
 716041
 952761
 31785
 386332
 790092
 846050
 865195
 707351
 372871
 321160
 639834
 100175
 884009
 915978
 669223
 491493
 859863
 194572
 222774
 77175
 764647
 591005
 659767
 560591
 702122
 547641
 266916
 579278
 325133
 79129
 116028
 205066
 592938
 639168
 23880
 163754
 385284
 707142
 488222
 884397
 155157
 66045
 919802
 980273
 663715
 575812
 885718
 68303
 855561
 227236
 928744
 501470
 625310
 406384
 583017
 227642
 901773
 246166
 71083
 60525
 401782
 243793
 930922
 504673
 916543
 894296
 981620
 376344
 641207
 217522
 511036
 532502
 692875
 352392
 279154
 762955
 669759
 306530
 384279
 798148
 879535
 890158
 147916
 622682
 931707
 167389
 721943
 455805
 41442
 201438
 563774
 68169
 703172
 347525
 43817
 400925
 812956
 162402
 278481
 947536
 931939
 874164
 625766
 990455
 182171
 472411
 903194
 378948
 718443
 122948
 481444
 658437
 296534
 660077
 703659
 190331
 768656
 671825
 273124
 807297
 101066
 905533
 696050
 561819
 616668
 827275
 586626
 557933
 721678
 49111
 912063
 932753
 974788
 643306
 101186
 87826
 691911
 422222
 72718
 791549
 311417
 397510
 146233
 296991
 796575
 382775
 743947
 383091
 192879
 825047
 959999
 414282
 883444
 492621
 841915
 90538
 920273
 169118
 682860
 873663
 152759
 616578
 449191
 249876
 442340
 942519
 522568
 488457
 980936
 98765
 444986
 56372
 367682
 137361
 495192
 452643
 136212
 516671
 390891
 251584
 689628
 339463
 553640
 728800
 259892
 72900
 120774
 419872
 177520
 464313
 833350
 356827
 147419
 718750
 119227
 542515
 511046
 729421
 851344
 162275
 922120
 354997
 461538
 28693
 798084
 4081
 94260
 172592
 484291
 845848
 779116
 133748
 428996
 116040
 700103
 61630
 200570
 679283
 779158
 505532
 73386
 240875
 918915
 814600
 544868
 278243
 535244
 757630
 74618
 597530
 35639
 356449
 608394
 194744
 858607
 807060
 507801
 553558
 971340
 562761
 343639
 694197
 880098
 945203
 488190
 181027
 724437
 956490
 128909
 164996
 343056
 335460
 901939
 963709
 785711
 622845
 175409
 342982
 209737
 324180
 310958
 970956
 447086
 68604
 150662
 529233
 577302
 89431
 811984
 325702
 317857
 974319
 591833
 713810
 180090
 579585
 6984
 967828
 910891
 187207
 198326
 321771
 546202
 755190
 725085
 508299
 837976
 706092
 42921
 219760
 315942
 223492
 138170
 777043
 486737
 49254
 854289
 933797
 541053
 8746
 995533
 91957
 904896
 336950
 627079
 965475
 896239
 138444
 139224
 517530
 39811
 818854
 348145
 374813
 616918
 336391
 844006
 410566
 874120
 569055
 980449
 384404
 666565
 220234
 941391
 950394
 442315
 369683
 961878
 412772
 579710
 215457
 252726
 175039
 970708
 434061
 695871
 170448
 887936
 937517
 298439
 406824
 805517
 134639
 648597
 638905
 38994
 912478
 986905
 892109
 795916
 877463
 471661
 586101
 978505
 471664
 28491
 603696
 119954
 224273
 744970
 102933
 584615
 395746
 328269
 800318
 460622
 196249
 455691
 365321
 56327
 489135
 701725
 120862
 412013
 391912
 152057
 902147
 665853
 4676
 893583
 187197
 135287
 550495
 508833
 387278
 713710
 817691
 720771
 744287
 11585
 911979
 957537
 834084
 583634
 900266
 100265
 169674
 88665
 187500
 54117
 792157
 620821
 511184
 753723
 928189
 411259
 110754
 728009
 447513
 400647
 640939
 869288
 527000
 120757
 126053
 436357
 51717
 151416
 334236
 162324
 175768
 602304
 179491
 881225
 987623
 90508
 216522
 894791
 20092
 720634
 692007
 762336
 227312
 505554
 494364
 576417
 581416
 894593
 61148
 275156
 146096
 312545
 392052
 334966
 42344
 966519
 424778
 566646
 256811
 741107
 148148
 904734
 736000
 966644
 395736
 189516
 655151
 242595
 652813
 448484
 115131
 125652
 735429
 122498
 755134
 8486
 391952
 661699
 905781
 346107
 468088
 972854
 731652
 968780
 198927
 662006
 843172
 55965
 938657
 649516
 88263
 600932
 539841
 342936
 668455
 997865
 507760
 189438
 779764
 845240
 207930
 63126
 118097
 341662
 105093
 689497
 142460
 284284
 524015
 67355
 410370
 17207
 794457
 218985
 70556
 384833
 231999
 740189
 234275
 84784
 444505
 151733
 251424
 96948
 40527
 83406
 993111
 215613
 728740
 851424
 47483
 541208
 731875
 763278
 542707
 397037
 641478
 759277
 133389
 691009
 990231
 86232
 585781
 42787
 212968
 420987
 265461
 863291
 557243
 268686
 701886
 186804
 934834
 80524
 84439
 435669
 412005
 40401
 714876
 43285
 562521
 830970
 706864
 594842
 962949
 597393
 410284
 480285
 92749
 734524
 239765
 73533
 136546
 582692
 525578
 470100
 638872
 531914
 330155
 48735
 421313
 438337
 66058
 516155
 44773
 263839
 707805
 861744
 89203
 333135
 856821
 736228
 283436
 979977
 981786
 639930
 111760
 844286
 187766
 502747
 95422
 15682
 289062
 547225
 89438
 576673
 689318
 655287
 591794
 14433
 369538
 778673
 966961
 186239
 189328
 867506
 842105
 319148
 259053
 410944
 600443
 603053
 55478
 346993
 516966
 72727
 68709
 992850
 659806
 479688
 860377
 680880
 88774
 722854
 209406
 23715
 432599
 271098
 882874
 974988
 137042
 957501
 556458
 779836
 110645
 796279
 484721
 200654
 848960
 490343
 161927
 691942
 794859
 688100
 84066
 457060
 524278
 8382
 638036
 476190
 530951
 386103
 528716
 511555
 943498
 754416
 600123
 528033
 915057
 517558
 67605
 661277
 71710
 669950
 308006
 721777
 330853
 869374
 805115
 551916
 275934
 315313
 85126
 485078
 465474
 637159
 463989
 554520
 776805
 629811
 503090
 315319
 473499
 662753
 345305
 257748
 747787
 70682
 346707
 485115
 961174
 30355
 369746
 6554
 683864
 552248
 747663
 92340
 693543
 21496
 171554
 320995
 136624
 603547
 485096
 299520
 820607
 889985
 772821
 191943
 601626
 843165
 265020
 875102
 568680
 906498
 598797
 595601
 229659
 499033
 304439
 459107
 50122
 230514
 588015
 755658
 332051
 724890
 732178
 269461
 597465
 762400
 740793
 185957
 201165
 351840
 588820
 828801
 874794
 830083
 568488
 218781
 948162
 529865
 72424
 956358
 724703
 876978
 732739
 736196
 890335
 150638
 889561
 504466
 441478
 379767
 421174
 808465
 139206
 427860
 820091
 385765
 438838
 113398
 498823
 831328
 994422
 95499
 315998
 58129
 804583
 126637
 217773
 337160
 582647
 348715
 673055
 303930
 663373
 302396
 698721
 228896
 107937
 377192
 271493
 791521
 206019
 333420
 721408
 664347
 726434
 325642
 179167
 313672
 633187
 608944
 521194
 994077
 971373
 111111
 450367
 158248
 728395
 44211
 395982
 460317
 393312
 491081
 785596
 56040
 794912
 248359
 18942
 197284
 336584
 720266
 380257
 138138
 626298
 382018
 486917
 806142
 976453
 38136
 171720
 497664
 797683
 595072
 270330
 894490
 700510
 112059
 52076
 82399
 259986
 838383
 200031
 179881
 16027
 342245
 110682
 320099
 607901
 493910
 137475
 877918
 479321
 902730
 813698
 213691
 105679
 415692
 757763
 605670
 856870
 833006
 752730
 415818
 406368
 241443
 215300
 210033
 829686
 852933
 231340
 338582
 752028
 338522
 29579
 729009
 871733
 518077
 581188
 16981
 497919
 161290
 102821
 166163
 369602
 714250
 637969
 777616
 535603
 506234
 389993
 273862
 55784
 840125
 18455
 443243
 269143
 786795
 612297
 836427
 969517
 480824
 750243
 503916
 342127
 286944
 366057
 564535
 421312
 611451
 640254
 395014
 884590
 730074
 459691
 933376
 34841
 22241
 181984
 710723
 312984
 594639
 533821
 324427
 729085
 915111
 503534
 124865
 330052
 939641
 416880
 759115
 713995
 484114
 303953
 500373
 767775
 336842
 463101
 413219
 388794
 703051
 359376
 972222
 733404
 717414
 481454
 279418
 787781
 436932
 974278
 333134
 153828
 187554
 917937
 103067
 520391
 931768
 163166
 400932
 340170
 94123
 409675
 488705
 710762
 636591
 907377
 942964
 784172
 170705
 142875
 709764
 117534
 618721
 920575
 449144
 582857
 317371
 718246
 396501
 866991
 783969
 330935
 469830
 229706
 827093
 578268
 217142
 590387
 796937
 265394
 960629
 937461
 954728
 262939
 11463
 708656
 999261
 312048
 865724
 535724
 544891
 332466
 969248
 584497
 291782
 246422
 837212
 81081
 944615
 874092
 671041
 418040
 572208
 271311
 484277
 502399
 967394
 537688
 370527
 298824
 455851
 877718
 180801
 714398
 950581
 450752
 618929
 180526
 45546
 7716
 511440
 508112
 681552
 535245
 21311
 739293
 413937
 155133
 954770
 468140
 57067
 928207
 39841
 569616
 26907
 205903
 623061
 341742
 990734
 773963
 852654
 700457
 216229
 389348
 343090
 950287
 374355
 196697
 722528
 423370
 978533
 393857
 184290
 842545
 283305
 139184
 196115
 66996
 13025
 846744
 802675
 306278
 776243
 984096
 745062
 255825
 316460
 571017
 87920
 390344
 874690
 833993
 238636
 845592
 103842
 468441
 860313
 747391
 132993
 277731
 284408
 703477
 661753
 269572
 656174
 537679
 572049
 986080
 61126
 676277
 550187
 717337
 407552
 463301
 472933
 678684
 795023
 813181
 906760
 382239
 875061
 770040
 695447
 680786
 998400
 745329
 881261
 259484
 383177
 857386
 938515
 216336
 227512
 940953
 208159
 379342
 741027
 828673
 981024
 768046
 30500
 438342
 235411
 32240
 850279
 309613
 219213
 980733
 749887
 566069
 511333
 114165
 154643
 97723
 245885
 901199
 596979
 226329
 557002
 966380
 975553
 494646
 28388
 861608
 630136
 79411
 982448
 451826
 588785
 433792
 946490
 773586
 468743
 452532
 569185
 750410
 267536
 318279
 742138
 868999
 38858
 921815
 693447
 790731
 756923
 764015
 113358
 571503
 88623
 146697
 296564
 147721
 275298
 708333
 22981
 875269
 969963
 341320
 854276
 364595
 946022
 223799
 270357
 283378
 527002
 85705
 659847
 985463
 580195
 364197
 184045
 500067
 794357
 41367
 234692
 868604
 123925
 464734
 874807
 761397
 712432
 373722
 247380
 488271
 145094
 661310
 163542
 218072
 812784
 685286
 555269
 608029
 919037
 222179
 889738
 379462
 632451
 436997
 552976
 886864
 478864
 820862
 645380
 287566
 80061
 719382
 512925
 351053
 663719
 564964
 437902
 412956
 916454
 843847
 330247
 896096
 931755
 748394
 605470
 826737
 580475
 686680
 255039
 661156
 328809
 454216
 880256
 210300
 377697
 251814
 301327
 99954
 510775
 494830
 726462
 810232
 736842
 122779
 550969
 741112
 198840
 604816
 26875
 585129
 602903
 815385
 807826
 536604
 183175
 476407
 880429
 724048
 345151
 54237
 855844
 409215
 500894
 228655
 10760
 862302
 167076
 490302
 930591
 376854
 312206
 792097
 663745
 788958
 781221
 287820
 838167
 746799
 962446
 944601
 414455
 410362
 27089
 300494
 164961
 611984
 146331
 210225
 784786
 959891
 864535
 28275
 854259
 914802
 597205
 344723
 164591
 583693
 447831
 586706
 649389
 929503
 951482
 623295
 821943
 418132
 22977
 557838
 426346
 308851
 513001
 578752
 738058
 82476
 908046
 890384
 701689
 160097
 782018
 280309
 66001
 117815
 773789
 817449
 270291
 741520
 111864
 570139
 825688
 997269
 879930
 626229
 509458
 59131
 926202
 449704
 920755
 95698
 824489
 943072
 995998
 485685
 114021
 990689
 230119
 628283
 325884
 473815
 597147
 715461
 364108
 21919
 207570
 769834
 597489
 668389
 656000
 28820
 604724
 144374
 496575
 159616
 590177
 114930
 577383
 142223
 444580
 207096
 978388
 308118
 823087
 558329
 718412
 40410
 523244
 220014
 159481
 617482
 522942
 688393
 507441
 773686
 610330
 853111
 508502
 877922
 938860
 866985
 31108
 555530
 922552
 111582
 81230
 401432
 605380
 294510
 699408
 514500
 116107
 464168
 600321
 581281
 657584
 654985
 761028
 979553
 901101
 653496
 123471
 111299
 145975
 311954
 671180
 7861
 464407
 801702
 992575
 732977
 974168
 123647
 917793
 360445
 682070
 451238
 270338
 997421
 653991
 266688
 736426
 612836
 787921
 300347
 480523
 245614
 206061
 11666
 341767
 582917
 397863
 764595
 119914
 235658
 865126
 724102
 180470
 67303
 453333
 752479
 10949
 118001
 120398
 387615
 246822
 273277
 70279
 947292
 742943
 443938
 470696
 434867
 463436
 292132
 564320
 957442
 881492
 421695
 434963
 467120
 931947
 260917
 975760
 728462
 712838
 351269
 984278
 138575
 668134
 995829
 167265
 826086
 428966
 155275
 224941
 350363
 882283
 9438
 605705
 561943
 387981
 233875
 296230
 133441
 478709
 620386
 497870
 85106
 881287
 364690
 261317
 22643
 257085
 356910
 404118
 383586
 255750
 722551
 455711
 51555
 197704
 312478
 30121
 414128
 477348
 680680
 95885
 418829
 149192
 208491
 23255
 991660
 757372
 289422
 317177
 737208
 808116
 503923
 463946
 211219
 669243
 514919
 193186
 52954
 850275
 491279
 832120
 254901
 720042
 653543
 335403
 59779
 127548
 291699
 86181
 443661
 923537
 921527
 396039
 227175
 57401
 316646
 136181
 504643
 187577
 44949
 615750
 375699
 140186
 611069
 493747
 653529
 123784
 710316
 827567
 737893
 853244
 491548
 743748
 285397
 744954
 213537
 408480
 658504
 916259
 209346
 436037
 142423
 763157
 848317
 647229
 295142
 776515
 8892
 886832
 643014
 269441
 271604
 483781
 393677
 292312
 790303
 27232
 953595
 842977
 234441
 545880
 134514
 217840
 325421
 84588
 334489
 553306
 901008
 809101
 815509
 588852
 300000
 925342
 488349
 59111
 117443
 52411
 546401
 861573
 355967
 368635
 367346
 153660
 982374
 821940
 533333
 91212
 30158
 67865
 574905
 479145
 169451
 405959
 338102
 216537
 750599
 537848
 241229
 637164
 381551
 118607
 75254
 973506
 498362
 654293
 5451
 292993
 532341
 697874
 937682
 626025
 703488
 69742
 228796
 16867
 309859
 90121
 634538
 194478
 909774
 653481
 426702
 142773
 211908
 427792
 429925
 282019
 314115
 539710
 275460
 339991
 964778
 52768
 680126
 212720
 746184
 647578
 957928
 904885
 192842
 711853
 841219
 977523
 717399
 523934
 240170
 869994
 219858
 405210
 673163
 927197
 936322
 249457
 710389
 30566
 291596
 425810
 487390
 567182
 75992
 139719
 331074
 209226
 938337
 337161
 389731
 989825
 725143
 553407
 96437
 384860
 199928
 121913
 678516
 860465
 996326
 827628
 500304
 237328
 864039
 163481
 100556
 200128
 337222
 705858
 646775
 456456
 534516
 261870
 743971
 906751
 401809
 641372
 547045
 25157
 608802
 842094
 211103
 962403
 283611
 71363
 839613
 976418
 628191
 208370
 885645
 2843
 51299
 157283
 526479
 611565
 760718
 807393
 511437
 92062
 228692
 830938
 545003
 281168
 467005
 565650
 299260
 681044
 703549
 476623
 705409
 460086
 486021
 4370
 953375
 20975
 449396
 609762
 947763
 735650
 789700
 944237
 795918
 712241
 369490
 216730
 202838
 883466
 62222
 633973
 389759
 924061
 668753
 795110
 732740
 482221
 813864
 56370
 102604
 316829
 240844
 468396
 919354
 994883
 322966
 133010
 168280
 277053
 607287
 490680
 379335
 780509
 724355
 761721
 528016
 835773
 361970
 816044
 778678
 32786
 389645
 479805
 131707
 67421
 176600
 360142
 395121
 326791
 496010
 428766
 522403
 824043
 713339
 634680
 500570
 254720
 919663
 405680
 835688
 794295
 503310
 200733
 732236
 49469
 625531
 374884
 266529
 939277
 229200
 413390
 237647
 7254
 959923
 533308
 911332
 406233
 240846
 471180
 534365
 76692
 727192
 657450
 384355
 839886
 42339
 500163
 591202
 798404
 529838
 855205
 276048
 207048
 503105
 293112
 28188
 338372
 38063
 731127
 430373
 652204
 323506
 940314
 174241
 825386
 77481
 111671
 939081
 28669
 682065
 53521
 851851
 845063
 436315
 634365
 107692
 226068
 349371
 765363
 874263
 902700
 757812
 560848
 633694
 568280
 829150
 507290
 756224
 274274
 845005
 916802
 708984
 426845
 867099
 662594
 673858
 538028
 167855
 829956
 43042
 540530
 875379
 550863
 608765
 192657
 554947
 457953
 854959
 249348
 135473
 343023
 685771
 144372
 40029
 750017
 712819
 665412
 793031
 259224
 594871
 92924
 975086
 640266
 717902
 721785
 42795
 976476
 344794
 756936
 271076
 477845
 28025
 183235
 591119
 56730
 248431
 24255
 210070
 921177
 682240
 703105
 854765
 996207
 176707
 270445
 197943
 61834
 306134
 257585
 953266
 228271
 939919
 464806
 919002
 81343
 58665
 424329
 142290
 218733
 112866
 405422
 618397
 561205
 76363
 652765
 5921
 963906
 623283
 834667
 940615
 40454
 84859
 151442
 486528
 928346
 797505
 136648
 901264
 330890
 400955
 369573
 173382
 524057
 261826
 582540
 331314
 797044
 651193
 930405
 251531
 466103
 916201
 460047
 215333
 659888
 586159
 289299
 30553
 98508
 64666
 723662
 545051
 428353
 629231
 428571
 787422
 445444
 75074
 662627
 591192
 486516
 411000
 23868
 7910
 51039
 291904
 666138
 902835
 813032
 152948
 102875
 177480
 963779
 303719
 68091
 22602
 50655
 719367
 202201
 976177
 546587
 458318
 332889
 624721
 881289
 619668
 331134
 618900
 896002
 639421
 486114
 587791
 126414
 279999
 317131
 126362
 321515
 104912
 681863
 783601
 987338
 724503
 769280
 746645
 438608
 458932
 637828
 99438
 351154
 618626
 187414
 934520
 235783
 4158
 918587
 942482
 665982
 332094
 192413
 904335
 778947
 706472
 491395
 873973
 290284
 701926
 122239
 592788
 701348
 108275
 740827
 888952
 854432
 32085
 583456
 389322
 346770
 641097
 609087
 413633
 650764
 650003
 837801
 518534
 238662
 475955
 895560
 84532
 815996
 345365
 843357
 207586
 519307
 361559
 663377
 595342
 971506
 325192
 475328
 13118
 898941
 193976
 974716
 696629
 307537
 65162
 950442
 264266
 172243
 354252
 551220
 362993
 125633
 354497
 20062
 298331
 862257
 500660
 982975
 702983
 642432
 720930
 4019
 682397
 660188
 237499
 167613
 944881
 431747
 181575
 422051
 157798
 633347
 407362
 935411
 715968
 151111
 64931
 382902
 470252
 487258
 964203
 547330
 966483
 453775
 545448
 425404
 422670
 151020
 857772
 450754
 957974
 517381
 552592
 510392
 778595
 62698
 986539
 51048
 996312
 365499
 42357
 490992
 192550
 867768
 162519
 35642
 294736
 730253
 114416
 507833
 175359
 163738
 480370
 560747
 96266
 18175
 920959
 431699
 555063
 811240
 39436
 719248
 508550
 283911
 644748
 115066
 45462
 562380
 460088
 365391
 174140
 741692
 225322
 328082
 928147
 843699
 220351
 83968
 936810
 742203
 818998
 572694
 550288
 405779
 870570
 595954
 36564
 115961
 555773
 202624
 560655
 825396
 621306
 910342
 952161
 318607
 315460
 318739
 564153
 110239
 378644
 956058
 338199
 426758
 66033
 767065
 208989
 732220
 368280
 317154
 364011
 520514
 608191
 306382
 623070
 622659
 444444
 288840
 908748
 95921
 766307
 129733
 14906
 938596
 112763
 719707
 399999
 605170
 717013
 578534
 155634
 533039
 836461
 835189
 8485
 506055
 503477
 256724
 118125
 822697
 783247
 830879
 447073
 999239
 646129
 235294
 747588
 705075
 12393
 746766
 134989
 350156
 558334
 705597
 497944
 148076
 658773
 971085
 221934
 181644
 568987
 65069
 535642
 302818
 869019
 983147
 948207
 450704
 271062
 256077
 611937
 566356
 840572
 69801
 519479
 676384
 843818
 511590
 856776
 883606
 819798
 141512
 456887
 621756
 100816
 200306
 478298
 317761
 23419
 867013
 692485
 748283
 765324
 630612
 695135
 360812
 751152
 425316
 743364
 902757
 160406
 87127
 959889
 226148
 891369
 271078
 518637
 589563
 626219
 640617
 73410
 219679
 560178
 302433
 104605
 626678
 467498
 464712
 497441
 782436
 711194
 329186
 747421
 438750
 925633
 298031
 916168
 955405
 931507
 767123
 118119
 980539
 822846
 51582
 330540
 603900
 965252
 648739
 79023
 853377
 758620
 592027
 719166
 928074
 823477
 372817
 73975
 18627
 515517
 356788
 711659
 18181
 10222
 104358
 767698
 822607
 117509
 689360
 528052
 8668
 884167
 434328
 987220
 964064
 499105
 231465
 371669
 737171
 659016
 717201
 474898
 399499
 472657
 165484
 657252
 211506
 188276
 600379
 345307
 11635
 841490
 874302
 841876
 439425
 937556
 335947
 805712
 548262
 66975
 683618
 27027
 966788
 504443
 786736
 228190
 825727
 494354
 639157
 958030
 997654
 716921
 66698
 237093
 314940
 580045
 173161
 769901
 948813
 339361
 957584
 26172
 594611
 705372
 367341
 459095
 594731
 939383
 3245
 410883
 460815
 449595
 579153
 130356
 966840
 650314
 771511
 176368
 348751
 177271
 757116
 898364
 509880
 671563
 490885
 95850
 225787
 943174
 363388
 206242
 688822
 40464
 734668
 742580
 709228
 872307
 332081
 674487
 859162
 607748
 117189
 884990
 87021
 190630
 680291
 354284
 778177
 664592
 544288
 52587
 354531
 961600
 607759
 940809
 918578
 649376
 480512
 190136
 343733
 237524
 197469
 141361
 453437
 188365
 793805
 420779
 823277
 561034
 936453
 655217
 912433
 183862
 243745
 832676
 192959
 113701
 634984
 552514
 140316
 907583
 784821
 76369
 355405
 687318
 161611
 644007
 625057
 135458
 56217
 182971
 553957
 359456
 297755
 516661
 988861
 312579
 294223
 304635
 671860
 237224
 299307
 499710
 68409
 491105
 117615
 192148
 59740
 257765
 141918
 436363
 782075
 443752
 700052
 540115
 216524
 229032
 156107
 951925
 310919
 582381
 843813
 55102
 24100
 107024
 408383
 967557
 860192
 324769
 73339
 110476
 552902
 124607
 513062
 658983
 409163
 351072
 900184
 420470
 723924
 752731
 779645
 581591
 512669
 792498
 445854
 706109
 557802
 698086
 640437
 959606
 694532
 230442
 263473
 593054
 902764
 508904
 752589
 692913
 755638
 852945
 474200
 475709
 53090
 309278
 198757
 577130
 27409
 696716
 815748
 604997
 589433
 733520
 780473
 337584
 558620
 997275
 392022
 386861
 317002
 557878
 153106
 16621
 517643
 916031
 47241
 76878
 424472
 563075
 63756
 317925
 712686
 620041
 96889
 720271
 377470
 483587
 400117
 179102
 374610
 380470
 349509
 719369
 834460
 391223
 689141
 156989
 538231
 783026
 593296
 739629
 167226
 396827
 409739
 646503
 782601
 568158
 249626
 61473
 592760
 359167
 942412
 361171
 488602
 615391
 551576
 37048
 916868
 839755
 887478
 655335
 933824
 275973
 139086
 512603
 812196
 95269
 418284
 910815
 804381
 675059
 584826
 716622
 458373
 223104
 774294
 428750
 436173
 845283
 549199
 277559
 146077
 897662
 774248
 267216
 43147
 786730
 186298
 303562
 835114
 786234
 682866
 122602
 285570
 210905
 25476
 636399
 566134
 155406
 698309
 173119
 715904
 648145
 873347
 