67669
 40437
 82057
 67088
 86562
 94443
 96687
 82335
 92336
 36830
 80836
 72222
 8716
 97488
 22068
 94922
 32708
 85211
 89655
 24669
 79581
 97057
 4163
 43610
 68842
 19492
 14561
 12996
 66794
 32064
 10144
 79245
 97668
 54723
 96905
 78812
 93143
 34593
 53846
 90092
 65693
 44404
 51509
 85208
 62219
 87984
 9065
 88626
 52843
 28832
 93376
 46478
 64162
 87611
 99935
 46047
 11350
 25954
 72920
 78029
 80287
 9353
 32714
 53734
 10994
 65549
 50909
 34735
 69724
 96511
 75685
 86636
 79617
 92815
 64033
 71250
 54312
 4504
 24841
 70613
 75949
 21295
 742
 98649
 91136
 16093
 62900
 84119
 74386
 35650
 74542
 35186
 81373
 63731
 53328
 83141
 7706
 67322
 10803
 25732
 16013
 40111
 60544
 50531
 35196
 27613
 56300
 37288
 9941
 9951
 96087
 46769
 83869
 85714
 19058
 58830
 79672
 16264
 3480
 40078
 33333
 28051
 41638
 26734
 66091
 56813
 38559
 34032
 20768
 34678
 96829
 46266
 47462
 59259
 87210
 93597
 83174
 73184
 65373
 92381
 13936
 36697
 6453
 3426
 3976
 3954
 76084
 87073
 30745
 17037
 13725
 22200
 43415
 27397
 13663
 83988
 52480
 89982
 8205
 34792
 12816
 85156
 28533
 8706
 49228
 60303
 74129
 87036
 48827
 41622
 68812
 69878
 87047
 18598
 31790
 34889
 40305
 38057
 1845
 51437
 77903
 42436
 77273
 44037
 35573
 69871
 82206
 49893
 54068
 28141
 89402
 37447
 6753
 92524
 27067
 91537
 18561
 57800
 34214
 33672
 31047
 75941
 1607
 1536
 90471
 73820
 95105
 23825
 10774
 38795
 4777
 28896
 89700
 93905
 99154
 43015
 21311
 36786
 84630
 55616
 65797
 30111
 89952
 52446
 73624
 86974
 88553
 4594
 42119
 41499
 62844
 34333
 51808
 75119
 84413
 9327
 57353
 2444
 42349
 19929
 62932
 63799
 1680
 75300
 67988
 20194
 16263
 69673
 49269
 41125
 98692
 38870
 65791
 41970
 88036
 33446
 50481
 67834
 93832
 11502
 11376
 32508
 42603
 95159
 1557
 84849
 97971
 21293
 76584
 31193
 16208
 28174
 1462
 39868
 23101
 16155
 95106
 27826
 88782
 7446
 21523
 55083
 82607
 70321
 45076
 30882
 90438
 81407
 21910
 7496
 93408
 67277
 97717
 89603
 81125
 3060
 37781
 10209
 62958
 82638
 84563
 21741
 40250
 14814
 73857
 69362
 42447
 41596
 11934
 34743
 87000
 85004
 24559
 4422
 87215
 7929
 29916
 82691
 78890
 87672
 93600
 72375
 62788
 44219
 46963
 41257
 2722
 58847
 98628
 53313
 1131
 84301
 2435
 38312
 34579
 43799
 40080
 27710
 42698
 38032
 21159
 4096
 7947
 57086
 28399
 5603
 33571
 83589
 94090
 43372
 82584
 59319
 95184
 29873
 5386
 86875
 93976
 63524
 89802
 79863
 2958
 84511
 26115
 66979
 99836
 21370
 16425
 44151
 69138
 30145
 98944
 23251
 24336
 46542
 7689
 84929
 79594
 58978
 27468
 93330
 8782
 25634
 93408
 40017
 25249
 50984
 97083
 293
 90942
 87682
 69994
 12244
 72588
 63667
 15804
 46592
 29243
 14674
 21505
 24405
 75534
 53869
 77219
 15873
 515
 82949
 42046
 1577
 70641
 54793
 37340
 17216
 6201
 62662
 0
 70157
 88524
 72193
 91395
 71147
 6542
 43559
 36713
 54348
 60125
 92680
 16198
 56487
 54573
 94466
 15927
 65029
 27725
 95402
 31010
 6309
 7091
 92967
 61850
 69338
 89887
 10937
 82204
 38255
 30211
 25614
 90800
 40157
 13116
 78595
 87
 12291
 64677
 86733
 39215
 86160
 69185
 82441
 23572
 85207
 23013
 92012
 68461
 37869
 78937
 6736
 20543
 23719
 7616
 73171
 97198
 85264
 36194
 15328
 53650
 70984
 78732
 62646
 45538
 81527
 47013
 98220
 5551
 31431
 44326
 75096
 27012
 48416
 56775
 74307
 64180
 5047
 62054
 55327
 55652
 33851
 8033
 63811
 42491
 73183
 50921
 43618
 93694
 90381
 28194
 82687
 43083
 55643
 97496
 71501
 33215
 77219
 58965
 80124
 95819
 23805
 78899
 75557
 42319
 58798
 66401
 32512
 82926
 96021
 7490
 32520
 78991
 60464
 24743
 35473
 63159
 26007
 15535
 7601
 44305
 91452
 29672
 45391
 82273
 41562
 58639
 93497
 99080
 64923
 31130
 13120
 62304
 28687
 80555
 37947
 74272
 32602
 29479
 68326
 97169
 97560
 52199
 634
 38120
 83335
 63309
 77030
 3205
 18475
 88228
 90544
 48795
 42709
 58950
 80407
 79822
 18711
 21283
 2100
 60063
 73624
 6763
 90400
 83185
 36271
 89273
 45914
 45755
 97457
 13530
 77169
 73617
 77288
 36438
 91868
 74882
 81888
 21658
 98595
 13760
 63046
 62759
 13754
 43867
 66689
 77471
 45370
 91942
 33385
 1569
 13974
 88691
 29984
 29850
 31176
 43259
 88271
 50126
 73660
 44511
 25325
 71129
 72587
 50672
 49188
 63349
 75030
 1336
 60672
 18834
 24038
 1686
 17659
 28287
 50560
 60640
 64313
 87942
 4084
 95773
 25098
 94946
 1345
 59387
 1512
 46310
 59480
 20495
 77717
 31207
 53422
 82182
 69454
 85788
 71231
 39400
 40145
 8863
 14605
 47916
 39978
 8683
 57243
 73934
 77478
 20040
 1943
 81790
 80722
 78247
 69967
 7166
 60863
 58604
 1539
 74638
 64775
 57675
 69994
 37052
 15452
 45994
 43874
 42673
 79277
 88025
 99221
 50725
 85568
 38255
 8625
 46215
 16497
 76041
 6847
 52451
 52653
 82108
 64901
 57685
 34163
 85554
 28330
 43526
 71494
 33920
 1849
 36578
 46790
 4278
 97676
 57978
 3342
 75538
 955
 90784
 6535
 7786
 54045
 4112
 66567
 17441
 59971
 44070
 28719
 10143
 65341
 8044
 64988
 58940
 46487
 68947
 95202
 65259
 4635
 16142
 34332
 36236
 52450
 66873
 64999
 41333
 99100
 0
 16072
 5129
 76819
 15199
 27197
 52432
 77820
 21520
 42403
 6384
 49837
 22609
 97828
 27876
 77492
 6268
 79362
 19550
 90084
 88590
 27767
 68900
 69972
 14004
 85160
 2670
 94915
 79926
 68192
 12918
 50943
 71368
 38793
 20600
 49784
 16983
 95930
 95180
 76683
 47272
 27749
 74567
 8259
 56511
 11815
 17014
 24422
 64775
 35447
 66961
 16218
 23323
 37240
 38082
 26895
 15788
 14236
 71820
 67916
 31700
 29668
 6064
 32001
 45775
 13026
 19489
 41597
 19620
 14564
 70058
 69463
 12305
 83035
 31319
 36600
 6388
 46371
 63338
 48850
 47984
 22313
 15350
 91864
 80393
 50206
 37330
 97735
 85520
 51477
 18045
 39146
 48319
 38041
 11655
 6676
 31762
 69560
 51975
 17904
 95844
 37686
 64428
 77072
 31343
 58754
 37138
 98970
 12215
 41856
 90020
 52841
 84040
 22605
 38387
 54121
 5642
 30939
 31205
 52034
 9459
 31509
 45711
 80235
 22806
 51983
 88571
 74217
 61335
 62527
 9289
 84568
 75778
 34995
 25383
 32080
 93628
 65123
 68424
 14663
 85778
 8542
 75275
 97955
 28555
 597
 41740
 27071
 69694
 94805
 53072
 68537
 34875
 79486
 47611
 22338
 73152
 20694
 88037
 19009
 31209
 29694
 18847
 5000
 79731
 32915
 59971
 97324
 71799
 93586
 69201
 30949
 98226
 41393
 10904
 48466
 89466
 45210
 64176
 96232
 3340
 70194
 21465
 91747
 28833
 72068
 86756
 7126
 64779
 84740
 91061
 83035
 99889
 97180
 59406
 12975
 91340
 61302
 98463
 87242
 81114
 19024
 401
 58823
 27939
 65280
 94533
 46208
 7685
 40907
 57777
 68179
 71800
 42094
 49862
 69122
 95625
 95978
 55889
 902
 84962
 7712
 64199
 64309
 82831
 31228
 20048
 65871
 74505
 12859
 32526
 76960
 4383
 17774
 46177
 42173
 51829
 62053
 15363
 12691
 29023
 89573
 10069
 50582
 28023
 19626
 20932
 73846
 23210
 34921
 14245
 75625
 573
 22695
 49218
 37409
 10133
 50773
 98917
 43268
 82623
 27303
 