8240
 5046
 1319
 3732
 939
 6657
 2888
 6766
 5062
 3843
 9154
 4483
 708
 6450
 3315
 1907
 4215
 2687
 3570
 2380
 9615
 2030
 1309
 147
 3109
 8733
 7911
 6551
 8429
 3077
 9236
 7922
 9333
 2468
 7840
 562
 2516
 7088
 4740
 3037
 2767
 385
 6479
 1708
 390
 8876
 6680
 8366
 112
 6641
 4739
 7411
 7540
 6312
 9830
 9949
 5123
 819
 3153
 5949
 9947
 8808
 3084
 1652
 3766
 2890
 3754
 9062
 3038
 4028
 2775
 1912
 3621
 8642
 9147
 3418
 7874
 6130
 749
 7505
 4932
 5773
 621
 7378
 5958
 3979
 9571
 7709
 5176
 5480
 9736
 6930
 7356
 8966
 2079
 6548
 2876
 9501
 3023
 5204
 