1562
 3045
 8485
 2802
 5436
 5931
 8841
 854
 1618
 8291
 2359
 5321
 1197
 869
 3745
 1708
 3436
 4797
 1980
 815
 7852
 5505
 4856
 5155
 3970
 3800
 3674
 3637
 3849
 6190
 6142
 2847
 5381
 1613
 1129
 3251
 5853
 9601
 6839
 6761
 8312
 4419
 1546
 8675
 6941
 507
 6831
 2095
 4854
 7147
 4667
 1464
 5718
 3450
 8511
 858
 2955
 8997
 2365
 1502
 6410
 1213
 8292
 5294
 8904
 3731
 86
 7797
 2244
 8483
 5735
 1929
 9029
 1322
 9440
 3974
 6236
 6548
 1816
 2429
 5998
 909
 2238
 4220
 1043
 940
 5930
 1692
 7183
 4202
 8565
 1397
 4687
 3042
 415
 8059
 3203
 4074
 373
 6308
 