20617
 13827
 34125
 41356
 43853
 28607
 19478
 32750
 44610
 21902
 46887
 19544
 33235
 23090
 7379
 31196
 12058
 49335
 36131
 9685
 12897
 7001
 39636
 10757
 25633
 23432
 42818
 16354
 22023
 44983
 47608
 11864
 14970
 16338
 29871
 37238
 24204
 10632
 30697
 37193
 44635
 19874
 16655
 39750
 12430
 19267
 27187
 49891
 6780
 7788
 11901
 2564
 10287
 2371
 11283
 37301
 29782
 23244
 1448
 6595
 38907
 44389
 29062
 37812
 44468
 19252
 41648
 24974
 30051
 28985
 44891
 40715
 36191
 23386
 31518
 2310
 20021
 1340
 34915
 32344
 384
 34226
 32618
 28798
 43414
 9681
 22148
 42463
 19138
 11931
 18225
 39408
 35567
 31626
 12672
 42811
 5452
 18100
 190
 1203
 19602
 24001
 17988
 22517
 47467
 6641
 14366
 49303
 5575
 35741
 21254
 3181
 44120
 1379
 20324
 13736
 44377
 5649
 18437
 34554
 46848
 8563
 12934
 14577
 1431
 24188
 30865
 1089
 19549
 6257
 32597
 3078
 18528
 8558
 31761
 12176
 4576
 10093
 6081
 48706
 15149
 24663
 18199
 42248
 8727
 36140
 21541
 20622
 7414
 48648
 43442
 25621
 31461
 23376
 24722
 34689
 23484
 47255
 22585
 36243
 18880
 38216
 25786
 25331
 6666
 30995
 20456
 10946
 8292
 32558
 37796
 23065
 28909
 21780
 38184
 18912
 13561
 9123
 47152
 42896
 25045
 46399
 24260
 15311
 25702
 5670
 33791
 45873
 32185
 6759
 9932
 9970
 8150
 14699
 25572
 864
 49202
 11272
 4680
 33941
 12885
 37388
 37164
 49568
 43866
 47188
 13517
 45142
 16043
 26139
 33048
 36702
 23124
 42807
 47176
 9767
 8749
 34599
 4395
 24138
 14352
 7807
 9928
 17033
 6370
 7846
 48130
 41219
 1642
 20515
 5661
 28272
 30342
 37229
 43172
 27724
 40481
 12224
 29001
 16474
 35608
 40470
 47815
 45326
 33644
 450
 22381
 8579
 30370
 40962
 46598
 44247
 34734
 21097
 1867
 48674
 19865
 36586
 35089
 47649
 10533
 20373
 17722
 19537
 15512
 26516
 5854
 14455
 9397
 30935
 18553
 10870
 25784
 14509
 39193
 17334
 32275
 12586
 47916
 2036
 49099
 48765
 12217
 33827
 43701
 26368
 7053
 36050
 2954
 36684
 10354
 7691
 29306
 9803
 40830
 47722
 14095
 12649
 25695
 725
 38654
 35067
 24330
 4616
 33818
 41201
 27954
 15452
 32374
 14633
 40954
 23387
 26279
 17725
 28467
 44865
 47796
 34973
 34758
 29585
 37734
 39125
 25016
 27694
 3823
 48547
 7175
 28629
 3699
 155
 44855
 14424
 140
 27625
 45272
 25013
 41964
 23648
 14424
 8350
 3960
 3166
 2653
 29975
 17557
 429
 10841
 30964
 14261
 9826
 46588
 44953
 17796
 28579
 16221
 44585
 21057
 10310
 26138
 4878
 34305
 16455
 10168
 25266
 44350
 48659
 39587
 18190
 32038
 12143
 48057
 42816
 23259
 12308
 36423
 7787
 2207
 47274
 973
 1390
 44680
 31226
 34120
 12502
 47540
 6079
 2338
 9243
 35106
 38597
 30458
 21357
 12518
 26251
 15443
 14635
 28888
 46223
 16450
 2679
 28785
 3301
 45457
 19055
 15503
 22602
 7335
 3447
 19555
 11594
 14289
 16344
 48210
 45514
 41303
 24154
 16489
 12428
 18322
 34300
 23428
 7267
 17892
 17610
 47890
 38024
 15683
 19991
 10460
 22039
 3641
 19045
 46564
 19634
 46605
 202
 37714
 5887
 46835
 2313
 7771
 21212
 19027
 45170
 44106
 48078
 16989
 44254
 48656
 26249
 39846
 25642
 45220
 25831
 45475
 32198
 41015
 10496
 22081
 32139
 7690
 29043
 16666
 36639
 39830
 14607
 26655
 37711
 34880
 46272
 46125
 31254
 23775
 2474
 47745
 11059
 5802
 7882
 35647
 32828
 22736
 1762
 35649
 17124
 35153
 21536
 20037
 29927
 19095
 42163
 3206
 39173
 16766
 49253
 16747
 19475
 304
 4321
 5975
 8482
 