47630
 23669
 8745
 46793
 40000
 28226
 22312
 47494
 31246
 7992
 36861
 40147
 13989
 18226
 30932
 14428
 2238
 35263
 40504
 38365
 14762
 8244
 564
 39779
 47298
 24025
 27723
 29323
 43398
 29999
 22620
 17638
 3129
 12213
 6199
 7278
 28787
 43032
 1210
 10758
 1899
 13208
 11159
 6654
 42699
 23424
 36471
 8190
 12841
 7139
 40900
 34522
 27290
 48868
 16878
 21716
 39717
 10707
 9334
 47821
 39707
 44983
 9247
 24784
 26602
 4370
 25139
 37528
 13494
 15484
 31699
 28276
 38649
 29648
 15575
 38045
 14047
 30046
 12585
 13151
 28117
 44415
 49045
 20106
 38160
 38735
 16471
 47906
 44988
 25729
 27170
 38958
 31684
 30930
 2663
 8816
 30206
 22833
 30688
 41304
 33856
 47603
 24593
 25422
 9872
 10217
 10047
 3998
 11636
 31673
 19319
 16011
 23933
 14265
 1292
 29280
 24279
 18318
 36961
 24548
 20671
 24845
 33018
 37439
 29843
 47154
 38138
 1682
 18766
 7287
 10689
 46499
 24358
 14608
 24021
 32764
 31158
 13869
 49222
 13725
 15714
 39590
 4030
 14993
 40300
 17543
 8031
 7330
 30859
 33636
 28194
 41413
 40707
 8315
 30636
 7645
 36943
 18553
 3398
 6975
 5032
 22832
 10488
 1376
 24863
 18936
 2738
 31718
 8291
 34827
 10000
 48105
 32913
 22504
 47564
 49968
 29467
 18129
 49558
 25531
 46923
 18907
 48246
 42583
 45207
 13570
 6532
 20540
 36402
 33086
 37741
 19122
 45687
 30769
 15835
 11640
 1827
 18891
 47847
 24460
 26763
 44653
 44638
 37861
 13212
 12605
 49329
 17580
 42704
 10195
 2748
 42133
 2244
 35545
 49515
 35637
 22526
 5292
 13714
 43265
 46997
 22288
 46036
 13384
 31776
 28643
 3023
 40789
 21820
 24844
 35568
 4072
 47229
 33546
 44681
 20994
 24592
 25442
 36224
 23158
 50
 14402
 8067
 23067
 35681
 18461
 4754
 29740
 11404
 23170
 1753
 22352
 45185
 27535
 43674
 41745
 38677
 12195
 47651
 2634
 5866
 31471
 37445
 3484
 30308
 25334
 48258
 30345
 25298
 21126
 6521
 25245
 15137
 37317
 38508
 5493
 30755
 19172
 23688
 8651
 9535
 19042
 3912
 32990
 45536
 47530
 14339
 15881
 8209
 4545
 48709
 19397
 2763
 13108
 8950
 15818
 46296
 28480
 14544
 32492
 46128
 34305
 31700
 2489
 30063
 22773
 49783
 30009
 28319
 6626
 46225
 43236
 6722
 43673
 7221
 49857
 5357
 27583
 25354
 11364
 28960
 4621
 41498
 24929
 11135
 48979
 10061
 16859
 27148
 43109
 21807
 40644
 16530
 42410
 18208
 43459
 6361
 27292
 32380
 43624
 14925
 37514
 36877
 17154
 5293
 23775
 16444
 15908
 38101
 48286
 20394
 1551
 24725
 13852
 23367
 29954
 43
 32601
 37399
 21201
 8661
 34495
 2885
 0
 45906
 21028
 33310
 10489
 7444
 44583
 38658
 152
 4806
 44305
 23436
 9807
 9174
 37130
 23267
 26355
 12610
 14099
 23716
 42820
 31674
 42348
 37464
 25385
 39686
 45901
 14954
 41325
 17724
 28507
 1536
 28954
 7
 21896
 49182
 45748
 1569
 8493
 42060
 33364
 6078
 1549
 43993
 6167
 30172
 31278
 16881
 39495
 33838
 46569
 16421
 14370
 29162
 20720
 30606
 34803
 19545
 31359
 23993
 26114
 33200
 14793
 25434
 9789
 23264
 37868
 15814
 5203
 10339
 3055
 33740
 25415
 45039
 6805
 16588
 49199
 33162
 37742
 6982
 24778
 27115
 30511
 21343
 4248
 19145
 11351
 46836
 34276
 34805
 15688
 45200
 10494
 48933
 32762
 13672
 45489
 41847
 30211
 49416
 6304
 44447
 47694
 5947
 12838
 40387
 34683
 34846
 17512
 31669
 35893
 21088
 30853
 16807
 36483
 33143
 34825
 36715
 41404
 49384
 24934
 5662
 35876
 7142
 35737
 40339
 26510
 48468
 7602
 27657
 27035
 36915
 41740
 20213
 112
 37394
 15050
 