56580
 56845
 73735
 2657
 70694
 18288
 84605
 88571
 78130
 65112
 7176
 73784
 38493
 89589
 59957
 45798
 64463
 22150
 98062
 44658
 69635
 98385
 80505
 57690
 60082
 35860
 62888
 92689
 29070
 59784
 36258
 54204
 65900
 33971
 23630
 10337
 41903
 96829
 32890
 40239
 2660
 32047
 11622
 90870
 42886
 55592
 60202
 21057
 41247
 33254
 84083
 95948
 28778
 55678
 94786
 64927
 63670
 27519
 24569
 44191
 86714
 23263
 35302
 26449
 88913
 27327
 65833
 98999
 0
 68733
 44095
 75657
 62399
 96348
 65271
 31199
 38354
 77941
 33587
 16606
 34933
 18963
 56470
 8719
 45914
 11290
 73734
 14646
 65321
 1330
 92607
 47038
 53322
 55930
 92763
 97157
 67092
 81625
 42402
 41836
 37080
 47156
 37293
 78390
 43968
 89900
 90976
 703
 72222
 34025
 96949
 23680
 5462
 56678
 39951
 37924
 59874
 80100
 77110
 50359
 55482
 88738
 95130
 21336
 11607
 13132
 26286
 89690
 48910
 37620
 53867
 97766
 51358
 92747
 89852
 53695
 23015
 96283
 2713
 18976
 9695
 54340
 94783
 86416
 49768
 17070
 18891
 89536
 45757
 72368
 848
 11758
 69689
 22708
 69780
 91978
 84573
 50804
 33703
 31974
 59585
 96866
 33963
 82276
 95775
 84088
 53579
 93004
 49104
 18941
 63489
 17596
 46996
 32256
 84316
 15260
 66013
 3057
 18075
 19770
 31099
 30610
 33292
 13049
 36694
 10885
 10845
 43255
 84834
 3460
 11239
 71251
 25336
 44483
 66901
 55871
 68108
 61876
 82649
 21704
 67497
 85393
 785
 80778
 13126
 23632
 72415
 75109
 11072
 82263
 74804
 91752
 76129
 36815
 77468
 5788
 51195
 81729
 34662
 51102
 85951
 85733
 85083
 43647
 66437
 36377
 51532
 20291
 81773
 61920
 26664
 26833
 53291
 91460
 8615
 14583
 63718
 17735
 6121
 51337
 3476
 47670
 56239
 36632
 90971
 25239
 20246
 41467
 55407
 73652
 82417
 16459
 67685
 85360
 13665
 23076
 4221
 75571
 58252
 21783
 26788
 2126
 63182
 50079
 29402
 3508
 82481
 64748
 48628
 3693
 7501
 66447
 40706
 93000
 41559
 70213
 73483
 74347
 70826
 96622
 20229
 7537
 82944
 88993
 45075
 74482
 57762
 366
 38561
 18120
 73061
 64888
 17753
 46085
 34313
 14196
 30793
 97410
 9759
 42618
 85984
 73109
 98749
 64462
 84150
 51196
 82551
 83309
 87501
 22141
 91757
 76522
 48040
 32710
 95510
 86379
 69118
 32236
 65605
 24862
 25874
 25864
 21928
 18000
 73075
 59450
 216
 33221
 51194
 77272
 27121
 12330
 15103
 80818
 95925
 62075
 62189
 58854
 38323
 7462
 81157
 56573
 88783
 90131
 65717
 30776
 81880
 61190
 67484
 26971
 19139
 55485
 84952
 24609
 43521
 18455
 11981
 46733
 6335
 81901
 2042
 28726
 85235
 9394
 46567
 98751
 27736
 67208
 38891
 67429
 24042
 6526
 25824
 20257
 75470
 49273
 37037
 81985
 69538
 21114
 30624
 95385
 80336
 81099
 71706
 2369
 67725
 15002
 44805
 92755
 28233
 37698
 53784
 80541
 98382
 87950
 36154
 74442
 37277
 47315
 47551
 79649
 13682
 80665
 11066
 40118
 48183
 13559
 52295
 87968
 77931
 87166
 35865
 40674
 9127
 92860
 55687
 94016
 39902
 1257
 71781
 36626
 55714
 41159
 42832
 71657
 87234
 86606
 63830
 1712
 82747
 12020
 5548
 79852
 4750
 72556
 36513
 37389
 65329
 96385
 8670
 63597
 70914
 72624
 38336
 94112
 97204
 90592
 98916
 62838
 16785
 11659
 23831
 3545
 85772
 90072
 88336
 30160
 75345
 1011
 57763
 73847
 8230
 75992
 58079
 1130
 35688
 49280
 82197
 85831
 80584
 25917
 6877
 26452
 37227
 40112
 71171
 3501
 9036
 67247
 44290
 38944
 75038
 54818
 7360
 21645
 67149
 63966
 21432
 90981
 64099
 71348
 25230
 88787
 11781
 16695
 94841
 50351
 33618
 29287
 34004
 55525
 32932
 27836
 56541
 56442
 97116
 32514
 38622
 99603
 29993
 92416
 63937
 22440
 80847
 17856
 52951
 65344
 39150
 65219
 81329
 51415
 95143
 78708
 39097
 36994
 19211
 32214
 70799
 40012
 76050
 23379
 87887
 76319
 27279
 77314
 84912
 2211
 7059
 62593
 68642
 26692
 80958
 89075
 14914
 87732
 20494
 34018
 98764
 80928
 53284
 55292
 28669
 49691
 82565
 86520
 95579
 98873
 98347
 33128
 23358
 42433
 97852
 3991
 68674
 41990
 67567
 7385
 83461
 34986
 98254
 18243
 52243
 80302
 73292
 49495
 58696
 91256
 86847
 9568
 17387
 88845
 24787
 40076
 21738
 70234
 8598
 71717
 51303
 35087
 22884
 83074
 19592
 49798
 82156
 23193
 85037
 23552
 49186
 14902
 71439
 58779
 16433
 32829
 13071
 21685
 18298
 57766
 47361
 3487
 85900
 17496
 91682
 48996
 88050
 65001
 27249
 99011
 88668
 29143
 58500
 77938
 11406
 4279
 74865
 23053
 60570
 98389
 11264
 7860
 52752
 40831
 44325
 25333
 59948
 79506
 16021
 25272
 79332
 78433
 73724
 41043
 92410
 6888
 79481
 3480
 1324
 73079
 19759
 26433
 49919
 66677
 47379
 1539
 73821
 33165
 95723
 5454
 1201
 45482
 49473
 80930
 33677
 96938
 53235
 33720
 72259
 76563
 62050
 8806
 36535
 59622
 48651
 2789
 16069
 91059
 53717
 58228
 64685
 83040
 17040
 21363
 81835
 92693
 90108
 20945
 82979
 80008
 93154
 43782
 83492
 96986
 13768
 95721
 45029
 23854
 50307
 85046
 27791
 50404
 15949
 32992
 53094
 60305
 94186
 66036
 61517
 28398
 93295
 40149
 44397
 44810
 60163
 87278
 97847
 78152
 962
 44766
 34509
 28081
 88649
 92976
 78153
 73667
 92762
 26703
 64321
 96207
 43194
 40774
 31832
 24489
 75996
 14112
 96304
 57306
 83197
 63886
 44278
 34359
 13584
 1676
 63087
 3225
 14340
 79918
 16242
 13666
 62768
 2541
 87354
 18885
 42513
 59141
 93743
 74628
 65941
 84983
 17058
 27589
 90585
 9293
 81313
 90368
 84281
 89550
 5234
 65661
 48926
 53005
 2866
 6996
 53068
 21112
 67990
 82804
 16153
 43417
 83383
 57646
 48763
 88319
 90743
 19013
 29796
 20718
 86504
 25702
 78833
 91479
 80198
 94097
 71699
 15888
 15445
 92862
 86351
 33184
 5941
 60939
 5237
 94651
 15365
 50648
 68942
 81976
 5116
 7709
 76449
 62165
 53290
 56613
 10398
 82438
 21759
 6700
 40606
 27233
 63826
 8180
 87705
 21480
 24882
 18311
 62113
 70100
 35513
 26199
 32163
 287
 72156
 19011
 75300
 41281
 43243
 62426
 69224
 70102
 36932
 59372
 22857
 60208
 61663
 51550
 44787
 99613
 75155
 87855
 73658
 46405
 18662
 53872
 89286
 67234
 80841
 20469
 57376
 61358
 56381
 86259
 44576
 94225
 77776
 32625
 5444
 14185
 22242
 29719
 42204
 9988
 29885
 15223
 26501
 26250
 72896
 16015
 74585
 63141
 95305
 50141
 11301
 51615
 46294
 43028
 66956
 74638
 33356
 41728
 65930
 31947
 37445
 62740
 84030
 30318
 36123
 55805
 69817
 46728
 26962
 59070
 23488
 57311
 55728
 43101
 26520
 69532
 50267
 44360
 81164
 50363
 81829
 87586
 52519
 43915
 6663
 5639
 71979
 65175
 9118
 29076
 24076
 66004
 41262
 42388
 99449
 74169
 41645
 47238
 39267
 10605
 12382
 32271
 14491
 9236
 25575
 23976
 40644
 25827
 19973
 12694
 51403
 59615
 15812
 27795
 16909
 17454
 63436
 84712
 23385
 26465
 90680
 37356
 77910
 88731
 98505
 95674
 72918
 48912
 19487
 6810
 90939
 35593
 28484
 72621
 71466
 68443
 78327
 81029
 26808
 11215
 32460
 30346
 35277
 99408
 24344
 58702
 69935
 78655
 5383
 30214
 47463
 15422
 4777
 85550
 13145
 8379
 15893
 47078
 20091
 7700
 59274
 63809
 47016
 64533
 14629
 81368
 3347
 31184
 42974
 45637
 