3710
 30805
 4863
 39343
 9688
 10191
 1697
 266
 31981
 4787
 38888
 20312
 39682
 45900
 4292
 11908
 35606
 47135
 33615
 34756
 38184
 37360
 12374
 3155
 23937
 16612
 26807
 36742
 41188
 35383
 44439
 22678
 26294
 21125
 36013
 25280
 24771
 1884
 10931
 24285
 45404
 46398
 10085
 40265
 32397
 37070
 31184
 5189
 12631
 15344
 558
 25331
 443
 6119
 42894
 43192
 12769
 25810
 9813
 46901
 16987
 18981
 37828
 21975
 40128
 18677
 11070
 16718
 27870
 42355
 6957
 30051
 48717
 646
 30215
 18135
 47723
 41859
 8510
 4942
 4396
 48426
 2196
 42036
 14556
 10938
 4689
 13846
 10857
 3063
 39999
 4472
 10077
 6672
 12153
 13450
 44432
 23488
 6503
 32354
 31247
 11969
 26030
 35250
 16966
 34196
 6804
 41713
 28537
 38722
 13907
 41106
 14948
 29461
 17115
 13660
 46980
 1378
 21645
 5339
 513
 35552
 49295
 43762
 7092
 11207
 12608
 49032
 8725
 41663
 39777
 21329
 2258
 42517
 31625
 37884
 5092
 28932
 40752
 30386
 5035
 3529
 5177
 7488
 9490
 36957
 3404
 985
 48127
 3362
 32330
 41655
 25928
 47628
 12461
 39894
 672
 28667
 15445
 44167
 25542
 24838
 9940
 30150
 20440
 6920
 12328
 14367
 46270
 19104
 22553
 33021
 49498
 15812
 38864
 10568
 21347
 5749
 45169
 3668
 47105
 39892
 36909
 43765
 27611
 29055
 23411
 22058
 35914
 30985
 7901
 13333
 11294
 10267
 42742
 111
 19206
 27538
 41091
 18577
 45000
 19931
 11135
 33871
 45528
 25635
 7611
 10
 9797
 34827
 13774
 28394
 12427
 9095
 176
 8440
 42140
 23762
 34740
 36604
 14101
 14767
 30911
 36623
 33474
 30791
 27636
 26230
 22439
 10584
 33755
 26474
 1245
 24495
 2497
 46503
 42464
 25662
 18016
 34849
 1822
 48524
 36700
 26861
 31634
 388
 41016
 6722
 1919
 19948
 5655
 30969
 41636
 39398
 7511
 28083
 9862
 11788
 34801
 30769
 5483
 13117
 7004
 13957
 13512
 7235
 22301
 5227
 12396
 21716
 23992
 24567
 15409
 34013
 840
 38485
 1012
 18315
 49230
 27799
 36091
 12135
 15789
 16949
 2312
 19489
 11926
 19731
 37366
 46941
 27539
 26416
 27039
 23475
 5557
 31773
 14875
 11310
 14800
 23207
 12017
 2396
 17254
 5578
 12105
 18515
 34546
 22299
 23071
 29093
 17338
 35412
 43020
 34400
 25678
 1132
 22116
 9121
 44336
 8726
 36593
 40782
 30888
 18936
 19807
 47844
 6885
 49223
 38682
 47204
 49469
 12488
 2513
 18123
 11398
 4231
 28969
 9314
 6073
 39492
 33524
 13617
 14769
 19694
 40974
 15648
 17159
 26751
 33244
 2458
 21378
 14518
 40838
 13088
 26904
 16582
 2936
 5626
 10133
 12650
 36016
 37198
 34813
 11647
 44134
 15109
 46938
 10769
 15463
 42111
 20530
 38255
 43736
 42657
 16491
 4811
 46636
 14197
 22880
 46186
 36450
 44056
 43436
 8457
 44811
 25203
 33735
 13710
 42604
 37717
 29792
 12208
 19299
 18239
 9327
 31249
 28309
 13413
 8658
 41036
 36325
 37962
 740
 15125
 37074
 15597
 29504
 188
 19266
 623
 40938
 17424
 33028
 1168
 27776
 12636
 6438
 4122
 178
 42707
 43261
 6425
 35057
 28354
 46677
 24821
 8422
 46610
 43425
 25740
 37927
 31980
 26776
 2012
 12314
 27078
 24176
 27084
 14986
 33160
 10173
 9246
 11897
 10996
 26830
 18559
 36901
 20387
 15625
 23688
 28996
 46511
 37037
 22174
 15556
 34628
 36803
 24486
 15882
 29158
 43220
 29923
 10414
 20000
 16336
 14596
 653
 43576
 19576
 1625
 8582
 41452
 27408
 16255
 42900
 33653
 12373
 18066
 34830
 30431
 30609
 29081
 18789
 4753
 44683
 15730
 3434
 12500
 27861
 46188
 13793
 33092
 6144
 45842
 3139
 14297
 9470
 26823
 5897
 45378
 