22041
 49704
 26646
 21906
 25990
 47094
 33758
 18071
 14719
 36697
 35764
 25833
 33530
 26821
 10404
 9294
 34386
 46225
 13807
 27091
 30541
 48446
 38289
 28955
 33683
 34426
 20509
 24079
 46694
 22875
 11619
 7057
 6036
 4095
 44083
 14307
 236
 10396
 36779
 32767
 27530
 2758
 8256
 18613
 38041
 36739
 2945
 20025
 45714
 34252
 43571
 37068
 11607
 4571
 21485
 49521
 41930
 34085
 36025
 43530
 15982
 7811
 1657
 44748
 1324
 47120
 9967
 36201
 8087
 34840
 25009
 26917
 28381
 33848
 13940
 16407
 12584
 10164
 27476
 3192
 16838
 24167
 40231
 28709
 7384
 40009
 45707
 32530
 7150
 34421
 37816
 25952
 19243
 8765
 10375
 13303
 39981
 10578
 32576
 30000
 32388
 26271
 14796
 6963
 47706
 32105
 46423
 13926
 33236
 41869
 39680
 14723
 25846
 37544
 17365
 33631
 8028
 29248
 41692
 12065
 41725
 20215
 8226
 23606
 13332
 46403
 10522
 8682
 31587
 35262
 41442
 5779
 15264
 12090
 42824
 40013
 14434
 3554
 34863
 847
 35291
 39816
 26429
 39591
 14880
 7228
 30940
 15959
 41092
 19237
 19431
 34215
 31579
 34624
 41862
 17446
 5253
 41102
 21114
 16416
 20107
 47273
 49887
 25408
 9115
 0
 6597
 47768
 23981
 43117
 40350
 10716
 40862
 37099
 33043
 22764
 16587
 2992
 43088
 10691
 46911
 44551
 26323
 38195
 34540
 28062
 23549
 13492
 10328
 2079
 27951
 26056
 19177
 6787
 44594
 14763
 37399
 43703
 31684
 24193
 45512
 40406
 21517
 42700
 40831
 10081
 29183
 33042
 31447
 47735
 8930
 2578
 45136
 30874
 10863
 8370
 32120
 49829
 39248
 30353
 36334
 35714
 43339
 20446
 28108
 45410
 40331
 38164
 16195
 46927
 9640
 26248
 29109
 35283
 7692
 27718
 23919
 62
 11486
 47379
 445
 23851
 49871
 37556
 18181
 21732
 25805
 14536
 1308
 40234
 9866
 16118
 260
 13849
 9025
 45175
 48827
 31603
 42517
 23837
 38665
 26825
 25817
 38236
 47076
 48351
 2763
 9986
 46034
 17849
 4694
 46775
 27590
 7863
 48604
 39332
 24790
 49461
 35611
 13932
 26116
 40010
 45969
 6776
 42663
 11311
 19906
 1925
 19227
 34490
 5247
 41171
 43558
 22741
 21114
 7006
 1200
 37790
 44342
 15343
 8978
 2054
 28115
 21145
 25469
 11355
 17579
 27194
 12357
 35902
 14169
 25102
 36176
 34108
 41368
 1737
 18250
 35241
 20212
 20416
 24726
 40545
 40038
 37531
 19698
 6132
 45867
 10535
 22681
 12749
 10635
 6385
 6675
 48855
 22194
 3397
 30442
 15915
 23292
 12697
 20654
 37769
 18015
 10639
 29999
 29369
 1217
 4588
 19989
 35413
 6501
 19746
 695
 37850
 15141
 15935
 3795
 2448
 3953
 1045
 24715
 18148
 5074
 40278
 7133
 39036
 35823
 31219
 18576
 41097
 27729
 37432
 48500
 27754
 17850
 12790
 22859
 38251
 38
 37277
 17586
 37830
 48808
 45501
 28882
 49872
 13181
 49848
 41491
 23092
 4906
 22318
 13243
 39621
 16547
 2314
 42101
 40107
 46591
 15138
 0
 25383
 33549
 39382
 38170
 45433
 41806
 40060
 20006
 36147
 6345
 37159
 6236
 15742
 33997
 32161
 13253
 13948
 27229
 12321
 38070
 39841
 13499
 1129
 43353
 40745
 33431
 24776
 18512
 7488
 19107
 18332
 1656
 32603
 36646
 2938
 25302
 24101
 25152
 47937
 42266
 38444
 49146
 49514
 9100
 15269
 39431
 37894
 31828
 48127
 11279
 15971
 13905
 47556
 13054
 33613
 35181
 48569
 28285
 21237
 37075
 9608
 10041
 2318
 9225
 12046
 18919
 30592
 27819
 14062
 8656
 42986
 419
 19024
 8333
 34018
 16154
 48601
 48808
 30137
 41732
 602
 35404
 33740
 11465
 18226
 2581
 15858
 48025
 1779
 15132
 31038
 35438
 46284
 15871
 2473
 36354
 49218
 37211
 2388
 