195721
 359427
 270533
 219603
 382031
 493809
 363610
 422206
 236566
 349935
 200704
 149461
 359919
 121539
 452060
 59112
 465718
 300408
 44621
 332961
 270318
 36093
 433884
 148211
 419745
 48948
 337313
 140721
 50196
 134482
 4264
 488181
 161179
 167579
 32595
 481268
 132968
 245464
 213470
 276557
 200872
 365443
 12462
 356358
 67796
 403382
 405970
 207774
 303767
 256604
 338122
 413630
 42600
 168137
 433310
 338231
 453378
 36403
 347802
 24947
 243756
 268144
 207584
 287453
 276143
 187106
 0
 413603
 312949
 4466
 137388
 255360
 333807
 208672
 201157
 55310
 305088
 127626
 191731
 348142
 284872
 361136
 383249
 293744
 137597
 67767
 52356
 83992
 158168
 183007
 1965
 70755
 430841
 68847
 324384
 304894
 251626
 486705
 41007
 93432
 455415
 426947
 91577
 322231
 238482
 271311
 493555
 407608
 86800
 289936
 35396
 52631
 222337
 201826
 5991
 78508
 352002
 182767
 192475
 285135
 433278
 307909
 203003
 140096
 57777
 368951
 306930
 424933
 20944
 437272
 192673
 198113
 171798
 170418
 228532
 495392
 354368
 424526
 166103
 283251
 486842
 227620
 427751
 462962
 14570
 112917
 54512
 345402
 420862
 301519
 225190
 398366
 208023
 295749
 110086
 333097
 382427
 464383
 348752
 118375
 269265
 194624
 498615
 266272
 401853
 170120
 136691
 150580
 249400
 439541
 80304
 367497
 383246
 368750
 385782
 74699
 162715
 110304
 269121
 212595
 391762
 27907
 396521
 33557
 381587
 436716
 236945
 109393
 69124
 463010
 143079
 19135
 110591
 85946
 206318
 445621
 117552
 267174
 311034
 449523
 417956
 476007
 373638
 326222
 49467
 40174
 168648
 356321
 326075
 189624
 399427
 100982
 89931
 364372
 249849
 174070
 405646
 96080
 61059
 218481
 354847
 408874
 131416
 226941
 275394
 138
 427408
 388102
 359101
 148148
 333842
 14349
 321609
 479426
 409850
 195524
 203545
 158551
 45073
 35290
 331965
 28314
 414941
 265414
 169612
 448598
 66251
 50325
 482499
 175327
 84625
 120235
 169079
 261938
 498083
 239446
 70391
 396280
 45201
 65934
 89706
 266690
 333859
 24794
 163276
 173518
 44245
 154415
 389497
 420142
 117664
 411652
 66929
 221236
 125303
 137498
 143941
 196760
 380070
 59633
 12356
 119323
 262465
 343906
 345618
 149025
 8410
 72524
 401177
 430682
 378562
 36377
 63254
 170515
 304125
 280795
 107296
 133846
 412444
 109981
 342369
 359122
 330823
 365714
 214694
 226642
 142954
 467474
 477429
 22221
 257585
 341197
 274582
 182291
 51939
 124972
 475524
 123528
 492394
 417271
 334500
 143896
 60329
 373557
 146017
 76276
 185056
 21477
 59985
 257142
 110957
 489409
 34246
 99784
 209846
 173934
 230253
 375878
 352103
 20451
 380687
 448406
 445217
 456656
 97715
 120747
 104234
 492755
 221370
 227940
 182020
 33057
 199363
 398611
 326626
 315695
 280575
 359719
 90053
 370533
 239829
 143279
 335259
 434579
 248785
 297643
 329467
 403796
 288087
 292366
 290012
 351243
 133720
 324271
 143006
 281499
 384615
 399070
 283314
 238926
 412641
 422483
 364557
 458749
 161290
 384248
 418266
 446938
 443396
 413996
 255644
 29055
 201028
 419463
 69284
 172780
 101234
 195964
 469494
 420687
 332373
 420639
 290780
 253339
 489288
 199592
 183416
 130503
 123273
 198937
 404773
 189003
 351590
 390996
 336542
 436647
 152422
 322824
 274363
 231130
 304549
 331690
 110460
 453717
 422565
 38500
 146020
 241160
 448027
 18936
 285138
 487577
 493049
 439849
 351673
 234300
 131903
 496386
 247771
 57810
 404957
 227076
 283985
 277347
 50625
 52351
 294757
 205017
 393812
 35658
 466173
 65795
 164387
 201735
 242506
 175370
 115696
 375142
 156552
 305187
 438168
 26533
 77748
 304492
 194598
 349325
 248715
 198431
 23696
 113496
 106237
 39735
 220047
 361865
 286189
 79945
 78251
 385721
 18329
 200486
 405434
 169977
 227520
 313988
 351530
 37931
 351545
 30267
 84786
 146527
 349008
 138803
 145518
 434017
 286195
 496381
 72697
 414648
 412944
 67233
 471042
 472967
 103387
 239993
 297546
 353658
 161168
 276699
 283335
 251085
 235603
 378340
 491259
 352826
 135023
 230769
 425069
 490697
 480400
 277701
 32057
 392669
 435557
 378962
 179396
 155825
 78603
 452003
 462871
 368628
 397952
 212760
 224036
 180272
 412249
 272887
 241133
 174999
 117478
 429381
 439953
 49084
 201241
 185144
 339388
 10201
 393725
 362944
 327211
 26044
 172322
 38492
 76976
 189083
 152329
 446177
 204596
 346115
 472058
 376777
 191587
 348599
 114383
 29882
 260008
 186101
 37810
 204622
 235811
 375599
 339166
 498548
 96421
 228496
 162030
 870
 98829
 496215
 111171
 437805
 162995
 286919
 275470
 481860
 39227
 248643
 313993
 357285
 151170
 257706
 326414
 304107
 44276
 485509
 129325
 302177
 72922
 483200
 49805
 407168
 295074
 477463
 326600
 224421
 490002
 391709
 27617
 404054
 211171
 348489
 485742
 211297
 407219
 206508
 371410
 34139
 310872
 364265
 333647
 462624
 369672
 337841
 195884
 388125
 486187
 124611
 33769
 357953
 74697
 320850
 70914
 258299
 107557
 304058
 322462
 38676
 443974
 114854
 127294
 126623
 288407
 10041
 218616
 464565
 121640
 465748
 226042
 449260
 397331
 297787
 428634
 224909
 4622
 137589
 333052
 447978
 50562
 53260
 224121
 251065
 53252
 303582
 269209
 67787
 301816
 281065
 382188
 168327
 190919
 364400
 189441
 406576
 294436
 119469
 101180
 479038
 52605
 141253
 450759
 122697
 166666
 132370
 317343
 91642
 232743
 94788
 68839
 221782
 436645
 259071
 205844
 143542
 362322
 336473
 378396
 79842
 405631
 415254
 459723
 103033
 61745
 472429
 265823
 219391
 100842
 341306
 355582
 268955
 207871
 133964
 392444
 313583
 284774
 363993
 421113
 68893
 254906
 116074
 284747
 491448
 490663
 438953
 400369
 347250
 90623
 134361
 246344
 312279
 72338
 185329
 346934
 497402
 251179
 447158
 417677
 424775
 261848
 79950
 247762
 103696
 143737
 69575
 315212
 460381
 487057
 107828
 302124
 284932
 459536
 425381
 342945
 77742
 329424
 447166
 128077
 366064
 206219
 18834
 119367
 441710
 363960
 95932
 352908
 468168
 49144
 432047
 281555
 419560
 200998
 365564
 27592
 218345
 146451
 164535
 297701
 432017
 231762
 164595
 216449
 481809
 38107
 426346
 168336
 134462
 487883
 439748
 181508
 229736
 422742
 262308
 499172
 472968
 217709
 98484
 421534
 99562
 480874
 307847
 316710
 51182
 473958
 247082
 397312
 142145
 140560
 104088
 146682
 36789
 228713
 371546
 492311
 175787
 89193
 342751
 330525
 128183
 29646
 479844
 5120
 85335
 398665
 376432
 339949
 473212
 232770
 130758
 245332
 107712
 211042
 272011
 84348
 213260
 276205
 498259
 299566
 224215
 482376
 88428
 453885
 167414
 378697
 186054
 142264
 127649
 382373
 273242
 450094
 11271
 64376
 139518
 451242
 452639
 470997
 101382
 481588
 317958
 9149
 12235
 181692
 403225
 259885
 416126
 462001
 130069
 480007
 406321
 199136
 142534
 189855
 302310
 139038
 391793
 311723
 114190
 398782
 300693
 463050
 99496
 408661
 305842
 351366
 93668
 350591
 192215
 447278
 488651
 262097
 50077
 469906
 379641
 189244
 296620
 66688
 241957
 59114
 249060
 161463
 39703
 376617
 324912
 84955
 292079
 144128
 499891
 120450
 82365
 69160
 289652
 441318
 396764
 353814
 356478
 312162
 20138
 308170
 282687
 410523
 302281
 1283
 79082
 303926
 246780
 13275
 182449
 435850
 411308
 206142
 15139
 360259
 149697
 247308
 461777
 426110
 254382
 428409
 205603
 46812
 439123
 324005
 219790
 321791
 363817
 435727
 115680
 408965
 91919
 311407
 12279
 106413
 475329
 55541
 484554
 255136
 402555
 279651
 296049
 324786
 111180
 117949
 192633
 487343
 146784
 13899
 92674
 41650
 76720
 110398
 199494
 377940
 376638
 369198
 220535
 11422
 180722
 319556
 336412
 239294
 343287
 347684
 411004
 451251
 210922
 441980
 151123
 322542
 445319
 346968
 40798
 86720
 38767
 102480
 292602
 298938
 274927
 403661
 209054
 151364
 198817
 488479
 374598
 446639
 387172
 172060
 240869
 64102
 300034
 170831
 420374
 68369
 328179
 357881
 29013
 135960
 59308
 145103
 422954
 429824
 107941
 108454
 386447
 40740
 390396
 476612
 364722
 231863
 490801
 459577
 191369
 167459
 77592
 485204
 451633
 447044
 336065
 43033
 27049
 39577
 431518
 56858
 413311
 20199
 83029
 54810
 146712
 113819
 100894
 401023
 208872
 356568
 17275
 233264
 394574
 243438
 33790
 145916
 90736
 165737
 280386
 18216
 446160
 45863
 452921
 319456
 231005
 9939
 463744
 113793
 121400
 208567
 121059
 42397
 159938
 280103
 421454
 363319
 59364
 490863
 353673
 21104
 156513
 198774
 325787
 331757
 309160
 148813
 452459
 224533
 356578
 101400
 470777
 398089
 103028
 209418
 270473
 375523
 488825
 273402
 19835
 19316
 293900
 197036
 90217
 68109
 334442
 154648
 16169
 206448
 258532
 165882
 455313
 37744
 423925
 321276
 236881
 41724
 163472
 40307
 432322
 85286
 145962
 371428
 332238
 156054
 403581
 338365
 490066
 31570
 267508
 124810
 26772
 320000
 223187
 99201
 72155
 254852
 409726
 401900
 152331
 373928
 18318
 101157
 130013
 324530
 274790
 138322
 499877
 110338
 197588
 492992
 164581
 148631
 13850
 340653
 113122
 133571
 355786
 257023
 194884
 369713
 43307
 300523
 108235
 396073
 400273
 225361
 79165
 283665
 400973
 289181
 4767
 202467
 191397
 234601
 126214
 287258
 354054
 126168
 26354
 163544
 284554
 335446
 293034
 105489
 443321
 354691
 287187
 245000
 456113
 241350
 308971
 319866
 448041
 406653
 154618
 6926
 220611
 20066
 419999
 414175
 230554
 487508
 83145
 373669
 80110
 269761
 231445
 426605
 468832
 290566
 113805
 402958
 173441
 222323
 72294
 254037
 129687
 379662
 495878
 39115
 168651
 90163
 395169
 41407
 417384
 420602
 464641
 89232
 239114
 276520
 164971
 367987
 58823
 136000
 251967
 75058
 76967
 172742
 251232
 2317
 18324
 437399
 64904
 473068
 406739
 196385
 104289
 105585
 292092
 174184
 296788
 297676
 95772
 68997
 467808
 379080
 328987
 421832
 491775
 280766
 36236
 145484
 384044
 35280
 256987
 93258
 112679
 490752
 203920
 248981
 448928
 37163
 464445
 311273
 200907
 431491
 217563
 297411
 458494
 264156
 49343
 74881
 429085
 290777
 480007
 436158
 218485
 369565
 138278
 92992
 39382
 455523
 41851
 157093
 419505
 248373
 341285
 245418
 446021
 405503
 470631
 426969
 336220
 119493
 482168
 251480
 428681
 148877
 268368
 23532
 149228
 104823
 78960
 377751
 227663
 96210
 445474
 373688
 46511
 415871
 237958
 425800
 348604
 126009
 281977
 143087
 292499
 371968
 269230
 247529
 320374
 453796
 357530
 135309
 324444
 135023
 90983
 18021
 199633
 339143
 242441
 245916
 125180
 148397
 66095
 391863
 437244
 38961
 152821
 69934
 181949
 101488
 211319
 349397
 280084
 212574
 489384
 155396
 309689
 236790
 190956
 459576
 325790
 375263
 305414
 196900
 243753
 43652
 211515
 49501
 2323
 249804
 268825
 152126
 197454
 70290
 410277
 462483
 104351
 191303
 118340
 340405
 315669
 99699
 205521
 359090
 91668
 115786
 290466
 5996
 337113
 262811
 102969
 71377
 333333
 452853
 201883
 145316
 318315
 463407
 228379
 287504
 137668
 344272
 269834
 164418
 376574
 402450
 490107
 263492
 418592
 431118
 487214
 110606
 359473
 285986
 387447
 160775
 470657
 115361
 208008
 475564
 24198
 408126
 331477
 127962
 462394
 138933
 287634
 243003
 451364
 287035
 73156
 184448
 21298
 86488
 160904
 394951
 172795
 301895
 322845
 459363
 327990
 27485
 376471
 223961
 471354
 91490
 6661
 164857
 306899
 99615
 69343
 181614
 267374
 113846
 397783
 414415
 177503
 67251
 486769
 402039
 215896
 68047
 48677
 331003
 187846
 209382
 326850
 337873
 275541
 294761
 310790
 105490
 284485
 3003
 417425
 101864
 84732
 198516
 68377
 132079
 283281
 309093
 140037
 58719
 421912
 258246
 178916
 0
 346153
 466475
 406702
 19793
 279755
 394271
 156272
 301222
 488667
 428643
 379867
 25558
 182714
 168360
 143330
 377358
 178103
 381978
 85520
 400444
 221851
 296906
 218594
 6985
 313321
 134903
 357626
 422791
 356436
 379967
 134866
 452613
 15754
 460110
 321467
 159311
 407445
 214225
 64569
 497967
 136812
 87628
 181400
 368998
 111835
 254061
 26750
 37495
 283497
 23088
 316691
 6726
 105309
 30459
 339041
 492168
 219242
 404441
 166977
 465601
 14771
 374334
 94186
 104294
 153498
 491770
 131641
 82191
 460127
 261585
 156679
 339675
 12838
 4975
 372992
 322031
 29899
 49969
 474549
 117566
 305181
 105283
 177276
 281143
 167684
 10074
 366004
 184626
 87012
 227978
 207600
 494505
 52047
 206418
 177740
 463436
 253404
 261027
 436136
 423423
 295688
 303901
 402527
 182956
 124263
 299417
 78807
 400411
 199508
 104716
 35460
 315642
 149771
 50020
 158877
 51542
 412113
 317073
 156008
 180968
 355925
 305439
 404296
 436317
 416385
 394907
 359304
 195733
 296148
 240804
 297804
 22482
 323076
 463829
 214089
 119675
 128465
 258758
 425719
 456182
 440306
 132598
 218314
 23286
 91977
 215960
 11097
 67678
 351724
 429304
 327343
 336621
 56169
 32802
 62400
 71350
 54193
 171556
 245747
 125284
 385111
 39456
 327292
 209359
 242779
 458557
 406482
 361794
 445863
 324084
 40264
 192038
 24584
 151649
 466827
 308126
 316309
 90879
 120639
 263276
 459311
 487016
 138851
 53080
 202448
 57306
 82035
 72949
 82670
 130540
 86528
 312046
 374431
 193307
 304785
 354791
 68143
 265272
 262212
 484635
 21562
 59907
 445431
 80459
 45613
 291735
 263603
 352234
 0
 438902
 81028
 296801
 224893
 471875
 434620
 452809
 79310
 47489
 192278
 123009
 200428
 222639
 84397
 40676
 38901
 170124
 5361
 283338
 155460
 273349
 79700
 406402
 453698
 338422
 72009
 336263
 15038
 365552
 422297
 388280
 322266
 365145
 67304
 455069
 331599
 282355
 434327
 135686
 2879
 469090
 6906
 167995
 35928
 316052
 218955
 348479
 126145
 481574
 284382
 214492
 434892
 417302
 221879
 4268
 293474
 245923
 235056
 315766
 37922
 418814
 388740
 300006
 415025
 334003
 188521
 492741
 104366
 5677
 267280
 467015
 155507
 491223
 324351
 269866
 341637
 124189
 210420
 250183
 224899
 54131
 115139
 72346
 291814
 6629
 364406
 109552
 132692
 262760
 178432
 89853
 160886
 445145
 431429
 255409
 362184
 74265
 73384
 121602
 133092
 85799
 71197
 150434
 451851
 157654
 349338
 110570
 188295
 201990
 471043
 294454
 401878
 234254
 478582
 149593
 240625
 88567
 0
 258808
 212574
 399007
 352201
 160561
 227321
 75116
 341935
 234465
 280076
 373092
 87632
 414663
 411111
 432675
 139354
 89814
 90897
 188405
 283057
 439402
 152427
 62622
 448954
 451327
 455828
 416317
 218327
 324212
 130081
 207207
 222526
 33898
 438034
 163511
 485890
 123206
 456109
 200677
 149726
 244105
 251832
 214852
 337903
 365808
 447235
 140940
 440308
 426081
 193675
 259912
 247100
 143529
 321579
 446821
 166030
 160196
 429328
 28680
 162721
 196099
 209419
 13327
 479647
 196978
 99467
 360781
 365233
 105405
 5818
 243996
 131909
 290617
 382121
 60311
 138401
 398342
 214809
 428076
 118981
 190910
 451004
 42470
 134581
 210247
 57500
 25730
 347463
 275811
 110630
 321425
 375019
 227035
 492126
 417664
 464656
 103188
 168549
 234997
 148053
 130313
 467345
 303520
 161763
 364223
 162691
 243458
 418616
 29751
 61824
 324223
 119086
 235230
 489453
 462429
 124992
 91993
 309952
 166446
 254758
 127722
 212082
 62646
 58848
 40445
 404150
 29156
 335800
 97026
 230757
 33681
 182951
 302841
 481699
 113525
 24713
 5267
 188556
 197637
 65492
 63199
 266640
 387476
 106489
 489216
 416113
 453336
 479310
 207500
 226324
 492963
 162910
 40349
 466893
 484693
 115069
 362250
 327045
 77859
 422535
 398327
 475681
 443484
 370026
 291924
 106626
 428951
 344607
 262753
 264713
 230020
 151955
 405194
 109890
 169849
 314692
 89226
 392857
 313004
 271602
 67274
 493107
 220251
 329381
 422282
 0
 103265
 373935
 46270
 301418
 260898
 411213
 233550
 280840
 259045
 184104
 474518
 488648
 71763
 293078
 314851
 65676
 157014
 352103
 470791
 141453
 178806
 189659
 29336
 167957
 478354
 121894
 17796
 423712
 155227
 291687
 56603
 111111
 175281
 327369
 350518
 279771
 135787
 55555
 13398
 394988
 411281
 17396
 47013
 163772
 441519
 340589
 125502
 434634
 452219
 291592
 62310
 74618
 58139
 147918
 25443
 75379
 350443
 31279
 192889
 89195
 412638
 235379
 50177
 190217
 48217
 42245
 437684
 364948
 436329
 319251
 17872
 70449
 407031
 122127
 347525
 239218
 35714
 475061
 144225
 362830
 273376
 424551
 450118
 180379
 35824
 68409
 83150
 328910
 385676
 229629
 303630
 494194
 355875
 328836
 334915
 141804
 159082
 468062
 339411
 264618
 297327
 246582
 486294
 352122
 382617
 387697
 413617
 189492
 40367
 455251
 110551
 69978
 267277
 481544
 24785
 203753
 491571
 146904
 408952
 471433
 156571
 433333
 251018
 111954
 81199
 31414
 414999
 449753
 433385
 230961
 437779
 354674
 187358
 313049
 290660
 210241
 457950
 85142
 68816
 351084
 190363
 284435
 372220
 185546
 415204
 256449
 223390
 493168
 495697
 286072
 442995
 440891
 278383
 281161
 117974
 276499
 324788
 456480
 237154
 279805
 318654
 499768
 285045
 93729
 470860
 413501
 433333
 495460
 2113
 55726
 242971
 426829
 55358
 393158
 269077
 290473
 339663
 280977
 355410
 106904
 423501
 14658
 65694
 433433
 165706
 11779
 427317
 38084
 128135
 146970
 146742
 177080
 182936
 282019
 268378
 139438
 286135
 380304
 18275
 224527
 458992
 43567
 43021
 74566
 485480
 412479
 57331
 13003
 423604
 153504
 198715
 400238
 184714
 163638
 101820
 162829
 377400
 290039
 259174
 301837
 205802
 194432
 126434
 455174
 187671
 72308
 158550
 454677
 82247
 220602
 132947
 403656
 406436
 372084
 141150
 443178
 77992
 402123
 475716
 393862
 17730
 318181
 413281
 331837
 134574
 232423
 108787
 139534
 418872
 159800
 62705
 329622
 436876
 46286
 253491
 74183
 467741
 106757
 60811
 35875
 307616
 271649
 484630
 388969
 490567
 247906
 331303
 232867
 112069
 167074
 50686
 28315
 417814
 118694
 246944
 79640
 3291
 54179
 319393
 479050
 241514
 232234
 401122
 415917
 357142
 130982
 166666
 364963
 173431
 127022
 108964
 386098
 104984
 161138
 63241
 353884
 447471
 314109
 71178
 402869
 489544
 220727
 263285
 323603
 173468
 372008
 23633
 339702
 431212
 22402
 251266
 29563
 323748
 228791
 307062
 131270
 400960
 462399
 22270
 96039
 448493
 337663
 319758
 190547
 391089
 224367
 441032
 74155
 453706
 158411
 309563
 47695
 16344
 32684
 148074
 406005
 266081
 215987
 256320
 405196
 110052
 77086
 144618
 181993
 423424
 212879
 124782
 193592
 457989
 245217
 471983
 246141
 444816
 22761
 338983
 3960
 269423
 398781
 171538
 84464
 329013
 15036
 243489
 486941
 171030
 416776
 72054
 171769
 373127
 461678
 361209
 172589
 231375
 74196
 134190
 322192
 50836
 253209
 197051
 480585
 395852
 236349
 328419
 168732
 356061
 380497
 344038
 60527
 479366
 169129
 481312
 189399
 359892
 468873
 154168
 237881
 13848
 357412
 205128
 77517
 134775
 357142
 34915
 233745
 469234
 370400
 133836
 202623
 72162
 429220
 281391
 371155
 243987
 381477
 31397
 196982
 460796
 442315
 71794
 115876
 62889
 150438
 491153
 224403
 19321
 104206
 323162
 237665
 65837
 449601
 82151
 324466
 107331
 498531
 371428
 221619
 89923
 4632
 9123
 85307
 452403
 275769
 448366
 447226
 297772
 200724
 158178
 45512
 66491
 209832
 74783
 467818
 117834
 82571
 78909
 90073
 11259
 108547
 475162
 160405
 313416
 231873
 301089
 236732
 365259
 100209
 18771
 21517
 404426
 372513
 497627
 212605
 494909
 225776
 336948
 42340
 423072
 247441
 14184
 214099
 311052
 146436
 238600
 269240
 296829
 254774
 404790
 254685
 295865
 261568
 5647
 161799
 16622
 468311
 129530
 347006
 214900
 180794
 178224
 36913
 123561
 340143
 363108
 283851
 411605
 162646
 391572
 118877
 261001
 145855
 133444
 38114
 23127
 126572
 296425
 133159
 4973
 35207
 488130
 8910
 272549
 362816
 367021
 226816
 202714
 183909
 81081
 350396
 233278
 167024
 348381
 278832
 269971
 215133
 406474
 108018
 55697
 404890
 343728
 196380
 84779
 255440
 481955
 263406
 264492
 294906
 382713
 151516
 76388
 311640
 253768
 62755
 6338
 304684
 467900
 199942
 241
 402299
 135143
 338912
 242548
 163446
 56496
 104764
 20425
 358639
 255041
 367034
 108866
 218562
 99999
 239896
 186905
 169862
 331491
 417579
 106092
 31100
 255111
 298665
 22138
 410002
 255084
 205768
 454918
 154024
 64467
 370581
 275849
 170110
 96566
 3628
 328122
 217193
 36339
 338006
 498078
 270961
 169911
 241037
 126213
 411779
 346529
 49341
 389443
 216500
 232125
 315519
 269060
 184590
 126817
 411681
 111384
 103331
 489198
 168623
 336652
 35514
 443954
 129492
 202518
 288590
 9355
 318665
 290525
 167048
 124970
 269324
 26711
 149613
 61798
 98422
 393865
 397899
 213114
 56202
 302579
 162753
 50229
 130002
 23678
 237253
 16949
 162352
 458479
 49876
 122088
 272425
 302002
 447599
 149933
 306206
 151612
 64646
 262180
 81198
 215709
 168326
 274164
 275773
 146059
 235961
 50209
 173560
 394197
 218913
 283537
 50825
 343434
 292232
 28409
 150205
 168535
 391273
 7346
 62816
 140354
 241409
 450377
 61076
 444001
 378229
 62079
 305688
 422980
 239417
 46879
 137822
 448634
 47861
 31815
 187903
 66666
 158617
 116104
 293245
 77352
 428762
 358177
 33207
 418911
 379163
 475053
 269664
 186749
 392483
 481809
 253636
 108882
 153853
 463266
 110389
 69189
 351892
 407467
 114704
 339681
 448418
 62135
 269090
 126756
 154244
 262939
 216865
 222143
 59905
 378101
 375368
 365761
 329460
 174761
 297071
 241421
 112038
 142602
 59141
 308179
 67502
 177715
 297618
 116706
 316716
 107725
 201743
 220899
 292234
 340807
 97411
 120098
 375077
 93575
 50647
 394691
 233082
 361493
 103245
 290657
 291851
 50390
 495134
 417085
 234924
 90824
 332116
 217731
 476395
 416845
 370187
 52251
 323312
 231417
 136479
 376760
 322996
 254105
 156094
 157534
 411185
 384428
 449652
 23620
 118152
 95061
 345192
 34854
 278583
 274299
 184285
 163848
 216261
 237929
 266429
 295739
 310951
 168267
 53978
 196746
 107843
 100917
 305883
 331786
 21481
 102169
 84569
 358749
 497012
 307216
 70784
 419550
 142225
 223117
 43910
 19333
 152310
 108909
 56606
 46511
 445201
 488945
 244897
 203542
 214077
 237438
 464179
 209131
 51550
 460106
 363013
 180327
 477003
 192878
 12276
 426524
 91861
 166683
 31296
 6311
 408574
 365065
 105302
 235909
 78569
 85399
 227130
 410049
 217993
 205418
 256308
 343804
 136770
 316007
 245856
 495309
 131797
 251299
 120292
 221952
 114561
 152920
 328433
 8231
 491321
 74918
 45645
 51223
 472711
 396804
 55578
 256972
 393562
 277021
 130986
 21132
 111511
 493884
 210314
 97049
 336898
 159941
 360257
 463570
 718
 166253
 347686
 3755
 145161
 262515
 9797
 3524
 428038
 92445
 71233
 228231
 471920
 193265
 406890
 378322
 65629
 477950
 274234
 245614
 95792
 164495
 64784
 483191
 85314
 178501
 407006
 14555
 73288
 476800
 499179
 55956
 83419
 319939
 394696
 245513
 397352
 10972
 360058
 251389
 130718
 31830
 32104
 244080
 173794
 422846
 137403
 139470
 190785
 302226
 372365
 374117
 201478
 139534
 361137
 499376
 365212
 473386
 357115
 490462
 98981
 395163
 7073
 156503
 314401
 465945
 92856
 452113
 295197
 360960
 137522
 167294
 288317
 208107
 462476
 100994
 71312
 426174
 95388
 172044
 274522
 3189
 105845
 12168
 445394
 278048
 135488
 431024
 483106
 180416
 420529
 414081
 484615
 75828
 299807
 334254
 216832
 194185
 232969
 263999
 262651
 71928
 73196
 323901
 94249
 468057
 337856
 4558
 85342
 393637
 225477
 453260
 269811
 459278
 319762
 271889
 284570
 120323
 151138
 116909
 71291
 182012
 207620
 205728
 292048
 399711
 145291
 254074
 181738
 263326
 243501
 386884
 313061
 290322
 110462
 391064
 459472
 177917
 299708
 459928
 29953
 394184
 60303
 438327
 347174
 151438
 434668
 316906
 301761
 447552
 408548
 484471
 167638
 368927
 296891
 357823
 162676
 273031
 422012
 444933
 167994
 163483
 47416
 85178
 319921
 154803
 475767
 40325
 256410
 171219
 102298
 9688
 332571
 381250
 195978
 399193
 42046
 27568
 379534
 217355
 172765
 53894
 357429
 68358
 109682
 427470
 249803
 261190
 207774
 72156
 405249
 141922
 356772
 42403
 400437
 53461
 413793
 231246
 337759
 269071
 352291
 45454
 348837
 392913
 355163
 484179
 389438
 340840
 306909
 132894
 275190
 347795
 280349
 440738
 78612
 143402
 434023
 45820
 371544
 494973
 30294
 377877
 436520
 237278
 2767
 388558
 267290
 436363
 9641
 28770
 393313
 44845
 263400
 69986
 208827
 365965
 177166
 257667
 168926
 467565
 475645
 498514
 238329
 195402
 158119
 303294
 159439
 180612
 314112
 37354
 251792
 448101
 8061
 127524
 269743
 411335
 170633
 159021
 263964
 198674
 235866
 437624
 375974
 377927
 151494
 287847
 492001
 60069
 339969
 468067
 315075
 499136
 409319
 473043
 246211
 410254
 287968
 279069
 328522
 104618
 278941
 45687
 34700
 261899
 108851
 453871
 219800
 483710
 477223
 217647
 136828
 143042
 430988
 337534
 417324
 292433
 174033
 434390
 354112
 348690
 54862
 373307
 78836
 63490
 367485
 268472
 127561
 149269
 326242
 72457
 362595
 328116
 190038
 481481
 360071
 133018
 383091
 138247
 203614
 124558
 185708
 482300
 222977
 351208
 46463
 491216
 262801
 178999
 122296
 324579
 20286
 213398
 2173
 89667
 145061
 487571
 33384
 36288
 357242
 271231
 490399
 449515
 177545
 239892
 70965
 295532
 71428
 228906
 249683
 449143
 57347
 182160
 89709
 327759
 216451
 478160
 212204
 416083
 241816
 135182
 442990
 388166
 327882
 144543
 223001
 56311
 63476
 241588
 307097
 192590
 190544
 330508
 481329
 15132
 428746
 227532
 483668
 86030
 348056
 22114
 211452
 92982
 372749
 448772
 394419
 351162
 31696
 282936
 250000
 269329
 271745
 98000
 456149
 143957
 64000
 458176
 100659
 234554
 337060
 2136
 28920
 329333
 233558
 113076
 433204
 100850
 482173
 244049
 339696
 47865
 180289
 293879
 37733
 56768
 134146
 312816
 192192
 127139
 111018
 201633
 358044
 29697
 109386
 331076
 315454
 390380
 90948
 42575
 304160
 304071
 250231
 272809
 103721
 484391
 228175
 67461
 276063
 488279
 96841
 238841
 145221
 139771
 51155
 314573
 105942
 239259
 486798
 47749
 245246
 37037
 452637
 397496
 228600
 101056
 67502
 224362
 366738
 149176
 260486
 223073
 96577
 361463
 265464
 134518
 353487
 157015
 377579
 176649
 178579
 335897
 418227
 410251
 42901
 332358
 343787
 356151
 183569
 385894
 67872
 448525
 213629
 337535
 394927
 174432
 245408
 121754
 227249
 89066
 396662
 377057
 72588
 435663
 388500
 101741
 145138
 294784
 138682
 377604
 33700
 119730
 349618
 409696
 483346
 156007
 346817
 228906
 181300
 183062
 91848
 277901
 330542
 498360
 489984
 382113
 220930
 354814
 372116
 484171
 450549
 223850
 389530
 94304
 492680
 84003
 270866
 37053
 85318
 498734
 121243
 15603
 313763
 218274
 179727
 232301
 62992
 302030
 31758
 455205
 362869
 384322
 303432
 276500
 442698
 61029
 267017
 426382
 125771
 117312
 0
 326541
 344796
 385687
 81334
 281907
 343214
 318681
 470877
 347166
 362989
 351526
 436855
 491426
 55328
 32803
 144379
 0
 345345
 360567
 84078
 88835
 103072
 98943
 78629
 210272
 267736
 46762
 329735
 452873
 82368
 21571
 124774
 232654
 130319
 484106
 219659
 410286
 261147
 468139
 447718
 233040
 305001
 28999
 464998
 99907
 26058
 324991
 149558
 274870
 305852
 221600
 191424
 179851
 244848
 460059
 4518
 261498
 211868
 343301
 489972
 287613
 92521
 356536
 235943
 259294
 315268
 0
 17352
 493594
 42981
 266666
 267756
 124156
 353061
 100495
 132366
 393777
 144711
 189392
 179443
 148449
 465213
 399685
 208872
 415094
 356166
 118433
 150912
 356464
 311787
 15319
 326795
 176883
 12083
 97817
 363928
 60528
 477193
 245647
 440839
 219064
 12027
 214761
 165148
 12050
 492471
 439426
 235565
 366743
 411250
 214905
 484180
 298133
 303675
 494755
 278283
 172504
 396136
 469851
 358148
 167953
 230787
 465765
 265707
 328246
 337840
 287
 108512
 449930
 192758
 434853
 404643
 41946
 120017
 338202
 367808
 377278
 391841
 140287
 137804
 124416
 108314
 154969
 150492
 249495
 440793
 310236
 353295
 380213
 306827
 342222
 16509
 229811
 35630
 167446
 244239
 225063
 219436
 378210
 399585
 211978
 253068
 19442
 388589
 230645
 122598
 252517
 350215
 139332
 313054
 87835
 467816
 488665
 192942
 410590
 477008
 299762
 290575
 211397
 264970
 123649
 481277
 196661
 29218
 137438
 136464
 259032
 357996
 497698
 35369
 486833
 443924
 369411
 155539
 490802
 296760
 268704
 322504
 65081
 132032
 8920
 408334
 359641
 326891
 163948
 92203
 50909
 482189
 297639
 154116
 423897
 358420
 104173
 95774
 496546
 230769
 221965
 180593
 154446
 62406
 120333
 347715
 479916
 237425
 122631
 64612
 275832
 327773
 244594
 324419
 116198
 362244
 188814
 424536
 36264
 246967
 181642
 92895
 29287
 166348
 335417
 42172
 144134
 295794
 91854
 203378
 164089
 289430
 29066
 69612
 118025
 83327
 62043
 430731
 131730
 298283
 65774
 382303
 245868
 424500
 172290
 375530
 50816
 162083
 138311
 11270
 274239
 119402
 397909
 396908
 179889
 496162
 395051
 180442
 328649
 103117
 488167
 200483
 440747
 284310
 422171
 252936
 335362
 145433
 240820
 418334
 282608
 259609
 72284
 392449
 265373
 280894
 202903
 442415
 391993
 16739
 348819
 133987
 333333
 260678
 87824
 157043
 215854
 200157
 215712
 171007
 16456
 212015
 255882
 204925
 247386
 430173
 288210
 391515
 491362
 459032
 72539
 169479
 147933
 400187
 236287
 335947
 132204
 25041
 22226
 53331
 261788
 402549
 285612
 108192
 436660
 441955
 437721
 417912
 548
 471169
 176294
 299293
 133613
 189071
 197507
 212568
 467315
 134227
 275315
 401234
 275628
 369894
 284372
 456073
 89988
 9445
 341463
 495088
 244868
 189028
 346673
 290262
 159772
 64729
 100966
 181652
 478410
 490558
 405475
 181428
 471225
 11247
 316199
 374745
 263442
 43243
 272236
 463289
 89061
 164307
 443801
 403060
 313253
 395391
 260039
 440253
 276299
 488267
 188951
 193233
 2358
 372623
 331549
 113788
 344076
 275684
 82776
 198447
 341434
 368844
 315789
 283374
 118342
 291134
 458422
 343155
 150733
 423298
 359712
 403725
 449575
 266614
 458044
 299764
 378125
 147769
 258190
 475606
 351504
 436032
 51129
 194678
 427462
 168178
 467883
 102325
 301773
 384659
 458198
 137840
 166257
 121422
 441235
 231347
 96330
 13657
 230864
 330957
 140059
 181142
 386567
 365921
 383544
 406116
 74219
 291580
 21864
 405736
 202213
 463297
 165188
 341790
 30751
 74558
 266619
 34782
 213106
 1062
 227243
 307920
 59912
 63872
 91959
 191258
 189786
 228408
 374183
 196841
 253916
 487846
 209921
 236151
 437648
 408163
 266869
 211857
 446457
 282713
 121231
 205368
 218041
 401312
 265015
 494074
 70706
 64939
 130500
 216853
 485318
 65969
 89144
 109151
 305599
 470470
 183057
 232502
 439433
 312058
 206000
 19739
 487040
 357276
 398058
 462008
 77178
 347308
 497250
 133290
 489945
 94991
 409235
 37872
 102345
 242237
 446740
 337631
 67901
 189661
 331578
 104807
 263066
 318595
 31725
 8933
 166132
 166221
 69425
 446927
 385214
 123731
 331789
 114888
 312413
 218331
 380754
 183061
 278393
 345486
 158292
 298795
 72079
 338416
 220278
 309759
 410800
 17391
 403999
 84740
 220154
 154961
 411237
 163728
 245873
 68868
 445644
 259901
 51072
 109323
 184836
 248892
 118775
 28071
 127194
 12103
 183052
 79003
 305661
 47084
 107138
 222477
 378658
 7526
 83018
 98232
 38859
 125045
 384178
 102482
 395156
 392607
 435834
 493562
 203691
 234564
 433000
 111950
 11629
 22420
 271523
 389908
 228718
 269230
 146227
 21927
 183621
 187815
 356615
 398878
 242619
 50008
 157503
 198633
 379351
 201047
 73396
 87959
 95846
 69095
 328730
 21743
 443063
 246405
 486055
 421696
 95134
 219286
 449012
 499071
 310260
 75488
 111668
 264594
 95283
 338776
 358779
 350567
 154938
 138079
 489728
 462621
 154250
 53312
 102272
 209631
 256379
 82114
 64787
 261950
 298261
 142631
 367783
 253256
 236413
 38309
 244137
 55947
 323166
 249796
 160720
 394693
 289347
 393272
 423387
 423297
 986
 490149
 447037
 67007
 28675
 293398
 234608
 288267
 363636
 208237
 253260
 132655
 253463
 133380
 361169
 6867
 118210
 260273
 388249
 224027
 204477
 119651
 472291
 305762
 322374
 387957
 3594
 355242
 142872
 253435
 288668
 87407
 281851
 238062
 328506
 468259
 268093
 288315
 452599
 39275
 422694
 96900
 331105
 82389
 496127
 444182
 460582
 300930
 294305
 166645
 342516
 400156
 188264
 263966
 208240
 24098
 326233
 142700
 94048
 463749
 260860
 276095
 244677
 307418
 297864
 14926
 261769
 114359
 243412
 280260
 81389
 8736
 400983
 172297
 94051
 95440
 456571
 80301
 78745
 88488
 368920
 279785
 432608
 488523
 470570
 212706
 158273
 129623
 441794
 126947
 406378
 316237
 273392
 9430
 458368
 304271
 243638
 463588
 377195
 183647
 471346
 172316
 470849
 64652
 54168
 109446
 57254
 85092
 97569
 419710
 408870
 259689
 374364
 61672
 192083
 401687
 419891
 279263
 409125
 414160
 330406
 31250
 5835
 242802
 332654
 55178
 408426
 479073
 304577
 48572
 322237
 419702
 494604
 77294
 351468
 279183
 352827
 336641
 447368
 139097
 78435
 183754
 491193
 417112
 260115
 51487
 60975
 257846
 64024
 326738
 309129
 409834
 480052
 47273
 365040
 4623
 430133
 376438
 484072
 131459
 13704
 410838
 415781
 342625
 481981
 479644
 367701
 41155
 234127
 91244
 313034
 403468
 60752
 352783
 269973
 36127
 410856
 79705
 245014
 370988
 467532
 135317
 447508
 96612
 104813
 290742
 455294
 410466
 114346
 101953
 265370
 387843
 94359
 166976
 189086
 176220
 455710
 69948
 375556
 11365
 496934
 343730
 188245
 488712
 139697
 263626
 386824
 386878
 70812
 170435
 115788
 193454
 181964
 10723
 316624
 295073
 165413
 19336
 381478
 459878
 106202
 336957
 267077
 423598
 71064
 405453
 22811
 155639
 382653
 468860
 32244
 15562
 346462
 113917
 3091
 50383
 344644
 166666
 172624
 13263
 380100
 172896
 95955
 269117
 196043
 193712
 313085
 314766
 87491
 108708
 172021
 366503
 145442
 252097
 227145
 27588
 162345
 176610
 284710
 338143
 157133
 415391
 412022
 460616
 19575
 71938
 323655
 86963
 78034
 152396
 450027
 28426
 18603
 402224
 364806
 233133
 456249
 492137
 95390
 293050
 412336
 168383
 353166
 427230
 412988
 337509
 82546
 89356
 490335
 160459
 311987
 156031
 470070
 259858
 41139
 60769
 254693
 164441
 185784
 82840
 389760
 7231
 291609
 0
 343478
 216562
 79020
 296923
 202666
 258250
 23432
 252031
 153301
 466782
 488166
 91143
 294233
 24838
 141019
 444237
 274871
 420142
 289077
 371433
 237572
 329975
 178634
 347547
 138462
 58383
 334843
 329141
 381611
 111893
 5342
 175000
 386298
 86759
 190131
 17619
 398385
 13190
 328582
 135535
 129950
 450381
 453014
 112649
 162528
 354767
 61629
 313748
 443319
 240383
 386817
 145855
 443245
 143267
 277360
 3065
 64691
 317872
 346470
 308094
 148768
 272303
 463305
 486839
 163107
 301958
 415255
 57195
 341008
 214701
 142452
 315272
 206098
 192622
 169581
 111735
 491206
 263979
 341150
 479103
 460241
 414396
 292431
 336901
 101335
 300797
 44608
 333557
 69699
 125861
 179081
 326153
 99117
 9096
 483193
 446377
 127667
 499864
 376782
 13494
 285538
 377113
 126415
 377034
 148948
 445947
 17773
 16926
 145447
 446610
 9214
 385712
 310995
 236757
 409688
 396373
 179759
 83445
 353639
 355144
 116690
 4504
 277352
 391724
 21179
 89175
 1299
 158325
 448998
 449010
 25453
 452566
 134943
 400489
 497975
 452020
 246318
 148913
 491498
 206136
 415438
 50679
 342656
 149922
 384944
 478895
 498562
 80894
 338650
 290574
 104456
 420017
 22791
 19697
 425187
 57153
 23774
 350174
 19679
 379732
 8184
 454018
 103949
 86412
 208868
 264254
 63913
 461417
 51993
 489304
 376712
 254371
 117263
 331000
 17155
 309278
 491793
 444815
 330769
 112397
 16840
 124121
 240989
 159555
 485910
 328915
 265705
 474420
 53338
 244394
 459131
 436085
 332392
 327199
 125250
 463848
 103276
 439496
 197679
 309523
 497208
 482533
 264441
 444345
 121734
 150561
 328296
 24038
 282481
 330750
 317135
 492782
 445813
 480893
 106383
 269074
 101261
 391442
 375674
 34523
 34278
 255319
 8346
 320794
 280575
 372653
 95330
 491978
 279049
 391579
 286675
 281181
 147580
 140281
 413635
 195908
 230909
 457788
 55188
 202948
 360723
 32600
 409586
 420460
 73175
 424453
 154525
 357577
 186590
 12616
 222376
 488294
 389734
 484279
 328215
 302384
 19199
 52144
 105827
 164352
 28873
 278144
 66919
 276683
 459379
 459574
 203752
 34116
 364656
 914
 155256
 46194
 264475
 434322
 471901
 278799
 364130
 11347
 56363
 385465
 242785
 399999
 400712
 169522
 77145
 310728
 24820
 320023
 311366
 421551
 233423
 171708
 413606
 433363
 351529
 232635
 171416
 405925
 448146
 463344
 478809
 22147
 359449
 386567
 261811
 72451
 329380
 6790
 69580
 417525
 232640
 279170
 313934
 144520
 128892
 481910
 284520
 105976
 246122
 300821
 424089
 77464
 178137
 481861
 144533
 21528
 318871
 142032
 25063
 405972
 186849
 285887
 427157
 66265
 136070
 402425
 132788
 344949
 67697
 6854
 295999
 360295
 126345
 258221
 151495
 64783
 313949
 335754
 177231
 340352
 450812
 236940
 313089
 322439
 219219
 140133
 236263
 163780
 367762
 451848
 317796
 377387
 396689
 463735
 53191
 447463
 497105
 230253
 315816
 475030
 96076
 39089
 447342
 408082
 385140
 42340
 189091
 475208
 265229
 385974
 487577
 323816
 39046
 442046
 459383
 261227
 366574
 64529
 289882
 82756
 390163
 338841
 230510
 300129
 192034
 443968
 11461
 388292
 276078
 480589
 308830
 449840
 436050
 475124
 136608
 125904
 409531
 60606
 260553
 442126
 786
 214769
 93274
 123674
 213646
 50904
 64209
 312060
 252399
 229706
 423590
 154047
 335823
 67841
 214191
 312157
 224014
 174313
 67292
 381695
 183919
 27027
 191638
 494968
 97443
 477472
 126818
 107922
 288138
 251196
 445319
 40997
 228502
 267843
 237810
 25311
 382653
 389499
 351231
 51145
 73625
 337825
 23614
 85106
 233812
 339796
 333333
 258840
 481788
 89260
 377892
 195449
 400369
 61187
 373502
 239371
 266407
 174319
 274725
 326633
 323019
 311951
 147735
 27679
 42231
 206739
 423495
 301642
 227961
 173278
 494382
 303405
 43375
 80698
 454872
 174347
 455190
 351851
 272599
 210376
 169460
 54693
 320554
 427028
 400870
 47020
 47873
 345171
 466402
 235363
 370709
 420815
 129378
 282379
 492611
 86432
 102605
 304081
 105548
 389838
 472004
 177942
 313839
 274187
 5848
 62621
 370353
 100066
 466604
 117635
 114930
 335526
 417199
 390243
 76607
 396872
 299583
 216406
 288790
 42036
 96334
 352497
 141276
 302412
 62118
 490215
 281283
 425325
 264847
 465424
 133803
 270013
 254775
 287425
 207938
 8222
 446104
 207270
 175421
 14676
 238852
 324999
 499071
 347225
 335149
 83817
 161697
 345135
 413559
 293743
 481029
 114092
 402734
 432768
 395028
 271790
 138257
 327402
 40895
 80008
 331804
 373884
 76265
 119338
 30101
 385086
 450377
 367863
 417368
 167935
 410771
 348270
 319173
 174188
 336891
 193692
 360568
 22121
 396086
 480823
 127772
 139354
 257563
 222371
 110440
 25491
 258494
 193030
 172601
 155876
 347213
 386221
 351008
 414302
 222817
 402238
 156739
 39776
 347851
 301877
 254736
 452963
 317980
 22185
 