86650
 28107
 36635
 61533
 95977
 71884
 60805
 64622
 15983
 48299
 96811
 26211
 54993
 10497
 92380
 49069
 20415
 63906
 93885
 22275
 40474
 22308
 58492
 46125
 55414
 8669
 82452
 17540
 90779
 7326
 93510
 43469
 54789
 35462
 37527
 17835
 98834
 8213
 71689
 53946
 34035
 93523
 34650
 95766
 77084
 43627
 3815
 82187
 34563
 76703
 74062
 2486
 20030
 34341
 2874
 35227
 60491
 92379
 7235
 14544
 843
 99628
 89288
 99907
 36761
 55698
 80019
 95999
 7517
 89490
 98057
 68170
 81526
 79380
 84364
 4143
 75556
 71215
 73576
 12991
 88987
 60084
 56074
 98829
 69315
 65156
 26566
 58072
 74402
 89069
 13047
 87134
 84278
 17348
 75933
 85958
 79029
 26211
 90308
 27564
 54911
 62987
 38685
 85652
 21904
 73690
 46369
 43860
 13660
 71589
 8787
 65633
 96157
 86181
 55218
 38776
 38357
 34861
 75140
 10487
 12709
 99924
 86545
 91603
 3247
 729
 40909
 70336
 42558
 89738
 30472
 91276
 86628
 19614
 74340
 85986
 35555
 81449
 11506
 68322
 9759
 96579
 37288
 2860
 80454
 7244
 56279
 92591
 51325
 96701
 95958
 18836
 43417
 11744
 17845
 84638
 70512
 97955
 4109
 51523
 53395
 88486
 28251
 17734
 78028
 59245
 24050
 47673
 6372
 33924
 70306
 36736
 80010
 56012
 50149
 47233
 54959
 75878
 77579
 80616
 11269
 940
 4174
 85706
 78026
 51863
 64412
 99567
 45845
 17611
 58230
 26588
 26401
 59115
 62576
 73091
 66485
 76872
 55273
 21823
 58374
 2246
 44383
 48221
 55904
 2726
 21444
 59871
 27759
 25481
 26805
 47283
 89756
 91962
 80377
 86293
 93721
 10500
 16373
 48613
 39911
 18867
 12967
 11535
 61843
 32865
 40111
 16563
 33085
 12480
 1550
 5726
 65455
 96800
 61375
 75476
 61876
 77471
 40888
 89812
 19782
 84676
 66531
 97792
 89864
 94595
 37696
 69510
 82065
 67688
 69991
 60908
 4027
 36931
 38388
 89984
 94648
 63288
 94537
 55098
 14591
 4229
 28843
 60120
 46010
 11168
 80620
 30838
 71183
 78623
 57174
 34325
 76209
 9577
 18071
 15531
 92501
 32676
 51576
 41631
 99867
 5682
 96673
 75452
 95325
 22742
 46059
 99483
 5620
 36931
 41458
 50759
 15417
 27351
 34728
 58841
 83783
 74526
 21641
 30480
 92459
 22673
 71461
 58321
 71559
 73077
 51412
 76580
 73551
 76954
 51413
 85403
 17009
 95325
 57419
 35333
 91891
 39676
 19549
 10291
 80208
 82769
 4715
 70828
 66666
 80087
 14720
 80054
 93999
 28124
 72545
 41312
 21949
 67130
 17301
 9235
 53033
 15600
 9150
 90473
 49157
 53158
 62554
 93642
 36633
 27954
 26590
 58962
 43471
 33729
 33528
 45887
 92435
 73753
 62460
 57362
 42792
 58124
 18051
 56779
 73244
 83222
 30792
 68443
 10562
 5579
 23069
 91914
 20999
 47854
 64476
 67632
 51057
 32616
 51357
 56334
 29035
 60878
 24385
 33030
 98578
 41385
 56371
 17470
 34653
 17142
 90373
 31930
 70960
 34340
 59130
 91025
 71267
 72209
 27005
 16480
 55072
 68440
 65919
 70296
 51606
 48281
 19076
 80279
 41975
 76802
 48208
 79790
 99627
 88763
 22471
 5294
 59007
 45629
 88414
 71153
 2779
 90929
 78053
 57554
 72511
 13843
 36490
 23022
 7200
 2675
 90875
 44639
 98996
 53941
 12582
 25201
 89905
 61835
 17004
 43138
 98133
 51981
 46985
 25490
 96065
 41804
 70984
 76967
 71683
 32464
 24843
 15492
 58848
 53170
 20672
 61479
 28766
 49136
 82309
 79969
 49051
 71357
 66215
 43546
 36027
 47608
 78697
 1002
 58067
 47221
 54881
 70711
 68244
 42739
 17644
 92400
 90559
 31008
 9968
 17726
 52178
 64790
 58643
 45335
 58715
 25915
 50000
 48958
 48197
 28565
 78321
 79450
 29989
 68632
 55087
 22501
 80967
 97607
 2074
 84286
 32222
 40343
 89544
 84512
 43457
 86547
 31520
 82186
 64963
 39070
 40583
 12762
 21357
 90070
 87978
 68921
 31933
 55310
 61227
 19213
 46636
 17688
 92758
 44168
 54303
 74637
 10074
 23119
 32422
 26395
 55907
 75653
 55424
 6883
 74586
 91790
 92163
 32897
 42761
 13032
 41432
 16810
 42976
 75373
 94707
 97035
 60642
 27685
 54667
 0
 83032
 28365
 44396
 68771
 74084
 9523
 88045
 69930
 75632
 55798
 2878
 88521
 14651
 84572
 8282
 51898
 65744
 92258
 19407
 37331
 95058
 40351
 89715
 37668
 5222
 75782
 73000
 46438
 65229
 62874
 9012
 6614
 18055
 57739
 84344
 66621
 30432
 88300
 70800
 91711
 15264
 50120
 21329
 29676
 31110
 77771
 52705
 55206
 36936
 81991
 25701
 704
 57089
 417
 43542
 84701
 40026
 11776
 63758
 69647
 27011
 11313
 15676
 59292
 88336
 68214
 27716
 63753
 49597
 43799
 74895
 47473
 7055
 8628
 97979
 79942
 10399
 89129
 78990
 39931
 1489
 52044
 87199
 95749
 6848
 528
 79310
 21340
 9660
 20854
 46618
 97299
 70850
 79249
 20842
 98116
 73764
 26447
 37784
 24172
 92357
 22890
 31643
 36381
 95309
 85321
 84868
 85977
 40276
 972
 73307
 32642
 35079
 81818
 98878
 46647
 88704
 26034
 33129
 2165
 42984
 44819
 69305
 65484
 63429
 95221
 64519
 35585
 13019
 3307
 49440
 47311
 28736
 52128
 33651
 33386
 92132
 56856
 18567
 50329
 4504
 34520
 23488
 31969
 40404
 22294
 76209
 44968
 81443
 99218
 78557
 48753
 98443
 79363
 46471
 75850
 29635
 53981
 34669
 45810
 31856
 35880
 15639
 14604
 88233
 48691
 62049
 6917
 72614
 40148
 90738
 1816
 74812
 56080
 81119
 57282
 16382
 49984
 31517
 98838
 41604
 33286
 62871
 28676
 36195
 11131
 60336
 98117
 80342
 28571
 13519
 72875
 54161
 28987
 95092
 94594
 26086
 8775
 87486
 4089
 60553
 74644
 56237
 67683
 12828
 35264
 34719
 19009
 42504
 57866
 54301
 25056
 65195
 18932
 43015
 43709
 52135
 7178
 79516
 38887
 60532
 35930
 30335
 64336
 8254
 37441
 74432
 53063
 18648
 46901
 45470
 94192
 32259
 42545
 61236
 66702
 59235
 76619
 95586
 70266
 31066
 81893
 82235
 11303
 98098
 94572
 52308
 33729
 81573
 65088
 91957
 48859
 72059
 1625
 72944
 80685
 86480
 66603
 41100
 78461
 78246
 28583
 12360
 1575
 49840
 75575
 9730
 54366
 25185
 49710
 74273
 74675
 59566
 67066
 96623
 2919
 1486
 52439
 85557
 83430
 47411
 93381
 27541
 84651
 89182
 66200
 89054
 54488
 23099
 96095
 51882
 44976
 10303
 25352
 84579
 54534
 28707
 69327
 51813
 38542
 94666
 80783
 35547
 10886
 35666
 25671
 43478
 59804
 67797
 698
 41871
 22712
 50697
 20054
 64826
 49242
 11709
 40223
 90052
 52258
 51621
 51947
 21744
 36417
 11496
 75360
 3061
 31335
 62755
 16149
 48274
 44107
 4936
 10054
 25213
 25777
 28364
 8133
 44876
 9245
 8797
 69666
 59913
 29538
 41798
 28380
 46601
 12172
 62916
 11678
 45367
 28345
 31528
 10366
 80932
 1918
 42762
 67651
 67450
 96205
 65701
 58156
 54216
 8848
 86590
 161
 37732
 61978
 39374
 27536
 72939
 22282
 24134
 83280
 75116
 71491
 47360
 21873
 41710
 15654
 54604
 77534
 56072
 21255
 37605
 83785
 80109
 32085
 92189
 44897
 68539
 64030
 28971
 51909
 23306
 76368
 52075
 3931
 56684
 21421
 79001
 74463
 66325
 4722
 89890
 26722
 86250
 68972
 95356
 8949
 63003
 78752
 86078
 46862
 64983
 25801
 18747
 20342
 30838
 46380
 69303
 23982
 5854
 84004
 39534
 61182
 52691
 88836
 5788
 65057
 86089
 66686
 38364
 32568
 56890
 53960
 88741
 73183
 64520
 10131
 36695
 88923
 10589
 33186
 93732
 23340
 95753
 45651
 8458
 5136
 8800
 55179
 29198
 27838
 