49856
 81528
 34869
 24358
 5563
 72026
 17521
 41811
 98546
 16779
 59569
 13212
 27822
 61717
 78101
 57158
 88646
 2814
 64952
 11455
 36740
 2307
 32528
 41356
 19868
 42821
 93225
 58305
 38498
 86578
 99345
 96551
 11928
 34812
 10018
 8458
 54161
 84265
 51233
 37072
 22299
 11982
 60625
 41799
 35070
 19999
 38113
 86690
 67192
 34437
 50222
 31891
 1017
 50160
 1188
 97020
 68701
 78334
 47106
 30072
 91852
 3661
 60726
 82528
 62523
 32129
 79000
 95767
 45080
 60269
 67115
 94862
 85381
 33975
 5487
 40344
 26519
 50607
 70998
 54345
 76473
 72273
 72407
 34055
 23757
 59965
 58250
 35237
 44246
 46745
 84690
 84024
 84543
 3405
 47431
 32024
 89224
 8389
 2582
 56980
 85082
 7185
 69773
 90520
 60714
 5321
 50154
 13324
 52928
 38632
 52678
 31118
 36792
 28713
 28784
 86737
 35166
 70368
 74017
 23458
 63757
 47670
 16071
 15673
 26625
 72586
 62393
 33012
 26564
 59679
 30213
 97074
 5810
 97882
 53159
 83089
 51071
 61920
 16253
 29213
 91953
 424
 54260
 86503
 16838
 13089
 67291
 40003
 30862
 10764
 17273
 75728
 15209
 69099
 11575
 81464
 77471
 95045
 8596
 37057
 28394
 80228
 24056
 34413
 52588
 56986
 88808
 82375
 96775
 78454
 73243
 11180
 38957
 13335
 81708
 31014
 95729
 85932
 79310
 45786
 99152
 87112
 22340
 52063
 43707
 51182
 33629
 82899
 93611
 25180
 96995
 31948
 35962
 58321
 93873
 14674
 45845
 61012
 70887
 70469
 95068
 74369
 47129
 39989
 40494
 72297
 27550
 8116
 33222
 13492
 84226
 91534
 73477
 25960
 17811
 84000
 83875
 66953
 4313
 80237
 98946
 17182
 3304
 83870
 39816
 6696
 98703
 50472
 82916
 51682
 95142
 34243
 7521
 87621
 80019
 70575
 58599
 38586
 39679
 69903
 92342
 40632
 29154
 27718
 57160
 98570
 2703
 62702
 63643
 63976
 85459
 57239
 95412
 10959
 99368
 38257
 31234
 47671
 35999
 71755
 70999
 32724
 24811
 24525
 37485
 55141
 34566
 98580
 56001
 58360
 41828
 66070
 38179
 74227
 67138
 50536
 37704
 30313
 65661
 68175
 91500
 85084
 96255
 38588
 2304
 6411
 94926
 96595
 94046
 54244
 11949
 63810
 9865
 66148
 69369
 87776
 66558
 59970
 7790
 91709
 57245
 27960
 19794
 92275
 57177
 48076
 170
 42586
 95091
 20079
 55673
 25288
 14436
 91821
 17319
 61948
 12611
 86212
 5584
 28260
 14989
 8160
 81435
 19439
 1992
 82469
 59744
 45008
 98136
 53594
 76702
 84628
 19569
 42651
 35165
 17891
 49472
 50798
 7827
 74807
 26473
 27835
 79532
 80750
 25244
 41719
 60277
 59628
 25536
 49332
 87622
 23064
 20147
 13537
 50996
 15273
 75739
 95838
 69336
 38183
 24007
 31595
 79128
 91636
 51336
 38280
 74972
 91118
 25340
 80622
 14803
 30096
 29185
 57698
 95815
 38192
 47658
 99604
 37625
 61776
 66655
 59399
 81776
 7257
 3356
 38118
 54800
 8957
 60000
 63507
 776
 19510
 95726
 21032
 87028
 72238
 60830
 34964
 34467
 94104
 23203
 99561
 39780
 66256
 84867
 65262
 48543
 14199
 51680
 34257
 47469
 61010
 97260
 90990
 29429
 76727
 11866
 13130
 98389
 89125
 93214
 27497
 3974
 14508
 67861
 9678
 20754
 7458
 21236
 19268
 76918
 9927
 26793
 43570
 19437
 1060
 26113
 22476
 46526
 97268
 9763
 65340
 2893
 41531
 9523
 42256
 17899
 56073
 16428
 65361
 40479
 46369
 44247
 74083
 97684
 50858
 58440
 83240
 45064
 36528
 1227
 13540
 26105
 14957
 98129
 1417
 54651
 26858
 9045
 34145
 80729
 49112
 57971
 12080
 80359
 89482
 96166
 76113
 48111
 51039
 27523
 2561
 16502
 76324
 77351
 54767
 80334
 19428
 40242
 70272
 63636
 27394
 54424
 44182
 83820
 90163
 35347
 7240
 94483
 79227
 79527
 70964
 69476
 6752
 10868
 64060
 7466
 5478
 56945
 34179
 81658
 44956
 19212
 76121
 94356
 13891
 60358
 16756
 11440
 12396
 92349
 22771
 46672
 35960
 97486
 38834
 38639
 86136
 85411
 77176
 13498
 14456
 95560
 72270
 698
 71514
 55809
 1551
 25025
 93771
 25762
 78676
 5043
 45366
 82853
 67723
 23424
 17439
 85393
 1411
 73943
 72182
 12428
 16475
 422
 5790
 40197
 69115
 63428
 13259
 83384
 46398
 9768
 49019
 6440
 96482
 60296
 14076
 42679
 456
 21544
 11461
 53660
 49817
 97619
 81549
 11937
 32196
 61963
 6038
 32354
 8289
 98730
 70570
 25568
 68979
 27217
 99593
 5844
 63072
 26957
 52162
 90614
 63622
 40786
 1377
 53078
 39870
 65633
 37311
 59389
 41664
 17002
 18215
 41315
 1119
 70114
 75713
 28775
 5695
 80612
 72005
 54775
 26003
 88967
 51764
 51986
 40177
 87050
 84225
 64481
 62833
 55211
 27850
 16972
 35060
 38345
 38826
 42996
 79393
 3575
 624
 71980
 71465
 38162
 49104
 30567
 75943
 47244
 4915
 46525
 51070
 18460
 67011
 26969
 19250
 809
 83430
 34758
 99974
 69405
 28853
 87116
 70471
 86923
 95905
 88527
 4439
 72933
 1696
 27926
 82274
 85145
 66816
 54812
 20134
 33920
 34250
 81035
 24041
 75922
 32767
 53680
 94213
 38202
 54111
 70549
 93170
 36446
 650
 78716
 15783
 90607
 64201
 46639
 18979
 21805
 64256
 85900
 61216
 9543
 33376
 52473
 27477
 10080
 35942
 75259
 60477
 3432
 2126
 62169
 35313
 8535
 89545
 38630
 62592
 16953
 41975
 1324
 42485
 97562
 18934
 37345
 81081
 22400
 53907
 12262
 21010
 317
 74821
 31578
 35277
 22475
 6261
 85838
 12349
 43479
 50922
 5992
 5556
 24626
 58493
 47894
 80288
 96142
 62941
 54954
 80519
 71720
 72136
 4670
 56298
 14800
 67747
 14347
 30452
 83878
 70542
 16535
 18430
 6736
 47440
 47621
 8779
 85378
 58189
 42002
 73838
 29079
 46635
 88708
 77812
 89052
 32250
 7034
 83790
 86243
 43301
 78053
 50569
 19832
 82155
 2523
 667
 24737
 88046
 4387
 63036
 48672
 94420
 30973
 38885
 86920
 39296
 18072
 83488
 19327
 90008
 19286
 68083
 25362
 29639
 71197
 80115
 17054
 62023
 61641
 37717
 59631
 39487
 9382
 32507
 55116
 88006
 70377
 39314
 37727
 88432
 13608
 9908
 38676
 24620
 92851
 86175
 83647
 84073
 34370
 32751
 82060
 67756
 43862
 95240
 39607
 89512
 10458
 92717
 65594
 3202
 74815
 10158
 2311
 82345
 65234
 98550
 91680
 15533
 39205
 90635
 24993
 26048
 25490
 6426
 71875
 19423
 82629
 65105
 24055
 51302
 47769
 47322
 35946
 51722
 58525
 7987
 2904
 18361
 31512
 64241
 55838
 21223
 44679
 2614
 52962
 73572
 38091
 68929
 50147
 12065
 56836
 94620
 23191
 28532
 99798
 75750
 89331
 83368
 31412
 30830
 16397
 35591
 83008
 34851
 63756
 23151
 33944
 5004
 90310
 35710
 65721
 93874
 16710
 36612
 71629
 40659
 63123
 18022
 50137
 75093
 63150
 42678
 79152
 62823
 37218
 42607
 94606
 70342
 98316
 74488
 48567
 24140
 55047
 70445
 9797
 7969
 8972
 39212
 9330
 8871
 54541
 34782
 85524
 98983
 35446
 72743
 13025
 50057
 65438
 41040
 95367
 68742
 67515
 34101
 63831
 67075
 7586
 30512
 6126
 81381
 68085
 55881
 3351
 22573
 91218
 65379
 56500
 90586
 89688
 23940
 2409
 87381
 95291
 72583
 41845
 18075
 68422
 78990
 68115
 17796
 97337
 30478
 12289
 58087
 67404
 80526
 64587
 22661
 96709
 17783
 99280
 84685
 64584
 75672
 57577
 74074
 499
 65568
 87111
 41240
 51037
 39909
 89298
 30618
 31654
 29517
 46666
 88090
 72372
 7610
 96749
 87745
 8468
 8868
 34854
 73333
 29868
 45014
 37864
 48892
 87905
 67720
 