3722
 5970
 246
 9929
 8822
 7619
 9013
 842
 7119
 9123
 891
 8325
 9143
 91
 2491
 630
 9637
 7989
 6974
 9529
 5783
 4611
 3670
 7009
 5154
 6829
 2907
 2141
 5348
 1231
 4351
 1738
 4926
 7947
 9752
 673
 7748
 9787
 5093
 3849
 3057
 4822
 5880
 763
 9906
 8202
 455
 6476
 2496
 599
 5373
 5946
 1734
 6827
 3865
 2295
 3088
 5262
 9708
 8625
 4366
 6708
 2261
 7297
 370
 4600
 2909
 5588
 973
 900
 295
 7775
 5024
 5225
 2316
 3526
 6196
 5815
 874
 4910
 9932
 325
 2980
 1498
 1115
 1996
 5901
 6543
 9122
 7762
 5291
 1411
 1078
 7795
 2829
 5134
 1011
 6901
 4755
 667
 