70281
 35799
 10059
 61756
 40867
 14788
 67402
 52175
 47020
 5733
 57624
 53584
 16585
 28408
 68947
 99805
 35550
 97385
 27076
 53763
 10740
 84338
 43894
 14535
 79022
 87900
 85125
 82237
 76077
 79839
 75095
 40252
 70263
 24546
 81751
 42711
 64046
 80841
 1120
 53379
 57540
 63894
 71186
 1352
 87644
 13192
 27598
 26741
 89384
 52575
 29692
 87878
 721
 73105
 20200
 88996
 71286
 31478
 12151
 51789
 27661
 39076
 51421
 5611
 48636
 99600
 18915
 44556
 114
 31189
 4901
 15911
 95561
 74904
 63056
 69386
 26139
 14323
 31988
 49785
 28215
 30176
 89487
 78846
 26827
 18651
 14681
 58100
 56230
 18740
 78513
 4801
 80639
 9999
 11782
 91042
 46151
 57617
 56224
 42782
 1401
 71269
 12967
 56737
 24643
 84035
 12805
 34441
 39589
 40962
 13121
 78793
 99384
 99897
 87131
 3827
 51091
 22290
 18264
 12291
 21695
 56624
 30592
 41844
 33546
 17822
 73379
 83253
 23882
 34226
 46308
 48695
 43589
 33941
 9475
 21138
 1886
 35514
 10013
 35875
 17837
 53595
 14278
 34639
 2527
 74872
 61337
 56134
 38148
 19615
 63169
 48864
 20451
 94642
 81456
 39372
 89234
 68892
 98115
 21744
 26905
 75570
 96832
 84910
 12446
 7091
 87135
 53821
 66026
 5094
 34693
 49058
 82417
 78068
 41833
 99820
 31349
 23300
 89728
 4362
 11444
 417
 978
 82855
 1110
 60083
 152
 10278
 2634
 63209
 52473
 27309
 32086
 7217
 86774
 2299
 26089
 35271
 58504
 40327
 98565
 44491
 53205
 38434
 77762
 23722
 70033
 9124
 72058
 48293
 96446
 20613
 10951
 74571
 46951
 99619
 25777
 44352
 77146
 37157
 11693
 41985
 48278
 35476
 85282
 82205
 80026
 25060
 61973
 78580
 86729
 89178
 46650
 54409
 61824
 54053
 27696
 58984
 23197
 33918
 60683
 79787
 51311
 30889
 2801
 93254
 43476
 47730
 1396
 12034
 50774
 30778
 96567
 2762
 3541
 84915
 56442
 19604
 4478
 36447
 45192
 94096
 95050
 9362
 14101
 7328
 33074
 33644
 86423
 13120
 16409
 35081
 88370
 35131
 5181
 5717
 7305
 56582
 97125
 4726
 23819
 40755
 64237
 41935
 82945
 88767
 2954
 45114
 61436
 63185
 95523
 99567
 32464
 58933
 96303
 26846
 58562
 58264
 8879
 7916
 59065
 18486
 55920
 10131
 21471
 88159
 74936
 98892
 19121
 28825
 75946
 51325
 15380
 66063
 25152
 11516
 47560
 39921
 25206
 75532
 30601
 45540
 29147
 28949
 60198
 35741
 78475
 62435
 33593
 68097
 84933
 5599
 46572
 47517
 95192
 42802
 80255
 686
 45739
 9413
 77945
 95978
 28910
 53609
 81989
 86884
 70936
 27819
 85717
 84966
 51155
 45966
 57630
 92806
 46883
 9995
 45344
 33419
 79054
 27335
 71407
 24014
 9945
 67877
 96878
 55240
 56857
 58974
 49097
 17531
 65646
 50752
 90396
 89958
 95321
 43181
 43664
 98293
 87536
 84264
 41124
 23839
 3778
 93824
 23928
 29211
 6894
 65912
 16683
 4419
 93345
 78847
 60780
 9058
 52267
 84687
 76308
 4848
 71136
 46306
 32939
 82319
 47361
 2323
 19807
 7880
 90837
 4372
 56398
 70772
 69933
 65782
 13740
 76753
 85422
 20691
 99054
 19042
 11669
 96963
 63659
 61430
 90982
 16552
 88247
 29826
 19089
 17415
 8061
 16243
 34274
 38503
 55986
 48227
 30568
 66796
 71147
 4871
 27312
 57784
 44368
 46982
 966
 93806
 99312
 16923
 8526
 17658
 68826
 61814
 94162
 86269
 90670
 7620
 13699
 31168
 5310
 5501
 57080
 20225
 77624
 96568
 15639
 34283
 36902
 44137
 7309
 27515
 53278
 661
 73128
 35381
 72857
 40384
 50716
 98976
 98914
 68597
 48033
 37809
 87989
 95188
 52317
 19200
 9435
 85660
 24580
 78221
 9167
 54761
 67386
 58724
 76458
 92861
 55480
 67901
 7996
 77808
 19076
 66009
 16673
 72350
 77948
 20169
 95149
 30583
 62840
 48325
 95159
 33148
 15562
 98901
 66950
 57083
 17565
 52794
 98259
 15340
 75447
 77242
 62507
 57475
 58738
 15151
 79420
 47022
 69522
 26058
 91563
 51082
 47786
 55828
 17857
 40199
 75565
 29333
 76962
 494
 52676
 38119
 64006
 7744
 78162
 44845
 86575
 39380
 55833
 38573
 64569
 78492
 55426
 50265
 40416
 7337
 5367
 16502
 60998
 52867
 23487
 83181
 81340
 13096
 66158
 1455
 94968
 46455
 4232
 72243
 31745
 85804
 40147
 98919
 9526
 22122
 59194
 16532
 90537
 80203
 24993
 12871
 57584
 51934
 90337
 12392
 78848
 69111
 83485
 50099
 99422
 7707
 21370
 36954
 16892
 22121
 37153
 86665
 2162
 17375
 73799
 47185
 33139
 28067
 85692
 53082
 97825
 44442
 17355
 99541
 85053
 55530
 59779
 49670
 45685
 85477
 13844
 48514
 15547
 89956
 68974
 20720
 88744
 55715
 60169
 61044
 87542
 98571
 64668
 31925
 62518
 35234
 23637
 68380
 24354
 34459
 29833
 25319
 94482
 52110
 33333
 1185
 44007
 11179
 91223
 16060
 20112
 40151
 70708
 15952
 85630
 35856
 85444
 30148
 20894
 61606
 41176
 80931
 34848
 46192
 30405
 91231
 23247
 52944
 52231
 1752
 65395
 77328
 67739
 18456
 30657
 31418
 9943
 91759
 88989
 84587
 24238
 96731
 33091
 68759
 5474
 74690
 83553
 86297
 18007
 26616
 29983
 99124
 44904
 16239
 43042
 73645
 81804
 56525
 1023
 85041
 84371
 6997
 79945
 47248
 94918
 70714
 5091
 53103
 53444
 17118
 47262
 46457
 59330
 90306
 79228
 8413
 8227
 93483
 6884
 6185
 66264
 74494
 26017
 46474
 53557
 22655
 86238
 29011
 60000
 22468
 37728
 82627
 26157
 99522
 2490
 41033
 1832
 51939
 90330
 23956
 90344
 58604
 67307
 58408
 45606
 81553
 42586
 56202
 93314
 47246
 35341
 34242
 84777
 69747
 12584
 54693
 40782
 68739
 69408
 7426
 71331
 54484
 10673
 84822
 83029
 43304
 25197
 77490
 18954
 57010
 85611
 32887
 51376
 21095
 21977
 61653
 7233
 34116
 69901
 13663
 65552
 17073
 64830
 21361
 50283
 95583
 23880
 55982
 23506
 69983
 55151
 88667
 83648
 72524
 53928
 42501
 78632
 64416
 69272
 73203
 63549
 9986
 58497
 7648
 98330
 35205
 73559
 3672
 24452
 97560
 66276
 68729
 33762
 19292
 5216
 73108
 75265
 42211
 21689
 46726
 57592
 94237
 30523
 52115
 2951
 26470
 12843
 17533
 63439
 79676
 82057
 15653
 46386
 6758
 47765
 49775
 19812
 69840
 78617
 37748
 66824
 30717
 99279
 11044
 10128
 87857
 73061
 71769
 89649
 6375
 92194
 61916
 60037
 9613
 19522
 18181
 29051
 88475
 3553
 95724
 12170
 43965
 38095
 65527
 31842
 81882
 76389
 59112
 54837
 99305
 70991
 5405
 10450
 34859
 13180
 42323
 69696
 4931
 55464
 16149
 26996
 38023
 49456
 95421
 41829
 33188
 40321
 58587
 66912
 62168
 70834
 33486
 84618
 19690
 84732
 89707
 88206
 62414
 49066
 38217
 73933
 54855
 86975
 8527
 87228
 30178
 99218
 74626
 82881
 14191
 35782
 15845
 48736
 59803
 37513
 12553
 32258
 37550
 83299
 96835
 46532
 48021
 35862
 26068
 94711
 19742
 3536
 32475
 48935
 43738
 66073
 4503
 50533
 75160
 34156
 33595
 13167
 21312
 32132
 20631
 87603
 50589
 21635
 65479
 62712
 91090
 75104
 91291
 31194
 66450
 8508
 82816
 74951
 25818
 73703
 43106
 98070
 6829
 76616
 60368
 35104
 95616
 25515
 8886
 64227
 22293
 50698
 75193
 76957
 72522
 41991
 68203
 75178
 35959
 95655
 74213
 87457
 98608
 55305
 53984
 53744
 25723
 24263
 20555
 29752
 94841
 6514
 75455
 48145
 4886
 50553
 92932
 97190
 88389
 87044
 19908
 7699
 89485
 4918
 69521
 46016
 89839
 29475
 80822
 77348
 73617
 