885780
 178044
 233005
 527084
 206427
 119267
 19762
 608896
 320000
 483814
 990704
 911670
 656009
 86313
 845417
 469807
 548387
 60676
 651884
 264139
 493583
 490046
 566157
 581262
 444262
 79170
 333497
 665435
 847058
 239366
 563474
 933809
 810511
 671395
 554023
 710188
 593397
 153493
 13641
 711648
 975378
 439839
 843019
 582417
 535378
 571166
 423191
 403937
 44776
 615942
 17791
 324343
 563465
 773838
 270255
 76290
 640239
 573302
 640452
 710150
 476105
 239891
 235331
 624620
 865155
 332780
 172793
 507385
 369070
 529571
 333741
 500000
 566975
 456467
 972267
 605591
 317290
 619305
 917459
 334246
 43010
 679215
 141529
 108320
 935927
 571193
 191506
 90686
 233112
 904056
 965079
 827885
 71428
 609742
 499808
 498736
 699930
 253248
 358877
 434481
 287030
 317109
 10825
 587213
 375520
 881695
 816563
 695623
 106080
 349300
 20342
 561236
 283798
 649836
 809570
 290362
 394495
 378238
 246153
 828282
 675472
 255414
 749506
 669947
 714982
 761266
 594436
 278831
 880621
 907362
 75805
 686862
 349633
 238687
 129994
 558317
 297282
 901991
 337176
 694873
 477590
 484360
 374716
 404349
 119997
 806077
 701521
 849153
 54739
 115678
 706417
 643577
 101148
 717642
 677006
 259174
 357649
 792322
 109385
 671997
 779646
 355932
 929340
 997457
 815668
 795680
 184615
 366869
 707577
 859115
 963910
 260866
 682312
 243947
 106111
 712907
 299505
 285277
 249742
 920618
 183213
 213326
 778041
 710542
 70335
 788485
 83056
 6362
 221932
 83694
 725938
 485552
 680533
 357429
 63999
 665940
 440545
 635549
 122640
 394441
 88657
 745736
 346434
 300309
 831132
 872960
 454909
 301655
 416280
 618039
 255185
 886075
 441591
 368647
 571539
 968540
 423334
 293872
 299589
 369120
 756760
 564881
 753018
 752198
 778734
 92427
 617459
 610563
 232369
 747532
 909608
 117647
 797887
 189195
 416207
 595177
 890879
 799738
 299318
 200072
 419081
 987138
 604919
 228516
 854608
 721655
 661808
 581431
 302999
 307208
 402878
 812042
 478632
 144881
 976237
 962167
 625326
 507936
 904539
 726099
 69797
 443148
 125091
 975749
 288888
 692044
 809780
 503282
 99805
 803359
 580477
 817350
 886119
 596621
 367601
 952181
 930984
 473074
 266666
 748129
 123232
 399896
 867909
 325357
 416702
 875834
 838323
 696140
 678215
 462290
 86555
 465638
 484361
 656063
 521962
 676632
 717058
 316943
 635611
 297161
 439232
 12572
 687879
 555555
 718139
 560453
 5138
 284324
 645276
 707713
 562648
 494571
 90096
 305058
 411166
 362962
 714285
 840047
 585824
 25412
 875015
 883074
 529541
 795123
 709362
 52582
 11561
 634602
 34824
 276368
 678883
 85513
 342348
 777396
 376881
 227277
 287398
 94090
 204977
 562092
 835832
 389761
 432718
 913330
 542647
 790061
 378448
 903913
 687584
 980096
 10775
 714566
 862200
 121271
 286917
 901674
 855142
 893557
 198347
 766088
 300866
 290909
 633409
 429267
 828530
 341526
 526532
 890115
 723952
 437228
 752492
 153320
 758972
 791514
 818607
 455487
 186151
 504836
 137872
 993784
 892912
 754337
 524843
 868631
 318454
 170414
 282623
 550128
 476309
 466451
 556279
 361921
 905613
 952380
 698059
 584830
 856394
 807997
 757653
 122522
 397377
 444572
 222120
 501312
 277551
 207851
 296629
 845528
 263681
 698962
 221264
 867588
 53617
 11730
 95089
 839301
 763493
 671816
 960144
 112587
 864136
 775244
 672223
 652775
 224864
 602923
 977561
 989449
 150336
 399999
 790679
 209745
 796901
 263977
 375087
 69764
 392217
 997194
 911442
 164232
 926346
 185761
 701489
 36064
 805357
 787254
 716161
 164464
 55426
 274837
 889552
 646425
 787718
 425539
 885881
 236517
 365714
 308681
 497107
 993685
 124876
 973227
 2217
 312270
 118174
 172436
 223877
 53341
 260442
 722935
 44675
 380141
 458598
 766315
 900299
 800018
 450211
 819793
 849607
 33121
 284151
 757190
 798210
 929387
 731958
 697674
 144708
 79470
 295081
 60939
 810177
 432498
 245161
 766895
 674548
 342657
 3840
 223478
 657242
 245512
 469308
 753593
 908583
 527388
 370786
 529411
 344531
 356369
 358699
 22914
 509417
 729021
 277889
 897090
 514092
 802721
 229097
 134461
 313291
 964892
 695953
 335302
 150652
 209273
 494377
 912222
 806879
 256037
 990661
 488888
 602220
 915629
 709790
 697205
 884665
 295506
 97242
 50382
 25995
 172010
 96972
 646576
 462039
 426534
 656285
 830328
 117219
 661375
 276495
 33632
 446094
 424860
 40853
 820189
 120695
 840898
 340388
 106785
 484040
 836500
 391620
 723938
 481347
 829715
 163328
 866544
 778168
 863505
 588880
 61917
 353233
 862483
 171350
 216140
 714285
 181065
 283471
 309261
 937180
 75754
 193384
 881142
 341164
 866581
 4843
 105235
 690767
 725173
 222319
 476510
 865614
 262284
 799989
 117257
 594038
 513256
 882055
 614739
 861288
 225403
 315013
 612903
 69052
 184052
 879284
 379820
 935156
 951830
 765622
 194214
 376606
 571637
 231760
 158192
 99078
 463652
 150518
 227953
 570797
 657748
 879253
 100000
 911850
 913901
 955898
 55347
 667891
 253394
 128418
 814621
 886096
 596945
 427233
 459759
 843694
 243942
 172254
 927371
 576946
 793764
 792910
 861857
 293989
 600867
 571428
 244793
 499879
 656250
 660084
 389849
 822014
 877579
 500699
 120452
 589663
 754554
 781343
 68605
 499361
 840581
 386529
 516653
 229736
 913339
 858457
 887936
 199968
 822539
 971822
 752058
 278580
 702522
 976790
 459609
 286983
 161542
 235694
 442232
 868914
 387464
 658914
 402439
 248092
 983973
 979530
 965669
 919013
 234162
 384114
 716958
 904986
 428644
 627016
 683484
 346313
 542773
 788741
 922032
 298835
 757041
 743707
 899585
 295492
 673265
 927649
 413305
 787379
 427451
 56165
 673153
 971706
 58373
 506522
 98622
 346938
 852705
 142134
 26640
 744233
 374409
 549317
 976483
 967601
 333333
 259397
 335149
 611130
 969958
 10388
 862953
 89069
 167543
 438570
 996293
 342583
 447170
 992278
 677978
 966702
 959428
 134398
 67466
 947580
 232428
 356840
 173602
 372071
 23231
 731573
 684974
 982986
 276293
 690459
 787521
 995562
 0
 135197
 817793
 673594
 394720
 891710
 469967
 836702
 420215
 197026
 482259
 191902
 406174
 540784
 691371
 933038
 436069
 687008
 992990
 974655
 325811
 305812
 18737
 165785
 804938
 715768
 668472
 467179
 343830
 443380
 887023
 210006
 460791
 990308
 590029
 77022
 300892
 60115
 446377
 145521
 936416
 243609
 768800
 828704
 152508
 356024
 549579
 859795
 557437
 144186
 223409
 795286
 414325
 953552
 483138
 943023
 782205
 958766
 965185
 166274
 45202
 649473
 267637
 762114
 453016
 437775
 356004
 453863
 542188
 999925
 333901
 801625
 728950
 57766
 189255
 930929
 637869
 683875
 494013
 752248
 12175
 492063
 818519
 82926
 588425
 981622
 105813
 473189
 695652
 36122
 793650
 609301
 203635
 880326
 427878
 148205
 66801
 287490
 6869
 317011
 580429
 531207
 39918
 15738
 111672
 17982
 823171
 780635
 75362
 409270
 928490
 345647
 228139
 569064
 391910
 405071
 865150
 830298
 926926
 74256
 35768
 13164
 211538
 140119
 720572
 868117
 774921
 644611
 833671
 336432
 287098
 963236
 616920
 370858
 678566
 462043
 911502
 798235
 757883
 438709
 435606
 604426
 992180
 893330
 594613
 719435
 764871
 85521
 235955
 60014
 188767
 592785
 517145
 782735
 245398
 716094
 379591
 575627
 541760
 814482
 207630
 69262
 701337
 494829
 76264
 57370
 856502
 434479
 53340
 643879
 464859
 708647
 905903
 900779
 301222
 499127
 520179
 673295
 715794
 162765
 517911
 981687
 51510
 473712
 907206
 603686
 586271
 46997
 822274
 228168
 713109
 650590
 450430
 635625
 794827
 438713
 332023
 421251
 405805
 523668
 690851
 706382
 187312
 411109
 77087
 572344
 898456
 744780
 944381
 189703
 797362
 463786
 633629
 27148
 996491
 600157
 774523
 439579
 439398
 191881
 561490
 871279
 933016
 807542
 947036
 331458
 781553
 470609
 547478
 52357
 715555
 782003
 314210
 154040
 309717
 342593
 884816
 473191
 969361
 802330
 239753
 771072
 946251
 361963
 881757
 510385
 829031
 737898
 714323
 153506
 783758
 332949
 195636
 69894
 838709
 282864
 703898
 604721
 456839
 134829
 991075
 626360
 313249
 900673
 848496
 785668
 950372
 777637
 690351
 189916
 793826
 55143
 261435
 9952
 493432
 178114
 0
 886275
 13553
 728929
 703304
 304157
 487787
 12052
 22784
 869333
 132551
 996115
 811320
 275271
 805934
 466042
 348494
 863684
 734277
 377639
 249610
 6420
 697560
 293847
 535553
 48854
 823070
 464890
 91523
 510220
 276473
 657697
 214325
 417696
 400035
 175506
 915516
 454658
 201424
 761958
 981122
 224677
 29469
 575649
 786476
 48102
 406971
 921269
 377570
 407496
 519468
 216354
 643360
 220118
 478875
 427225
 699976
 813716
 45892
 347652
 655051
 452116
 45474
 175644
 551551
 530054
 920090
 788375
 593059
 24463
 366610
 401798
 170382
 113753
 805901
 169322
 21251
 412199
 536663
 17894
 739536
 665163
 805555
 888033
 438461
 363773
 755965
 138185
 180765
 685042
 945454
 66630
 746987
 884769
 52111
 802583
 536768
 252099
 813390
 621218
 329653
 751930
 677856
 322601
 963575
 84457
 652000
 724472
 439593
 272571
 893832
 377212
 160180
 699509
 407772
 755448
 880510
 115129
 695808
 414104
 97486
 425879
 820683
 358722
 483432
 680513
 696179
 445544
 270693
 31399
 471228
 44781
 835069
 218968
 892030
 486768
 803214
 890441
 593644
 687203
 649544
 123163
 688410
 597830
 782319
 321402
 702388
 993490
 111963
 993953
 13228
 438448
 448789
 884070
 235223
 642155
 844482
 880472
 744220
 89873
 462599
 108464
 36275
 575626
 3983
 343775
 114857
 309529
 47884
 365612
 372007
 885063
 614407
 779125
 793738
 96774
 128180
 816933
 89221
 525389
 322172
 822028
 907953
 559322
 952229
 468247
 857639
 618353
 480041
 888256
 782483
 2038
 692672
 376534
 857451
 685054
 81756
 485106
 54556
 852698
 628860
 686238
 665243
 630902
 387192
 716090
 266023
 616746
 47959
 121616
 675016
 126743
 542717
 897203
 708178
 972089
 989876
 579294
 742181
 578466
 639846
 32826
 825250
 262984
 63157
 596982
 687540
 236680
 6552
 632427
 825232
 799954
 391548
 117003
 235008
 606645
 399389
 669074
 953198
 947576
 913409
 676723
 439238
 477658
 573056
 714285
 778557
 828705
 693310
 693354
 228809
 190049
 121877
 196349
 327868
 132546
 347557
 115757
 858661
 942231
 521454
 437780
 442144
 685827
 758069
 281493
 323100
 794988
 965859
 436630
 650863
 679911
 51614
 548173
 528052
 552763
 454081
 982370
 601432
 916945
 686022
 248739
 622525
 931134
 840119
 786666
 406901
 2258
 280968
 990480
 953012
 663602
 554879
 217034
 832572
 922414
 801622
 246122
 623885
 385417
 792462
 402414
 763469
 598252
 672557
 114994
 182242
 0
 817551
 276132
 193367
 127659
 219998
 267979
 120823
 58286
 618124
 464619
 97270
 883770
 914421
 528039
 701562
 17751
 306516
 401902
 205184
 870540
 720688
 692967
 622265
 574746
 912389
 666003
 535705
 580592
 853345
 931623
 56493
 943117
 522638
 645760
 438197
 223436
 411334
 99839
 105989
 889321
 99475
 751194
 976514
 503193
 388703
 719652
 621959
 217146
 391507
 113277
 814046
 860296
 920021
 20109
 275369
 180680
 148239
 675788
 578813
 86845
 827586
 18304
 585365
 231088
 12889
 166266
 802841
 870257
 542079
 794221
 629642
 444753
 287533
 58589
 315666
 758525
 53477
 183939
 147960
 205724
 37433
 312586
 119999
 693253
 447714
 538003
 442656
 57868
 929532
 54806
 626644
 327734
 787114
 526398
 800229
 806101
 705815
 520307
 586145
 638083
 276454
 389274
 160694
 527539
 976352
 205675
 199904
 311534
 484427
 246205
 28169
 258239
 351113
 270657
 429745
 211198
 96225
 693984
 669988
 993830
 570327
 43478
 148125
 949646
 275540
 345155
 166756
 899445
 350060
 11772
 217511
 915482
 93670
 201853
 597890
 754706
 242801
 169385
 550539
 205264
 68666
 76684
 158334
 135084
 53646
 267515
 119732
 318308
 623733
 803428
 800461
 510144
 729921
 8759
 961394
 844088
 348958
 402376
 662180
 556794
 894248
 609016
 58540
 782765
 544436
 842315
 106352
 77151
 713262
 785010
 504838
 491338
 135718
 791987
 728147
 687222
 264112
 579245
 984890
 787375
 693361
 429895
 791869
 798201
 554300
 574748
 563218
 927455
 788359
 321712
 92097
 626349
 436626
 967225
 768150
 507003
 398909
 738894
 120430
 54471
 495057
 443806
 978627
 131226
 108421
 860071
 654262
 622635
 944621
 857863
 458052
 400000
 690265
 925164
 921671
 477164
 770000
 968942
 627677
 511285
 146199
 277972
 800426
 864316
 753904
 314978
 963290
 98858
 302095
 729268
 545671
 468624
 2292
 90960
 544235
 126961
 71156
 158463
 664937
 407134
 361829
 40064
 469992
 852185
 296271
 528700
 830637
 568090
 673361
 63492
 958316
 592646
 112907
 98493
 796908
 434313
 547080
 777364
 195704
 44469
 205361
 574861
 63986
 879387
 26504
 176224
 420555
 631526
 194777
 761698
 196211
 580487
 616101
 423760
 545454
 1758
 34724
 731017
 635579
 598610
 259131
 29269
 784863
 872045
 505813
 529461
 658929
 610121
 491733
 146706
 60988
 135502
 242510
 186257
 601448
 461467
 675776
 569987
 246490
 855712
 453766
 635515
 719708
 775897
 235294
 513281
 356953
 496457
 577494
 760872
 85495
 336301
 927927
 655358
 56907
 646695
 18113
 383297
 388779
 448460
 214904
 5648
 55442
 14814
 84731
 961143
 835952
 556994
 38846
 423533
 39084
 381717
 439902
 952554
 714248
 795645
 301978
 765422
 74640
 163735
 45146
 501018
 53398
 451819
 850039
 948145
 84398
 70910
 643564
 848551
 742885
 435391
 224415
 515030
 422325
 788144
 358876
 851335
 528525
 779236
 854709
 363363
 252578
 691207
 0
 561161
 568596
 788208
 474163
 43630
 15697
 736654
 815270
 762501
 679909
 384308
 192629
 617894
 917544
 675755
 194824
 859142
 514086
 242702
 695427
 657289
 161393
 441111
 132063
 864748
 810590
 149627
 738882
 382576
 920648
 351427
 183425
 309711
 795273
 70953
 474060
 798298
 897520
 9157
 484409
 482539
 466242
 940229
 221828
 594567
 675481
 956992
 771380
 278254
 516029
 141175
 707302
 869401
 529686
 679695
 530803
 683288
 58131
 792703
 331774
 464915
 93662
 693901
 693026
 899736
 152536
 765957
 394843
 353467
 834689
 44710
 237489
 419478
 843917
 851349
 514528
 145391
 691976
 750472
 455867
 266892
 595333
 151815
 342497
 440170
 270843
 791670
 399538
 427480
 77864
 173945
 733408
 238819
 907038
 734578
 111829
 601131
 969882
 850681
 204303
 824627
 347281
 611914
 602759
 397432
 502778
 893288
 62117
 596412
 115022
 255319
 320093
 38307
 726375
 930232
 857440
 186661
 121596
 114702
 651190
 424704
 413172
 547684
 980325
 430056
 948805
 489955
 172582
 608084
 760850
 121720
 540733
 199261
 722603
 946609
 681133
 651819
 223217
 73055
 106129
 762374
 966009
 948161
 861082
 88060
 917688
 646684
 729040
 778410
 611143
 809951
 471518
 917687
 911240
 722668
 152455
 89329
 443386
 138814
 934376
 418873
 813687
 64199
 578333
 674063
 927417
 46122
 155505
 355116
 546161
 70549
 427955
 194209
 511551
 279213
 962575
 543170
 61505
 323901
 727303
 163942
 950905
 653918
 515960
 682336
 692140
 314553
 164558
 988446
 73527
 450203
 637811
 745366
 680498
 39526
 592456
 828371
 198328
 411507
 617090
 216393
 215890
 528618
 571428
 377390
 529393
 775041
 710729
 963927
 581867
 229721
 91967
 638904
 255813
 957425
 706709
 798955
 86281
 916994
 5881
 530355
 271056
 305861
 727572
 805151
 682136
 914838
 229665
 670574
 346775
 517221
 440593
 265968
 474135
 799999
 354207
 456661
 436603
 790830
 150951
 404123
 103439
 412533
 924538
 719015
 506988
 595617
 499676
 471669
 378733
 162561
 308553
 38975
 934393
 318771
 249504
 405515
 670543
 918309
 647017
 860720
 238272
 816032
 866711
 883950
 491210
 829971
 442331
 74313
 157271
 608070
 59042
 835735
 843822
 669530
 749347
 290076
 228222
 671278
 346111
 801025
 4066
 515243
 893385
 727165
 966350
 735127
 82813
 315400
 845569
 692081
 985533
 315789
 449258
 869479
 728025
 48780
 282870
 750191
 793173
 387478
 98640
 652422
 999850
 140631
 80405
 932612
 952540
 330231
 427606
 651103
 590790
 800305
 692756
 652587
 610290
 345394
 548429
 820588
 673191
 367718
 683363
 695353
 982246
 17604
 804901
 619975
 104905
 943630
 585660
 176282
 463373
 719322
 292036
 150154
 2754
 881061
 654371
 294253
 124233
 78095
 360367
 791790
 459518
 194162
 423445
 77419
 27187
 34954
 861645
 888962
 432399
 925575
 16009
 85651
 805902
 529658
 541173
 153203
 868903
 356161
 183739
 54757
 826373
 456401
 696502
 73930
 296811
 520885
 0
 122221
 499111
 745144
 603093
 444536
 549025
 373759
 87203
 965833
 625587
 872703
 605730
 882094
 503043
 296401
 416781
 413502
 642296
 564127
 550577
 677983
 971153
 259614
 20185
 321326
 148904
 156402
 677089
 936887
 680879
 894602
 910986
 782120
 862283
 823023
 183766
 291170
 755945
 246005
 412945
 141078
 707757
 86345
 933333
 484183
 576302
 724211
 277866
 694951
 589794
 382870
 484866
 427629
 654450
 430262
 294337
 908202
 471910
 126572
 68799
 815280
 734369
 753942
 931162
 723995
 474224
 405174
 200795
 655306
 408752
 988423
 178785
 78206
 268064
 265812
 397931
 430875
 630740
 715270
 159318
 11071
 981609
 420639
 81520
 951085
 997372
 248627
 991905
 726493
 887043
 606969
 461035
 273578
 631429
 493333
 159591
 989848
 679969
 878909
 580230
 991212
 474626
 400857
 411450
 487948
 319181
 773841
 990791
 720980
 297486
 299600
 42900
 462863
 413457
 811612
 147272
 489528
 812963
 920556
 291412
 405505
 674398
 874180
 18103
 357634
 380525
 997580
 741933
 352952
 553014
 161735
 901177
 430858
 448604
 449291
 216681
 237274
 989073
 795090
 47677
 668128
 410190
 863599
 609296
 912117
 758256
 775743
 236971
 322293
 833844
 359010
 682576
 182611
 707399
 658344
 844911
 702343
 414355
 464557
 116707
 361230
 516711
 204743
 204142
 724233
 790005
 48947
 758111
 14789
 361433
 672686
 346218
 940524
 563967
 661708
 680770
 444488
 913156
 7246
 406136
 603084
 284178
 124782
 165354
 745396
 537012
 175558
 571293
 206764
 392353
 337634
 215620
 53201
 738310
 168941
 551267
 645180
 602635
 391820
 269682
 827909
 780153
 164548
 57219
 80321
 954022
 427378
 470626
 336585
 610244
 265594
 818759
 66984
 747412
 979816
 872124
 487922
 413899
 38862
 370570
 653291
 144020
 325933
 372900
 545631
 56179
 703789
 485386
 888790
 542198
 305138
 888888
 335952
 735871
 53416
 983818
 182523
 964467
 930516
 987186
 621679
 442400
 55189
 229292
 655842
 489454
 904370
 798314
 90499
 662276
 870466
 875893
 655872
 631204
 573968
 997053
 621045
 541161
 412282
 651628
 72027
 768025
 365438
 984769
 256975
 519273
 525353
 197267
 389407
 708674
 436421
 255889
 28422
 841619
 666666
 999742
 689107
 457208
 252379
 749058
 602809
 686541
 862852
 527076
 161157
 254231
 821440
 22539
 921853
 206073
 196031
 392371
 376885
 510204
 176405
 286290
 353367
 565485
 903490
 605783
 571597
 344462
 576045
 550095
 581620
 266621
 740894
 696887
 272249
 241323
 356961
 260315
 216028
 225780
 175074
 811838
 0
 357240
 936891
 656633
 488530
 429289
 741950
 40162
 695285
 552285
 998607
 661333
 10724
 815830
 3846
 243050
 536164
 510508
 411117
 556355
 727089
 26936
 642405
 748694
 740294
 85975
 314647
 984601
 589833
 252210
 986981
 605597
 582108
 503549
 584635
 77102
 644162
 25766
 773589
 678633
 983945
 145007
 937519
 454895
 852676
 231674
 588723
 988919
 925198
 774385
 265353
 900806
 178472
 398105
 574989
 987598
 472583
 670135
 344060
 785005
 706099
 835594
 817293
 402890
 917615
 33210
 822190
 286854
 667134
 623273
 578947
 579591
 423365
 312977
 263007
 711508
 640716
 384074
 174886
 643969
 398688
 254549
 567923
 398784
 359848
 479435
 323583
 777532
 874150
 223880
 991431
 269841
 401045
 718475
 582132
 114927
 164914
 919624
 829930
 467964
 24592
 123539
 23119
 892589
 829585
 0
 487058
 446546
 784619
 167552
 252004
 400265
 607275
 796703
 781122
 476379
 520489
 772471
 34463
 201821
 516804
 894423
 310972
 945530
 469437
 666919
 369676
 976447
 809905
 108077
 762941
 937388
 545652
 502750
 999581
 389241
 296016
 841230
 116193
 55918
 199999
 459035
 148509
 409791
 450482
 220892
 519717
 348395
 363094
 946614
 297870
 197774
 675129
 168451
 996571
 804098
 658128
 924460
 109522
 33347
 241651
 999760
 629905
 369847
 187500
 24731
 214913
 950407
 790446
 27395
 395394
 677613
 588815
 872785
 842965
 124378
 396795
 79488
 492654
 608830
 203806
 371599
 285582
 512998
 945026
 60950
 96631
 632092
 49649
 320251
 620896
 58823
 955312
 740300
 7704
 9845
 752380
 339652
 888701
 277823
 966309
 378147
 430700
 519141
 386493
 172142
 771881
 787239
 48390
 143057
 796012
 91070
 666722
 360134
 926605
 566981
 321824
 601291
 485401
 468096
 190646
 105256
 586924
 40262
 20249
 391001
 945227
 865305
 298787
 853928
 374122
 402625
 926337
 756726
 609902
 787357
 231459
 536517
 890228
 546077
 897690
 956373
 675572
 895357
 873901
 277907
 921865
 282608
 284418
 678706
 387199
 714483
 804517
 777777
 361960
 250088
 879580
 472822
 807027
 840786
 708798
 761324
 877015
 142649
 903858
 744650
 817070
 815935
 483822
 305351
 648562
 875063
 197625
 44883
 240823
 907641
 44653
 449280
 306620
 513048
 659664
 366762
 488294
 327516
 166210
 177003
 778337
 202339
 653846
 344822
 901140
 204289
 675275
 808419
 53877
 540222
 230769
 782799
 55602
 140312
 648059
 742351
 0
 577713
 693556
 627006
 607009
 913691
 993104
 94807
 753323
 259830
 0
 515532
 778294
 126623
 214080
 948165
 706582
 358046
 722793
 941332
 388106
 159314
 246054
 743805
 466082
 870712
 271868
 617686
 530811
 357346
 843632
 619808
 923694
 790225
 3580
 977396
 249764
 692802
 209708
 422760
 876683
 565539
 112734
 734810
 858620
 294000
 77735
 699133
 110321
 80159
 635718
 672855
 131611
 134307
 914651
 293900
 792848
 815005
 202115
 498367
 139881
 184732
 530406
 579710
 401797
 870423
 960644
 238116
 408397
 906934
 189674
 326797
 569250
 224261
 275043
 314446
 871720
 585910
 526882
 157836
 584962
 6575
 410451
 244769
 956188
 532712
 142963
 55846
 516897
 968573
 734402
 151285
 79830
 325798
 339041
 772176
 590229
 883958
 162528
 918545
 449720
 123287
 167746
 839619
 229054
 196093
 683229
 674688
 171641
 973317
 707287
 893711
 227239
 888793
 165628
 439499
 50932
 249449
 242980
 556816
 24405
 96762
 958415
 184843
 76076
 952223
 854262
 339627
 742798
 109818
 292868
 285967
 458891
 566140
 941774
 390950
 481722
 714209
 491094
 186980
 276054
 83092
 249135
 679718
 100296
 730756
 733512
 859060
 583834
 267446
 943947
 468059
 527781
 397089
 571980
 362261
 900383
 183591
 214814
 364389
 266711
 617129
 174885
 45736
 484441
 846497
 804778
 0
 463307
 796963
 748801
 777787
 167993
 563134
 50305
 514345
 252084
 84951
 436595
 855732
 294736
 829288
 6408
 879372
 240282
 530045
 317636
 12609
 187355
 723076
 686425
 510101
 797912
 123541
 522418
 775046
 156173
 259653
 253119
 840724
 531511
 466494
 472874
 218068
 749041
 171267
 323308
 860071
 167970
 465557
 491375
 152380
 885859
 112692
 828715
 672954
 416097
 459233
 164156
 117302
 392903
 900032
 565104
 603123
 708583
 311865
 459009
 142473
 303457
 243282
 283339
 337586
 312872
 422155
 259465
 817084
 827411
 601342
 892432
 278989
 779683
 160445
 608695
 192134
 3555
 789976
 210029
 507042
 520370
 512323
 652379
 800452
 46366
 75377
 429028
 998707
 384825
 705730
 502652
 767469
 828881
 363689
 613862
 357018
 763706
 20623
 703370
 387633
 806155
 834006
 995257
 318143
 570165
 402667
 395416
 233784
 192985
 265425
 82695
 990921
 41413
 653887
 824989
 718249
 807891
 899891
 177958
 97115
 878787
 525007
 461057
 369952
 844976
 189379
 352116
 736156
 613458
 617122
 10904
 313698
 448272
 76562
 571106
 926876
 93309
 902536
 622496
 513295
 632503
 276408
 505343
 843875
 231797
 505772
 133309
 42727
 130495
 761457
 955361
 370402
 301130
 278493
 256557
 691179
 851851
 920150
 175048
 247150
 279078
 97740
 813330
 553191
 761170
 421613
 42712
 127401
 705406
 734521
 77749
 356420
 719338
 26273
 826490
 655467
 963482
 115472
 521212
 51041
 361139
 690270
 275217
 935862
 650754
 915403
 837093
 933402
 727521
 891483
 423653
 799836
 364201
 794268
 430969
 600913
 310280
 696456
 123899
 415340
 616312
 22640
 881322
 274618
 657212
 545719
 187779
 539556
 387939
 597769
 672519
 551671
 534535
 320840
 465753
 335559
 536235
 540486
 861102
 30077
 725073
 542224
 864406
 793223
 22743
 836976
 377086
 240556
 871102
 924765
 762946
 377808
 702014
 33613
 844908
 292002
 870344
 598823
 280916
 294780
 852604
 602734
 103225
 789915
 36173
 146597
 323160
 676060
 819020
 571775
 601768
 103206
 99270
 621966
 988913
 390544
 667217
 39745
 324123
 997540
 977804
 391434
 858002
 287236
 262295
 711101
 933275
 394747
 166642
 185602
 597082
 62500
 615884
 901139
 573096
 275898
 147577
 493950
 600858
 755181
 501700
 534932
 772277
 711167
 769398
 744223
 454714
 119521
 622075
 366419
 698548
 800000
 325220
 640866
 161679
 587870
 351311
 117061
 376010
 102298
 876355
 425548
 148387
 558712
 363281
 580739
 830494
 597033
 441014
 210848
 569317
 208709
 953941
 438063
 286116
 322080
 528823
 706827
 492849
 365760
 840044
 772882
 445082
 353421
 364285
 10524
 607993
 553535
 357170
 641669
 530061
 401302
 799671
 326129
 978385
 793552
 29898
 953503
 609492
 904934
 773229
 815102
 18527
 474040
 110568
 594348
 920235
 363451
 903103
 918713
 413341
 256755
 213056
 905894
 816841
 194317
 486107
 630578
 412612
 339346
 388611
 441637
 981258
 163046
 633140
 498847
 693293
 200814
 650532
 690930
 56603
 467865
 157894
 347258
 264697
 94037
 143440
 146461
 471135
 429576
 630303
 362349
 905806
 492167
 790697
 342897
 817435
 910171
 586688
 199184
 785747
 534167
 876274
 976749
 28087
 157819
 653913
 938775
 711312
 29618
 914285
 793696
 303624
 504987
 733799
 835529
 844732
 464646
 179732
 750457
 956932
 111193
 747502
 804207
 159683
 899093
 293552
 584868
 611582
 959491
 526315
 697292
 905548
 774392
 268881
 961072
 221694
 131945
 234020
 572596
 384546
 206427
 937112
 379429
 410900
 239647
 539700
 21627
 470826
 779566
 617541
 66857
 859581
 67619
 562416
 329223
 489932
 960687
 689886
 931082
 508949
 999318
 352525
 762813
 989221
 72463
 705285
 391230
 659260
 453286
 612930
 201549
 214954
 804445
 512785
 940034
 489946
 231901
 800493
 682418
 91962
 350782
 449811
 567583
 703180
 435271
 859345
 393347
 397360
 834897
 828507
 639796
 930263
 144819
 32700
 793019
 353798
 280622
 567808
 857919
 778620
 63825
 477926
 367675
 800000
 334376
 129986
 301779
 240346
 824029
 623707
 696181
 564815
 129563
 92943
 356707
 456038
 428412
 502934
 790786
 226758
 714639
 536144
 631697
 685836
 589786
 755787
 449502
 434277
 638203
 169299
 284527
 889215
 591720
 775084
 955088
 583879
 679752
 234101
 572622
 581019
 409211
 690047
 286666
 637113
 573267
 17926
 913466
 894574
 44591
 531920
 977358
 311969
 377921
 34617
 547325
 160402
 188680
 465125
 14038
 650880
 893553
 465981
 425106
 108622
 347485
 179965
 30537
 419383
 598739
 513209
 622710
 730559
 621501
 804828
 286049
 787663
 861751
 463261
 184881
 643837
 557374
 88697
 976899
 755090
 991313
 707367
 3845
 240670
 134820
 274571
 586039
 859973
 103380
 792651
 804496
 714765
 187112
 515236
 986858
 691034
 737891
 239043
 671632
 892424
 900409
 489815
 995615
 282275
 747026
 332888
 538093
 636608
 571249
 93101
 130641
 830501
 959706
 755394
 406970
 197985
 600040
 879620
 857288
 24149
 323684
 769269
 881155
 168534
 200346
 465441
 346041
 607030
 134897
 821430
 16107
 414325
 905759
 885608
 621503
 131395
 457036
 99498
 11467
 26866
 399564
 663737
 585303
 97426
 462058
 237553
 201802
 120121
 703030
 801777
 408248
 190644
 518560
 261167
 657191
 273792
 734307
 283923
 503729
 901515
 781651
 325354
 27692
 574245
 124726
 848032
 35440
 411330
 762668
 793875
 650798
 329572
 43915
 521203
 103712
 24387
 241418
 390299
 518667
 951239
 131386
 902713
 996699
 792227
 221826
 560652
 481819
 229752
 103170
 277050
 314412
 288515
 927555
 622766
 40739
 718634
 415418
 450102
 13452
 437864
 136717
 807022
 38450
 362681
 76923
 578313
 800581
 98303
 652997
 547372
 413211
 82201
 290916
 357888
 904795
 757439
 224787
 735751
 259361
 222860
 132410
 660975
 286149
 669832
 0
 19354
 995936
 145045
 983839
 344311
 135649
 816343
 500000
 668452
 615635
 631514
 347629
 113002
 192786
 532145
 29473
 268547
 890337
 951772
 597676
 587593
 806718
 432169
 377443
 576595
 265608
 803950
 139534
 822577
 675264
 724238
 473684
 280651
 848344
 707087
 611556
 438704
 947663
 509113
 613587
 860156
 446453
 489966
 745512
 824838
 395034
 566247
 149403
 502435
 85231
 717365
 499557
 224432
 929734
 172839
 436645
 414467
 554579
 729810
 232531
 138215
 484062
 479529
 773299
 861066
 471949
 961412
 936533
 39118
 463860
 743802
 348717
 697759
 962791
 341875
 403100
 785627
 909672
 559345
 856026
 635044
 849129
 744722
 104275
 126671
 897211
 683575
 297510
 455319
 412380
 494084
 815465
 239728
 406209
 145827
 380122
 528424
 531233
 87964
 32511
 131952
 666666
 172229
 629824
 210195
 310344
 376827
 509999
 756785
 567509
 399044
 578100
 49220
 124944
 896265
 407638
 118997
 921454
 186315
 223620
 809168
 940364
 166666
 822222
 663439
 99298
 177414
 908370
 432295
 994981
 194256
 917732
 937246
 747320
 285714
 405099
 130233
 692349
 244453
 964126
 453548
 110558
 9096
 6013
 377999
 402527
 241726
 22606
 428065
 973140
 489734
 549571
 554408
 227579
 358974
 141165
 671454
 116968
 442594
 196145
 816890
 234974
 780431
 58097
 204351
 729493
 406653
 950329
 524254
 414523
 793548
 662251
 989103
 455525
 942225
 708265
 80476
 14512
 696302
 601716
 366193
 105263
 967536
 241804
 598521
 360348
 428670
 84674
 923428
 939149
 837392
 939511
 85765
 671498
 914012
 920704
 777904
 525399
 516436
 471910
 465703
 556485
 604351
 748769
 154351
 616651
 622718
 194908
 544157
 8576
 619952
 55089
 277166
 288419
 825108
 7327
 685497
 275746
 279231
 58201
 391489
 247493
 310134
 361271
 741505
 683386
 754569
 842564
 834109
 223788
 105881
 457326
 81676
 69153
 699699
 705379
 106165
 428852
 105412
 596212
 50550
 149225
 45755
 265674
 752811
 475221
 300738
 532195
 129668
 428467
 776742
 446138
 585794
 149694
 89694
 111758
 357135
 727967
 105032
 467547
 138726
 297700
 951003
 534866
 45992
 300170
 410786
 740727
 122648
 753860
 542214
 943854
 655717
 866751
 765260
 939449
 354863
 654851
 129456
 76528
 447535
 789715
 773851
 540456
 40475
 687433
 349640
 571953
 583788
 584905
 32959
 542039
 986592
 747374
 259325
 974759
 164556
 243570
 883748
 775220
 350111
 40751
 630407
 745894
 427198
 773527
 282711
 217123
 807385
 580315
 550895
 89473
 19230
 88235
 725610
 941786
 529248
 371787
 455938
 388603
 969772
 517367
 786383
 960070
 270141
 875585
 422635
 460042
 830846
 878598
 939401
 553980
 862453
 103538
 273812
 783885
 500000
 502869
 377442
 812755
 752994
 748086
 579950
 348800
 814554
 159361
 195302
 109589
 243573
 344909
 380610
 762711
 873790
 358271
 838578
 683329
 719865
 529467
 156320
 307506
 178239
 767584
 20398
 480668
 772119
 454017
 862935
 747015
 33043
 618414
 399035
 313509
 607009
 876163
 70341
 532752
 146634
 426501
 185577
 195245
 721000
 60185
 514908
 522821
 954533
 809807
 363794
 509638
 950609
 114138
 711287
 412939
 233141
 126820
 407563
 378444
 463885
 475003
 66759
 130651
 312691
 394670
 631524
 466251
 18078
 902895
 634491
 141010
 293593
 13242
 463698
 987208
 690226
 770586
 773732
 860763
 772343
 846352
 817486
 767388
 334725
 277115
 21822
 375160
 233807
 105701
 181683
 484313
 711661
 345282
 613703
 48944
 309859
 33910
 333561
 433557
 556297
 924095
 487231
 76452
 622295
 957981
 376047
 130959
 23337
 824816
 229235
 747454
 829017
 491287
 487660
 38998
 470309
 354720
 97778
 757346
 477451
 865842
 425425
 258215
 96097
 602736
 683793
 511401
 381063
 700249
 973705
 258095
 627257
 244592
 656892
 326182
 427462
 62388
 662133
 987317
 352893
 2881
 788417
 742659
 789976
 904864
 763426
 280000
 362921
 229929
 555956
 788076
 666291
 448595
 928849
 664725
 607850
 560097
 156614
 43005
 823867
 380627
 860869
 334976
 781843
 31237
 308768
 803223
 443759
 106757
 714785
 765570
 624760
 113168
 190802
 423104
 254372
 659135
 738111
 82132
 989220
 9729
 355452
 81373
 850833
 170682
 828074
 280396
 37241
 395934
 362112
 204819
 424791
 462100
 140636
 765239
 472490
 567567
 706722
 98822
 39308
 316931
 997652
 586093
 430951
 948992
 939001
 925218
 620241
 489479
 541984
 350804
 39323
 19242
 551470
 777628
 929595
 669426
 26239
 627455
 158384
 472372
 912983
 839826
 829326
 546747
 108542
 680673
 177657
 583144
 182915
 261332
 886380
 929178
 522189
 273880
 814584
 424934
 121567
 901800
 689315
 760308
 20282
 725699
 269990
 545520
 339631
 325714
 361407
 322343
 135276
 944262
 885053
 476437
 482068
 594594
 28594
 473029
 56989
 285892
 369358
 226115
 756311
 739442
 710520
 291784
 618778
 42585
 89957
 541813
 328049
 999563
 12919
 577915
 771709
 509412
 35559
 1643
 814438
 3336
 971343
 383534
 997598
 394742
 158054
 629395
 775892
 289079
 958926
 977366
 176873
 668892
 500000
 845074
 696955
 66224
 743401
 788696
 574722
 895408
 400747
 188240
 879446
 929811
 761297
 929266
 816606
 607421
 613435
 988546
 263540
 61979
 537261
 800875
 980586
 829382
 931007
 164161
 173462
 796812
 537322
 450244
 794009
 834114
 279827
 948582
 133833
 599065
 150149
 966249
 28773
 941261
 309128
 802125
 699691
 778414
 125437
 971463
 280032
 665482
 425540
 996565
 679508
 199935
 462875
 443854
 891682
 846767
 558784
 949088
 936574
 248583
 343845
 197714
 679707
 931435
 376723
 152926
 578147
 898305
 937046
 604276
 462557
 174587
 822675
 531413
 181055
 863285
 682327
 853688
 401265
 856682
 425374
 79807
 708002
 426955
 881446
 84986
 35639
 565022
 14010
 457733
 190707
 310862
 436551
 926887
 303627
 264428
 672530
 516390
 89081
 780091
 661439
 291618
 78245
 769253
 20311
 852391
 400427
 435574
 210290
 184634
 497232
 538394
 154696
 340206
 199549
 712401
 250655
 230769
 460711
 132957
 413133
 184208
 413662
 326778
 259754
 545222
 889687
 846748
 865253
 119811
 810752
 352927
 232040
 978632
 646608
 47808
 397204
 325432
 225756
 77257
 986628
 905071
 220674
 581846
 282082
 704485
 75550
 63999
 321797
 303553
 376845
 640881
 991066
 441191
 812374
 903175
 400000
 805019
 461885
 183122
 179273
 895309
 865873
 128364
 458087
 413748
 970741
 977207
 23244
 840592
 271329
 659685
 604162
 650669
 415374
 722981
 20408
 726755
 662182
 685396
 860704
 569682
 144589
 354225
 199296
 797458
 962416
 121153
 864327
 989619
 576428
 277877
 180295
 339775
 63473
 649849
 207657
 19605
 844914
 649223
 265720
 764059
 514929
 590062
 463206
 572874
 89373
 262706
 849524
 532588
 183580
 894575
 365839
 147110
 89697
 104704
 380233
 10430
 690759
 346407
 866646
 642105
 945118
 436374
 576508
 281268
 334657
 853118
 275172
 994039
 289752
 330587
 101337
 52282
 122142
 867190
 986243
 987642
 943661
 858116
 297419
 796066
 967367
 674212
 179664
 440900
 787928
 348281
 821125
 930481
 493521
 116770
 779790
 332678
 829838
 819283
 832001
 549927
 110188
 612357
 504702
 872530
 60829
 896606
 806309
 493633
 751315
 533940
 190651
 595879
 933499
 331988
 25720
 522816
 686567
 199776
 960277
 106945
 32362
 668030
 797960
 793952
 963302
 705893
 838502
 133401
 536050
 476199
 423928
 895399
 679558
 834951
 80638
 529349
 194285
 28428
 393951
 188040
 592662
 508315
 910970
 109911
 583148
 697379
 658832
 434175
 903936
 138683
 273915
 20073
 825362
 239500
 47939
 37727
 972230
 887989
 302562
 98021
 534545
 655140
 822838
 261346
 771289
 634275
 138613
 837080
 776000
 484419
 364251
 138884
 880252
 843885
 815848
 329422
 417163
 956521
 444452
 171708
 701605
 732122
 315706
 371871
 910613
 871292
 494946
 731617
 11903
 317467
 481955
 416594
 232786
 813684
 366005
 335576
 793043
 862281
 929189
 501664
 791102
 718909
 519533
 517702
 627708
 334032
 430632
 777777
 215935
 782268
 130811
 364422
 370650
 803985
 65306
 287197
 388865
 507549
 753471
 442905
 773251
 274797
 666899
 854386
 640995
 599567
 232558
 283876
 86891
 945139
 174545
 538748
 511338
 556927
 45997
 922002
 730735
 597277
 795767
 897564
 662363
 295334
 40669
 516405
 375326
 415139
 23905
 117777
 617422
 312502
 357364
 878360
 741935
 799275
 959093
 355594
 855315
 680445
 494293
 700066
 719761
 970645
 743470
 738678
 866340
 182961
 518190
 273947
 943925
 553846
 248750
 809255
 346354
 3205
 38565
 590235
 961395
 592161
 461412
 100939
 379425
 696572
 909090
 37764
 843669
 395026
 287140
 430606
 937792
 372113
 77803
 754049
 69210
 110258
 187155
 640955
 347084
 232567
 133553
 567694
 155156
 596150
 597056
 554069
 47316
 182506
 130509
 279315
 80346
 271960
 165891
 330406
 848342
 605207
 972634
 490760
 187270
 45206
 133422
 884572
 763942
 281942
 292673
 53955
 457995
 462095
 685236
 281158
 236935
 560872
 725735
 13840
 875169
 968473
 656629
 986121
 939076
 51830
 736260
 258064
 642780
 731713
 955534
 453034
 892215
 789751
 141602
 288632
 242692
 400208
 613590
 405987
 240993
 162411
 443202
 3992
 674801
 839183
 161385
 598856
 499644
 256025
 318840
 863652
 169758
 238340
 668041
 272146
 990626
 31897
 600402
 468603
 206627
 404684
 567262
 475724
 514125
 820
 813104
 219504
 374308
 430383
 292355
 32931
 90398
 412189
 575757
 52041
 936936
 866092
 277874
 949182
 64101
 312802
 848294
 542289
 36093
 952979
 939023
 645642
 0
 670415
 72987
 351554
 10506
 644047
 165010
 619834
 365640
 863762
 890527
 647164
 204058
 917250
 171851
 269930
 947704
 620385
 314625
 67264
 709196
 122533
 323413
 86629
 144131
 598384
 327797
 838839
 724738
 392794
 915582
 17113
 720778
 42030
 220012
 0
 946047
 918207
 269945
 651380
 948728
 921504
 192114
 338569
 379345
 718360
 633739
 178811
 911209
 50373
 472838
 788774
 230769
 958279
 726971
 828648
 554047
 50912
 290701
 392375
 138675
 823979
 235848
 783876
 23243
 414838
 170741
 332366
 972537
 485885
 21001
 66436
 330736
 150416
 467576
 742574
 836851
 160835
 507749
 348255
 652282
 224077
 918020
 299359
 918414
 937919
 972907
 925377
 662316
 337535
 674918
 853790
 192406
 911996
 270137
 902568
 828316
 596211
 77273
 941399
 243944
 868084
 758278
 924812
 403616
 42128
 290641
 563551
 327393
 131826
 688888
 913307
 901678
 674664
 452498
 217010
 822418
 12461
 599266
 668387
 695001
 783063
 522982
 362508
 952495
 998237
 666037
 48632
 490683
 727928
 833910
 494956
 759669
 57381
 669948
 450365
 13527
 310228
 487873
 428531
 581349
 554666
 962536
 667493
 241444
 194635
 200997
 257026
 511436
 994786
 958874
 300583
 295171
 598174
 945907
 564115
 2888
 891346
 183682
 481167
 14184
 160159
 91751
 947753
 561785
 276823
 527761
 457175
 497584
 699594
 57176
 864261
 11952
 279574
 528839
 556136
 75186
 410851
 481890
 524738
 432423
 570915
 214953
 785429
 86520
 592442
 51662
 952584
 404902
 21243
 231548
 774059
 384846
 860635
 156005
 745730
 805268
 737826
 8284
 153595
 534090
 988139
 795505
 9262
 271695
 657881
 94991
 845911
 691066
 608705
 921480
 11994
 93660
 464867
 278625
 683691
 801203
 688058
 470786
 403650
 858666
 578547
 713833
 308860
 945793
 35087
 903030
 639803
 272319
 375566
 672839
 648306
 918641
 550530
 901277
 494736
 271996
 59577
 335161
 302159
 471405
 849671
 518243
 576434
 978555
 708661
 169336
 255014
 861325
 364048
 709320
 396101
 791589
 770693
 940974
 32868
 304219
 836843
 565352
 786397
 444037
 482868
 581414
 843554
 965227
 805123
 811721
 387572
 607054
 904247
 792469
 472965
 238695
 254570
 63766
 832899
 551754
 486988
 40637
 766141
 843575
 352068
 757655
 51741
 200520
 143860
 362614
 565457
 48472
 149397
 104778
 878759
 882624
 209558
 512300
 865576
 213158
 209961
 754563
 836796
 90568
 874584
 889979
 174784
 991392
 50565
 181499
 744340
 348111
 309757
 227080
 593687
 895527
 762979
 986414
 736974
 771468
 737419
 127172
 36455
 187431
 807160
 497638
 228554
 278108
 971520
 810117
 206134
 880000
 442211
 525369
 932835
 853599
 677502
 381286
 664464
 415721
 475366
 636061
 153942
 739650
 768942
 146495
 669348
 559712
 546683
 6021
 523927
 418883
 826382
 662050
 442412
 226450
 502652
 676805
 108228
 841351
 11772
 218408
 993950
 764502
 601838
 332498
 147816
 163782
 690051
 953855
 621942
 57240
 973451
 762842
 13002
 538839
 938474
 901420
 10453
 486115
 92462
 482230
 851015
 742946
 513245
 974798
 117106
 270043
 588808
 140271
 169237
 824742
 764694
 363951
 258314
 335781
 707375
 387854
 186072
 18449
 394447
 368516
 833
 320629
 996547
 556915
 514580
 653379
 343547
 705971
 278894
 885316
 299502
 793768
 942009
 310623
 652607
 377541
 161073
 181138
 106403
 106836
 669908
 781209
 61469
 313360
 302084
 943000
 336368
 175348
 573055
 218556
 865704
 427259
 647904
 703719
 890143
 405938
 495092
 976152
 818115
 660675
 910755
 596095
 208056
 604854
 496033
 487822
 579690
 671899
 603009
 696337
 733134
 875050
 516524
 607626
 760413
 76289
 710247
 972413
 245950
 40848
 655046
 434930
 950797
 121052
 769230
 935483
 58295
 264039
 247445
 903225
 213397
 28206
 409267
 584083
 960696
 788320
 73972
 233885
 380431
 240565
 516164
 32870
 421815
 461600
 980527
 32459
 53242
 825565
 653267
 112582
 406217
 482129
 965604
 84039
 114017
 950736
 916176
 172673
 374459
 237921
 763975
 166623
 678696
 284679
 319935
 710487
 119974
 123066
 907848
 324106
 836636
 765227
 753339
 331027
 818075
 40662
 324036
 54209
 899705
 90449
 672359
 91810
 977194
 375000
 919179
 255368
 428013
 475723
 82910
 357616
 57101
 640173
 62334
 863216
 494188
 642073
 976641
 735028
 220176
 631197
 136870
 589652
 860252
 533333
 535714
 574423
 297917
 305420
 188475
 505100
 246738
 376597
 114836
 117647
 188021
 246235
 490208
 914566
 984575
 85466
 694320
 70671
 887846
 50368
 551783
 351348
 471616
 403809
 867873
 399550
 203638
 528018
 264909
 784511
 953637
 12612
 580389
 121816
 345527
 270407
 76696
 638938
 197459
 477081
 771024
 168755
 160572
 863149
 980094
 701954
 742740
 567215
 601503
 598477
 71946
 549750
 638113
 888857
 504616
 301455
 368508
 498075
 1988
 156621
 597202
 112736
 467897
 397564
 897513
 891637
 813890
 692927
 143608
 376144
 65308
 963979
 732762
 224418
 687226
 444349
 194984
 91131
 833824
 645743
 255559
 355984
 658775
 185852
 168927
 333333
 201510
 807631
 105393
 157223
 366275
 617910
 263029
 639768
 549014
 317602
 49168
 401790
 702328
 904897
 563398
 433021
 979914
 232427
 240802
 502747
 730895
 540794
 937485
 817771
 757575
 833245
 641720
 961223
 420567
 500000
 386272
 759695
 867709
 409724
 531769
 546002
 622574
 100414
 228297
 375435
 113544
 654995
 963478
 171503
 809281
 400138
 729994
 381391
 262139
 595419
 616651
 500000
 626907
 207792
 564978
 367154
 740740
 285186
 499045
 369826
 458932
 616591
 952080
 77363
 932618
 373203
 903360
 499225
 283880
 990037
 266133
 178438
 168386
 537891
 15997
 742692
 768683
 243149
 457374
 662974
 423129
 46479
 214005
 957914
 791690
 773182
 349873
 454787
 990897
 643735
 267686
 458559
 707446
 738187
 490866
 894071
 682502
 57361
 352582
 935904
 642464
 205152
 674437
 880546
 941614
 986928
 55025
 188976
 485928
 164456
 41897
 273268
 981329
 125644
 860725
 922918
 84043
 501414
 100953
 192586
 883841
 401727
 326036
 211180
 819047
 600000
 774638
 814283
 941176
 65116
 909698
 309896
 722625
 163286
 403114
 139194
 836409
 143626
 547552
 920646
 753561
 279452
 774919
 750499
 151608
 332268
 671044
 879190
 642736
 647700
 333333
 775991
 519281
 172509
 507860
 113162
 408332
 97028
 885025
 383440
 250789
 704952
 187190
 695287
 42148
 77954
 787129
 384430
 117752
 831975
 470814
 390151
 120999
 550545
 499447
 664224
 5005
 622650
 641963
 873214
 356902
 190455
 714457
 92626
 795132
 456269
 493796
 211886
 213201
 281376
 438330
 676302
 669710
 93821
 104705
 709752
 322928
 25271
 991141
 469516
 874554
 767711
 817960
 84507
 320976
 86282
 842671
 798743
 664286
 61490
 629507
 49022
 145776
 797596
 235400
 136285
 785034
 179564
 495966
 251005
 686281
 861594
 649892
 282532
 592568
 823631
 304286
 188311
 21061
 568285
 222666
 34983
 591752
 265940
 961256
 463442
 936026
 468543
 70972
 141235
 69918
 206341
 858209
 193839
 2449
 131376
 112494
 183853
 824429
 106987
 820604
 603194
 633307
 232931
 412477
 369659
 191150
 687333
 171694
 735133
 45787
 792193
 518476
 756972
 267956
 803457
 439168
 936335
 988097
 136338
 709053
 691699
 672075
 334790
 461755
 213058
 252250
 954420
 343607
 5575
 151504
 524590
 712325
 620964
 172661
 348778
 972332
 784313
 889452
 975609
 280498
 368907
 364652
 945897
 546404
 910726
 13998
 842535
 684279
 522944
 584627
 997580
 930841
 470026
 881817
 471127
 256074
 982825
 836781
 680319
 430954
 965291
 598283
 986464
 64983
 896232
 264844
 490990
 753860
 876739
 412897
 705882
 89879
 814394
 860592
 420919
 505149
 295941
 344739
 255801
 204986
 673271
 178030
 440058
 925288
 953722
 318874
 540431
 561659
 140464
 165829
 222821
 764603
 500757
 33576
 42391
 138937
 123017
 550805
 238553
 708388
 314218
 585668
 661517
 235758
 737085
 670486
 637867
 973358
 857067
 243020
 429454
 904915
 781328
 488043
 940491
 443758
 547591
 836624
 318347
 210842
 329013
 740645
 326228
 416156
 556204
 17987
 39912
 992602
 922255
 852359
 822141
 428348
 964238
 933520
 119941
 172583
 1491
 78627
 919087
 917837
 737518
 851256
 497687
 525887
 188166
 447616
 986078
 761556
 679748
 963204
 377858
 48628
 215563
 13356
 984868
 845771
 200267
 783437
 591475
 585347
 541629
 443130
 113992
 729411
 88256
 202065
 250067
 989199
 176086
 369444
 3523
 197663
 865319
 416502
 918508
 539477
 270704
 767309
 131578
 510062
 309294
 191407
 715161
 987325
 731796
 728413
 670970
 69164
 898288
 149073
 421121
 193214
 817650
 276843
 491325
 152441
 352941
 990414
 409546
 428304
 505929
 927536
 604031
 268088
 236459
 951515
 33630
 906430
 332566
 936440
 381355
 393961
 930309
 687891
 830698
 597501
 515850
 669086
 490317
 594242
 986492
 908678
 258638
 885937
 284171
 307145
 696384
 36129
 978953
 145122
 77049
 749687
 946384
 829875
 458394
 202549
 646101
 277250
 464283
 131153
 922367
 808611
 926927
 464409
 254483
 435197
 969924
 388601
 518002
 886676
 431095
 442411
 475570
 3401
 968433
 241132
 929819
 911459
 614735
 222111
 824824
 689113
 281508
 679370
 995530
 215702
 868660
 147081
 441175
 110190
 621377
 195121
 552108
 416142
 762179
 471244
 597028
 791563
 846523
 182074
 317369
 765636
 515587
 754470
 743535
 572247
 305745
 39548
 646353
 656164
 79703
 23122
 772749
 199442
 1919
 771113
 496613
 20901
 253003
 480813
 92461
 136725
 553833
 849021
 658177
 721567
 928147
 288160
 121778
 835653
 919080
 782811
 450499
 417824
 65276
 415511
 617533
 702931
 6734
 603470
 295229
 830780
 250564
 174610
 650406
 785154
 999747
 425674
 959346
 588657
 305559
 603999
 439268
 945606
 621355
 513885
 666821
 267716
 929732
 812762
 20236
 818921
 56395
 36377
 819653
 519869
 743152
 692561
 851469
 212690
 43504
 878052
 292035
 8742
 173251
 495937
 764576
 906776
 82389
 179458
 967985
 470482
 934357
 7527
 337076
 139056
 997445
 862225
 421779
 400369
 377471
 714172
 509133
 8614
 30581
 104189
 571034
 32776
 881204
 865378
 148879
 579139
 788887
 775594
 974208
 739687
 851577
 824512
 596714
 233656
 741589
 302354
 86969
 697434
 659532
 554192
 672853
 616987
 158076
 403369
 761340
 869242
 219027
 214516
 566944
 545359
 160483
 416289
 551446
 438709
 592702
 4924
 0
 632789
 972006
 122270
 424139
 185875
 388749
 415295
 447395
 463818
 324590
 504077
 734854
 914782
 42407
 139428
 199964
 413205
 307692
 942307
 719751
 608546
 451619
 508148
 249254
 543665
 175693
 255384
 325696
 664969
 35303
 79306
 159536
 680659
 500673
 974965
 157272
 752337
 376681
 224054
 912818
 627764
 314564
 631127
 607181
 162106
 837785
 64714
 813720
 199344
 936027
 481642
 179883
 595720
 788868
 82830
 955223
 187740
 151153
 273755
 345167
 831067
 224535
 956390
 125991
 355549
 790316
 738562
 673796
 229980
 610378
 297547
 627517
 217616
 249567
 435533
 719952
 523027
 757975
 80078
 499811
 770618
 629019
 685327
 906389
 155596
 745474
 76475
 509029
 376382
 28602
 610389
 176519
 273485
 430050
 338396
 519402
 456210
 645803
 584349
 232835
 277337
 23529
 153684
 398945
 500956
 278921
 885415
 487721
 957988
 932797
 872631
 479166
 48901
 456749
 393765
 457295
 728050
 811243
 840825
 481372
 109269
 280715
 422302
 329817
 512215
 500692
 727066
 212161
 744799
 100613
 334131
 86047
 242469
 53036
 595870
 923954
 61304
 810375
 100917
 161816
 783830
 194820
 294131
 373711
 373258
 130332
 39207
 534726
 416844
 78310
 293322
 199935
 67476
 754215
 969182
 885854
 238767
 368421
 960077
 150184
 897757
 708732
 675740
 807459
 257712
 337550
 877626
 805369
 54691
 862005
 509920
 722694
 161633
 296764
 619590
 954962
 889755
 839064
 479242
 507203
 997272
 675828
 249296
 716430
 303408
 922526
 50050
 250454
 884326
 354544
 313937
 303715
 474191
 326261
 528459
 480849
 225595
 59647
 212353
 30735
 980630
 860701
 255014
 39277
 94677
 468917
 824719
 334299
 504284
 356310
 924420
 74227
 791663
 485714
 892661
 630392
 65538
 934207
 924849
 753141
 841336
 757817
 7619
 98297
 90040
 76343
 769890
 331755
 31285
 774203
 307014
 229440
 639316
 939121
 403155
 821964
 486615
 617594
 705747
 926686
 389679
 679534
 452611
 133152
 531132
 208970
 788061
 901508
 626449
 524883
 431514
 858823
 711478
 491842
 868997
 150541
 429909
 641083
 137967
 152769
 860483
 815865
 631713
 110366
 91643
 43093
 326615
 269971
 896376
 560702
 701650
 315335
 18660
 928902
 879101
 142477
 878484
 94667
 827684
 798306
 445830
 620226
 413793
 653592
 929515
 392801
 537333
 504058
 762472
 586113
 311731
 343925
 850777
 862612
 542189
 410852
 804744
 754151
 783999
 767645
 145216
 425370
 821129
 735376
 88696
 604526
 995189
 184442
 200734
 786080
 587641
 6872
 959842
 577032
 885405
 218069
 85419
 113397
 425346
 126113
 253419
 863557
 853939
 661852
 403276
 112984
 645237
 510243
 500319
 748464
 63720
 199268
 577334
 507544
 377510
 328373
 411274
 793408
 550407
 235903
 584717
 715860
 257448
 758542
 707741
 117362
 359876
 471943
 412167
 304392
 879992
 350962
 764044
 162285
 317842
 756289
 63734
 543066
 145523
 529359
 245318
 35526
 774752
 309380
 88448
 923140
 501415
 483870
 180858
 449149
 428540
 559015
 711719
 31189
 684931
 827067
 355553
 464565
 979240
 328537
 640951
 926095
 826675
 130009
 885860
 285255
 18120
 800546
 145420
 853768
 21927
 171489
 983040
 202836
 537502
 432506
 388145
 311637
 959127
 158811
 571698
 192011
 951721
 543163
 620052
 526043
 198899
 151864
 303115
 747019
 341407
 912271
 11790
 451387
 318835
 419666
 847942
 275733
 200989
 343426
 798913
 226691
 113038
 90576
 763346
 372344
 19899
 143762
 806716
 323349
 432386
 860648
 334024
 789115
 635002
 488584
 310487
 765167
 428571
 245466
 916641
 696356
 296490
 641785
 523614
 298340
 170954
 308080
 710880
 408508
 358826
 77157
 782330
 45146
 87323
 540851
 184287
 461095
 613186
 78957
 630836
 153092
 592804
 96147
 953927
 532060
 455830
 944784
 209626
 961409
 970281
 836527
 453172
 916970
 544451
 549628
 453217
 420752
 232742
 185419
 385054
 293411
 753733
 818402
 30088
 818525
 19434
 979761
 702186
 814676
 466254
 654980
 2926
 335926
 762634
 237248
 876096
 910363
 794474
 864517
 589743
 585945
 706284
 482467
 970912
 894952
 791822
 635794
 99197
 288032
 741959
 624962
 614457
 497933
 154531
 139668
 505698
 218853
 504932
 203118
 723540
 876471
 131324
 670103
 341232
 841025
 625443
 734708
 324295
 664955
 579938
 375939
 513885
 43630
 723114
 487874
 748298
 41911
 883776
 30549
 824133
 682988
 343132
 205980
 802407
 763636
 91891
 82039
 329177
 477051
 6700
 355374
 155903
 228965
 121076
 459759
 249313
 455237
 692396
 578947
 846975
 491813
 621539
 17307
 365894
 124593
 451612
 273815
 935401
 264836
 934884
 934443
 91387
 329071
 17640
 266294
 302533
 180613
 431953
 506108
 359984
 285527
 970035
 571984
 258930
 738775
 990925
 292391
 207059
 219512
 297467
 549779
 413586
 284796
 715270
 921778
 771302
 90153
 474149
 154471
 118791
 834700
 487603
 520761
 502187
 350265
 723817
 749347
 306361
 89723
 561282
 603726
 850494
 745676
 314741
 971505
 445848
 824997
 328271
 708947
 880345
 102200
 516971
 204430
 40788
 283721
 515164
 484723
 26767
 496221
 529129
 888268
 171171
 701821
 936337
 172226
 551386
 356719
 463422
 460282
 864434
 984766
 825528
 617088
 267931
 495453
 743559
 914555
 658694
 512558
 109259
 288438
 74098
 316635
 514172
 40407
 41032
 719606
 854434
 282305
 343915
 619916
 678445
 161214
 970443
 745185
 405554
 725541
 824742
 882258
 423082
 577077
 543307
 929663
 824176
 527013
 319790
 986789
 921823
 222042
 875307
 509567
 910902
 542377
 95793
 340183
 532521
 964555
 61184
 828362
 306184
 682809
 607494
 127007
 451376
 402072
 612704
 271902
 547494
 949330
 403731
 833081
 238537
 673256
 753429
 48769
 95623
 905056
 34867
 17816
 787212
 976824
 172234
 151392
 281914
 207172
 953036
 843910
 991742
 404334
 194805
 716622
 390747
 953917
 587987
 37560
 377406
 682635
 465668
 418478
 663468
 240995
 471786
 410898
 552686
 524781
 536094
 184953
 120029
 381933
 986436
 913349
 928680
 620039
 405438
 778039
 259046
 106761
 771769
 763735
 392609
 641998
 542465
 357312
 103561
 763025
 994015
 989109
 585809
 868851
 596847
 743877
 440513
 719664
 720014
 149648
 631948
 438194
 952655
 224626
 608490
 796234
 656089
 203873
 135018
 873505
 361809
 679296
 878510
 47956
 959857
 49411
 907776
 155265
 217950
 587571
 314946
 980688
 255813
 480496
 841679
 778197
 521455
 919036
 655103
 260618
 815474
 519822
 72721
 965408
 61198
 190053
 969151
 237238
 969689
 746616
 764201
 190561
 319125
 369400
 505829
 225449
 459633
 388841
 874558
 324863
 368520
 64014
 347696
 395522
 261712
 823552
 331876
 632349
 43976
 25031
 643625
 942511
 763021
 775340
 584020
 268326
 981651
 936188
 750363
 947123
 431682
 498708
 646369
 132693
 712564
 909161
 418029
 870996
 165610
 992930
 498587
 590901
 651533
 553580
 313154
 727999
 806811
 520114
 842415
 875586
 66629
 437007
 411329
 336650
 181981
 488396
 139707
 656694
 622561
 481691
 862104
 187189
 869876
 404175
 591770
 830090
 654843
 420257
 496984
 423478
 790062
 561794
 28685
 493954
 634812
 965955
 771813
 539171
 904593
 864421
 651592
 790896
 416269
 109796
 196897
 615612
 488188
 357128
 151845
 920659
 192015
 236860
 444274
 758558
 112932
 647994
 265736
 598810
 74178
 662777
 560847
 95972
 526331
 611079
 156934
 627643
 893630
 626501
 402399
 110959
 669374
 741737
 18780
 780645
 627228
 280787
 411824
 840390
 588179
 908108
 1212
 311959
 76982
 676065
 634036
 954229
 637347
 441232
 547694
 578015
 699480
 332451
 300943
 567589
 429756
 381836
 50619
 596897
 275402
 576710
 293012
 785490
 120385
 413206
 401238
 948099
 777158
 205854
 916661
 473672
 394565
 256830
 445515
 179865
 427484
 865739
 217360
 909513
 778723
 58924
 603667
 411914
 132633
 140684
 631419
 617210
 447264
 27913
 576395
 224093
 687811
 663748
 385379
 318953
 310105
 379254
 378830
 723703
 576301
 65111
 969474
 212362
 913969
 98203
 329725
 413533
 610169
 208964
 888861
 600461
 250672
 623539
 556727
 987539
 757560
 513535
 835071
 594151
 54347
 572700
 744616
 185036
 601495
 696610
 73135
 629107
 978311
 311480
 640859
 150945
 216482
 554778
 667150
 861559
 161055
 225085
 832335
 605629
 669454
 463939
 763600
 739023
 144173
 790973
 733882
 238471
 368459
 286839
 422072
 20031
 917914
 407216
 151188
 53800
 613603
 718868
 320584
 673826
 974144
 830649
 991150
 349357
 878684
 40354
 720185
 696920
 999289
 509488
 109223
 983405
 894078
 923731
 145457
 55491
 642629
 627180
 57481
 690679
 151641
 985114
 240754
 140817
 379011
 65810
 213111
 747882
 635012
 733558
 415227
 443251
 743585
 373927
 892215
 386632
 927211
 19607
 710734
 733552
 484060
 457807
 468253
 734309
 172677
 493492
 304736
 455447
 835796
 355872
 4534
 357514
 418100
 955318
 723185
 649910
 79723
 554670
 787112
 391229
 143084
 932545
 403971
 895703
 914325
 674818
 794540
 567752
 435051
 814349
 935326
 437010
 522911
 902309
 535061
 244541
 234680
 797198
 131645
 968146
 823021
 829686
 952669
 311977
 182626
 315115
 14362
 841186
 549769
 102455
 955295
 589926
 358648
 346575
 342265
 187318
 336734
 260162
 384811
 197481
 232120
 564086
 485489
 27406
 196696
 206735
 262530
 285121
 764345
 50960
 474027
 68052
 876712
 177654
 898910
 115712
 894279
 35096
 857681
 63908
 110226
 926795
 536916
 585297
 2314
 440341
 340134
 916751
 21952
 210414
 145991
 523177
 993108
 957254
 778137
 991128
 460066
 370705
 581469
 176529
 954838
 270425
 208556
 765847
 427009
 91445
 905792
 798235
 590143
 662686
 993335
 930763
 841402
 996567
 974004
 21513
 60060
 552711
 827136
 904436
 399999
 232491
 668415
 987012
 301455
 627290
 586021
 375707
 995230
 966587
 868566
 689131
 20229
 414488
 988031
 99756
 868081
 108181
 441759
 446651
 749579
 292433
 836804
 702928
 554874
 995404
 219965
 2877
 901969
 826895
 358891
 645028
 520899
 605809
 510204
 997982
 688959
 960988
 178071
 426191
 58074
 630229
 930434
 109168
 972864
 890949
 778266
 501599
 162878
 415213
 811104
 479640
 480463
 842468
 319458
 814417
 335282
 404712
 351055
 123686
 856187
 785460
 984301
 466904
 879485
 743155
 805961
 545504
 636710
 408533
 257122
 888432
 46607
 543209
 597765
 444948
 819905
 441542
 241287
 971476
 12064
 22227
 273785
 958247
 6976
 344581
 991294
 34716
 409349
 952046
 229289
 230021
 260229
 320493
 732608
 768421
 134424
 452105
 318840
 735016
 36629
 583971
 576576
 265629
 318663
 432062
 424554
 574209
 826627
 46400
 84493
 605914
 468173
 360237
 188056
 314032
 852478
 911940
 146715
 962313
 233155
 847371
 757156
 735650
 781395
 760498
 23597
 636066
 41297
 307358
 43243
 814365
 262646
 379478
 334716
 18753
 729644
 756236
 253897
 619567
 183312
 675585
 159362
 691128
 949475
 994989
 503365
 252321
 925173
 739255
 745774
 982940
 366762
 83314
 21079
 851771
 486725
 595725
 226832
 369366
 756238
 612935
 160534
 855973
 753033
 105263
 770704
 699047
 608680
 959385
 419480
 674357
 460300
 377066
 300063
 924360
 469137
 392634
 947832
 471473
 888221
 311805
 827126
 519999
 189446
 287064
 160427
 24027
 252618
 31150
 536067
 243656
 706040
 781603
 752164
 842750
 692307
 300625
 85471
 708833
 496299
 467575
 517984
 458288
 842616
 744035
 380254
 937019
 444571
 636647
 577529
 445963
 861972
 603642
 248783
 564003
 448571
 52386
 193455
 588574
 411497
 389731
 77453
 301634
 357934
 699903
 43478
 668812
 784302
 796948
 723014
 415791
 217391
 20934
 82148
 388571
 608033
 601694
 855930
 869813
 927601
 182777
 193189
 893148
 237397
 176433
 484552
 277139
 986922
 254318
 271604
 409540
 322451
 179912
 730353
 211928
 305145
 618289
 606046
 148409
 270149
 984420
 254338
 65934
 347569
 344489
 274086
 97027
 969230
 838107
 576923
 230952
 452905
 831198
 783245
 108108
 417449
 557184
 779872
 942240
 266460
 51289
 866162
 65559
 193235
 567324
 636363
 286021
 430082
 333723
 726044
 358904
 641606
 429741
 625256
 932140
 780727
 757173
 365569
 154673
 131527
 4291
 108705
 880487
 243320
 921159
 470588
 838426
 969003
 758158
 555640
 541760
 7770
 526140
 453809
 317866
 265926
 569919
 870153
 382942
 447614
 119486
 601654
 137541
 64254
 980994
 418664
 207109
 8346
 985790
 112659
 296005
 79699
 533234
 660194
 460773
 568728
 628264
 788125
 548791
 682086
 461359
 395673
 267362
 228388
 291257
 947596
 578635
 296089
 413073
 826458
 599235
 792733
 649635
 451864
 97939
 659101
 840799
 460529
 283163
 346440
 908664
 408140
 89102
 481938
 919880
 854918
 636823
 112293
 710950
 663467
 402771
 53894
 679134
 845688
 489032
 330298
 487782
 770926
 537801
 511431
 395839
 327671
 612095
 127902
 956228
 586339
 444027
 551768
 144181
 4832
 621388
 284031
 923658
 958269
 671719
 362502
 408255
 93605
 110036
 824206
 461477
 330138
 741935
 399300
 30280
 104392
 655010
 719729
 783053
 505800
 316470
 478235
 971261
 473160
 824767
 532666
 45025
 422884
 347754
 156097
 823740
 931973
 404186
 609659
 9657
 209920
 674813
 888086
 203386
 326275
 742608
 274569
 579701
 925282
 73333
 204774
 890392
 213545
 578489
 314567
 43933
 1533
 361963
 10247
 568904
 474935
 575329
 470752
 616899
 298898
 847997
 659662
 105274
 21903
 523154
 57913
 90055
 585885
 131401
 8119
 990173
 767080
 978941
 96923
 512665
 239218
 373012
 580821
 649509
 280612
 103757
 5457
 965585
 807351
 581529
 689561
 520527
 834355
 231034
 226981
 715830
 772968
 418250
 839542
 322908
 934646
 481571
 190375
 436937
 76338
 519820
 839543
 481078
 407454
 810982
 749368
 744391
 598731
 550789
 620109
 219045
 138438
 5967
 580099
 316482
 451363
 129139
 222887
 90873
 236585
 116767
 809431
 5110
 22286
 429660
 161859
 446215
 210921
 872506
 56338
 806929
 530418
 993777
 741009
 460665
 511026
 340976
 428653
 452453
 370875
 664081
 90564
 415519
 544586
 684210
 494441
 856344
 961739
 418197
 606625
 836415
 715517
 480911
 366549
 232479
 239487
 982417
 394055
 361189
 914623
 762788
 709666
 560612
 896799
 765422
 684561
 218707
 503896
 873159
 163253
 196333
 48289
 997386
 858209
 21986
 631142
 624959
 597557
 86289
 874587
 660338
 823927
 364098
 688162
 185611
 896836
 102097
 794367
 464853
 809210
 981295
 631284
 937763
 750539
 816723
 137308
 337559
 569344
 138813
 277940
 979682
 944873
 134343
 946371
 523610
 398229
 992208
 289520
 884051
 202857
 706813
 170043
 758197
 954457
 567530
 548074
 940779
 89301
 18629
 524576
 109070
 188658
 447927
 238119
 473372
 594009
 926714
 987878
 2132
 239917
 346516
 297044
 160883
 425887
 490524
 299000
 836720
 599316
 123069
 375000
 549815
 781321
 619433
 335768
 498591
 869624
 590803
 342622
 640176
 211720
 457534
 503365
 855728
 37959
 88918
 913522
 381589
 601286
 887353
 222521
 962510
 286575
 794781
 247000
 804276
 8187
 79231
 633645
 257010
 189107
 461260
 845641
 961507
 138823
 485999
 295468
 715736
 0
 10286
 844519
 538461
 618966
 978497
 325281
 808913
 166984
 336842
 81670
 275184
 107914
 283724
 399607
 701639
 171775
 666666
 683402
 848309
 759389
 589287
 71152
 315765
 229159
 885321
 783906
 778413
 294350
 188767
 934575
 595795
 456375
 18587
 526467
 2332
 385683
 679776
 695652
 680412
 528155
 24635
 736659
 128433
 281926
 704878
 65558
 859673
 214016
 779148
 604428
 849468
 247198
 68169
 170009
 348762
 766623
 845311
 715001
 445213
 270314
 490367
 317831
 268239
 266121
 288951
 878278
 566645
 662674
 820715
 738349
 772617
 184229
 881270
 271708
 943716
 637216
 104219
 839819
 255489
 350525
 489324
 732095
 80020
 390498
 528486
 773231
 737385
 70016
 153628
 207920
 775466
 777813
 935860
 253342
 260414
 392568
 471188
 479641
 240366
 976056
 848542
 678060
 82883
 305865
 368421
 566402
 986046
 815450
 856955
 229470
 495836
 258987
 205585
 372634
 536419
 227792
 329941
 838021
 299697
 303783
 559970
 637579
 272727
 356567
 132344
 820989
 252980
 502009
 557139
 925703
 686894
 552103
 538162
 785333
 717198
 25514
 946378
 255126
 836288
 381405
 173027
 601145
 439840
 959506
 683176
 503203
 663844
 695679
 336594
 283476
 154197
 347062
 3594
 266262
 401013
 927033
 626010
 188640
 232095
 70050
 865898
 787921
 28719
 98273
 679999
 602764
 349048
 712185
 237221
 2791
 740204
 975364
 762718
 647156
 655812
 122039
 853790
 716859
 238662
 769257
 35613
 494422
 890222
 56706
 973042
 195488
 95142
 56923
 701008
 797985
 158110
 861886
 439913
 925497
 269794
 360602
 990605
 109910
 772611
 430178
 919786
 858076
 31475
 634071
 429740
 234154
 555577
 158450
 42386
 183565
 81978
 443111
 674718
 314664
 571542
 513184
 669416
 204842
 902825
 319049
 728089
 523783
 444604
 25620
 317997
 253377
 600874
 319222
 401757
 690657
 741431
 707671
 984298
 182519
 130148
 262208
 203936
 764375
 756202
 23908
 650273
 155391
 779685
 854576
 980414
 974616
 717841
 584972
 374069
 47710
 684505
 120366
 718709
 672413
 499646
 362191
 212827
 58745
 482438
 278084
 599247
 213622
 429715
 773584
 684152
 933979
 956305
 131283
 901167
 443357
 72917
 11848
 24119
 223106
 973959
 503134
 659611
 4904
 353040
 192579
 367468
 516129
 77944
 579832
 20061
 599483
 626443
 199576
 803535
 511807
 514923
 888790
 284824
 740854
 58797
 969215
 835443
 916201
 868929
 943557
 852648
 122168
 173532
 336283
 815740
 215317
 948635
 241556
 284645
 407385
 562213
 222262
 145998
 963644
 100679
 726703
 259241
 789725
 501959
 225917
 299550
 503437
 109003
 528119
 13364
 628790
 329368
 186187
 931110
 619047
 744186
 397337
 625514
 462715
 506905
 660919
 854091
 308461
 560930
 517747
 626100
 317667
 475141
 674418
 738412
 136776
 421438
 223182
 710332
 212997
 390752
 769804
 799235
 485303
 278016
 698838
 940933
 882741
 29856
 807099
 349735
 267454
 50437
 10025
 28335
 426406
 234067
 202224
 928155
 234847
 297163
 495724
 890665
 56605
 961721
 959999
 315266
 687922
 138757
 231006
 914795
 924937
 747097
 587196
 354447
 740191
 754820
 56139
 103168
 314843
 372953
 483443
 374889
 75455
 742243
 880407
 371352
 618433
 796794
 566870
 509846
 416593
 301506
 653133
 244104
 430887
 61893
 209502
 974239
 847132
 397825
 455355
 500656
 494878
 1141
 102766
 52631
 191954
 479722
 315605
 722707
 34322
 250909
 881695
 638109
 560872
 20627
 738423
 262773
 907170
 990220
 66121
 628872
 642814
 998246
 218750
 904928
 973147
 443697
 268426
 424563
 579274
 355667
 241706
 190065
 78376
 295582
 452308
 639471
 217815
 756407
 454527
 275769
 146373
 436228
 909857
 892215
 32812
 244867
 884868
 415533
 629315
 867108
 145532
 131002
 322124
 60917
 28037
 205278
 472046
 450034
 43297
 349719
 716981
 6096
 59099
 780846
 95166
 747533
 80000
 532140
 944358
 480929
 954204
 592915
 542145
 779602
 432248
 245038
 753911
 984636
 799229
 517130
 561841
 569490
 900852
 239777
 461205
 865638
 332204
 741453
 489744
 468994
 361616
 738131
 136258
 0
 53733
 393538
 765606
 17149
 290622
 778129
 794539
 913385
 679015
 743572
 128440
 799950
 603048
 717159
 825303
 430766
 773559
 813583
 447681
 729617
 799830
 76474
 143217
 937211
 27982
 678008
 962992
 311388
 159445
 207776
 865653
 727897
 514575
 29928
 265194
 352438
 40440
 210490
 470848
 265897
 705899
 807716
 664126
 113150
 545692
 881890
 407656
 331984
 899895
 392940
 844534
 763328
 276453
 356552
 272906
 650354
 504125
 876039
 427129
 109718
 261822
 550453
 301384
 223371
 667107
 229213
 394051
 132007
 408277
 329363
 823022
 634539
 808686
 940966
 149841
 13192
 110213
 762661
 170731
 910575
 671600
 186732
 875650
 789168
 735849
 638159
 753831
 746000
 191128
 82009
 584546
 177050
 496565
 811382
 376184
 525841
 958005
 989169
 865867
 418715
 487915
 35375
 450271
 313477
 504400
 822803
 312307
 723129
 544540
 743061
 538984
 771338
 885273
 417067
 261937
 876714
 469586
 824713
 549264
 126712
 468109
 784899
 816579
 916162
 965438
 537966
 840861
 292387
 238875
 792295
 983085
 502659
 139281
 647480
 857799
 837631
 189684
 530471
 155365
 512122
 101168
 820031
 830596
 507153
 104054
 982906
 566302
 618831
 988960
 719774
 615040
 721831
 236896
 718577
 13752
 997336
 779707
 73791
 54026
 597195
 131931
 388251
 889631
 429800
 441421
 94476
 742995
 721991
 574720
 759192
 752080
 61747
 1737
 135595
 617152
 373315
 429469
 905328
 390444
 168656
 117508
 903945
 208283
 543420
 935260
 25098
 908891
 331977
 469464
 342995
 897792
 638837
 816412
 181581
 806651
 295708
 546241
 894374
 961923
 713006
 783765
 92832
 978495
 321847
 794242
 253827
 572344
 395954
 252621
 735299
 201690
 444651
 922921
 962291
 45798
 607111
 352941
 26473
 633603
 430152
 708989
 433021
 594733
 865344
 186849
 539531
 45028
 78437
 756674
 374370
 600841
 265335
 559587
 868812
 294883
 534246
 315994
 170050
 896347
 867401
 615620
 20680
 245480
 144436
 525206
 33072
 834521
 205387
 70211
 212201
 359115
 274294
 892577
 830092
 984654
 465813
 313928
 222137
 938505
 668980
 290820
 118942
 748788
 324146
 959929
 994982
 16471
 623717
 106566
 627854
 158750
 119082
 95625
 962701
 308717
 61994
 864957
 447098
 397712
 16316
 894872
 782551
 165664
 305362
 909968
 197860
 442077
 405513
 456438
 972788
 928034
 973091
 532919
 718324
 973812
 727569
 68072
 682693
 148170
 655628
 909668
 843062
 569068
 495361
 859675
 420605
 823702
 48476
 543766
 163562
 672012
 442127
 573541
 197592
 797044
 334634
 895276
 916784
 830337
 309601
 513587
 0
 482101
 813246
 751249
 30861
 87655
 22359
 896274
 362821
 38338
 927710
 241629
 71070
 438413
 198731
 12779
 807368
 819838
 22721
 884089
 562113
 355197
 435626
 41327
 274544
 222222
 482248
 406938
 414424
 115712
 256387
 105394
 596343
 603799
 16146
 860379
 575825
 344851
 904108
 54527
 52816
 456775
 220115
 577878
 826636
 4627
 159643
 129989
 791604
 210508
 131014
 767320
 615246
 356975
 820015
 260257
 982332
 225376
 427552
 984565
 278362
 931305
 733106
 406584
 34136
 265698
 539490
 987987
 581268
 521926
 360159
 22999
 371663
 724390
 542416
 622397
 501581
 559309
 96153
 101141
 81316
 67782
 16089
 345454
 501639
 25940
 0
 306463
 142434
 638146
 106626
 736770
 608383
 345116
 83137
 855421
 687980
 406159
 398988
 4922
 378417
 515479
 578378
 956904
 943392
 186119
 514257
 604308
 422910
 583929
 969040
 229616
 905491
 46199
 874195
 506302
 696258
 708737
 874926
 865041
 97225
 819097
 335895
 666666
 238592
 147158
 939992
 826574
 894363
 309552
 426443
 785153
 865341
 706585
 319125
 983132
 852327
 725089
 31366
 961595
 884417
 820985
 895174
 233351
 538804
 624765
 235540
 134951
 605200
 602832
 883482
 685154
 674178
 834142
 267255
 30300
 571561
 772998
 920070
 895505
 515825
 133971
 600671
 450626
 533047
 642912
 239060
 146651
 847390
 415190
 929144
 590589
 151829
 490907
 467632
 166949
 712781
 976917
 256837
 730902
 495303
 211345
 666300
 352422
 176516
 310233
 541561
 111172
 3407
 536554
 402218
 929086
 409660
 367808
 599999
 216828
 799873
 453475
 634844
 147377
 998784
 369396
 800000
 518272
 102339
 984682
 981873
 709064
 111647
 337154
 335652
 727479
 516747
 33961
 369978
 301724
 925912
 763627
 151738
 145377
 585443
 657326
 354445
 489677
 275273
 337995
 630880
 26467
 546926
 927018
 974414
 202597
 135789
 33273
 914270
 337659
 983804
 3353
 81352
 271369
 434941
 476787
 549317
 250969
 51375
 100999
 678526
 405725
 443873
 174787
 737749
 870182
 759914
 750676
 546430
 611971
 260643
 539469
 49243
 486530
 753714
 919925
 797782
 521079
 361262
 756944
 154953
 99842
 905659
 19121
 741935
 760057
 789084
 765067
 706162
 296998
 399720
 302183
 185316
 14302
 370390
 335767
 685793
 9724
 604811
 704014
 899923
 919
 509671
 150381
 90335
 662966
 270546
 475348
 877237
 173603
 487328
 877670
 459523
 826750
 906726
 325827
 690632
 32013
 317343
 754404
 281297
 385892
 966659
 850946
 666172
 428925
 615487
 785774
 379965
 342551
 355629
 500943
 297820
 732203
 78142
 993521
 21433
 341017
 228043
 519399
 547255
 211438
 113698
 63233
 865740
 172882
 20927
 86734
 438256
 199497
 973230
 95847
 174025
 453717
 761102
 892333
 120631
 994286
 588815
 586109
 675883
 68540
 389893
 930783
 880065
 266959
 311036
 573195
 614982
 610277
 802328
 526967
 599919
 129576
 658189
 771190
 972093
 399639
 744776
 43959
 466942
 574953
 249675
 546151
 705015
 972608
 194275
 948216
 749442
 638126
 300970
 864977
 136608
 171333
 573030
 510408
 127121
 891551
 437345
 941449
 789716
 51763
 928264
 151313
 301760
 823216
 239707
 497579
 69846
 675159
 310984
 481950
 361578
 13264
 375158
 379513
 355422
 547287
 939130
 66326
 139708
 553187
 259592
 521061
 568598
 227799
 470233
 961286
 198161
 634181
 546924
 133333
 893949
 334082
 425706
 464466
 198439
 139108
 148794
 421788
 13955
 81161
 562150
 396648
 37225
 592594
 200641
 860011
 929971
 898643
 206534
 986244
 849962
 325634
 897052
 881095
 893087
 844527
 934699
 686337
 744946
 80000
 216752
 367234
 407183
 780310
 61026
 442438
 656018
 964537
 176384
 81526
 601201
 984974
 390895
 158965
 366430
 295584
 575977
 648967
 107288
 524390
 212178
 774270
 954829
 671679
 333376
 208277
 191853
 216171
 442316
 332769
 675885
 798848
 651960
 930121
 863612
 156537
 328244
 278859
 706613
 882981
 40950
 257522
 724716
 627160
 891532
 48253
 766496
 871552
 755265
 511277
 122379
 945278
 855294
 399370
 665674
 194729
 111547
 248128
 148399
 260409
 63677
 648829
 39025
 876813
 592647
 475294
 113838
 338632
 60647
 387118
 823583
 259169
 295715
 388123
 411729
 265306
 943144
 792114
 890220
 786011
 570161
 359236
 529175
 98777
 539967
 779404
 248764
 275647
 502140
 819634
 420512
 173289
 657937
 34799
 446436
 201428
 772309
 464498
 497884
 171987
 83228
 623531
 959559
 446535
 370161
 45805
 566779
 329590
 956926
 973497
 994823
 202542
 596129
 155789
 975979
 646653
 563698
 611376
 942135
 918041
 715530
 93992
 710417
 370056
 139393
 985382
 279288
 972755
 963679
 477898
 567410
 528849
 841354
 671458
 475353
 509803
 374539
 305552
 5477
 867128
 632794
 151784
 419676
 772211
 534989
 288305
 338303
 277102
 371825
 900277
 97528
 871224
 619570
 467841
 647466
 987551
 747756
 888088
 610297
 222166
 868702
 159151
 314495
 698535
 838737
 883641
 324762
 950981
 263665
 643655
 250384
 431153
 212208
 357482
 823642
 793201
 162058
 489402
 235205
 866981
 101876
 161740
 903065
 466494
 787030
 10675
 221895
 54262
 833048
 128493
 209424
 876374
 751122
 633631
 725823
 356931
 498585
 908573
 692665
 988821
 242134
 955230
 309877
 684921
 676840
 14466
 491836
 343522
 99138
 330011
 560641
 268952
 452832
 42853
 609571
 357512
 53519
 696376
 895250
 530260
 807219
 397849
 809668
 575791
 211546
 868427
 483757
 132418
 711454
 170204
 651283
 854043
 238218
 394765
 827160
 606554
 329623
 915667
 425126
 317010
 993576
 86398
 646228
 519862
 827309
 75346
 51908
 303357
 443060
 784653
 728000
 494154
 546241
 319418
 115362
 226177
 387248
 595192
 803415
 97217
 436761
 544194
 534468
 891506
 333717
 221733
 484951
 270562
 45112
 177688
 880913
 874617
 2372
 855021
 664108
 341572
 364223
 233073
 298894
 985
 271801
 156138
 965345
 593929
 337221
 503102
 519493
 815230
 636841
 858751
 193608
 524988
 396350
 222045
 379526
 67341
 700673
 578707
 310443
 766525
 66351
 295589
 376232
 894508
 76974
 638930
 317915
 668930
 994436
 551330
 417910
 859928
 25902
 424420
 993420
 373537
 37978
 370343
 145860
 591549
 765227
 95805
 104007
 343587
 850523
 13181
 728472
 21495
 401661
 937283
 349933
 132535
 144245
 267759
 921135
 536656
 639705
 415052
 243149
 50043
 269135
 531203
 234042
 524339
 521579
 146875
 142040
 706020
 746835
 756157
 418587
 217989
 402239
 846051
 801227
 216169
 963498
 599065
 569322
 626168
 200632
 751724
 292561
 454177
 701222
 112837
 370242
 515126
 84709
 421052
 845941
 647417
 623808
 525114
 556577
 887563
 210572
 666483
 205724
 50145
 505007
 786312
 691648
 966101
 905372
 564396
 761297
 972392
 565752
 146429
 855437
 842612
 592266
 579149
 371724
 651142
 711621
 202247
 153008
 891034
 934593
 88835
 550266
 996228
 320247
 493717
 237745
 972270
 91584
 838809
 703248
 457648
 519201
 512820
 80281
 973606
 439209
 806933
 33678
 445808
 80205
 692882
 19558
 282822
 177099
 756551
 592011
 300106
 110200
 897035
 252086
 150976
 343363
 169768
 943765
 729551
 449879
 998827
 562568
 413919
 566965
 875228
 439263
 671198
 998982
 581395
 703577
 646575
 129339
 879733
 932671
 785046
 370630
 371358
 195968
 655920
 514167
 315816
 682989
 794756
 268972
 486474
 1397
 641316
 117801
 155541
 233430
 309904
 596725
 989564
 708632
 978048
 214249
 482403
 734691
 669280
 25107
 792143
 456933
 433939
 695287
 372756
 228413
 223062
 250998
 13076
 910561
 810986
 442563
 86706
 737464
 256042
 331363
 199564
 211820
 617511
 552569
 625918
 411258
 941233
 721925
 451424
 818141
 198917
 306180
 29284
 555863
 314903
 902264
 282973
 406160
 745175
 165380
 384543
 868774
 95225
 938821
 800813
 776176
 278294
 353018
 10338
 266666
 689599
 535718
 625288
 371677
 433243
 700347
 816176
 222356
 314186
 182899
 588291
 912967
 864804
 404458
 679877
 658558
 159474
 764934
 894973
 101768
 326876
 658959
 10342
 510193
 794779
 541823
 906602
 712255
 722391
 567556
 596642
 987511
 433318
 114725
 104348
 493673
 348129
 65874
 39287
 627450
 998036
 177015
 784918
 339458
 550681
 970168
 102158
 872468
 637130
 178689
 779009
 797254
 117413
 353623
 635193
 787684
 392358
 627861
 943866
 973250
 231280
 6094
 336585
 467908
 237372
 267215
 908708
 152241
 7708
 548785
 759783
 486293
 33210
 418633
 672249
 926080
 662228
 436741
 340989
 67483
 861212
 741243
 159022
 226181
 440724
 566878
 666863
 162441
 190359
 851715
 192557
 511718
 137931
 456008
 212111
 186808
 863672
 953196
 734724
 750216
 552735
 236264
 868007
 580077
 777403
 339296
 138557
 230820
 76797
 403244
 837663
 364842
 911964
 682379
 752088
 673994
 940543
 668286
 434046
 752060
 584242
 726853
 952907
 86679
 291435
 554652
 712719
 19229
 829666
 0
 776141
 456702
 936991
 577452
 788936
 680186
 466423
 441912
 488981
 839876
 60297
 642378
 616686
 853099
 137645
 533448
 615502
 793547
 561680
 702476
 58463
 28629
 937251
 199643
 295895
 11458
 716752
 113786
 862879
 298047
 921710
 865533
 312521
 872093
 636061
 649321
 23281
 5091
 320397
 529914
 435939
 731092
 441
 335616
 366492
 290365
 173453
 774367
 356299
 452105
 755923
 9014
 789734
 949355
 564063
 146151
 646496
 953416
 680696
 518442
 351215
 508746
 128722
 922437
 815794
 539259
 353637
 420961
 882137
 10976
 172327
 248804
 750597
 609977
 917610
 412663
 723856
 451309
 474693
 944237
 148146
 263157
 940828
 189958
 546180
 305498
 246567
 125216
 725423
 448137
 784363
 668204
 99441
 209369
 924539
 842706
 826538
 37466
 352680
 996983
 269916
 642114
 331970
 879765
 590395
 697160
 600012
 942389
 936025
 619858
 311304
 804283
 695157
 914333
 221712
 844686
 464775
 66317
 339528
 270324
 878907
 306404
 754944
 829804
 376997
 313409
 498635
 537170
 322056
 24582
 499673
 249888
 496183
 228196
 551855
 724897
 719389
 197101
 724713
 