688
 8389
 2700
 6248
 719
 5053
 896
 9059
 43
 9632
 5732
 6129
 5194
 7125
 234
 6389
 4691
 2227
 3879
 2034
 1975
 6200
 3800
 3745
 2126
 5911
 1706
 3085
 4670
 6266
 958
 8638
 5021
 9833
 7649
 4591
 4993
 5439
 6994
 5056
 0
 9051
 4583
 2397
 4724
 244
 5101
 5779
 217
 3743
 5296
 833
 6174
 3644
 9117
 3586
 4357
 4294
 5670
 3988
 1531
 7822
 5178
 6697
 7835
 6882
 2190
 5103
 4073
 3215
 3701
 6758
 5086
 6871
 8802
 5783
 1274
 463
 9072
 5683
 3651
 9874
 6084
 4942
 1023
 5749
 3778
 8547
 7164
 1525
 6828
 7097
 3525
 6788
 7445
 1857
 1117
 1061
 4220
 816
 