11645
 97477
 64180
 3371
 58105
 25761
 19927
 77097
 75081
 24619
 58106
 16183
 33978
 10658
 18686
 31290
 34164
 12317
 76498
 41688
 93174
 55406
 46012
 52077
 23044
 70466
 29527
 33472
 46688
 15510
 15868
 3448
 78065
 136
 99711
 48637
 84646
 1227
 43691
 93556
 17724
 11568
 96426
 84570
 45576
 25280
 93987
 27594
 4783
 89360
 30191
 60516
 78310
 61694
 84100
 99008
 92530
 86693
 82692
 17816
 82214
 2239
 19625
 99355
 16065
 47169
 86457
 23967
 47244
 28270
 94249
 96108
 94094
 66084
 29073
 97121
 65918
 7211
 99689
 10603
 16475
 42730
 68268
 88091
 13221
 89010
 79987
 73170
 12646
 49295
 28627
 71789
 92024
 43357
 26268
 56065
 6014
 75833
 13405
 34945
 80773
 63413
 32686
 55750
 97658
 99413
 10689
 64268
 57397
 17006
 40706
 3627
 47619
 820
 49312
 80610
 88449
 81559
 23432
 15621
 46024
 81222
 57517
 12365
 93026
 78515
 48269
 48142
 81434
 19321
 16740
 64412
 27860
 9494
 6324
 46991
 59538
 45880
 90084
 72072
 32932
 34327
 37991
 96564
 75662
 42424
 45648
 33930
 7164
 18437
 93775
 28180
 1917
 31897
 87850
 92659
 14979
 73231
 19274
 17025
 56292
 55489
 63680
 98163
 32419
 44394
 9797
 26053
 81990
 84049
 56711
 96923
 59779
 68891
 84134
 42857
 22584
 89534
 26558
 12648
 44026
 15606
 60247
 4860
 84988
 95217
 45836
 99547
 5034
 9355
 45125
 22789
 89106
 79738
 62806
 73261
 29754
 45234
 71477
 50957
 32360
 12244
 50653
 8923
 1950
 99808
 65772
 28641
 86227
 75190
 12492
 68133
 50625
 95662
 23068
 97094
 95028
 78484
 49469
 76058
 46019
 19111
 94431
 37279
 90693
 24254
 82040
 32397
 51488
 98988
 92314
 92089
 14767
 2579
 4356
 80990
 88395
 12926
 98283
 60603
 5732
 890
 2454
 59545
 37638
 88303
 11690
 54704
 72180
 66798
 80858
 34775
 71592
 64338
 80920
 34171
 19917
 76346
 9202
 53221
 36008
 62895
 29909
 81046
 19375
 67255
 27605
 44448
 49025
 12410
 75018
 50633
 87634
 37586
 28052
 83502
 43526
 43690
 30717
 88088
 7393
 93206
 33386
 42857
 31771
 69514
 33878
 15636
 83340
 28571
 45081
 74192
 65554
 15020
 92364
 87774
 32039
 83457
 16704
 90389
 34001
 33834
 60321
 41997
 20762
 67161
 81802
 30511
 66142
 84093
 89008
 77464
 88828
 48638
 1827
 99661
 18181
 94519
 51150
 24648
 88654
 7344
 88759
 75475
 16361
 64245
 72625
 4896
 55239
 91343
 66900
 11543
 93783
 78082
 81309
 47592
 47035
 22081
 58247
 66558
 42770
 10518
 72531
 43009
 84703
 99821
 85265
 42873
 59142
 13684
 11948
 1875
 3370
 48713
 66666
 83351
 12788
 62303
 87747
 94323
 31454
 66570
 20793
 73385
 11259
 34687
 61279
 63181
 13390
 49660
 56779
 862
 28481
 31941
 72827
 69104
 47273
 67532
 68064
 19661
 35951
 36424
 38633
 26214
 79780
 95294
 55839
 93584
 62782
 13713
 39491
 18208
 97199
 58598
 29722
 26140
 43405
 38256
 92467
 86333
 99077
 19730
 97190
 8071
 25828
 84776
 93854
 58326
 33411
 7608
 75909
 18634
 16115
 71021
 77319
 69333
 90978
 65096
 43994
 45736
 14324
 21321
 18030
 61658
 90351
 99014
 21823
 35030
 54308
 61726
 844
 83092
 16094
 2180
 29176
 82778
 56497
 53172
 80761
 38325
 6418
 98153
 515
 28236
 24289
 40991
 38241
 66464
 71082
 61382
 42793
 77525
 12262
 80410
 20886
 98645
 18010
 833
 53994
 25783
 48778
 57379
 52818
 45944
 8718
 14845
 42270
 15089
 81407
 71046
 65400
 94835
 64450
 8018
 64305
 56997
 52028
 83696
 32601
 96514
 67543
 15364
 43205
 74587
 37593
 92440
 31407
 31695
 15001
 12643
 44486
 50854
 90420
 88447
 69786
 7481
 58350
 47169
 39898
 28397
 81129
 67945
 72994
 11402
 79980
 68178
 54338
 55357
 38981
 34362
 2919
 8802
 13364
 98216
 9961
 34308
 64485
 33620
 92982
 24905
 33971
 40064
 49098
 75681
 29585
 92250
 40894
 72653
 84862
 21044
 50103
 52513
 72037
 64803
 19098
 22916
 87505
 75503
 71269
 71370
 22748
 54216
 47653
 93589
 26232
 63555
 72960
 37166
 78443
 53819
 20589
 34961
 32657
 30259
 29734
 40516
 6024
 24018
 78143
 61411
 91795
 45936
 86817
 84918
 38682
 95337
 29528
 10038
 77893
 98359
 81191
 77122
 16052
 72225
 47839
 50296
 26030
 813
 89354
 81018
 36316
 9840
 13333
 88328
 71660
 18181
 49825
 94834
 17520
 61946
 35548
 9333
 78354
 34644
 21366
 9260
 9564
 63437
 57426
 76066
 60370
 59164
 50562
 23830
 4761
 37475
 9009
 21882
 90069
 64631
 58730
 37337
 94441
 2173
 42868
 78264
 68883
 90709
 60473
 18123
 71897
 21224
 30212
 92714
 72861
 69641
 75182
 27418
 69534
 516
 74639
 95716
 38151
 21739
 28453
 884
 63016
 65666
 35863
 29605
 43648
 82326
 62686
 40209
 22384
 98101
 36150
 63089
 18062
 98483
 7473
 97356
 98600
 89085
 44661
 42615
 11724
 79788
 76542
 68524
 47964
 79152
 35350
 29641
 44932
 14680
 10917
 57363
 56019
 47680
 87598
 11454
 54052
 63901
 54810
 88450
 62439
 47192
 75255
 12425
 49725
 7339
 79994
 13897
 73096
 65020
 68979
 2876
 84398
 40030
 4278
 61368
 35963
 8388
 73967
 31203
 48236
 21771
 19916
 97018
 41454
 82088
 11269
 83285
 86255
 85242
 39001
 25581
 20876
 8214
 46837
 84481
 79418
 21979
 50316
 99212
 75016
 36360
 15201
 6868
 28660
 9261
 79651
 68066
 8204
 85225
 63588
 26622
 52361
 2579
 97446
 41546
 8070
 74863
 22395
 81833
 62122
 17966
 45762
 71523
 40534
 75053
 61036
 21362
 7778
 82478
 52470
 46212
 61482
 3655
 97512
 18917
 53100
 73993
 60558
 58181
 91882
 96456
 28729
 38437
 57834
 55989
 26564
 66516
 67128
 1361
 68855
 23771
 61698
 80969
 93700
 14897
 92927
 60795
 21000
 55881
 5536
 70680
 59658
 65895
 16031
 64493
 84180
 28091
 11314
 53063
 19283
 71354
 21039
 76656
 37493
 88500
 55275
 5281
 8436
 85426
 8059
 50381
 58499
 33534
 64065
 55897
 45747
 58894
 91189
 46830
 71604
 90820
 58059
 57142
 25030
 20517
 38594
 66070
 47556
 72960
 84100
 50788
 19289
 88632
 31463
 34760
 25120
 71428
 3258
 89022
 86339
 29997
 18820
 69091
 4636
 10692
 64543
 84299
 51335
 83021
 69147
 22160
 27275
 21226
 84708
 18819
 46911
 11069
 84949
 51791
 79941
 47014
 22196
 45210
 59375
 22486
 27617
 75796
 58499
 81070
 5085
 51482
 19564
 61306
 68079
 5839
 63043
 97381
 14409
 44445
 16841
 9677
 92968
 827
 85799
 40386
 87075
 94148
 68904
 27791
 80049
 31955
 64742
 90107
 64948
 24827
 43511
 5150
 53389
 21837
 98663
 4708
 63747
 57478
 66776
 37944
 21459
 64525
 22275
 92863
 76265
 23932
 41992
 18169
 89358
 64187
 62269
 61276
 61504
 57419
 78589
 54818
 63636
 48995
 52458
 69831
 51984
 59099
 70904
 19317
 56429
 86781
 10867
 73602
 90282
 67640
 75583
 14527
 39422
 98872
 42564
 46594
 3975
 39410
 77062
 22325
 82872
 7477
 57122
 81193
 38580
 25235
 24175
 52400
 88370
 92241
 53369
 67416
 9547
 66882
 53436
 34676
 81549
 13404
 9498
 67347
 11829
 29902
 28061
 8154
 34129
 46868
 81096
 5362
 94671
 34098
 87518
 67282
 15999
 70042
 74976
 28132
 26996
 65393
 29349
 74561
 44508
 92102
 20606
 54266
 80926
 5256
 36000
 90181
 9865
 59875
 60773
 23814
 91388
 83059
 27699
 64593
 75186
 76266
 62234
 59377
 67324
 30237
 96229
 36925
 73531
 41138
 16952
 7531
 