473141
 886058
 544113
 898547
 162717
 432741
 989518
 425397
 675319
 530833
 863013
 394649
 613914
 676000
 773299
 661938
 850982
 59386
 360445
 797680
 232040
 724160
 901943
 805298
 281085
 761250
 292463
 983531
 816452
 560468
 820074
 936537
 81621
 713605
 676206
 60567
 33840
 63427
 219034
 483661
 904919
 261891
 498305
 27814
 720076
 378905
 847058
 890949
 580041
 711375
 313125
 419326
 45701
 354472
 319151
 988768
 789739
 929443
 841993
 937808
 199769
 177703
 26581
 399878
 333074
 334164
 433863
 994784
 590141
 444529
 77973
 575784
 849056
 433903
 422719
 691208
 781187
 491707
 85020
 683299
 692896
 472195
 646275
 516637
 36213
 12422
 445788
 854901
 714368
 319345
 825608
 888778
 935118
 508922
 268788
 148205
 628906
 972972
 19801
 364036
 275346
 654918
 980952
 92155
 826741
 556559
 708163
 722239
 329602
 989818
 437278
 449304
 357467
 82348
 38465
 235688
 128184
 19382
 871520
 210420
 421888
 255411
 132874
 710694
 473572
 229665
 288888
 799190
 805133
 982635
 273114
 995913
 795921
 589364
 374963
 47785
 365503
 996620
 46904
 944318
 301197
 282982
 663590
 342587
 0
 330764
 56443
 477064
 131866
 485530
 696728
 46697
 399529
 850475
 981986
 681276
 813343
 723221
 649742
 586657
 936758
 815284
 554652
 164373
 145357
 422269
 937002
 562590
 182249
 982630
 429307
 565427
 712480
 368464
 65848
 260144
 934524
 149361
 302344
 616195
 505371
 665687
 757607
 329816
 361858
 896110
 107320
 813953
 654975
 663191
 362416
 62148
 428180
 387385
 65349
 875288
 539010
 12851
 904542
 243755
 293735
 910225
 334845
 450980
 262188
 34262
 493046
 497470
 586642
 577109
 403476
 962522
 558929
 763337
 805189
 54022
 681243
 793785
 671792
 977589
 573846
 625328
 977005
 343925
 173606
 581529
 891089
 326327
 406779
 812337
 918816
 831650
 522857
 96882
 139724
 679633
 555663
 815709
 30473
 871478
 192269
 688395
 889799
 119810
 915540
 71679
 26217
 532349
 847700
 154297
 179689
 380680
 652892
 971943
 657496
 166405
 684818
 239080
 527624
 973632
 553398
 931796
 433719
 46772
 572094
 186913
 98941
 914493
 144615
 986359
 482963
 105089
 272727
 318200
 108392
 509044
 132158
 916280
 919286
 159178
 278489
 330331
 729156
 473283
 263017
 9593
 592724
 773353
 254276
 419887
 726347
 238607
 742201
 71105
 333333
 579513
 216293
 423597
 473368
 157623
 4740
 278975
 334430
 120050
 49849
 504337
 869442
 565349
 971138
 569060
 475800
 921131
 372257
 271367
 644067
 644224
 751690
 289775
 878292
 915893
 175565
 285495
 412541
 103329
 90183
 220463
 22995
 881343
 803399
 638357
 215417
 686709
 898834
 539359
 359843
 176782
 317763
 123448
 250914
 233441
 704646
 988190
 831578
 32021
 624046
 706103
 29127
 480649
 733921
 481971
 65976
 491066
 862082
 284187
 681839
 840984
 218469
 404593
 673850
 975580
 963170
 776650
 432900
 623466
 721590
 144654
 111276
 538552
 694688
 918756
 372822
 670788
 821450
 134817
 311853
 247655
 495673
 521200
 212567
 309890
 62602
 371386
 788835
 265551
 65034
 677966
 587270
 131389
 980440
 432298
 506426
 266117
 959513
 251824
 224998
 367228
 68767
 980013
 357899
 760194
 873961
 84185
 505338
 648428
 843296
 426268
 914827
 778797
 386245
 259170
 492222
 344226
 625962
 867612
 701944
 116510
 773750
 769706
 400744
 981179
 598336
 498309
 987911
 790060
 197379
 452215
 675478
 477827
 910667
 814073
 694117
 953519
 859756
 246264
 952683
 869882
 975347
 360269
 504054
 665592
 571552
 898234
 851132
 287671
 513344
 124508
 475080
 331244
 401803
 385352
 301446
 713652
 343867
 857454
 422002
 308975
 517730
 196999
 908660
 499366
 518840
 707204
 484327
 675712
 16780
 104320
 707119
 619790
 592990
 538507
 260590
 545365
 694457
 390815
 425688
 676126
 57560
 437641
 708348
 808616
 390079
 982442
 635580
 103145
 75079
 874445
 374753
 466268
 377816
 330805
 889839
 422204
 470117
 616453
 859421
 497870
 420512
 27077
 548117
 335985
 769834
 81319
 239836
 138094
 203884
 152246
 588913
 488410
 668655
 233400
 705019
 704607
 511365
 340763
 90193
 544529
 88479
 512242
 24789
 469306
 306197
 485492
 113661
 447354
 687273
 970654
 517655
 249207
 47587
 365181
 594080
 140115
 686998
 299181
 749629
 599760
 638701
 822680
 49622
 800677
 537094
 332932
 693453
 136018
 462249
 525267
 702276
 389349
 402767
 190086
 543506
 592687
 436006
 687992
 90508
 690884
 437172
 165991
 216074
 665276
 552352
 29874
 591048
 51288
 898730
 873906
 154980
 609025
 671717
 540898
 272701
 588889
 212629
 525947
 852141
 461928
 428959
 229773
 236278
 581779
 471987
 97386
 755700
 620716
 270126
 797732
 854884
 927825
 76949
 708137
 17463
 766636
 880559
 139736
 671720
 963798
 865248
 311229
 433432
 9615
 214966
 681145
 292489
 724190
 316384
 286912
 234372
 656371
 792705
 309037
 54717
 373483
 480912
 102775
 552516
 783764
 870241
 84772
 56918
 246134
 567038
 76923
 522862
 245852
 631640
 935943
 999417
 923254
 284412
 892477
 354914
 763645
 774721
 678106
 389586
 374741
 769822
 913587
 544264
 945386
 410292
 107855
 473578
 318873
 224652
 881218
 793908
 75471
 174071
 509034
 529411
 530157
 764710
 969793
 445509
 479999
 128850
 618370
 851663
 890322
 693201
 178503
 97560
 14589
 621434
 91228
 680900
 178491
 640814
 925724
 808072
 32571
 706666
 662793
 945164
 798501
 838380
 506912
 665970
 623564
 650959
 944961
 639805
 208127
 696140
 15637
 331125
 73337
 454605
 186337
 987074
 956193
 411560
 188679
 186122
 316322
 458142
 265632
 554040
 954368
 844907
 760491
 476848
 402386
 749112
 27461
 74074
 140051
 723347
 524096
 367445
 378285
 287687
 873226
 73340
 923175
 73296
 624634
 882475
 430160
 875488
 904908
 407932
 887133
 499532
 624235
 223696
 130244
 576131
 139784
 97052
 901014
 527862
 575894
 886016
 633954
 815919
 273183
 582672
 875535
 821213
 194376
 492580
 784210
 679332
 200914
 710643
 143595
 985074
 610854
 575104
 990613
 305444
 288842
 583355
 691437
 640962
 716401
 314545
 764793
 546458
 659120
 631120
 100106
 152184
 10893
 824840
 29335
 320538
 90587
 219427
 982759
 67634
 463229
 763450
 153575
 15598
 924970
 589517
 549230
 417896
 903086
 868432
 319342
 500708
 972177
 720167
 950913
 201374
 61866
 502797
 43197
 851179
 528793
 312414
 66086
 612982
 232698
 202743
 776000
 325449
 377131
 358956
 40843
 201691
 410700
 932516
 571535
 519519
 579569
 894736
 226433
 268237
 974037
 650825
 668863
 338051
 986199
 186868
 869299
 17148
 435079
 591258
 131162
 294005
 726558
 512768
 269896
 86431
 775
 463365
 50743
 928327
 973508
 823204
 114755
 753104
 733929
 442339
 457713
 684338
 910111
 68465
 643405
 130799
 921425
 456991
 744623
 442125
 217772
 2695
 859862
 10632
 42341
 131209
 825282
 805803
 204013
 717913
 432258
 122620
 886032
 130409
 578586
 680544
 521514
 570493
 713710
 427551
 321817
 710607
 847414
 509460
 630272
 90526
 174326
 342824
 655394
 155360
 949107
 517398
 895238
 318894
 557522
 739269
 984810
 607569
 530393
 917427
 929481
 845219
 604196
 71269
 541898
 675509
 539743
 837795
 608539
 327863
 599341
 714160
 803034
 173121
 234168
 351800
 643732
 715428
 185819
 180337
 845017
 263607
 971605
 348563
 987470
 657480
 233961
 550651
 415206
 117939
 644164
 544292
 885457
 799006
 112693
 552112
 799473
 391176
 37279
 959347
 947036
 785476
 295926
 226246
 287519
 852418
 694949
 4904
 850674
 928038
 81451
 735766
 863157
 23255
 683573
 917137
 439234
 126697
 311712
 79221
 891169
 626917
 429027
 113386
 907276
 749573
 464968
 368709
 397174
 964809
 173501
 632933
 361377
 552548
 570781
 596514
 84036
 243496
 572165
 686634
 916905
 80940
 657478
 802296
 657894
 22974
 906833
 80151
 132683
 311312
 965667
 433830
 792832
 732042
 524794
 994379
 241700
 36227
 144602
 353770
 787844
 418899
 110862
 283798
 302547
 363591
 479518
 794119
 320326
 247487
 260003
 542709
 934304
 657200
 614618
 353269
 627454
 884658
 113738
 255876
 975064
 813333
 164390
 68400
 761567
 518879
 432501
 993994
 924394
 291621
 582020
 289302
 261309
 796670
 376650
 636697
 770114
 331661
 389659
 444256
 626372
 812933
 130485
 949212
 822259
 189538
 100027
 423183
 115316
 514671
 235601
 688690
 583349
 275764
 936194
 337935
 724707
 305788
 799420
 13079
 299446
 184426
 982660
 699381
 847396
 294964
 208688
 454103
 679444
 681799
 938144
 136079
 346946
 944686
 423527
 382695
 868720
 27599
 633075
 614419
 968028
 191024
 164319
 594102
 787001
 601011
 697429
 838119
 480474
 424919
 966775
 814385
 719262
 580077
 502194
 39393
 771532
 770186
 228801
 370179
 149719
 762731
 914379
 827908
 622969
 991918
 756996
 814029
 925925
 786552
 240948
 629614
 128865
 392418
 382986
 231563
 560572
 438064
 6139
 93187
 482357
 633898
 900372
 381675
 764878
 990735
 546009
 851686
 779013
 513536
 611665
 888588
 883785
 356056
 662332
 444037
 381632
 76619
 963261
 16477
 426749
 824936
 849895
 956158
 291195
 866666
 83677
 183806
 970271
 433361
 533432
 765726
 3618
 25058
 106706
 171178
 803709
 936225
 440045
 102552
 822224
 823818
 90868
 791821
 422885
 823992
 726616
 468461
 50310
 662632
 15844
 663512
 250778
 228766
 890770
 843375
 581680
 307033
 329030
 897893
 60327
 66883
 724309
 438338
 456090
 516825
 795389
 803674
 127483
 217391
 83633
 820479
 52831
 364973
 686978
 255937
 49065
 933632
 370273
 130745
 409748
 735909
 648137
 226085
 478138
 460660
 150941
 136603
 630880
 244444
 38327
 477458
 502664
 672456
 629268
 344027
 466619
 108027
 658787
 247386
 533302
 891491
 314204
 286624
 804532
 230769
 784633
 635211
 982435
 138159
 335153
 131078
 547753
 976401
 737199
 999196
 755051
 72898
 918999
 240877
 26666
 534816
 779461
 565156
 961918
 470033
 630434
 614730
 983870
 460137
 189701
 490566
 304299
 179431
 139743
 486659
 462337
 339636
 324126
 554904
 137038
 734953
 671189
 415697
 313093
 109586
 611727
 24769
 518472
 601132
 11712
 208072
 598790
 711170
 351707
 714906
 280028
 345864
 344779
 686879
 550862
 716592
 432391
 359515
 165825
 114403
 8961
 767999
 558970
 125827
 265806
 163512
 35595
 46593
 656537
 538035
 673121
 318982
 819225
 265175
 889298
 102617
 550606
 528255
 803961
 340529
 521751
 374543
 59442
 269344
 94451
 613259
 406834
 810474
 729436
 573625
 88825
 117160
 215370
 37232
 57825
 433724
 778406
 326848
 236055
 140323
 469904
 218003
 72073
 223228
 686053
 112781
 783255
 996114
 90723
 544037
 37121
 741745
 884984
 734400
 831849
 558134
 137520
 62164
 801355
 160568
 90979
 583085
 356995
 190608
 75217
 41041
 176995
 336343
 644516
 396832
 851233
 635126
 608348
 135434
 171171
 924050
 341232
 219564
 75829
 72171
 468134
 670159
 58663
 398530
 160685
 164125
 254237
 441860
 840970
 168841
 289140
 385128
 559164
 484068
 117811
 343523
 933366
 548472
 315850
 642747
 654311
 555138
 11190
 487613
 362150
 313961
 83472
 910029
 196242
 274818
 945181
 75216
 320019
 923517
 400396
 531407
 577538
 274038
 551763
 361935
 551694
 401360
 595632
 579610
 536136
 757451
 91251
 754039
 118634
 805988
 302116
 563934
 114121
 92753
 515359
 857201
 4294
 745566
 79347
 697750
 563819
 136137
 487455
 251558
 366459
 250626
 648856
 461254
 575328
 557856
 800521
 409741
 498054
 772395
 470458
 995955
 544709
 912398
 406148
 864066
 358736
 626559
 187383
 590230
 986814
 304932
 858073
 740174
 430978
 996441
 278513
 223254
 482758
 671012
 511337
 108658
 169064
 744514
 653241
 822989
 296478
 155963
 248828
 847742
 741184
 342115
 429629
 224170
 959901
 527409
 459338
 323167
 316071
 657729
 623574
 130967
 478616
 76465
 441302
 30511
 394011
 284658
 17045
 140185
 473627
 169152
 169628
 899898
 369943
 809536
 468680
 331405
 25978
 126009
 85106
 447682
 43284
 965489
 759303
 848784
 747919
 801652
 611646
 831068
 212064
 541603
 452311
 18272
 473988
 111111
 349570
 473912
 58098
 582838
 24691
 130983
 473817
 902270
 670723
 60061
 549745
 7094
 291227
 57392
 425407
 197897
 266099
 98247
 228236
 414125
 297340
 12213
 871952
 266115
 406787
 299529
 680540
 506283
 730933
 21388
 724677
 600858
 496250
 565681
 920287
 409650
 701237
 167335
 141679
 340841
 29020
 660377
 304455
 824945
 84008
 516563
 361543
 437348
 767296
 773365
 805509
 764305
 508595
 901701
 597375
 691332
 978081
 384269
 115264
 207445
 76158
 596780
 83014
 250803
 684807
 463896
 57067
 457969
 780139
 394177
 730158
 216494
 663926
 711406
 178774
 122690
 786839
 50159
 673678
 233532
 739905
 200147
 723492
 686286
 845684
 474576
 106451
 253540
 337945
 700175
 508207
 567452
 325869
 435168
 249480
 474468
 1144
 866191
 924326
 514790
 420022
 776026
 173913
 484682
 124712
 324375
 809638
 116433
 188818
 383039
 784499
 727866
 954380
 659854
 779
 212173
 303506
 22895
 155749
 460157
 520584
 435038
 561231
 566757
 471150
 70458
 7921
 218928
 34015
 871677
 349572
 590937
 825688
 939373
 427446
 516846
 477600
 280898
 950421
 97290
 510744
 618556
 185185
 590113
 583657
 707692
 822663
 212016
 504922
 279065
 216400
 745315
 532944
 9729
 716493
 97780
 446229
 770536
 56238
 552138
 72945
 653352
 494887
 754001
 349774
 16385
 701406
 17616
 71295
 27988
 911627
 104513
 897985
 774411
 787099
 480118
 531468
 484886
 824742
 146112
 439027
 858817
 254352
 297431
 286322
 850768
 463576
 466932
 291528
 444557
 109943
 718217
 647058
 152920
 702870
 349331
 181189
 586251
 254498
 140123
 537261
 141804
 746946
 165380
 232815
 483430
 883352
 785610
 472602
 554990
 572516
 859070
 191954
 643153
 616838
 496062
 38680
 696504
 338978
 370967
 876961
 997745
 313690
 125324
 971254
 32573
 844007
 85791
 77036
 54433
 652545
 579186
 557699
 206433
 710223
 716121
 436277
 57814
 920446
 488657
 818846
 917847
 847804
 277894
 657990
 362233
 250000
 495483
 476559
 315420
 902986
 60773
 27008
 844643
 706157
 776918
 696737
 920158
 982583
 887964
 214493
 52856
 833356
 437072
 745141
 134538
 205682
 886659
 682859
 946564
 652161
 548874
 816393
 922269
 189189
 221556
 310188
 944781
 639195
 88626
 820527
 25800
 363053
 383984
 315793
 573936
 413211
 737084
 628420
 784679
 930853
 655146
 214571
 725632
 271838
 567375
 442136
 273633
 983483
 128890
 44745
 895181
 51352
 42126
 424581
 996780
 51448
 625164
 22600
 414946
 424615
 493325
 788732
 917455
 872094
 740151
 922503
 989223
 150139
 777144
 766426
 371996
 998389
 323505
 195026
 195673
 166507
 831515
 423799
 936627
 591277
 921662
 125331
 902480
 314817
 145486
 441636
 531833
 776521
 158866
 419894
 921143
 584309
 697949
 48910
 642875
 257851
 49132
 905890
 443039
 77648
 452728
 95816
 666828
 967366
 623245
 243656
 153157
 1237
 268660
 269084
 482290
 81942
 308973
 510973
 123103
 951542
 120733
 625629
 456481
 269575
 126589
 6896
 986762
 652725
 483249
 564397
 869761
 280196
 81316
 912609
 341932
 793503
 516791
 188387
 201051
 799543
 712384
 215364
 110180
 56603
 303759
 418118
 493506
 518487
 475846
 478634
 118047
 986301
 429118
 872448
 704647
 706496
 446628
 78600
 739090
 756660
 248730
 756710
 81715
 317704
 408569
 331929
 643840
 440347
 134058
 540807
 149
 597286
 478972
 251476
 640273
 782515
 179399
 830599
 615118
 666666
 36751
 597725
 829613
 37727
 563993
 418721
 157368
 932310
 701971
 685503
 342293
 487094
 706952
 751843
 422424
 219155
 496090
 579202
 217465
 888205
 84048
 590597
 838090
 544519
 431461
 97024
 342795
 305146
 596355
 396025
 354072
 226657
 41237
 520779
 347881
 310344
 280200
 149253
 99009
 460665
 277916
 731961
 384934
 49848
 943413
 28793
 364971
 906303
 496352
 125996
 196416
 783695
 94355
 149435
 169237
 509235
 331703
 389148
 328815
 225806
 908221
 998115
 762489
 717817
 431732
 630536
 114680
 924033
 36838
 78614
 259379
 260774
 903901
 26936
 865836
 402665
 369621
 768378
 664907
 603248
 947974
 969199
 680674
 81733
 83102
 914567
 753922
 715170
 89632
 758957
 701056
 660589
 672634
 568132
 431463
 980266
 535571
 169203
 848361
 559091
 447867
 279341
 21459
 570276
 149261
 503756
 464043
 975446
 310996
 636554
 538079
 45871
 742398
 707892
 753272
 395614
 34869
 143288
 849894
 597596
 234125
 690797
 772463
 350303
 772567
 788865
 768862
 431858
 356350
 255633
 842816
 121307
 970152
 261960
 576287
 646860
 446845
 474645
 674506
 807342
 633022
 226137
 62681
 950930
 713783
 264900
 538011
 369415
 277199
 78939
 827510
 621431
 978810
 448678
 326044
 355239
 207455
 530866
 673369
 491302
 714854
 108543
 100631
 871773
 296325
 793802
 463943
 284199
 414219
 286829
 154179
 87571
 105559
 437312
 223964
 897187
 991216
 277184
 996554
 196845
 156263
 500387
 532760
 432595
 592282
 858425
 992962
 917230
 521882
 182983
 415348
 843210
 569034
 176079
 222797
 6385
 683373
 573903
 952792
 790724
 932085
 69530
 164616
 159266
 3412
 18922
 988900
 526371
 943100
 433522
 468934
 53307
 731558
 723122
 740126
 44276
 413567
 41444
 338477
 736302
 455722
 520789
 627344
 651909
 835633
 529475
 769744
 829495
 92810
 510204
 520785
 884065
 783983
 236450
 955226
 110606
 929830
 177805
 542460
 228028
 170107
 141068
 943940
 201875
 122793
 756596
 255529
 548906
 493151
 165515
 701145
 858823
 413080
 47590
 190750
 286707
 657385
 588589
 469128
 907004
 772197
 425196
 719783
 942101
 718963
 827881
 298233
 185328
 930439
 556455
 81091
 980387
 133767
 941176
 978570
 89843
 228550
 827156
 154624
 152458
 58927
 962096
 180372
 270473
 940532
 691907
 211444
 103849
 478743
 646015
 430367
 667273
 915364
 359098
 585469
 813664
 557630
 340540
 806536
 754030
 29969
 834312
 235388
 170894
 529797
 211589
 312632
 86060
 653498
 260653
 341206
 684965
 923832
 284091
 748396
 561497
 247610
 502369
 396659
 576584
 60263
 398692
 484355
 261236
 693296
 861538
 728306
 527104
 148320
 910110
 232662
 321098
 713482
 635734
 968919
 905362
 544380
 968464
 988073
 896000
 482572
 917302
 489242
 39595
 745670
 619915
 668357
 326838
 460762
 857368
 801980
 845396
 898846
 342331
 301373
 125448
 213333
 277450
 201708
 696832
 513834
 800554
 991304
 917595
 702087
 68170
 268070
 683688
 582044
 739152
 16652
 845857
 84117
 639905
 788156
 142827
 447392
 125279
 690215
 861011
 588308
 519229
 163714
 300429
 67424
 303465
 322628
 691975
 762945
 150785
 257570
 411056
 640481
 110229
 342125
 901257
 407511
 970678
 335475
 999005
 926877
 414377
 759378
 443945
 330248
 923786
 792313
 120886
 942698
 669546
 814561
 832847
 942227
 931111
 726688
 836185
 801744
 567450
 450306
 27844
 834611
 399233
 440435
 454203
 866770
 705157
 758793
 986734
 734124
 58629
 92352
 412673
 622688
 924703
 616797
 605381
 429516
 483681
 307599
 990666
 604913
 711111
 62029
 328018
 896551
 908337
 684291
 626713
 791126
 775958
 573217
 207739
 625188
 198943
 332359
 148087
 779401
 722847
 146500
 889908
 105636
 327059
 665306
 291549
 709884
 691960
 999631
 16311
 599584
 84820
 543396
 180680
 291891
 546098
 893000
 853967
 58875
 65688
 508638
 721239
 584177
 437065
 26278
 763828
 707599
 424802
 874784
 132154
 693146
 490545
 27597
 556050
 299693
 582572
 356255
 934103
 481817
 818781
 512570
 859761
 812320
 649483
 528524
 901432
 751380
 396892
 590344
 94693
 616324
 117724
 888040
 256334
 8130
 654334
 963565
 910926
 393798
 885057
 438084
 229243
 267329
 622965
 735085
 757019
 47281
 156359
 542179
 946013
 797366
 262745
 589653
 736208
 157777
 595554
 562843
 880354
 292198
 785497
 978639
 596169
 435653
 386973
 643044
 286403
 674239
 973095
 959358
 907356
 621496
 259583
 15558
 211198
 142857
 243072
 830075
 899629
 641093
 174928
 821580
 471588
 439432
 24182
 55824
 706113
 651376
 67334
 775719
 224055
 666519
 45468
 22155
 495840
 294704
 891797
 743098
 953187
 3818
 985659
 424385
 646612
 312674
 588923
 760854
 402147
 902644
 66039
 612903
 103582
 223350
 218028
 431544
 268185
 301354
 578833
 474594
 323671
 273207
 524386
 578176
 100315
 257852
 32077
 958199
 535291
 73234
 374496
 880952
 688766
 973304
 931092
 988282
 765903
 294190
 412480
 277486
 430628
 930757
 877012
 584078
 827723
 76000
 424910
 21444
 915567
 509024
 666893
 694750
 986735
 91515
 589361
 714422
 937058
 780045
 779598
 90577
 768248
 464199
 922382
 915767
 263946
 842533
 95238
 40643
 368482
 380258
 961286
 634449
 828616
 681153
 365126
 718017
 881005
 82706
 559474
 512554
 535928
 28811
 552860
 347343
 691875
 530343
 254227
 707909
 314053
 141503
 466918
 672754
 923426
 952086
 685889
 746900
 139664
 327283
 418604
 481675
 923071
 957714
 791678
 623495
 907103
 766965
 944922
 194105
 489255
 574041
 758186
 886414
 879805
 888888
 636568
 966473
 223997
 15599
 441498
 649061
 436635
 182270
 580043
 501018
 8488
 602305
 277116
 317893
 151366
 816993
 625565
 959825
 213039
 589830
 610526
 241028
 730181
 286983
 781144
 725388
 374348
 771587
 812827
 437500
 55054
 506527
 123627
 323076
 599479
 120849
 891650
 249422
 103482
 345870
 847094
 965755
 180167
 674074
 387351
 333955
 542085
 209602
 402837
 419847
 964902
 473338
 995316
 395411
 966022
 171648
 995780
 220641
 458783
 802740
 102297
 737654
 718804
 712212
 746466
 408473
 361114
 412195
 762932
 333087
 785633
 52631
 359970
 334717
 419265
 157542
 693069
 180519
 532091
 852539
 585365
 562917
 286063
 631767
 650082
 458913
 344363
 222907
 171428
 694192
 997413
 498303
 60539
 212644
 950591
 917663
 20002
 312865
 812111
 418456
 727108
 157563
 895466
 95202
 482486
 970652
 929425
 311660
 177935
 486486
 818884
 925257
 126006
 9036
 918631
 157578
 681165
 909362
 986021
 568889
 222833
 130612
 520634
 444532
 898156
 308995
 381282
 206460
 170771
 378378
 807074
 658270
 382308
 542704
 211334
 40887
 714273
 599235
 677219
 512338
 157894
 895141
 334945
 364907
 150326
 585545
 547015
 586714
 924506
 790416
 827878
 761459
 21815
 168918
 142550
 633130
 242921
 744325
 231586
 356215
 288123
 71920
 432448
 216555
 1227
 302452
 591362
 847107
 149799
 526944
 350887
 551741
 95318
 179681
 906510
 762618
 417518
 650556
 780171
 221586
 717309
 745835
 461797
 556241
 369516
 97577
 84255
 269607
 949880
 79960
 611137
 647570
 328137
 563315
 958700
 84664
 984141
 612252
 369806
 712095
 609932
 752248
 452841
 250296
 68340
 12345
 431506
 434027
 679410
 84329
 242891
 498176
 206885
 181759
 786086
 354081
 203103
 490341
 664275
 190850
 72672
 261849
 859516
 811035
 150417
 481594
 275952
 596750
 940550
 361702
 753294
 179408
 767438
 427829
 707618
 395655
 23788
 735149
 568005
 353494
 158024
 498844
 129219
 300358
 225853
 896725
 271020
 236936
 348314
 251864
 652030
 517742
 587103
 131446
 673312
 868105
 11134
 387517
 412013
 121625
 716927
 236842
 879023
 223446
 209518
 436340
 801412
 404234
 567686
 192832
 283188
 68155
 980922
 996163
 91603
 111420
 523853
 734179
 414847
 616813
 228060
 154900
 948727
 294117
 213134
 399942
 561333
 913684
 851194
 313336
 724793
 17683
 380141
 377245
 978384
 448872
 737233
 872000
 452923
 176222
 591590
 163056
 362639
 530540
 741463
 760270
 694747
 611999
 694245
 704503
 64151
 844079
 285734
 723362
 605894
 404088
 402515
 749988
 170725
 96305
 32441
 122582
 976199
 901298
 995357
 481441
 196562
 72428
 483898
 173664
 146190
 519333
 427358
 120725
 230377
 863305
 872464
 193379
 434980
 398202
 485232
 568103
 217660
 747393
 967574
 355818
 344827
 340922
 40249
 984338
 510978
 859463
 153636
 729304
 976465
 378689
 791183
 803623
 79689
 608767
 345752
 875594
 389929
 162767
 542488
 418918
 122606
 46408
 922860
 707127
 82157
 107588
 966845
 972206
 628883
 319238
 327204
 861237
 913047
 566486
 477831
 60085
 374181
 943795
 66010
 502482
 180690
 682803
 827718
 949577
 24851
 728906
 580575
 728733
 636997
 620285
 166683
 235294
 819715
 171223
 975615
 176013
 802750
 384472
 679911
 277320
 766048
 197009
 516186
 455503
 741756
 68820
 334228
 727499
 582242
 142448
 467659
 897947
 799999
 380242
 141038
 230181
 183130
 743682
 195058
 899844
 154441
 652581
 952655
 9057
 321382
 431012
 741068
 815384
 669713
 75909
 901678
 664781
 827608
 363571
 818198
 561902
 613756
 578695
 991477
 300690
 681070
 859614
 257922
 426799
 451732
 769611
 5303
 411471
 442902
 404255
 949320
 56639
 305196
 17080
 80066
 714181
 408992
 978051
 359507
 86956
 247236
 426212
 523978
 587908
 129617
 986030
 811875
 505561
 444696
 339385
 92459
 446808
 157036
 707877
 711003
 595528
 924859
 961232
 572675
 463339
 701870
 82307
 883881
 427891
 603636
 638633
 259151
 887537
 587309
 50697
 64748
 630673
 316814
 857181
 947658
 486616
 607926
 338547
 321311
 248763
 596298
 975398
 982100
 161396
 109255
 277616
 167821
 856498
 236029
 791385
 666580
 825755
 329256
 81324
 816281
 296999
 663553
 852790
 247910
 627750
 556271
 786022
 486593
 900922
 140073
 995716
 888103
 532817
 324782
 720612
 691722
 568425
 963116
 886522
 512735
 61708
 721044
 119635
 114503
 789750
 173587
 781315
 814901
 2172
 748218
 93688
 431814
 704931
 829968
 512781
 475247
 266232
 353540
 823287
 917054
 267433
 603446
 323741
 289675
 317323
 751914
 382541
 48259
 200159
 839715
 681226
 271915
 137602
 455242
 114788
 977941
 650119
 71804
 889795
 851473
 382214
 691633
 797987
 177234
 40021
 242669
 980514
 800039
 6229
 904481
 131830
 11292
 629629
 217752
 691731
 496041
 379260
 969763
 201780
 939808
 349223
 125309
 266770
 353233
 525139
 136498
 686096
 979844
 839765
 639781
 688761
 143944
 457561
 160413
 560034
 81723
 826926
 555989
 729069
 742753
 703936
 581459
 982920
 749133
 212504
 390439
 698253
 846276
 268929
 883561
 229623
 733660
 150386
 332526
 958357
 349573
 493416
 683125
 703319
 301696
 558394
 435241
 525662
 631485
 167834
 64427
 59387
 598499
 930022
 91409
 818946
 506541
 25974
 237120
 730498
 65963
 307420
 488647
 394953
 573200
 638377
 818847
 142042
 355610
 866679
 833586
 88338
 914269
 939075
 839362
 877704
 728617
 67913
 779555
 37147
 8228
 127952
 236729
 446254
 748099
 71549
 303737
 40876
 650032
 434813
 917313
 141636
 227272
 53313
 204180
 291828
 99403
 596017
 934964
 886365
 694892
 731421
 134100
 137395
 530898
 301885
 87438
 775496
 135767
 15655
 666819
 962372
 666844
 14902
 528301
 364956
 332704
 244122
 445123
 371954
 485681
 140179
 38535
 774919
 32484
 199590
 526178
 839023
 372113
 510619
 915029
 606484
 715709
 35842
 92851
 539410
 293292
 813770
 997512
 17043
 67009
 331288
 182356
 725370
 618984
 853181
 279929
 968812
 493538
 429617
 654335
 949893
 289951
 451255
 879663
 495268
 941739
 555194
 115323
 254672
 770650
 863023
 965299
 571860
 887710
 615146
 464317
 967213
 266083
 137890
 880275
 134521
 526777
 416590
 599459
 367899
 5061
 567536
 725740
 335348
 181319
 411665
 522601
 275818
 374295
 272973
 460198
 253508
 488099
 408751
 762957
 792759
 80341
 63989
 325685
 740392
 743958
 654851
 553043
 376160
 156626
 181418
 719652
 141225
 158644
 626437
 102263
 491739
 542963
 961146
 921117
 475241
 649657
 478741
 454468
 959461
 596420
 21990
 386523
 430820
 689032
 241747
 153012
 927710
 957655
 713163
 706979
 789128
 991664
 543281
 98024
 163661
 641300
 793309
 186015
 534864
 945291
 462217
 689894
 176752
 195613
 714163
 683466
 383077
 313062
 489082
 3749
 49237
 575965
 365429
 881111
 781981
 177894
 43854
 112898
 504488
 73677
 975339
 176470
 434280
 263689
 329427
 516018
 989847
 377483
 378299
 583121
 33509
 712560
 221986
 983105
 295648
 561905
 895110
 647475
 516775
 476098
 248806
 540445
 385967
 798091
 271344
 694480
 162589
 336721
 818509
 391724
 474627
 238001
 945375
 15820
 487186
 646950
 342541
 889217
 4907
 808415
 852968
 881902
 608048
 226240
 728753
 39678
 321085
 347560
 188914
 199000
 747001
 429846
 6619
 889436
 638202
 323408
 64827
 198117
 845908
 727602
 810673
 635339
 514982
 132424
 48649
 579838
 891096
 855885
 61192
 261008
 810317
 143914
 235827
 283296
 585673
 89965
 166910
 7039
 68203
 779232
 931214
 781986
 753535
 348715
 648710
 579013
 993837
 985314
 261249
 124111
 511926
 408112
 39902
 393924
 332544
 918584
 175701
 976415
 894397
 771067
 742795
 515634
 577055
 884553
 383070
 788330
 68260
 81753
 115718
 768196
 542267
 70763
 407653
 365061
 62504
 27469
 820413
 576413
 126710
 216283
 411986
 368816
 748157
 995986
 881939
 938571
 815321
 128673
 199999
 922829
 465854
 947943
 753869
 125088
 610957
 351206
 113291
 685054
 470515
 348908
 696704
 216582
 449809
 906128
 843387
 943837
 497644
 176191
 619786
 555435
 435358
 600749
 202036
 134466
 222124
 529525
 483860
 944112
 295081
 520290
 258419
 847869
 618175
 249463
 238526
 505470
 406015
 560928
 476930
 583193
 237757
 182409
 782255
 232414
 222699
 249505
 193518
 764864
 470447
 120658
 144697
 979088
 780379
 191103
 592783
 98937
 131995
 630633
 665474
 485380
 586546
 668511
 502608
 456670
 871282
 400263
 290542
 116216
 219044
 744911
 23616
 266397
 725504
 955329
 265072
 757401
 598550
 40293
 810590
 24960
 894657
 34645
 371587
 518567
 470054
 416956
 714689
 817691
 146809
 848925
 132453
 271839
 746987
 625541
 103082
 65495
 257838
 486056
 192784
 910688
 654628
 329826
 994882
 411764
 5416
 155651
 199773
 904273
 181818
 4252
 281524
 331567
 3963
 968791
 862781
 908052
 956040
 823990
 470862
 381219
 611537
 133224
 449769
 927264
 346397
 579016
 228404
 739677
 133160
 633799
 955504
 393898
 39630
 316987
 119213
 11831
 643244
 608219
 339596
 289847
 954090
 924748
 969696
 12559
 987085
 639069
 576812
 320958
 614860
 833044
 387688
 321598
 326069
 771915
 395287
 703899
 108847
 766606
 377712
 400800
 961102
 681840
 686923
 259690
 93875
 991270
 80017
 300813
 125949
 716512
 846252
 315613
 890769
 242704
 848167
 780043
 838425
 675315
 626924
 194444
 655356
 844428
 204806
 674698
 230732
 286688
 395631
 257585
 627229
 65037
 269567
 248131
 183254
 992378
 639353
 15645
 137370
 972252
 335143
 724272
 785821
 750816
 345362
 862213
 465388
 104438
 555474
 191866
 573325
 182981
 801053
 748019
 162422
 99552
 882024
 20676
 124137
 365995
 268552
 206513
 699529
 878194
 908552
 509944
 712246
 866912
 111653
 281422
 879356
 449445
 921409
 550368
 366779
 969158
 531180
 868823
 495411
 812020
 935857
 45557
 220669
 168614
 434755
 362464
 102546
 553761
 526668
 122827
 840993
 804611
 930141
 172235
 204858
 613042
 281335
 425233
 533171
 712576
 877562
 474589
 377126
 277789
 771011
 220802
 265440
 422405
 373927
 182721
 96578
 996353
 323578
 160921
 799856
 121400
 46674
 379405
 198876
 267633
 759198
 186602
 901639
 832509
 258915
 304312
 299110
 392306
 698534
 739307
 84739
 571733
 760714
 577092
 152191
 764429
 615472
 536346
 883799
 366427
 834506
 610910
 502304
 602758
 690157
 195252
 17555
 306264
 112170
 406989
 242905
 767223
 343368
 585098
 718654
 437011
 1923
 554411
 368347
 177642
 741246
 705487
 246737
 433275
 555235
 169776
 263848
 925170
 871549
 466147
 932468
 272316
 552978
 86021
 940658
 528351
 348859
 602788
 246260
 455492
 35541
 314677
 346848
 53435
 744723
 747974
 117431
 153156
 300606
 365723
 290249
 597863
 416791
 91949
 800393
 989420
 19753
 490428
 818931
 922717
 555464
 573041
 604878
 474163
 336484
 943566
 963029
 377162
 931241
 110326
 363381
 699448
 624541
 321990
 421958
 632967
 695656
 873225
 463329
 942047
 499734
 40510
 648402
 743827
 611154
 981820
 649572
 236075
 209805
 96424
 820285
 202870
 94758
 515851
 982418
 936873
 20739
 223541
 344250
 639903
 103085
 339752
 677345
 310563
 861058
 289902
 392855
 50650
 920353
 743681
 859723
 821492
 804254
 359374
 410843
 370792
 87145
 966189
 3688
 824336
 567023
 637986
 409799
 61837
 254054
 157976
 739232
 409496
 434759
 367197
 437862
 853090
 75495
 262387
 870531
 504939
 977983
 864644
 818576
 754699
 211657
 330276
 691282
 969938
 850698
 508672
 207685
 291887
 579500
 749127
 681543
 731610
 951085
 467847
 987273
 230036
 541718
 842479
 720359
 202789
 488106
 512234
 932213
 59414
 134482
 204356
 316216
 751261
 805635
 422443
 703183
 361706
 838973
 195246
 184053
 128000
 190108
 134166
 413478
 338233
 303865
 666389
 258620
 373791
 769060
 337225
 490677
 759979
 411610
 827553
 304533
 252791
 411596
 183673
 43998
 397712
 48459
 305775
 96457
 846675
 669338
 607361
 199573
 879219
 6189
 229978
 663716
 192465
 917479
 455870
 263315
 339293
 588847
 300985
 766285
 453436
 245775
 788698
 233333
 710258
 560833
 179635
 340024
 727328
 886997
 415525
 165429
 980908
 894616
 371404
 4968
 296860
 833780
 974021
 160478
 972752
 361586
 139113
 706634
 500650
 934628
 674846
 539831
 929317
 78552
 959752
 243902
 896390
 768061
 771608
 384433
 610365
 60794
 883789
 101865
 132066
 592227
 344356
 864819
 930481
 183734
 511314
 796403
 308244
 735205
 754591
 248913
 248158
 845166
 408666
 245832
 138982
 983296
 219545
 290764
 727037
 44720
 211822
 179710
 263157
 70000
 10016
 75059
 345360
 454685
 840449
 20355
 466277
 611033
 72566
 271098
 231921
 61823
 210092
 164860
 547083
 34108
 289135
 763074
 395871
 781448
 314900
 706516
 379403
 206815
 123572
 708399
 943568
 908496
 951897
 500396
 627586
 805091
 841733
 167718
 818461
 121501
 967414
 686578
 758570
 809630
 992434
 688678
 430813
 84507
 847679
 195178
 598431
 501565
 685478
 654452
 479698
 69295
 568463
 244942
 885582
 968633
 65077
 691228
 537034
 608955
 764756
 112831
 538456
 430849
 539436
 51705
 999455
 910162
 625309
 466148
 523888
 745034
 588632
 560069
 170929
 533333
 721970
 22727
 69831
 457515
 749876
 806629
 917200
 102150
 714231
 28104
 822500
 959288
 329928
 783234
 38709
 74981
 787510
 522585
 145143
 498372
 633277
 633433
 572645
 359178
 810793
 670601
 869214
 359911
 697865
 80973
 124323
 303146
 769137
 186233
 215518
 266233
 432959
 324324
 81162
 104557
 211301
 554853
 74610
 398449
 51110
 482038
 102936
 39154
 543618
 934237
 113257
 860465
 249193
 433107
 218274
 173919
 732776
 167267
 397562
 158376
 29669
 187935
 971362
 52275
 995174
 44069
 242585
 741451
 529
 867826
 355221
 209876
 657753
 273861
 576359
 543537
 606950
 378260
 470713
 536444
 228198
 595460
 216858
 536547
 945597
 873604
 551490
 211126
 493601
 13463
 333856
 197476
 630114
 820658
 29267
 951828
 952094
 367329
 779185
 634596
 310586
 578495
 603401
 15622
 974998
 670085
 736311
 659724
 393152
 242470
 384679
 579710
 528735
 594143
 364721
 747135
 501982
 617053
 500716
 778597
 388246
 389801
 340621
 418658
 738965
 151012
 606068
 684006
 560559
 537424
 355824
 31878
 308517
 850649
 456671
 471089
 401672
 747957
 256730
 324778
 395476
 70038
 250177
 258807
 877526
 403420
 299905
 939006
 373182
 615281
 636755
 831929
 128334
 9841
 971051
 745791
 856054
 417601
 205128
 43879
 121055
 863389
 622999
 856746
 524529
 692718
 450819
 695417
 932233
 745065
 45292
 542614
 610940
 23422
 766137
 915332
 346938
 176676
 139529
 142135
 509132
 633240
 981221
 973493
 683657
 210836
 619833
 745565
 83150
 339649
 442515
 395667
 415075
 163265
 68132
 759505
 33987
 570122
 722595
 344588
 668390
 625017
 261784
 128868
 516657
 60780
 687141
 893623
 850242
 374200
 78890
 742598
 170367
 4253
 440145
 420534
 676426
 494190
 129901
 154953
 675471
 71065
 824880
 351230
 236663
 526048
 227471
 228955
 314886
 386645
 681502
 444221
 575177
 250965
 259609
 709031
 250141
 897938
 795721
 898884
 792498
 554285
 225445
 475618
 62600
 418212
 401965
 804571
 897396
 694886
 628942
 390853
 341587
 644310
 609261
 445225
 788749
 899760
 31074
 148224
 725320
 892604
 849538
 706972
 72990
 267375
 796916
 96774
 299187
 115049
 80519
 11960
 906015
 121777
 951428
 182489
 375325
 133147
 990452
 660248
 343813
 541853
 727247
 460251
 29940
 903488
 255274
 448159
 413404
 829927
 179363
 539440
 504666
 565812
 12875
 398773
 75187
 323662
 247863
 674390
 420984
 478650
 4684
 819733
 180068
 466666
 942564
 780512
 114849
 930953
 251910
 587795
 96378
 227087
 116562
 997941
 312010
 381530
 973489
 596627
 859002
 694875
 778054
 623882
 385075
 495097
 879831
 636838
 92803
 560004
 10409
 810183
 540899
 82452
 571271
 794360
 429840
 821092
 121815
 154181
 279723
 65868
 376906
 940120
 592991
 603020
 452440
 316038
 867410
 509684
 429015
 573333
 173521
 75584
 313634
 305230
 357028
 43871
 64987
 462980
 447129
 810306
 560450
 30267
 551889
 539393
 572384
 73455
 983999
 639758
 895724
 66653
 914180
 139863
 903096
 613528
 217852
 678462
 107636
 199010
 778039
 400532
 10180
 880675
 256780
 899266
 651071
 604700
 283635
 73018
 570039
 148867
 443211
 656964
 638144
 378111
 210499
 95469
 664077
 518688
 848834
 297391
 901522
 986957
 128575
 764158
 930364
 394945
 375236
 507564
 437121
 865628
 448886
 615690
 267208
 498774
 363209
 267175
 839999
 703049
 561079
 763518
 691056
 926059
 653227
 581750
 630657
 314378
 716514
 981917
 942533
 182641
 248085
 653986
 952644
 967700
 193039
 671832
 991403
 175525
 650442
 231300
 247092
 442786
 606781
 247852
 295364
 563367
 86457
 497842
 136708
 677376
 258417
 243497
 776615
 904780
 462686
 144781
 361522
 75033
 716710
 246073
 36668
 238838
 659913
 537190
 715793
 793312
 931805
 379484
 894980
 516592
 589565
 718944
 308003
 404082
 190489
 49403
 76103
 346147
 895039
 582725
 335025
 321844
 339262
 298569
 246266
 747781
 565822
 576514
 993724
 936850
 614799
 233716
 951048
 152119
 379371
 84701
 41121
 28592
 704071
 150382
 455401
 748581
 129913
 673656
 307919
 283844
 399398
 861440
 501605
 768115
 342233
 757138
 820760
 478479
 911617
 433637
 718356
 173307
 364633
 589433
 84745
 217522
 908125
 333510
 4311
 27295
 743034
 878440
 547752
 863755
 63698
 406749
 122873
 237047
 434716
 507822
 116428
 349921
 329494
 184672
 797752
 36691
 533208
 622847
 108776
 297038
 205175
 495992
 730020
 558500
 384064
 169613
 785172
 653676
 266305
 618640
 623043
 160849
 149000
 91030
 853261
 598729
 115736
 359988
 210706
 309180
 104799
 710573
 702420
 774020
 203763
 722821
 308165
 870764
 467205
 491525
 869548
 870926
 749322
 225794
 18194
 830123
 492426
 414677
 820612
 700370
 273702
 842853
 286771
 537131
 294132
 621251
 882795
 719238
 366391
 63883
 795180
 472096
 695125
 772867
 185556
 255155
 972745
 831988
 237557
 612244
 853937
 659641
 469011
 27397
 992488
 612556
 407912
 381459
 602478
 241891
 341156
 82260
 865418
 449330
 80380
 735748
 754788
 339805
 400783
 756934
 169201
 728932
 419014
 633067
 839455
 358002
 713309
 670098
 648612
 748511
 374508
 527874
 638958
 374581
 607844
 153340
 364049
 830269
 855738
 256999
 656473
 488987
 988439
 177302
 251442
 738760
 933609
 743259
 151285
 547377
 526870
 804963
 267995
 978760
 168430
 977951
 175843
 941048
 656813
 378423
 399291
 555555
 295807
 503358
 27309
 277985
 241902
 941529
 613469
 813163
 576967
 823868
 295062
 217356
 282028
 828647
 500472
 733846
 698952
 590944
 368427
 360003
 39942
 878145
 786982
 811209
 601847
 663775
 128145
 980303
 101762
 40445
 206729
 664121
 376492
 721211
 741160
 484018
 427915
 947525
 13712
 893914
 785197
 823008
 952929
 383790
 106536
 694793
 633830
 213818
 381742
 904109
 937779
 257439
 954903
 255053
 863375
 697196
 796274
 305854
 187755
 799924
 572058
 402099
 303449
 642928
 909047
 353331
 115942
 676203
 822560
 574372
 460798
 491734
 663245
 219657
 884337
 964657
 852512
 605609
 181673
 505011
 354455
 366334
 912851
 842502
 863736
 703669
 257948
 888569
 484076
 226534
 698240
 572728
 67301
 447042
 724689
 941668
 884247
 508009
 94318
 690053
 151776
 833744
 859196
 541286
 817568
 784353
 973497
 824150
 515990
 881198
 292231
 501561
 234219
 399606
 913767
 431236
 497622
 540944
 696202
 400867
 604028
 848622
 185045
 988085
 6665
 398006
 587421
 633204
 526418
 329343
 389543
 94898
 601925
 184776
 983099
 98432
 828976
 836293
 870139
 488018
 210387
 4508
 992604
 939607
 396583
 598648
 586926
 912616
 804356
 106066
 757580
 957076
 35408
 536091
 163247
 222552
 771778
 253884
 962505
 113127
 685302
 932181
 584993
 686567
 578536
 585987
 642655
 28054
 442292
 248979
 360406
 624319
 377768
 273322
 550968
 318268
 629847
 153472
 651760
 949753
 956980
 341986
 415587
 794504
 164318
 722100
 171119
 638731
 947225
 966740
 18405
 383906
 718891
 5070
 385515
 716194
 392040
 257358
 923053
 310011
 887301
 956853
 289791
 994005
 3542
 566762
 597407
 30487
 64626
 302506
 821163
 214830
 267586
 903996
 93204
 744906
 406936
 250741
 17408
 139882
 997135
 516062
 778942
 189435
 924882
 445263
 137661
 740147
 864233
 952395
 238738
 826843
 644235
 232630
 652214
 382483
 42609
 514500
 447541
 21467
 637882
 996484
 857067
 516448
 938138
 538259
 385110
 788523
 971129
 880142
 467433
 903781
 853582
 785545
 755506
 640278
 446165
 356102
 337915
 781994
 791393
 677685
 275675
 807010
 705244
 585408
 798194
 378746
 63908
 494566
 428571
 578313
 613830
 929996
 995216
 706584
 456068
 660777
 667648
 56434
 535179
 88946
 969287
 701798
 89429
 126072
 56057
 119410
 809593
 98062
 952710
 481702
 796060
 696916
 122907
 297026
 40565
 100365
 176051
 986489
 251467
 836925
 739235
 24456
 553907
 929864
 771570
 643764
 563636
 289306
 469644
 36341
 423546
 649120
 881639
 376997
 432114
 399463
 72682
 867574
 822706
 929087
 923006
 380612
 995406
 397182
 811360
 84337
 870478
 715869
 685157
 59880
 24448
 346788
 441505
 799390
 524612
 598673
 19988
 649313
 170597
 648035
 110262
 734181
 111880
 86725
 371319
 212059
 618122
 428169
 585492
 71129
 448275
 906953
 548692
 109674
 733354
 586177
 8606
 234061
 120341
 896362
 259999
 339240
 244835
 174698
 661007
 178253
 579869
 347211
 88637
 65320
 346175
 366105
 35307
 780141
 490313
 270713
 120120
 686944
 740514
 152688
 64263
 751337
 328741
 851388
 689962
 717200
 93145
 196010
 121074
 110081
 718227
 154057
 103485
 869227
 973572
 332732
 280324
 880382
 112947
 937931
 997569
 253949
 705227
 162249
 242298
 722523
 260839
 989893
 33255
 107428
 784741
 266789
 28852
 329859
 749275
 565351
 897692
 462205
 571006
 52401
 391554
 106647
 463917
 558014
 452009
 799436
 612382
 770557
 229162
 247900
 996200
 732888
 25490
 922767
 262619
 948819
 388739
 936719
 362172
 583990
 616156
 983728
 917355
 906646
 800098
 352233
 792405
 540145
 349567
 719022
 719070
 181060
 109618
 899786
 566033
 242740
 350427
 356829
 608938
 260102
 245916
 499099
 356776
 944198
 325386
 118570
 782048
 593307
 765144
 102283
 540603
 624016
 656222
 321556
 240438
 659409
 373134
 892040
 269626
 540787
 648665
 80104
 304630
 762597
 706902
 120315
 693398
 231337
 618887
 496700
 35245
 616463
 679290
 992248
 16479
 732811
 707100
 549205
 551324
 591397
 720862
 302960
 473684
 657911
 213505
 29392
 690903
 54864
 231956
 657631
 546432
 211401
 33003
 116012
 202109
 292131
 792713
 805558
 187322
 600446
 29470
 153007
 745950
 316985
 951312
 8308
 991398
 870092
 986134
 566904
 538376
 407324
 507818
 602278
 716837
 781945
 657707
 618081
 733356
 4246
 190710
 210114
 73417
 694510
 495579
 123563
 619703
 209266
 503246
 601100
 364254
 773034
 634804
 677183
 399823
 889647
 706271
 972287
 920079
 35646
 119671
 491891
 125068
 346098
 284284
 100991
 848179
 732620
 913628
 946119
 765415
 100616
 995903
 570009
 643229
 420514
 941155
 520292
 96283
 921435
 708408
 599102
 519689
 773907
 199670
 893826
 386998
 277749
 290059
 832650
 557378
 461167
 701622
 414800
 446991
 400641
 599471
 89610
 785694
 360336
 400684
 452355
 342698
 211514
 1867
 954600
 21977
 936008
 582183
 909533
 846762
 643974
 824558
 633519
 60681
 227749
 422627
 988640
 578524
 402267
 796525
 793559
 824912
 589533
 226026
 841411
 207566
 720155
 513422
 716430
 794195
 549019
 77475
 800385
 456642
 16982
 629985
 368525
 506622
 471264
 382420
 708866
 232522
 123078
 110243
 801033
 893491
 816611
 387174
 990801
 597073
 471532
 943252
 972362
 29554
 831078
 885091
 897296
 204468
 335242
 162882
 138670
 921135
 194733
 11019
 411305
 468711
 476994
 39689
 891313
 33229
 557300
 440585
 960511
 399653
 791286
 809136
 472100
 528597
 31461
 302973
 695674
 971693
 919153
 522342
 666331
 978996
 146956
 804380
 608013
 161658
 114698
 516701
 323003
 682206
 226822
 31885
 174934
 443019
 671667
 779796
 135299
 327214
 456256
 687205
 324565
 811853
 235059
 612778
 44715
 101529
 838283
 877634
 942562
 407556
 42185
 37037
 347547
 164290
 88931
 863716
 382336
 848588
 688127
 249114
 919387
 443889
 702567
 394676
 348721
 696506
 822234
 213977
 680981
 449709
 383592
 715372
 550921
 748027
 438247
 783563
 974315
 418207
 316112
 860412
 443928
 415091
 387957
 730971
 827031
 284055
 642617
 312586
 324226
 894864
 869146
 54967
 286677
 44968
 938251
 494120
 10261
 8931
 203434
 459528
 577823
 799112
 450649
 626674
 256179
 995825
 617796
 574669
 549383
 784373
 802899
 682918
 536897
 306761
 443324
 694426
 406214
 500488
 954986
 625174
 386915
 599779
 886101
 228951
 311070
 423271
 17577
 889921
 949456
 30331
 572771
 550881
 272841
 675350
 477386
 645691
 366981
 920186
 293622
 439031
 728482
 735616
 553185
 764415
 319444
 64432
 270495
 483432
 251859
 154144
 737099
 476185
 138289
 508106
 711779
 664998
 462238
 382140
 220183
 399822
 298167
 928399
 346733
 926311
 13862
 805836
 200754
 862646
 81768
 343302
 49449
 58585
 937832
 78697
 803458
 429951
 512645
 381995
 245263
 292716
 831031
 686491
 427365
 651525
 682158
 735003
 90832
 581904
 399605
 893556
 94178
 686654
 764520
 387513
 895624
 325312
 143054
 632215
 299604
 228530
 598746
 736618
 391355
 267080
 289314
 323746
 5448
 676212
 453380
 767280
 333702
 393983
 689978
 520302
 954475
 641595
 67249
 954501
 405378
 969353
 986219
 897119
 164228
 742975
 100838
 522875
 839693
 617405
 739575
 11356
 367088
 637326
 461801
 590486
 535128
 102054
 981036
 524068
 615992
 189320
 493092
 461250
 826086
 359675
 845251
 45659
 664436
 939338
 962162
 124643
 339709
 573768
 958035
 578339
 906328
 155043
 511529
 175779
 801101
 713465
 877701
 864918
 262470
 534218
 811755
 797590
 59344
 752998
 301408
 984603
 421902
 989531
 266229
 451714
 50144
 21187
 688211
 607273
 624568
 386352
 928739
 997727
 420540
 323287
 457612
 31129
 868248
 67067
 499072
 471171
 142947
 104499
 540031
 558250
 698818
 768425
 677583
 141555
 237256
 452387
 154042
 60726
 583969
 106932
 920193
 332664
 847672
 817849
 802507
 750209
 563504
 204760
 202041
 971042
 110149
 392398
 968405
 643296
 855849
 161290
 839207
 799086
 479956
 376397
 364688
 102720
 266171
 983801
 650531
 739461
 417384
 183361
 704407
 425459
 25698
 503265
 660691
 654998
 631901
 404544
 909852
 115348
 576861
 607402
 841946
 689719
 547819
 908788
 513916
 123664
 507764
 711187
 891398
 727356
 294068
 59829
 717985
 120146
 412598
 69030
 743834
 382598
 3232
 249197
 454100
 672397
 82005
 882587
 387789
 990602
 96101
 812535
 195131
 298983
 822502
 264114
 706234
 379864
 98265
 38290
 273744
 969392
 554623
 436564
 469545
 873443
 690592
 205688
 991855
 690695
 591955
 921095
 380622
 808618
 206038
 628971
 146270
 545240
 94305
 868092
 44476
 643299
 938082
 326343
 113062
 727409
 314841
 435465
 13577
 230421
 680469
 137976
 486441
 401155
 90640
 317885
 873947
 983369
 645533
 375736
 455500
 689186
 359856
 83955
 584571
 30574
 678319
 589368
 792821
 563394
 798578
 727371
 683110
 856769
 68061
 79442
 10388
 5607
 624286
 78498
 930418
 707615
 786011
 66696
 878323
 891894
 805423
 15818
 51012
 786822
 512473
 228403
 983697
 165776
 238362
 30580
 101310
 485872
 828903
 968062
 682564
 17745
 420531
 188201
 70575
 698595
 320842
 684675
 134413
 822492
 639014
 418426
 860023
 483916
 200323
 226035
 364513
 967576
 777439
 303047
 234965
 581382
 924731
 397620
 944631
 531152
 292471
 829611
 747116
 584279
 188551
 644257
 619723
 838918
 756756
 892963
 693695
 353741
 121435
 991587
 290521
 105489
 890811
 179662
 649897
 639092
 281180
 81268
 346356
 497365
 12446
 445292
 759338
 869462
 200607
 581610
 804289
 685983
 787133
 206490
 816372
 931048
 488182
 810625
 205434
 720263
 777361
 390557
 884368
 604543
 864435
 372831
 396102
 683222
 362448
 147569
 134287
 137404
 991468
 720241
 299586
 4787
 85482
 963531
 733333
 11579
 362135
 846706
 720213
 210191
 515447
 676873
 668682
 496210
 424548
 493150
 990133
 16730
 579005
 19808
 366451
 649114
 269224
 845616
 685477
 20533
 2739
 802046
 179523
 393436
 94288
 562419
 392669
 397992
 310846
 31999
 818624
 975233
 255874
 900727
 572185
 175859
 851685
 38652
 780147
 990679
 956235
 655069
 982552
 190307
 278643
 454718
 503047
 689411
 759153
 909350
 722265
 49442
 968386
 500355
 793293
 255392
 369261
 347458
 543732
 587902
 704902
 140611
 344366
 981365
 629282
 530356
 816543
 866622
 139284
 80394
 644979
 390270
 754098
 965596
 696050
 990743
 100735
 950617
 876755
 996505
 321417
 869153
 280155
 678777
 491642
 240155
 44444
 392461
 84139
 630009
 100000
 882597
 464209
 658013
 358625
 508990
 38488
 591253
 672789
 293327
 973520
 838196
 792941
 115772
 233133
 718500
 957668
 846193
 78417
 21375
 969743
 316692
 705112
 509878
 435867
 929295
 344014
 563589
 345815
 240884
 526812
 350218
 772764
 981887
 157564
 777777
 285285
 3168
 881828
 866220
 277662
 779610
 987268
 563544
 618959
 720676
 560720
 309
 718564
 718913
 516591
 900526
 31689
 961070
 958109
 39278
 746268
 388129
 175879
 717488
 72269
 71251
 467185
 834084
 500217
 433730
 77602
 171597
 666839
 892466
 160676
 338218
 137000
 724904
 918209
 240899
 542579
 923528
 680548
 133240
 474444
 134468
 616123
 863668
 73223
 887017
 550561
 445387
 225159
 888628
 807581
 272801
 830069
 241622
 107662
 914893
 217814
 255308
 174065
 982359
 315241
 264746
 627664
 981899
 913145
 417178
 397622
 869751
 630082
 122315
 276568
 46432
 129194
 557588
 46248
 519992
 398533
 572661
 265316
 641778
 624751
 969848
 495865
 715226
 970204
 980596
 138980
 763176
 122613
 582429
 361429
 435829
 27125
 768042
 397861
 432304
 99637
 658031
 472884
 672719
 123689
 590145
 945279
 654731
 130586
 51483
 722807
 859820
 404215
 517212
 105259
 489963
 770390
 878500
 548439
 566213
 171828
 943925
 383679
 325922
 554596
 987049
 201892
 265342
 560798
 115248
 381356
 986901
 220161
 639442
 430000
 264251
 370883
 320496
 304097
 819331
 515549
 286293
 315491
 554202
 336321
 522757
 760199
 762412
 234535
 870674
 94594
 731370
 878975
 215046
 117176
 984924
 699574
 164296
 760247
 481086
 670378
 348066
 743558
 475788
 597527
 461442
 614896
 337530
 529999
 169004
 331167
 201356
 226484
 789709
 434888
 958969
 130528
 945725
 648588
 47520
 956433
 554536
 343251
 874693
 780796
 459552
 322122
 868968
 856317
 98748
 8984
 989951
 195639
 275576
 18699
 540882
 740486
 872447
 219527
 199911
 35318
 562945
 802485
 379155
 279060
 596513
 111358
 508379
 253352
 350022
 512429
 288039
 738289
 156732
 632574
 153814
 265139
 522698
 490731
 505745
 310231
 794428
 603550
 328509
 758506
 828429
 178443
 282047
 554434
 963734
 27418
 298960
 499983
 870526
 60217
 710771
 735994
 65331
 197488
 702678
 25689
 40071
 367212
 920384
 851910
 279835
 757857
 482702
 951717
 438557
 546758
 838074
 802578
 950874
 724375
 234561
 773337
 375867
 333956
 875855
 529246
 494053
 503764
 293493
 817050
 287627
 557918
 286395
 211071
 433628
 285303
 833714
 370629
 123221
 340430
 416537
 67740
 124590
 657765
 259892
 100889
 665367
 815132
 737814
 815234
 925594
 597569
 570430
 491770
 742254
 183641
 677651
 644155
 838709
 950038
 251757
 502474
 148902
 808593
 612173
 550930
 722144
 41241
 329584
 882030
 498543
 171670
 95276
 247917
 298398
 754601
 228610
 592592
 495229
 612074
 616418
 279027
 174734
 64754
 208370
 403752
 667129
 163151
 17003
 438587
 991278
 972111
 236664
 753697
 946859
 284101
 575724
 140773
 221009
 372615
 748604
 637967
 189424
 975345
 377970
 323882
 793405
 87273
 954851
 3365
 194251
 751051
 803140
 638702
 180988
 889135
 732247
 28817
 778585
 639516
 518367
 790369
 128711
 949240
 454485
 677539
 302681
 93457
 380152
 892286
 559544
 72822
 107745
 804846
 401433
 420905
 206557
 171294
 668297
 13240
 604606
 579690
 245785
 933559
 954016
 169265
 226839
 86631
 229525
 155350
 616581
 106440
 921766
 300499
 800365
 55867
 902698
 350413
 34704
 253941
 143441
 455433
 823332
 49484
 81800
 955620
 808738
 557925
 659145
 282075
 698321
 506284
 618911
 592810
 152441
 574531
 20260
 390572
 536943
 33696
 695287
 879529
 440788
 707203
 243678
 149434
 544612
 774080
 454545
 360136
 654333
 477071
 94195
 18545
 142463
 409767
 126
 995987
 981947
 47895
 102161
 783257
 313613
 25944
 882230
 940966
 527960
 509099
 560207
 36384
 608152
 79207
 610580
 621822
 13145
 507378
 128239
 382221
 892189
 727916
 284777
 700718
 620217
 708610
 38082
 286637
 368246
 595505
 316953
 683627
 28270
 347337
 26537
 605818
 967839
 764030
 917060
 909970
 512997
 86899
 135970
 707677
 32069
 694391
 747545
 569046
 72909
 375000
 652760
 960191
 83829
 109196
 756408
 300763
 28195
 351340
 93930
 314167
 958618
 136129
 995024
 621755
 677873
 207092
 724733
 674219
 807792
 378987
 985148
 941984
 27226
 662857
 744392
 559684
 588275
 669752
 519968
 226366
 553415
 655324
 429448
 58510
 554
 774885
 240319
 972488
 911440
 288849
 787520
 698947
 984567
 910883
 185694
 249033
 759298
 677611
 910629
 291007
 194029
 739934
 408830
 331631
 337575
 475155
 711723
 603226
 854404
 390828
 639029
 370459
 562911
 875000
 24367
 811203
 173170
 277833
 742980
 556411
 247660
 591700
 838467
 105294
 254485
 806153
 962324
 147254
 198076
 360828
 147896
 178330
 6122
 546906
 135529
 421517
 375120
 750110
 950479
 273224
 509449
 407477
 100060
 268414
 776438
 551658
 618361
 700035
 105881
 656025
 83610
 397718
 456318
 520067
 406659
 764192
 272587
 422524
 37130
 985622
 242711
 737573
 926163
 150337
 548322
 232654
 81412
 243611
 651851
 93256
 940261
 419327
 752882
 104491
 508644
 97546
 887554
 699206
 588463
 30814
 264268
 45826
 387654
 248391
 488425
 162067
 696533
 42506
 382667
 342176
 657808
 802892
 585022
 782825
 935251
 785990
 350643
 932706
 12805
 805481
 59405
 158146
 325966
 893095
 741258
 492836
 874980
 658189
 111704
 102839
 68972
 609707
 361979
 733847
 257950
 291283
 362797
 57381
 264056
 342819
 521891
 388367
 906707
 378901
 597249
 844022
 161498
 142075
 285840
 72279
 310489
 27379
 735915
 380289
 108117
 606189
 504848
 429048
 23365
 299696
 539740
 867956
 885430
 257244
 173471
 907323
 733255
 675524
 472812
 540221
 386350
 3072
 108108
 624488
 880898
 706158
 434257
 204794
 641821
 727788
 338582
 365881
 942697
 468873
 716536
 48731
 692520
 382369
 530413
 693419
 521553
 697974
 377372
 298744
 846820
 176261
 146895
 346062
 755536
 407055
 835024
 229033
 881688
 646075
 690132
 833208
 439890
 783783
 224602
 43821
 597429
 221429
 458391
 737838
 542041
 280880
 395880
 444776
 696138
 639715
 948730
 597910
 379597
 441496
 595783
 264594
 94709
 17014
 918003
 375750
 697130
 447679
 279035
 15824
 456638
 853801
 800337
 835043
 527561
 7146
 648525
 61154
 75183
 901414
 780169
 592342
 623547
 24673
 25455
 134451
 37952
 375237
 990905
 958208
 474641
 287900
 363281
 558208
 139795
 60700
 130510
 823881
 288862
 89978
 699639
 108083
 72845
 919678
 478843
 709184
 132346
 600231
 756975
 586719
 975808
 95400
 120541
 482313
 503344
 462797
 982673
 36766
 906298
 770887
 300446
 639891
 150123
 185160
 701380
 739177
 281037
 681942
 450255
 651144
 377028
 26706
 633463
 642553
 785902
 64239
 149829
 467933
 146028
 752790
 660558
 595141
 941560
 903914
 45672
 149444
 177304
 685076
 773913
 926613
 88571
 832866
 533346
 694010
 946402
 640800
 802048
 459057
 210856
 558936
 606273
 116792
 401762
 423798
 235736
 931630
 393575
 171020
 476154
 217269
 449325
 895347
 460750
 21995
 124662
 12913
 488840
 900853
 229305
 128491
 232628
 658961
 333036
 245135
 707852
 382959
 702801
 507342
 225839
 589010
 725199
 625094
 72583
 670097
 129339
 942058
 819751
 741183
 957991
 568921
 747096
 862004
 971840
 128816
 161285
 262927
 611211
 543431
 362827
 831431
 953912
 915403
 170760
 748732
 503181
 879065
 484084
 211933
 789940
 695467
 237595
 966722
 633152
 595999
 299204
 129726
 758512
 466085
 281521
 386644
 893617
 874141
 902169
 344098
 852479
 856368
 188222
 677265
 488314
 633258
 143560
 708225
 833999
 202338
 47445
 658227
 561315
 962129
 928118
 476487
 262879
 556292
 972514
 668156
 363734
 652217
 923993
 637717
 775651
 4620
 355371
 234291
 347486
 427216
 45143
 521014
 793926
 69814
 545100
 396738
 302018
 833633
 134874
 136281
 771522
 732178
 757108
 801603
 562018
 932565
 710390
 584614
 95340
 604978
 695668
 433197
 747431
 152201
 796397
 396551
 745746
 247082
 737192
 839500
 620130
 989249
 835222
 616863
 546687
 283325
 123614
 375242
 870253
 605464
 84460
 13050
 813930
 47619
 576642
 26047
 12868
 258666
 699588
 907255
 941870
 60893
 839383
 63413
 411898
 681063
 136342
 27425
 206958
 147383
 17562
 265306
 686582
 851851
 371595
 785871
 266701
 738128
 373286
 550574
 90444
 725111
 342723
 146954
 701438
 255072
 385336
 125352
 528046
 114891
 932609
 952191
 623846
 115986
 687247
 61240
 91660
 235309
 732026
 114793
 679144
 142926
 988950
 276070
 685221
 782642
 394256
 424705
 976099
 392505
 937513
 704852
 25952
 429690
 201567
 214049
 619035
 725372
 962012
 821495
 166769
 915851
 457317
 994476
 524297
 447225
 447562
 580934
 653880
 578901
 197193
 556354
 709709
 7870
 903300
 31336
 316830
 203381
 478488
 690835
 319479
 462745
 146310
 978828
 938507
 285630
 781040
 580915
 341660
 494948
 861501
 590476
 515303
 769050
 493163
 62327
 860597
 429207
 576993
 478074
 17296
 483923
 959709
 388322
 285496
 967106
 756047
 107881
 288150
 627939
 619750
 580437
 252550
 827320
 746278
 862721
 926291
 991816
 19943
 270721
 684962
 15316
 917952
 623352
 258036
 371188
 191278
 589913
 471254
 233404
 205210
 120401
 642800
 245467
 310607
 488755
 354308
 905269
 443116
 682140
 145222
 332188
 912235
 474690
 675193
 316512
 155525
 996728
 528089
 539256
 605760
 778088
 965529
 875189
 813760
 188441
 929125
 805383
 273170
 705596
 361682
 538005
 827926
 680113
 984774
 380846
 349441
 463617
 999883
 415415
 938343
 982264
 403703
 346634
 432364
 280934
 290302
 221331
 277955
 398083
 151182
 718290
 931385
 39818
 830174
 302409
 497041
 460081
 840768
 790949
 137218
 318804
 738800
 989126
 717314
 873812
 274767
 730868
 528359
 545588
 339977
 124707
 532182
 58341
 358198
 987770
 70741
 749469
 689551
 758077
 206921
 396496
 620016
 558687
 703154
 751313
 580828
 804998
 164358
 932199
 484999
 574018
 573319
 759164
 267126
 811637
 23391
 277147
 394604
 176306
 899974
 771899
 600692
 751259
 608424
 31693
 766806
 414503
 590102
 578684
 317682
 425289
 790027
 53867
 457912
 852485
 578542
 124620
 379412
 423569
 758540
 578399
 649889
 556819
 371204
 818159
 556329
 926829
 986562
 161174
 914413
 440016
 716798
 953833
 593125
 373476
 754231
 833014
 65217
 735459
 932495
 479623
 155518
 866842
 253393
 502222
 825523
 910716
 75117
 152396
 779857
 175038
 345076
 902668
 512921
 753136
 731517
 747225
 636970
 644510
 717512
 176561
 607278
 511989
 487690
 332775
 695787
 795573
 367989
 565400
 555988
 933563
 401606
 611795
 947360
 198281
 437502
 408163
 703601
 1982
 963951
 30170
 511480
 457953
 979529
 366209
 606557
 776732
 962787
 143307
 303045
 777689
 917543
 893632
 794637
 18085
 601413
 405773
 559806
 244483
 968453
 744115
 612024
 651631
 257995
 780068
 499150
 186084
 559942
 424652
 921827
 288329
 662406
 259567
 29845
 49180
 560859
 346430
 179091
 403819
 656357
 204684
 696251
 781296
 598523
 415162
 607646
 679322
 926253
 690829
 554280
 693290
 327599
 514485
 842338
 488772
 600575
 935954
 557006
 96289
 674924
 949317
 989121
 745329
 522412
 524196
 295449
 176339
 662132
 293569
 368334
 319254
 851568
 520621
 249278
 959156
 758469
 820380
 606079
 43134
 673684
 384290
 897435
 917702
 241318
 527959
 698063
 858545
 250575
 688946
 65862
 657255
 346028
 833119
 592986
 834622
 93500
 126654
 297548
 521367
 702443
 938301
 398738
 427248
 418293
 217275
 355953
 865974
 538936
 666479
 894897
 439773
 327613
 774083
 119683
 882911
 936319
 60095
 612361
 965453
 458279
 287425
 877770
 317384
 187448
 108527
 75551
 96284
 96655
 884971
 358758
 872627
 692029
 504267
 886092
 619033
 423187
 643017
 489124
 650625
 86800
 439490
 198102
 828322
 879142
 390985
 668450
 503737
 404446
 76369
 328205
 296121
 56406
 452448
 610284
 31239
 247517
 530599
 436992
 518782
 390281
 717938
 491335
 427070
 388505
 674386
 274509
 662598
 290733
 363258
 268742
 693168
 384914
 699819
 49618
 312716
 152888
 611862
 865093
 522627
 208364
 887507
 855851
 645502
 983776
 355086
 427826
 937083
 45882
 435328
 459824
 763682
 72816
 627027
 43244
 996127
 304513
 772708
 336840
 631296
 630042
 745138
 183231
 900626
 223021
 767197
 747070
 749063
 481609
 391877
 384372
 965097
 363997
 617605
 789788
 19336
 546436
 439187
 544978
 985185
 792521
 849642
 612748
 458532
 467269
 108005
 425519
 805980
 348170
 680327
 886761
 509322
 502325
 630294
 286857
 613251
 18181
 435047
 838939
 757052
 907692
 667154
 165433
 883729
 91803
 786058
 644936
 45742
 762018
 916903
 331449
 491081
 834227
 999737
 254363
 14645
 427860
 832296
 364779
 594774
 432188
 115760
 867162
 743698
 911374
 79524
 26234
 113708
 455808
 270107
 768873
 249730
 916228
 764827
 778002
 827294
 760571
 917407
 789705
 256027
 356478
 631165
 970350
 512221
 481853
 166923
 716265
 979405
 575918
 774419
 11464
 442260
 331491
 511679
 653377
 417266
 133845
 90549
 671169
 766148
 579384
 964573
 783427
 22740
 647577
 678466
 559493
 208683
 578934
 74444
 937088
 176185
 890714
 21978
 823300
 117466
 81081
 714176
 979687
 872749
 817237
 380001
 465229
 269276
 868904
 311752
 111128
 649920
 97387
 732245
 126805
 650323
 556226
 45253
 810817
 605066
 975130
 221693
 590216
 845867
 378850
 702537
 32313
 444475
 666459
 676721
 604001
 658978
 774597
 279769
 497821
 372026
 459016
 435757
 52946
 36398
 922403
 428158
 153217
 303582
 468406
 541580
 771010
 645060
 279398
 37225
 156250
 318322
 169734
 759711
 167985
 568188
 456074
 696846
 124848
 242830
 951367
 965082
 8768
 315533
 878854
 513044
 583426
 968304
 804615
 231926
 115789
 239590
 362594
 898719
 443398
 698815
 751784
 145728
 313367
 502003
 3010
 663533
 925916
 82077
 386033
 675334
 260194
 783666
 945343
 782334
 101648
 890094
 623709
 176831
 827124
 691761
 231216
 698395
 483839
 494590
 316770
 52274
 989975
 937727
 375767
 627501
 841231
 189198
 405307
 967422
 390486
 330199
 226284
 640547
 51912
 852606
 169625
 514900
 350101
 722018
 211296
 230627
 832962
 961280
 808378
 561560
 257086
 624309
 121439
 728143
 543110
 86887
 284232
 102462
 409369
 281700
 954312
 47030
 226432
 467
 998065
 409716
 138191
 611625
 462538
 246970
 283633
 530708
 524812
 830643
 910096
 387196
 447232
 594578
 748053
 61602
 318137
 180228
 687124
 492092
 393264
 922561
 818930
 525780
 513348
 133021
 795856
 838807
 96264
 602215
 453193
 112117
 863293
 894297
 190569
 662557
 975022
 132590
 790290
 142589
 303558
 455089
 124675
 390131
 832299
 683403
 761483
 655207
 531226
 748794
 642363
 953894
 139534
 574216
 616402
 977325
 377920
 620367
 693685
 761727
 270128
 869310
 568637
 598686
 647583
 646833
 900603
 918032
 894048
 906548
 677712
 57784
 523577
 228056
 370892
 794005
 218025
 667153
 923669
 573413
 54849
 620071
 863562
 409147
 401180
 109483
 39895
 869439
 835246
 54798
 564795
 893163
 623045
 739898
 667549
 110617
 426457
 349604
 890915
 568034
 978703
 533437
 103105
 405572
 375963
 576652
 239160
 961904
 863340
 386666
 167271
 749608
 954792
 121566
 986254
 665020
 936510
 508703
 672005
 534594
 485247
 62254
 70611
 175384
 196928
 453260
 755555
 612486
 271263
 918030
 46138
 805696
 508196
 663460
 273590
 730904
 102733
 983944
 741771
 63829
 703153
 881959
 917753
 665454
 100161
 69726
 458958
 695440
 313419
 940027
 589479
 725251
 863466
 208088
 761859
 797023
 61297
 580503
 159332
 970217
 175418
 88323
 691415
 157975
 400634
 894878
 40137
 8834
 434867
 156138
 98712
 95108
 522771
 73507
 791040
 830552
 464481
 363906
 115727
 714961
 261310
 198296
 886933
 987521
 502616
 946020
 140984
 12113
 314462
 146864
 828246
 794291
 988505
 182992
 577461
 963800
 669767
 699991
 577463
 432438
 739795
 927400
 703350
 758535
 767245
 495944
 54820
 232350
 954812
 261571
 525486
 924297
 572339
 135678
 999755
 218644
 566420
 115308
 989214
 531482
 900010
 825714
 707644
 283920
 878201
 657502
 719286
 337534
 136337
 783110
 554479
 670402
 7687
 950963
 985654
 72559
 358243
 854373
 569291
 563626
 927089
 513974
 350400
 122508
 400274
 549446
 926632
 795918
 53877
 730934
 719538
 304818
 970174
 441043
 848253
 702389
 142632
 861734
 474856
 753572
 750981
 864700
 128832
 774869
 254739
 673821
 680708
 88251
 177276
 433507
 531428
 667588
 763576
 630941
 595854
 452337
 88207
 523999
 299974
 204757
 841846
 28370
 625570
 982864
 987341
 709880
 801513
 830604
 221348
 313823
 653590
 484697
 243278
 421821
 665119
 464829
 932178
 811259
 205033
 599454
 874321
 653727
 618255
 586840
 668656
 344192
 577962
 169879
 483228
 230397
 458536
 65412
 358302
 391731
 84247
 391304
 150676
 314604
 274258
 520093
 609972
 519481
 512028
 356627
 105279
 406480
 620342
 240621
 629098
 330646
 64248
 763545
 484300
 677115
 987921
 293081
 423824
 21474
 277857
 746097
 682473
 67100
 514421
 253172
 399176
 527283
 604773
 636738
 586514
 258477
 505632
 111891
 975308
 629999
 976379
 16837
 739780
 532269
 154362
 653968
 909498
 398280
 551793
 686400
 72429
 175754
 369379
 92944
 387335
 989051
 969790
 117755
 731977
 936990
 27839
 936849
 163060
 680299
 92002
 481950
 961817
 642443
 722624
 382226
 186732
 887886
 599179
 187944
 725206
 380826
 182285
 110520
 958495
 539672
 434510
 784567
 7292
 849448
 125701
 546625
 253427
 317235
 174918
 955097
 746655
 856776
 654655
 195244
 357243
 668041
 638891
 249008
 487157
 833595
 533273
 663316
 948582
 219703
 412289
 265363
 921995
 931305
 636711
 586803
 311778
 454786
 107457
 592513
 377198
 267897
 490075
 38383
 295487
 550925
 926710
 590043
 974513
 536842
 121212
 899877
 333581
 207201
 219725
 934612
 337353
 339176
 82274
 799353
 901840
 156784
 13659
 69666
 464548
 935326
 860024
 963163
 127166
 2268
 492860
 621258
 440999
 834469
 232175
 423999
 95382
 971339
 312373
 244036
 765579
 537435
 147979
 615988
 176201
 246913
 255723
 470904
 704441
 357205
 81465
 512059
 618736
 386544
 169611
 762007
 312263
 187524
 568896
 435986
 730180
 116261
 338085
 484643
 973462
 937796
 625617
 642355
 37896
 216735
 376456
 200014
 853955
 194464
 959950
 12070
 436823
 357303
 5306
 18346
 13927
 704806
 741355
 298736
 598138
 259065
 373512
 278198
 38376
 497553
 154285
 982019
 44083
 300000
 7950
 432837
 249093
 344025
 788933
 278396
 126484
 707525
 69977
 290222
 31485
 946648
 824750
 126718
 604032
 124790
 684816
 151401
 41976
 245372
 444171
 761876
 395348
 233269
 722596
 364548
 870089
 49263
 18654
 370078
 564714
 927317
 717544
 852392
 455319
 453129
 255455
 336739
 829379
 157248
 209132
 90742
 478983
 738467
 43872
 448336
 457426
 1071
 889889
 766884
 733092
 18264
 898957
 65362
 592964
 300861
 425886
 856256
 452201
 87332
 364448
 980958
 71274
 421789
 685939
 67357
 707424
 966101
 64137
 181767
 347674
 343753
 11601
 739428
 270886
 16083
 321668
 68002
 564155
 217107
 8356
 56716
 799681
 239601
 624872
 144766
 542775
 388641
 295069
 589336
 325512
 305548
 228446
 858799
 37967
 220586
 464767
 140211
 435715
 953117
 328534
 597119
 711566
 41211
 23699
 430096
 569460
 733724
 351148
 636474
 999598
 367119
 467172
 562137
 763903
 686111
 465356
 581309
 719067
 131793
 890357
 599126
 614278
 723056
 3685
 225863
 668689
 811757
 997645
 234979
 988280
 344013
 291707
 98605
 470258
 407499
 785680
 847860
 681958
 827128
 554565
 949523
 8972
 691629
 183650
 660899
 752415
 870379
 965950
 620562
 519744
 269035
 997236
 18806
 857456
 621101
 897348
 75282
 341671
 290836
 546125
 949714
 326553
 147495
 470918
 700336
 484471
 715250
 913774
 273871
 365448
 644101
 764486
 873205
 800777
 430524
 527827
 595752
 999678
 159967
 671134
 453329
 729525
 744808
 611268
 627388
 643905
 404993
 345526
 608630
 558949
 565490
 446407
 359658
 133483
 205729
 325031
 489107
 130962
 80586
 279069
 192746
 383481
 610422
 963570
 396884
 120785
 324492
 794502
 620409
 887004
 491427
 533740
 114534
 544267
 769375
 331996
 274408
 594955
 28248
 244823
 943363
 524908
 636917
 159728
 824072
 874103
 838620
 537364
 471614
 145008
 22687
 733096
 853286
 567369
 895303
 559284
 765988
 497106
 366975
 876963
 920628
 516287
 555037
 26810
 178848
 698034
 487243
 200998
 687134
 212146
 612704
 975177
 554699
 40642
 814509
 388492
 741605
 509163
 832694
 405268
 399137
 556845
 931236
 582105
 21759
 566842
 412302
 142271
 404624
 995332
 798443
 886096
 265408
 461538
 629485
 778835
 198526
 553202
 703453
 23253
 473724
 440802
 112937
 283982
 462376
 921692
 191011
 317464
 942504
 550312
 599113
 586206
 355704
 792248
 864796
 914706
 612411
 591781
 871447
 749705
 550929
 96557
 521449
 768315
 324270
 127021
 547945
 31407
 528617
 974715
 519260
 641706
 617162
 213433
 763362
 967133
 30866
 684100
 79419
 904992
 971830
 940003
 899819
 56746
 486329
 65910
 873640
 509574
 793883
 921970
 304479
 546514
 134986
 793893
 951136
 769447
 534483
 747564
 279829
 106595
 239353
 432040
 743829
 125716
 18312
 803162
 203448
 288063
 258083
 398437
 351914
 925709
 387749
 271428
 336190
 389097
 340717
 348840
 210287
 357235
 80037
 767653
 313217
 308340
 550999
 942162
 336200
 394328
 566751
 449150
 606779
 406091
 137140
 491896
 8770
 823735
 150184
 988857
 809469
 803921
 87501
 535000
 734533
 945769
 88899
 604106
 981229
 166171
 385066
 430345
 287058
 72719
 125040
 224249
 152425
 341772
 926605
 741101
 27027
 913834
 124098
 183585
 983312
 52004
 111993
 626771
 612893
 677798
 384754
 482833
 531440
 660574
 512181
 939249
 45339
 350063
 938737
 878567
 39215
 794961
 637076
 168768
 172593
 15816
 949112
 636749
 146582
 291588
 107070
 692299
 197694
 955838
 202251
 941598
 751881
 64435
 623289
 158207
 234356
 184947
 105853
 829853
 590738
 187289
 459662
 255813
 132824
 919072
 961853
 508087
 437341
 128034
 133886
 685831
 734871
 547292
 324230
 276437
 211187
 901136
 380458
 744666
 506055
 994184
 52830
 509772
 592794
 134701
 606973
 829292
 674349
 62289
 96000
 88851
 168499
 137129
 691049
 797492
 795250
 620624
 184079
 622385
 638458
 372294
 341075
 537376
 513918
 978175
 64917
 323997
 50588
 967988
 413779
 928333
 582028
 30079
 100031
 682301
 889387
 981337
 189726
 685454
 591220
 830043
 392140
 600619
 609369
 734042
 433743
 46124
 251207
 847544
 874629
 347967
 78256
 321112
 517050
 771349
 64842
 440580
 618757
 946643
 33908
 157123
 879890
 489897
 255919
 27214
 997314
 764405
 312026
 691377
 918754
 14588
 688249
 704889
 482861
 714892
 406958
 879266
 456827
 281200
 261804
 968954
 295955
 899329
 832353
 261936
 748100
 832384
 14687
 811665
 183298
 142040
 855579
 344428
 909007
 540524
 232563
 98298
 883919
 473939
 993275
 556706
 630197
 236989
 899453
 134916
 114341
 903513
 729883
 742635
 663270
 228212
 571732
 455268
 409046
 873189
 39709
 971326
 599511
 675475
 517241
 490586
 990775
 579776
 720907
 972370
 330821
 316790
 270923
 886448
 206244
 796335
 39894
 265570
 603600
 239679
 561379
 251502
 588904
 900092
 186874
 321518
 940296
 330628
 572490
 679093
 367133
 132932
 858788
 881355
 702688
 899908
 925863
 9537
 340362
 151017
 949356
 359972
 930982
 387878
 221531
 296208
 779586
 485603
 979846
 197375
 754390
 2874
 953844
 295346
 838689
 41299
 847619
 86455
 644128
 281105
 548556
 586105
 648397
 115980
 929304
 936846
 41703
 228211
 878598
 4494
 918625
 208245
 172239
 970772
 72060
 200394
 302241
 707102
 631647
 548397
 685430
 673553
 968703
 353828
 181451
 407909
 775033
 647652
 30606
 718043
 742781
 296838
 516498
 542594
 996617
 728126
 177979
 22181
 102834
 573185
 926445
 807123
 597535
 71015
 511602
 906046
 283687
 395296
 973345
 230980
 497695
 450704
 675551
 773697
 559086
 710949
 779223
 442924
 703182
 828178
 974996
 303913
 741587
 721907
 624436
 725395
 833034
 350476
 310213
 898423
 778950
 786715
 511956
 2357
 51688
 677481
 852459
 87587
 807164
 455260
 595828
 593836
 152895
 32295
 821509
 441454
 310074
 561173
 364705
 693367
 558332
 152628
 536685
 753348
 294731
 845272
 644422
 874966
 433203
 107514
 728452
 367762
 439487
 269394
 592417
 831724
 811656
 157676
 537908
 901071
 523875
 993003
 45432
 666967
 440670
 158378
 657154
 316459
 204031
 769960
 914542
 844838
 565758
 183223
 583481
 81160
 523079
 859931
 423157
 833457
 880071
 255189
 310694
 80425
 330761
 96842
 114774
 281797
 469579
 45245
 160256
 409430
 339281
 985422
 680015
 183087
 272210
 909377
 621892
 738540
 857519
 375614
 824016
 721740
 381054
 384108
 814310
 233410
 640961
 664912
 60740
 283083
 413629
 435983
 904309
 548387
 762487
 730736
 201765
 576055
 206451
 424184
 288944
 254609
 904981
 415060
 993842
 11860
 467813
 237650
 281449
 966430
 584219
 489710
 350159
 643128
 207155
 565070
 216890
 725823
 905673
 40079
 859631
 240362
 794588
 979014
 367180
 826144
 165178
 218019
 508044
 802355
 474699
 82799
 925525
 477226
 559639
 283732
 865560
 29560
 730287
 635405
 171946
 609174
 987986
 517103
 548625
 954110
 345505
 415209
 312354
 23612
 970588
 107804
 902250
 929165
 986323
 950852
 239966
 334161
 792452
 690667
 515193
 369230
 641532
 454747
 30707
 570130
 578410
 651994
 56727
 908256
 925247
 757352
 388429
 166065
 785171
 388340
 970958
 239162
 854331
 423595
 742682
 433085
 855251
 483870
 28860
 931926
 392866
 445735
 446615
 570440
 848645
 471032
 118048
 211505
 876510
 280530
 930162
 298541
 723502
 477996
 132469
 150462
 464819
 384935
 435685
 336151
 192000
 499686
 251012
 7158
 433482
 700622
 295145
 864271
 313140
 718296
 488005
 561296
 904336
 370954
 586685
 79388
 388438
 946225
 95094
 182201
 122229
 828174
 951300
 773442
 550258
 1619
 511239
 764442
 299443
 416675
 132647
 421119
 324787
 499849
 229700
 141180
 169498
 20684
 58891
 337871
 561058
 137208
 806225
 42651
 192422
 659837
 191553
 573551
 154275
 498496
 976839
 43409
 640680
 58973
 207564
 494421
 441208
 815748
 767123
 59864
 694603
 234305
 940174
 46661
 316254
 150809
 804960
 755938
 574672
 372149
 561091
 396322
 790167
 141925
 731616
 604591
 384145
 57058
 231160
 454086
 375527
 403478
 106296
 51593
 130618
 522548
 455733
 675883
 777218
 368129
 494619
 263671
 80170
 717277
 148038
 95425
 483915
 675977
 482821
 777320
 580908
 810109
 344431
 621571
 596787
 162367
 936120
 50632
 892162
 830428
 322222
 174565
 947882
 461788
 167392
 821737
 117834
 708375
 606279
 867142
 528924
 829218
 565321
 488935
 267179
 107156
 22008
 668027
 454176
 843666
 132164
 199105
 59918
 376164
 459940
 972687
 261484
 747463
 368728
 902301
 230646
 644354
 376058
 31784
 398899
 281916
 104477
 229317
 662921
 73035
 307800
 680064
 940824
 620838
 792054
 719215
 403524
 152773
 229050
 409073
 150374
 40939
 547328
 907317
 366003
 56329
 427668
 179199
 886050
 650357
 579338
 630210
 718416
 358020
 805513
 623438
 486482
 689897
 141057
 829531
 665081
 297899
 358618
 844164
 573761
 170899
 967659
 226361
 387096
 778982
 590611
 976525
 125000
 151522
 225077
 331507
 423994
 600895
 18913
 896758
 235335
 349066
 546621
 646840
 608908
 255148
 269905
 667239
 17253
 263958
 681879
 751586
 11370
 455432
 377675
 784313
 548597
 842166
 903627
 22179
 785367
 27054
 751893
 851185
 473421
 345833
 651072
 726915
 129273
 223234
 57074
 876943
 55768
 328719
 733059
 539089
 347457
 737454
 749838
 493869
 416472
 562041
 55130
 630774
 849566
 90114
 513059
 478415
 491566
 167136
 617096
 841245
 724095
 253164
 317275
 775510
 482221
 166736
 333771
 394606
 267252
 683678
 293322
 803261
 379055
 424047
 20031
 296515
 41422
 727574
 918918
 60595
 152161
 835167
 140918
 596746
 841108
 720763
 347590
 22261
 858549
 147425
 684155
 298393
 438948
 183137
 241448
 231189
 770679
 248824
 233502
 823227
 699517
 270341
 273750
 897083
 719599
 649630
 575437
 131670
 372199
 49642
 434344
 629582
 397537
 356987
 128670
 315705
 901234
 90384
 675959
 633015
 312479
 717184
 626740
 826578
 756460
 180717
 978563
 824515
 150293
 952901
 454265
 7128
 38126
 523146
 110415
 186166
 185726
 45438
 843247
 360732
 799752
 804878
 460758
 435943
 68493
 215419
 768360
 322602
 417006
 53156
 919571
 284737
 104873
 406943
 766617
 18372
 621387
 467303
 90775
 164102
 476767
 747688
 283184
 366405
 253018
 525645
 838295
 35305
 321975
 419903
 325471
 987169
 275569
 162507
 433978
 693248
 572654
 719391
 867518
 392848
 455900
 762257
 422075
 960072
 735399
 489164
 532721
 953752
 613002
 583715
 563568
 715688
 461285
 178782
 311274
 893345
 898
 603451
 159795
 49801
 235982
 807742
 533843
 103216
 255848
 960774
 264877
 857812
 45849
 325104
 888037
 122737
 533837
 675846
 427672
 9866
 435961
 944215
 743883
 321010
 118006
 770082
 518358
 819402
 771750
 679287
 95563
 248635
 338414
 445623
 432170
 728765
 370279
 844233
 44073
 244871
 712104
 276576
 74542
 277722
 349843
 239786
 723766
 31415
 951483
 615384
 931705
 766404
 864772
 733183
 957113
 389491
 579111
 191257
 70381
 478027
 969357
 754063
 849649
 766215
 380642
 544253
 884557
 248470
 648648
 645417
 566474
 305808
 771079
 55731
 463258
 24615
 688098
 775297
 477132
 835247
 536816
 464270
 198779
 801534
 271255
 937161
 4298
 532110
 482485
 150631
 339399
 541473
 636412
 349985
 569238
 702838
 459703
 920238
 275126
 490582
 824321
 202694
 818360
 180909
 750341
 145273
 14599
 809673
 259306
 367530
 520579
 895516
 732111
 945861
 587287
 333672
 613531
 561403
 345053
 729827
 27092
 72575
 743342
 324356
 42465
 576047
 21720
 552373
 948306
 589629
 799760
 923673
 320177
 888740
 578063
 310479
 465604
 657839
 265868
 708819
 366718
 608055
 90383
 989473
 422998
 383429
 170228
 305182
 