787889
 325768
 352868
 37551
 864022
 971014
 358096
 602157
 679102
 336593
 848554
 680472
 594501
 127518
 83412
 654755
 804594
 472249
 337778
 391622
 127649
 196418
 797912
 351955
 72026
 162060
 280427
 441738
 556255
 82296
 371720
 178890
 579363
 978567
 283732
 584859
 184511
 322947
 507570
 430306
 760794
 163622
 352650
 126678
 639503
 405854
 893371
 319039
 668334
 54112
 656203
 717063
 299912
 33475
 548827
 562761
 156495
 857406
 656597
 725166
 857350
 486573
 772427
 662713
 738375
 6418
 361792
 0
 417910
 593197
 370349
 904006
 563311
 920731
 899901
 578905
 823590
 34129
 861138
 933477
 877349
 353762
 356501
 911719
 10893
 200317
 429772
 655492
 683754
 838351
 763768
 419808
 420429
 116461
 414248
 57471
 496388
 341204
 265192
 232543
 433307
 673003
 967123
 134853
 840568
 670445
 662672
 249791
 157894
 284883
 968063
 447655
 247891
 901846
 566042
 535564
 201310
 739249
 846259
 611692
 675170
 668689
 774832
 63409
 315734
 120838
 892116
 895727
 99646
 49741
 439128
 720242
 764914
 940706
 991089
 919057
 589743
 604466
 568939
 498953
 661661
 770881
 469482
 606657
 28064
 668274
 474461
 38826
 408833
 737426
 714030
 178399
 967457
 869047
 36351
 308242
 136242
 850914
 643137
 971063
 805128
 100369
 260479
 512427
 237138
 536649
 388549
 769828
 192557
 195075
 419703
 431441
 386162
 955990
 427671
 455552
 880082
 750113
 573689
 540970
 700909
 122779
 162537
 253504
 866804
 68846
 615331
 271039
 977917
 669052
 478751
 264107
 460866
 221295
 11413
 800187
 234879
 685619
 964168
 214172
 584666
 235602
 411663
 278531
 781726
 426065
 951048
 433102
 357826
 723329
 977137
 11638
 771906
 57837
 661879
 23071
 184955
 926515
 627041
 235481
 761209
 689956
 991452
 992756
 732773
 280229
 993309
 370800
 808555
 602666
 109268
 938968
 898985
 57247
 111264
 409224
 580828
 122244
 933267
 507641
 743694
 81520
 920148
 508535
 874551
 739549
 123853
 684982
 360922
 490711
 86472
 71737
 953678
 872767
 897033
 100379
 461038
 826990
 85790
 38139
 848182
 294335
 418790
 996591
 869413
 59044
 51458
 846365
 975661
 529969
 821780
 126383
 521042
 495248
 166856
 26781
 814958
 166555
 365577
 810990
 819023
 599060
 46913
 821305
 990646
 84309
 115876
 575797
 643049
 567765
 834144
 675391
 631918
 589449
 976065
 890000
 286851
 622163
 156474
 952283
 887578
 423487
 786311
 959501
 661709
 245540
 142958
 658034
 83936
 622857
 894974
 241117
 968998
 995433
 990582
 542475
 284746
 35145
 550451
 82021
 551176
 219651
 259501
 721351
 441436
 322953
 378799
 223155
 983269
 836927
 987491
 674782
 149635
 273215
 324147
 521113
 811903
 85223
 280175
 494983
 777895
 731472
 956677
 453109
 259050
 989371
 152924
 345002
 401679
 558282
 531994
 384853
 57350
 751462
 653915
 954684
 965556
 434883
 175356
 701940
 964899
 958074
 546177
 570797
 509420
 466889
 376807
 573002
 54221
 546762
 344307
 729539
 907486
 17718
 526321
 658457
 40764
 579152
 170028
 788235
 766519
 553719
 473983
 412125
 457260
 418244
 80118
 721869
 621227
 147400
 586464
 401326
 370815
 125328
 684002
 163412
 880260
 926568
 962389
 123095
 936671
 754140
 907139
 350985
 991320
 531722
 261538
 414687
 485314
 700211
 509361
 492657
 401665
 819558
 411210
 957694
 795189
 971886
 322283
 642599
 107290
 383564
 79561
 765253
 82228
 103585
 962482
 293135
 292937
 851528
 56912
 600905
 31800
 219505
 452410
 68648
 92229
 768472
 201450
 634850
 813986
 657142
 822641
 671342
 453842
 109677
 566556
 908988
 250904
 620668
 630756
 482349
 541023
 183970
 890579
 987851
 612471
 336210
 324339
 642619
 102069
 418375
 527624
 771653
 954784
 385542
 155259
 832359
 385341
 649799
 86956
 637104
 826350
 338381
 652134
 348392
 240530
 349910
 857417
 464574
 940478
 765001
 943224
 651107
 31072
 280263
 356521
 454341
 235294
 47581
 187851
 234805
 951875
 943343
 952618
 361676
 792457
 349019
 686908
 220310
 995941
 306095
 410994
 423946
 514506
 390156
 938006
 785365
 287669
 755696
 33641
 904409
 68662
 207152
 964661
 174683
 852435
 330935
 539625
 509803
 856205
 18136
 260957
 623318
 90151
 236728
 342614
 863338
 485356
 253425
 967435
 626832
 887730
 747336
 56127
 873873
 641998
 825425
 625004
 576323
 261004
 109210
 921095
 991359
 475433
 115512
 154167
 559816
 449642
 290502
 335931
 224917
 498189
 522973
 34920
 287935
 42176
 534936
 888888
 823303
 169704
 368196
 559612
 929442
 660445
 978300
 924073
 635712
 744060
 679820
 194498
 45328
 576874
 134890
 358928
 206169
 637352
 584484
 655833
 272195
 288074
 553098
 133994
 4310
 695871
 502923
 915270
 817750
 224880
 141725
 813892
 537016
 732537
 598957
 853658
 266607
 387161
 77465
 972007
 686583
 277108
 569625
 18887
 447299
 761659
 8104
 821724
 9177
 461505
 984659
 976143
 11715
 703919
 921850
 496032
 242552
 347312
 95769
 220835
 820684
 568871
 27802
 386495
 81756
 485825
 828473
 706948
 86844
 914975
 756499
 605067
 707670
 802188
 636819
 270181
 233832
 930566
 475109
 31641
 697056
 819509
 590147
 284729
 713757
 392887
 619671
 378347
 924586
 944424
 297639
 675414
 253543
 875518
 814668
 878490
 271030
 11560
 492284
 436901
 432697
 710650
 444606
 836110
 555111
 861521
 345700
 717051
 162507
 173039
 117230
 649408
 997179
 387128
 97658
 137060
 28574
 154667
 230044
 628425
 341894
 555764
 471705
 208192
 893635
 284582
 75630
 694744
 443564
 201114
 964433
 517733
 397038
 192474
 678263
 393277
 605349
 86048
 366539
 742701
 510487
 265726
 184234
 702919
 28526
 142904
 261031
 122644
 905521
 788871
 956030
 27838
 991348
 280865
 97246
 355149
 199313
 133178
 34159
 829937
 294238
 913140
 500000
 329886
 311218
 704266
 158135
 851717
 919985
 141646
 728812
 808535
 496447
 216807
 358466
 120413
 591402
 146777
 416864
 40623
 424947
 30796
 180932
 865654
 455077
 917589
 777716
 269451
 933210
 710087
 644035
 686541
 748148
 780398
 263565
 142746
 640910
 908467
 338624
 241171
 719581
 827868
 985801
 105930
 904934
 720574
 121996
 680145
 644086
 344787
 882505
 736972
 343657
 497670
 730531
 933656
 209700
 980729
 216578
 97478
 677590
 561834
 932541
 560121
 347947
 69693
 939491
 41107
 119059
 103147
 904589
 745003
 467108
 570938
 955041
 864454
 814717
 857263
 890885
 513790
 299641
 363851
 149018
 819383
 856286
 961926
 639910
 343003
 684931
 162459
 595152
 427136
 696192
 623468
 516870
 65581
 6954
 274942
 980751
 618919
 573684
 373255
 720058
 651822
 885950
 823431
 453287
 805784
 202918
 976399
 880910
 971526
 417005
 855555
 132688
 294290
 459284
 878304
 640240
 680816
 129868
 444970
 76319
 241111
 566023
 340982
 602633
 201565
 589812
 311300
 265885
 402032
 983914
 694749
 733316
 502439
 277533
 208130
 649895
 484276
 419588
 438686
 753394
 988487
 379442
 343598
 373630
 806711
 224792
 935836
 667477
 231719
 314882
 202882
 802675
 472429
 471335
 642758
 150747
 611272
 119429
 584439
 745818
 152137
 95105
 262413
 925035
 711808
 767611
 960664
 332382
 431018
 708566
 350786
 899300
 608575
 561122
 813494
 385005
 943434
 300569
 358688
 868937
 157056
 792023
 58589
 472353
 665279
 646918
 792945
 503271
 974264
 273916
 730630
 930326
 991029
 408712
 294386
 325543
 21022
 940653
 649681
 212368
 413064
 590929
 252192
 265987
 619238
 751948
 340344
 220918
 430363
 43255
 397166
 548162
 953488
 570391
 917129
 830157
 637831
 406054
 170415
 782608
 1917
 204532
 479441
 184611
 855838
 538873
 373292
 928702
 947980
 289539
 90909
 106878
 919748
 538282
 864436
 510561
 347571
 846591
 650418
 795884
 659095
 414634
 481233
 997870
 710891
 730921
 949268
 170775
 361223
 500431
 864924
 767137
 543520
 300529
 399036
 204081
 288146
 230158
 523690
 0
 465977
 505271
 166666
 343095
 115840
 163575
 30390
 225615
 131402
 135839
 310815
 9720
 963032
 561420
 243212
 913492
 484692
 900900
 629276
 304250
 597473
 349388
 30564
 170463
 102675
 729009
 521741
 330483
 691066
 803288
 134015
 160589
 949338
 568664
 587056
 568673
 920331
 425381
 664299
 544713
 164606
 393150
 691124
 618187
 740540
 974327
 675409
 402134
 706233
 19082
 521722
 450251
 196689
 248586
 83916
 205314
 133750
 785837
 805168
 724883
 733333
 544245
 271423
 890799
 840492
 854852
 305954
 24936
 787805
 761037
 104761
 455406
 308620
 543855
 942345
 856058
 973120
 603001
 636158
 365512
 161920
 29320
 145262
 26490
 197948
 714479
 773831
 854545
 833882
 251598
 940293
 527339
 677893
 555647
 656451
 603875
 669462
 442724
 270557
 789242
 440165
 159259
 876848
 593301
 435510
 394
 826637
 880202
 735288
 840974
 699546
 557690
 186615
 402060
 526036
 760386
 112863
 299173
 8434
 145049
 762415
 474378
 495867
 603937
 207845
 929760
 905476
 253263
 323107
 325322
 943689
 363481
 96696
 534567
 157483
 16637
 817629
 685461
 304383
 217090
 802371
 971188
 761483
 179610
 313618
 801936
 458027
 333801
 87198
 17948
 319084
 990306
 112205
 40427
 71424
 90540
 815326
 87763
 143186
 486915
 764647
 3413
 626533
 819514
 137971
 56782
 677
 358568
 906787
 204616
 889319
 444539
 358107
 322941
 575210
 337698
 654679
 76630
 58430
 155071
 795160
 575999
 231895
 657620
 649573
 141855
 493852
 194875
 535875
 52061
 971085
 941688
 358974
 68903
 519447
 780363
 945566
 72233
 449083
 12373
 663903
 355832
 854258
 161286
 223880
 118078
 720203
 732318
 788156
 807909
 661184
 186807
 57851
 479800
 380295
 369262
 731746
 308607
 39920
 436254
 772079
 508272
 841126
 809185
 206536
 674315
 979998
 857929
 474349
 697214
 422343
 829420
 192304
 693412
 571680
 34958
 309122
 680745
 257776
 596336
 227633
 991596
 932491
 80595
 827498
 416904
 287959
 442304
 19684
 391194
 134419
 828337
 757710
 198979
 953480
 708644
 969019
 197441
 823641
 386963
 914561
 524945
 252768
 36036
 115373
 515524
 611924
 353594
 208593
 176807
 678210
 928854
 71101
 96935
 758103
 729867
 432204
 440032
 943740
 545226
 474188
 283147
 756060
 479876
 854947
 922421
 878899
 917523
 449781
 630264
 730838
 27978
 9518
 38874
 391967
 277644
 826587
 773312
 795695
 516106
 703065
 500643
 678247
 33649
 216494
 896885
 952376
 814547
 549509
 345915
 420121
 886275
 44619
 799572
 558929
 823906
 898263
 758034
 680070
 659574
 390346
 438583
 79151
 75850
 201590
 180874
 991724
 348360
 913043
 806870
 375121
 374554
 760930
 557124
 790613
 639400
 885300
 156834
 566871
 464668
 541619
 633617
 46335
 968325
 422362
 536831
 464606
 71407
 988091
 233997
 957012
 821656
 594489
 612957
 773988
 535432
 343536
 707647
 449725
 342571
 143804
 828184
 699707
 295063
 169298
 800899
 599162
 0
 591436
 330004
 73806
 47352
 128551
 351274
 697910
 634046
 195564
 844619
 972789
 896841
 96786
 872792
 882924
 281647
 901086
 2570
 79394
 690339
 233546
 850327
 811681
 758335
 872409
 627520
 856783
 844798
 664449
 12093
 733134
 469091
 211634
 44902
 900385
 20055
 490941
 174271
 293695
 319532
 825784
 472738
 458186
 120792
 206475
 182547
 806451
 356229
 724472
 65793
 511997
 587650
 252432
 942116
 214629
 683799
 943163
 162082
 308637
 735403
 898229
 275399
 303178
 486466
 354134
 48988
 318587
 125564
 933458
 640046
 169458
 666689
 791720
 313188
 693875
 775884
 83743
 72361
 614725
 792973
 270522
 632858
 96632
 738901
 784205
 846355
 292055
 682269
 909414
 323691
 978578
 651016
 380136
 736005
 675752
 922262
 880933
 546983
 241715
 907865
 703656
 0
 669257
 230329
 367539
 508445
 874972
 686241
 461158
 536988
 415380
 936062
 259530
 32949
 161776
 430779
 257654
 704530
 577132
 686687
 801530
 831255
 107041
 492029
 801718
 726439
 419662
 939670
 985696
 655560
 413660
 284130
 145634
 222166
 403828
 165232
 50108
 954825
 266716
 815170
 232530
 303508
 171131
 34863
 416495
 471482
 218790
 608611
 970218
 138851
 663372
 479189
 148634
 540945
 0
 600083
 35616
 65293
 311428
 575445
 343045
 831359
 393971
 703391
 788680
 23506
 968610
 247538
 938567
 67315
 51263
 925342
 138461
 53756
 328555
 392564
 817985
 562984
 262380
 585228
 781860
 335187
 774974
 952399
 673469
 667025
 468016
 123060
 472335
 534064
 638503
 409844
 77121
 760821
 117922
 192082
 375046
 881167
 572775
 454428
 320433
 362043
 870787
 471397
 296449
 875834
 60203
 512546
 747401
 598786
 863965
 460284
 581699
 103126
 684388
 417582
 609609
 270076
 303622
 244527
 207217
 851240
 764275
 319407
 862675
 773058
 199714
 368045
 605435
 822715
 841899
 781717
 766275
 727525
 764959
 242269
 161633
 175804
 573444
 349074
 332345
 566811
 930513
 419116
 487895
 614038
 124764
 166384
 580666
 250618
 643564
 655445
 912927
 167416
 941618
 188841
 806222
 669259
 612509
 253081
 781250
 504822
 157536
 229654
 571658
 152770
 249451
 64415
 125341
 370750
 246307
 637050
 369376
 779204
 191697
 52468
 312775
 351484
 815314
 744678
 49763
 256851
 240846
 650963
 396144
 452580
 101744
 21162
 536978
 119141
 909755
 361013
 568765
 770129
 625777
 290179
 896421
 683393
 518323
 894157
 945348
 320097
 170052
 399649
 61039
 62691
 802989
 181869
 652520
 166697
 220737
 973493
 625469
 34745
 781988
 150261
 529889
 947242
 23981
 758166
 830074
 445662
 785066
 389233
 195466
 324116
 258853
 869718
 250837
 604166
 675612
 0
 728837
 187002
 230073
 542667
 574830
 785529
 824561
 611812
 53652
 120108
 979149
 726587
 375451
 525984
 588670
 600411
 171537
 807337
 906646
 602033
 285737
 797342
 530559
 285849
 245446
 862827
 877348
 31524
 1769
 816554
 778978
 929617
 475134
 756219
 697430
 326599
 971114
 172064
 447579
 286463
 965767
 351506
 746794
 136608
 773584
 550085
 538539
 430282
 850720
 751999
 457230
 992125
 469879
 773179
 853209
 74800
 914191
 143433
 221167
 145478
 156917
 661417
 22524
 508861
 381018
 162544
 60961
 17775
 609674
 488977
 187737
 342707
 994226
 734126
 675789
 782056
 626814
 999242
 628937
 478320
 760302
 103512
 975233
 478601
 911158
 710388
 994133
 199501
 70588
 669525
 220011
 667681
 811113
 952058
 234099
 377114
 344123
 995834
 703929
 883713
 157184
 706115
 917616
 341860
 103956
 241608
 883976
 890301
 740226
 219770
 911787
 872383
 899246
 350478
 631458
 987234
 858245
 889366
 576499
 277777
 939949
 82691
 166118
 777576
 178057
 430695
 65803
 963749
 629142
 532521
 160127
 218760
 895679
 689620
 653433
 704188
 713424
 755608
 252452
 692277
 958963
 688961
 963324
 818488
 458889
 17075
 150853
 966729
 639800
 787684
 88186
 938920
 786866
 558840
 721533
 8508
 690909
 716502
 421478
 499377
 274245
 234347
 762730
 36009
 529953
 687933
 24066
 694915
 554067
 887422
 488328
 347123
 97626
 968346
 723982
 252200
 503506
 178415
 230769
 589225
 609335
 552174
 772158
 268760
 140741
 678549
 415075
 772357
 22329
 262630
 500786
 360864
 367272
 57460
 946138
 219744
 713344
 453445
 340665
 862271
 188598
 242964
 995786
 880866
 964304
 148558
 649276
 106286
 808835
 450456
 975492
 597518
 571229
 591416
 433773
 533333
 281656
 130174
 888489
 533612
 361445
 631158
 407098
 924819
 772243
 700874
 758581
 914178
 947780
 561108
 379120
 730887
 195164
 109422
 780176
 738564
 631725
 925280
 381894
 316907
 455742
 97762
 316756
 219158
 231327
 802225
 473053
 23774
 640797
 912560
 575213
 442806
 921887
 41570
 838802
 570091
 160548
 213265
 170016
 287780
 943100
 471835
 893176
 229135
 584703
 271366
 374741
 310080
 27854
 973567
 264114
 801669
 401645
 172482
 880991
 573333
 527777
 498252
 351192
 31341
 815417
 863033
 108605
 43871
 443860
 295416
 863135
 152463
 115637
 555555
 327169
 862978
 97017
 508728
 123870
 136459
 842815
 116276
 741210
 384607
 375454
 71726
 273631
 841194
 37499
 335119
 221312
 470839
 698412
 929391
 510952
 297079
 203522
 952618
 970394
 128247
 16934
 902439
 189828
 67546
 197365
 9852
 909537
 193307
 865948
 518054
 993204
 714168
 613138
 532269
 319243
 218801
 753031
 106108
 884761
 924162
 877192
 302924
 494761
 197307
 995043
 147041
 913402
 314652
 438108
 896860
 182203
 846153
 925123
 407970
 230394
 716823
 195447
 998712
 708825
 106504
 333116
 898484
 570877
 478399
 818129
 55900
 991341
 912686
 441986
 975229
 829647
 788171
 976553
 548571
 759541
 503180
 882541
 41641
 573655
 519445
 151633
 136842
 498229
 803937
 857525
 63949
 819695
 513938
 585424
 829947
 412684
 229830
 597025
 192462
 646004
 819327
 309584
 491191
 786377
 857516
 475079
 814070
 427181
 453741
 287444
 271769
 87809
 43478
 15982
 308203
 507344
 936918
 729419
 272053
 164305
 797751
 696093
 154185
 580562
 304247
 874285
 848758
 111199
 284336
 913063
 334322
 788386
 621581
 248050
 119736
 915226
 611286
 323294
 359492
 444238
 762437
 527559
 490984
 742857
 894941
 633412
 560449
 410620
 676086
 727224
 319448
 19886
 751806
 901009
 479383
 51484
 971021
 919119
 497565
 647850
 714410
 5228
 46781
 955412
 698596
 929129
 523954
 587575
 149854
 954703
 528135
 178154
 326282
 628977
 313050
 296637
 2963
 748768
 98169
 732848
 464871
 349136
 37465
 792549
 416244
 60141
 611458
 887911
 617139
 526410
 876015
 878966
 717523
 871014
 709051
 221878
 753810
 354618
 22767
 281031
 313924
 562553
 548924
 388942
 596092
 151355
 618341
 92751
 982364
 859787
 54380
 84337
 221459
 466370
 868555
 937271
 690326
 574257
 66330
 710441
 396575
 368866
 958804
 901530
 99398
 640597
 269901
 986636
 502470
 751308
 988140
 390929
 284255
 565240
 706289
 861386
 836618
 318038
 116895
 801415
 168185
 79722
 628491
 461366
 66773
 102950
 474844
 884711
 460972
 162616
 729477
 600873
 703935
 649472
 9067
 291200
 160728
 135112
 122053
 222520
 50845
 304294
 541982
 256490
 809550
 684765
 403986
 268292
 480668
 222255
 453673
 728054
 70758
 249665
 73803
 815870
 972906
 616532
 468993
 420140
 75980
 935798
 563392
 779236
 711350
 199395
 442742
 692995
 997176
 940868
 659838
 882716
 674039
 643598
 774967
 312772
 464285
 207289
 770083
 134872
 149687
 320220
 885087
 99253
 806984
 319963
 614057
 59979
 870247
 710871
 959038
 150395
 810337
 736559
 405034
 363521
 861271
 507982
 715289
 446250
 710636
 309433
 502125
 387574
 233352
 631224
 788365
 325130
 833414
 898864
 446255
 481568
 923632
 530095
 743061
 600254
 385277
 396702
 896480
 852652
 850267
 878211
 57566
 115894
 495062
 333333
 877811
 436733
 226732
 519116
 306122
 209206
 648014
 678592
 70206
 158630
 936074
 319160
 26539
 554865
 781799
 497797
 68310
 9029
 713376
 440818
 957876
 8181
 880826
 539146
 323211
 931730
 193956
 215512
 920109
 524637
 498763
 559497
 998132
 22268
 127053
 921467
 478341
 192181
 200671
 817784
 232786
 184537
 31698
 928615
 170804
 491867
 990424
 213089
 723093
 241791
 652711
 889135
 968713
 373115
 651956
 872591
 366259
 245933
 889391
 466582
 563876
 866845
 94074
 686460
 12164
 202352
 786469
 541493
 766323
 196164
 169188
 692094
 64497
 155490
 891381
 756321
 226470
 84579
 299686
 649863
 744270
 115400
 510823
 187155
 544714
 751712
 332381
 738058
 405495
 608241
 330745
 286676
 814150
 608479
 600446
 690617
 472527
 592757
 211489
 429489
 160387
 412376
 174039
 911778
 6850
 574413
 903262
 512890
 352964
 875939
 425326
 853450
 352451
 223376
 682101
 641779
 504717
 657926
 316192
 836383
 80469
 497798
 621397
 457782
 356357
 487588
 102043
 215404
 108573
 351321
 907110
 975733
 252614
 472991
 369269
 51417
 399912
 23255
 707782
 74449
 936804
 215875
 49660
 821786
 393189
 409921
 111965
 33005
 384441
 962580
 55045
 941775
 899420
 533947
 834354
 839983
 91169
 982547
 434385
 461354
 868230
 580824
 385818
 951522
 75321
 818833
 914076
 641342
 711947
 103362
 517176
 570077
 999853
 329073
 634233
 431532
 53492
 224848
 376596
 562903
 295015
 676286
 951060
 518852
 488607
 363654
 638571
 190583
 745222
 405959
 532347
 242720
 377300
 554121
 219750
 203501
 137671
 673525
 788163
 355048
 496846
 538697
 753120
 105813
 835963
 801009
 663437
 523129
 248226
 345271
 109315
 985692
 570851
 910223
 139534
 141640
 271256
 730718
 470251
 47490
 550599
 34254
 341152
 875891
 935979
 311328
 517107
 115566
 182372
 458278
 294214
 699842
 106048
 649414
 998310
 303314
 181988
 27953
 178016
 924750
 992457
 241554
 901470
 987350
 175270
 946064
 479251
 2228
 763704
 814621
 105478
 772897
 7592
 264836
 794917
 887206
 844094
 428387
 32882
 487848
 811272
 378427
 925786
 183516
 631300
 427189
 963937
 477947
 954180
 62049
 873096
 979178
 662753
 725132
 882151
 823376
 901098
 641395
 19246
 60327
 105816
 589208
 644597
 48618
 526616
 38610
 385884
 360058
 273378
 377505
 54491
 587523
 824791
 420587
 914297
 61360
 806919
 120739
 838100
 599408
 454317
 957109
 410272
 490164
 495611
 187613
 643746
 676739
 774418
 272476
 376290
 200339
 230184
 287659
 239369
 423310
 777163
 456996
 451519
 674056
 98274
 864864
 317478
 990555
 825638
 125408
 96339
 541763
 418522
 343432
 660228
 560700
 776445
 833333
 922806
 263755
 879702
 730202
 810902
 528805
 296342
 212230
 182184
 957446
 425560
 714966
 995381
 983085
 536907
 108486
 117478
 711864
 910960
 918918
 565499
 411050
 232068
 626072
 115879
 889140
 931203
 662869
 258550
 533902
 115381
 85755
 513951
 569414
 703862
 887591
 543772
 621391
 374273
 866221
 255936
 398212
 161273
 778315
 205375
 334770
 94803
 197003
 75846
 842372
 954343
 505523
 529391
 782242
 263926
 175637
 880265
 196094
 814546
 785686
 656885
 118187
 17859
 319938
 24999
 710861
 442237
 710410
 794801
 607528
 638279
 235702
 241622
 717405
 194353
 764864
 379014
 902711
 872806
 164382
 966386
 504436
 880841
 144729
 832556
 128060
 583666
 132943
 920127
 98838
 826003
 749718
 919188
 40510
 759513
 807943
 828433
 998153
 920247
 861329
 825889
 313957
 980512
 300540
 999913
 394126
 754054
 33799
 34843
 108415
 6624
 688996
 29301
 217496
 346878
 685203
 289237
 574044
 300492
 920019
 400868
 900990
 106740
 754851
 48095
 582159
 508438
 536585
 412135
 14582
 87870
 173157
 501359
 269036
 495167
 882064
 466098
 893369
 707070
 269801
 793298
 689221
 374816
 418738
 722229
 432706
 800054
 956474
 542267
 612512
 339610
 641554
 898282
 52369
 643083
 389628
 652779
 342455
 0
 864367
 341010
 869565
 298020
 937124
 937984
 213598
 950516
 929502
 209567
 118459
 60482
 331463
 844230
 623838
 999240
 264570
 52664
 805453
 140792
 763996
 899108
 742994
 55749
 95238
 744940
 376217
 176913
 257396
 86612
 88269
 318345
 461456
 939362
 288761
 148559
 855082
 778697
 501624
 362324
 173655
 854158
 824466
 640444
 798813
 554923
 722687
 236352
 307061
 995451
 833062
 394597
 498550
 415940
 518972
 494439
 841842
 533110
 945271
 4524
 524035
 472596
 668041
 270270
 866439
 493313
 750467
 141085
 400730
 791832
 485979
 805248
 62496
 857142
 373574
 193195
 111352
 191137
 80957
 275229
 245431
 188770
 632124
 937887
 244217
 43686
 225539
 643314
 391159
 74074
 818662
 15497
 937905
 913110
 164755
 380354
 670756
 877531
 583324
 527441
 593947
 159827
 922074
 261447
 66262
 48438
 793554
 392771
 416970
 34504
 106877
 980943
 141256
 148453
 116166
 92111
 339261
 311647
 411107
 619252
 185942
 284217
 960183
 14433
 514588
 478478
 673354
 695188
 954841
 381443
 42886
 994298
 181396
 736728
 327697
 117872
 444673
 358571
 57565
 430986
 14378
 90762
 694346
 242606
 887120
 392388
 723056
 368357
 467483
 790484
 769509
 981170
 577882
 367088
 917211
 632427
 868756
 117263
 241573
 54573
 192796
 845602
 376913
 157380
 195322
 946882
 914283
 750416
 611197
 998207
 10589
 909972
 398977
 611175
 865976
 301023
 374015
 12875
 493631
 385294
 945912
 66760
 484978
 748082
 134636
 832402
 414947
 782608
 247004
 713965
 872933
 681542
 223408
 772771
 793748
 711852
 730519
 563753
 433789
 615343
 237449
 321656
 106264
 465631
 671929
 872410
 925091
 733565
 113298
 934848
 216490
 167384
 923061
 383408
 581238
 153496
 541303
 129485
 429017
 752768
 460253
 28189
 756222
 375772
 528414
 483230
 375010
 813602
 998114
 447811
 141848
 692266
 119812
 562705
 729784
 342479
 781147
 816306
 919040
 1620
 918867
 74402
 839236
 861574
 542792
 653625
 223533
 950000
 5572
 546333
 117544
 393700
 855029
 952027
 643841
 41686
 383512
 359874
 474523
 519050
 474308
 321169
 415718
 247734
 987321
 343055
 632204
 409907
 165960
 953515
 644859
 812762
 209972
 462708
 799946
 571807
 347675
 196064
 923778
 172241
 898288
 44383
 389503
 790298
 997736
 843041
 1064
 713375
 604826
 654887
 234063
 767051
 49935
 717001
 62171
 10032
 976778
 629179
 159011
 972274
 479985
 292682
 54378
 460766
 492890
 414965
 303225
 922538
 543868
 770732
 818477
 578935
 425343
 271084
 547123
 143357
 731178
 975691
 308855
 803688
 353293
 388283
 854584
 727107
 178024
 653231
 618249
 153147
 932005
 637777
 423369
 600987
 458333
 535919
 548423
 547023
 88862
 376599
 112676
 510860
 290932
 460592
 237075
 471705
 80676
 573333
 766848
 161923
 946122
 934744
 731062
 110972
 308418
 502936
 243279
 660183
 516054
 70484
 768548
 242490
 801991
 937848
 224235
 693983
 66575
 78431
 817960
 750516
 184507
 113449
 422576
 276075
 250577
 318610
 505365
 488390
 982279
 836707
 583214
 733852
 588427
 411221
 192853
 793783
 316360
 823264
 943556
 286977
 309963
 843914
 571759
 201550
 225032
 621101
 145712
 499316
 679362
 730278
 522382
 190454
 105419
 557476
 705514
 340298
 922231
 526057
 902288
 242361
 670339
 419946
 967352
 840251
 396020
 524647
 967854
 861470
 925248
 553605
 43926
 483648
 641269
 71596
 897180
 805384
 41357
 791710
 510828
 687517
 810647
 377093
 751412
 225198
 239354
 225183
 15746
 766608
 148212
 326154
 5075
 505103
 278386
 951293
 886581
 243453
 449884
 70201
 878216
 57719
 222093
 299837
 608469
 684381
 22353
 37814
 595850
 271444
 492635
 577728
 390243
 289584
 340231
 817554
 376492
 273560
 500562
 251519
 712818
 732187
 654812
 656616
 762419
 28644
 153153
 289110
 205821
 932633
 705516
 487650
 376743
 285082
 183776
 463424
 393920
 100201
 706996
 383173
 825199
 601379
 219591
 566563
 922207
 776361
 469273
 769741
 536358
 400460
 667694
 778625
 128577
 212507
 82445
 136307
 957420
 399999
 109373
 996150
 551724
 992686
 846291
 804606
 127910
 157459
 749142
 166156
 420108
 349693
 995000
 100772
 0
 524492
 367201
 173913
 898734
 175000
 77257
 875176
 780577
 244454
 406466
 432128
 391753
 789109
 106811
 292191
 607569
 854515
 81600
 249893
 745667
 291079
 346358
 80848
 889872
 15971
 464555
 112855
 646001
 662504
 884533
 591930
 301707
 88685
 312626
 273014
 56543
 319482
 484183
 231033
 159496
 132228
 39264
 438188
 583934
 498661
 192481
 316027
 850746
 142064
 655205
 99560
 684300
 751430
 510366
 591397
 465422
 514802
 553459
 254881
 576626
 744549
 422365
 517985
 490332
 751803
 153952
 256958
 848124
 358951
 782804
 509332
 914742
 878070
 494744
 748822
 274745
 350150
 535333
 706976
 138299
 195133
 840590
 314917
 580229
 690248
 810126
 752550
 169663
 803258
 763733
 899797
 304600
 776820
 76162
 955879
 269115
 352139
 626937
 957289
 67273
 174081
 49789
 705160
 94913
 634854
 63063
 420023
 222828
 753309
 875835
 150579
 941954
 506493
 559758
 112469
 254519
 844901
 329442
 900763
 432312
 761758
 488913
 190133
 152412
 411233
 494377
 380837
 178533
 631732
 655900
 96927
 178403
 247271
 233379
 211995
 918765
 689909
 53183
 760436
 267836
 379310
 299913
 584209
 158003
 942307
 670937
 406995
 548737
 130913
 755287
 16711
 691684
 415062
 346959
 111223
 317991
 548255
 592553
 183619
 214949
 956701
 298034
 77420
 213137
 424258
 313104
 32540
 417122
 480415
 291623
 345379
 640585
 203316
 358615
 697955
 24336
 619348
 386195
 183495
 641715
 536253
 825521
 585983
 197710
 77511
 177261
 878465
 892544
 793782
 390444
 791171
 968080
 268334
 877789
 718671
 78717
 603044
 91206
 39950
 71074
 205248
 231939
 63154
 98856
 427941
 512000
 138273
 440934
 316134
 837135
 641749
 837812
 256548
 896565
 312199
 429687
 74862
 858659
 571692
 423152
 331385
 258946
 951585
 802348
 849286
 281611
 424514
 873589
 417457
 176194
 186216
 61627
 171067
 189748
 892192
 671546
 44340
 920651
 993488
 27250
 238270
 29890
 27741
 230671
 411187
 228239
 207493
 310539
 827911
 58716
 469308
 418808
 935194
 824957
 507593
 834144
 122033
 664846
 988625
 418031
 912243
 351023
 113170
 212159
 177372
 528648
 13879
 207646
 400906
 542051
 760276
 855387
 598838
 612594
 927868
 632044
 813289
 142135
 812480
 211153
 774213
 81728
 25694
 346673
 375432
 798918
 561656
 609695
 891956
 505606
 193091
 496868
 152223
 620928
 336971
 196050
 182334
 13629
 474683
 264289
 211424
 545844
 810643
 924342
 668457
 722696
 344837
 270463
 898466
 375607
 400625
 361093
 15950
 767225
 176515
 698992
 560836
 733944
 890974
 489913
 682398
 175429
 693874
 184951
 100341
 947552
 551991
 787575
 579228
 682503
 453356
 776961
 893736
 286751
 792386
 858625
 497083
 757092
 775952
 705219
 474253
 814252
 743718
 477927
 797910
 168348
 426800
 323275
 675194
 97236
 673806
 40933
 896104
 474004
 564635
 106921
 335852
 651578
 233962
 104610
 83980
 961047
 341510
 464239
 935375
 488287
 140480
 812629
 637770
 914695
 131826
 301874
 225352
 107708
 799371
 907097
 439331
 534138
 644221
 783437
 21357
 237337
 227893
 367364
 134861
 98737
 809977
 284205
 603732
 490699
 638762
 43059
 329217
 774351
 757872
 863417
 861146
 551234
 434727
 854870
 455961
 466334
 780332
 63211
 21907
 600792
 992848
 61175
 661670
 410166
 243549
 652173
 425782
 92977
 445926
 277742
 978257
 86893
 509586
 561249
 168185
 411641
 540540
 651770
 662180
 987193
 501256
 453173
 932847
 141925
 804437
 480615
 892427
 658826
 153461
 610501
 13774
 622206
 867924
 359442
 174216
 146715
 328523
 51055
 193796
 303727
 856336
 205128
 853817
 76811
 484791
 892831
 383198
 801587
 176839
 815418
 60869
 240455
 191228
 733116
 838644
 675663
 5109
 51655
 912760
 49567
 450172
 988638
 369117
 721467
 374507
 126980
 958368
 580072
 169878
 367405
 116504
 850447
 814843
 309192
 584442
 688155
 782027
 229395
 910550
 579445
 665847
 932461
 432521
 179894
 421331
 232638
 141145
 636363
 293384
 190206
 710982
 957407
 740628
 962027
 293027
 724672
 269908
 656265
 434189
 816023
 762366
 128221
 121753
 633395
 521379
 454253
 384565
 618210
 825369
 205486
 626652
 670597
 986889
 750087
 784588
 767249
 695031
 887902
 13967
 897458
 837913
 7165
 619703
 197171
 996472
 629174
 500366
 880277
 331518
 655899
 455998
 425835
 513866
 604821
 868349
 65224
 46259
 411149
 918781
 853520
 776034
 585697
 952540
 115453
 718042
 13083
 998577
 98885
 49815
 230592
 459627
 837649
 916417
 256049
 423789
 561822
 821405
 843750
 435903
 302507
 375269
 937905
 513596
 937768
 462709
 720091
 273594
 25171
 267698
 258153
 655152
 363785
 659192
 503868
 891898
 375414
 778309
 304464
 666630
 355008
 181599
 637747
 524137
 704933
 738912
 303939
 526038
 190192
 114943
 431744
 738022
 973333
 609274
 980230
 655474
 327675
 26787
 29486
 596505
 878889
 65643
 702908
 341210
 458390
 919837
 706561
 412655
 677028
 501515
 667339
 692225
 783992
 864864
 434599
 413587
 867115
 560553
 520623
 679357
 97680
 699808
 784603
 384793
 579964
 881328
 621245
 149058
 38316
 665660
 507809
 150163
 680239
 427284
 880843
 329562
 514938
 749358
 33902
 516871
 177367
 865628
 464251
 96670
 326216
 415472
 103906
 746360
 648622
 807587
 642967
 399773
 819189
 753206
 876699
 541391
 180904
 821102
 133724
 392468
 603036
 895085
 321100
 784229
 384789
 860931
 836198
 379291
 986005
 441278
 725230
 955046
 498798
 238128
 435134
 435590
 294398
 255570
 925634
 814064
 179286
 19490
 780403
 945489
 61479
 909035
 450437
 665399
 759651
 581677
 327627
 773827
 521753
 554396
 175812
 831156
 490909
 150439
 412798
 545869
 846310
 420448
 93908
 741527
 472562
 48644
 850777
 423455
 83393
 948164
 977934
 783981
 546715
 673585
 765108
 425413
 78537
 934544
 573718
 827126
 289889
 494291
 641546
 659220
 595662
 166919
 518384
 265330
 713193
 314049
 952586
 460541
 845688
 718717
 725545
 526938
 240574
 816058
 551709
 439567
 189843
 912048
 456796
 213651
 288695
 296383
 162136
 959914
 408945
 505023
 358685
 77269
 217223
 490254
 624431
 924050
 207298
 174089
 291410
 482216
 115620
 375339
 719720
 81900
 392273
 184339
 630050
 373158
 605744
 378421
 896956
 656626
 636520
 914770
 897755
 493113
 633788
 713322
 915099
 225297
 895510
 697029
 895470
 553633
 394419
 279278
 522882
 594041
 874015
 549893
 989069
 484087
 819133
 735260
 789973
 302738
 81178
 729912
 295867
 776536
 698747
 948967
 7671
 227794
 806171
 484361
 31038
 304237
 768613
 995859
 451473
 12751
 471294
 871111
 693102
 770645
 372854
 913663
 503452
 105038
 504875
 91503
 71042
 641019
 900180
 960784
 538915
 668965
 135365
 536585
 527046
 699589
 935983
 177008
 68862
 255785
 765843
 384615
 9479
 547328
 837248
 197362
 270784
 552595
 559717
 102834
 653847
 15129
 581586
 585641
 253647
 685989
 932019
 770697
 554216
 323297
 377599
 891411
 975604
 821565
 356315
 720711
 125910
 848389
 619745
 491280
 97465
 5370
 662863
 29789
 295164
 842975
 811511
 611517
 47295
 178190
 157232
 188118
 442845
 631370
 152493
 378942
 616696
 480786
 145212
 66728
 109776
 238901
 109798
 502468
 111979
 110407
 258241
 935695
 135694
 857711
 881155
 837255
 269752
 113279
 965079
 439560
 780477
 458612
 615322
 392405
 474161
 984120
 60606
 999056
 45726
 844127
 561752
 396565
 739789
 476591
 957363
 44595
 923819
 915264
 650375
 738934
 804532
 567443
 416815
 578724
 187699
 765131
 699800
 243400
 682842
 529960
 688486
 603371
 896844
 106947
 933747
 579171
 130574
 961592
 401615
 522552
 393893
 11923
 192425
 464833
 467370
 623100
 107692
 832310
 552519
 634223
 762471
 373902
 292446
 830191
 416114
 67971
 405940
 726554
 548456
 181597
 468479
 315200
 579569
 383619
 851867
 691099
 69382
 75427
 325198
 997376
 176435
 348867
 479580
 323395
 147924
 969072
 357375
 747043
 875275
 647188
 857348
 742625
 19859
 219860
 896637
 845927
 247177
 641029
 964523
 905193
 286658
 47679
 90317
 557456
 387096
 487849
 312937
 709191
 108000
 256931
 497289
 289971
 871626
 233039
 350026
 356354
 394211
 342657
 905198
 887112
 447111
 206210
 351083
 363639
 368521
 880724
 76279
 582368
 128324
 892626
 846666
 869948
 140771
 588040
 541008
 292993
 597164
 559517
 802913
 411141
 280802
 880034
 47866
 582570
 692838
 774073
 879402
 175665
 952016
 41602
 197981
 775206
 267269
 700744
 336372
 793383
 763940
 59574
 739029
 47763
 873888
 50717
 745885
 513184
 73147
 898358
 799425
 675916
 708434
 645203
 252734
 683333
 255355
 274688
 626297
 741625
 571878
 141783
 716889
 861117
 557251
 567303
 503988
 902087
 518737
 470514
 422025
 185634
 870683
 894910
 847937
 439311
 650864
 695364
 928647
 301909
 656059
 552934
 192982
 434711
 271413
 686099
 401016
 424951
 76891
 344069
 181250
 33220
 267082
 295180
 194224
 721285
 8902
 728604
 949920
 827420
 216901
 561248
 801598
 571984
 239207
 433536
 714285
 328346
 316368
 756345
 179172
 952013
 132660
 763659
 249376
 765638
 460714
 286436
 133333
 2097
 217075
 397674
 906303
 652553
 742233
 566918
 593575
 612776
 662998
 395557
 54072
 149004
 67202
 815825
 280177
 983535
 220639
 542787
 885943
 948197
 543408
 625797
 362560
 936819
 968950
 453307
 39486
 289855
 681133
 235679
 5976
 816956
 803018
 751653
 86793
 285044
 32177
 344262
 47058
 879966
 435021
 651176
 523395
 80673
 747474
 899595
 13833
 138013
 974302
 768807
 887428
 203190
 790668
 328643
 71890
 388024
 624391
 655727
 352716
 974817
 260215
 374936
 688892
 174923
 903160
 265609
 508488
 393442
 467680
 980716
 122162
 340458
 758096
 847122
 689212
 935766
 522673
 476777
 520241
 212938
 747456
 719179
 966584
 441832
 881506
 368260
 153008
 584261
 447513
 477397
 860666
 171274
 683870
 484887
 693430
 66650
 272737
 560279
 50814
 471759
 970833
 453803
 627623
 692688
 400875
 43952
 782779
 535108
 605590
 966402
 109608
 795826
 427735
 23011
 402588
 455600
 836641
 279999
 667906
 835277
 94422
 856931
 104345
 623411
 702457
 552528
 38753
 695819
 36446
 253542
 339913
 937982
 864609
 939738
 458278
 59170
 500280
 459426
 404014
 909598
 892530
 949494
 439913
 500000
 204678
 596645
 807438
 877128
 970373
 916530
 152259
 136909
 77646
 513816
 484530
 130735
 611015
 682994
 459096
 977392
 176470
 365938
 546075
 322721
 52877
 934439
 183973
 753984
 334318
 656571
 822574
 640378
 852173
 649837
 683456
 681955
 79751
 639238
 773004
 418604
 271560
 329038
 308373
 757635
 189602
 442211
 170578
 537437
 466229
 157608
 676695
 767877
 342655
 817779
 378947
 89875
 898661
 452069
 567632
 249054
 934659
 505814
 309782
 294085
 180359
 484431
 270531
 15382
 780415
 405201
 315608
 806231
 162659
 671397
 883509
 82124
 390331
 79581
 666291
 968782
 617623
 514578
 54494
 831173
 504854
 512133
 285714
 275120
 795391
 744697
 698814
 525455
 604134
 746171
 702683
 543244
 716136
 699624
 964750
 939027
 311727
 520566
 85910
 839092
 318509
 970992
 496378
 214010
 164382
 24379
 739900
 343818
 72874
 52631
 20206
 822264
 151909
 169236
 649686
 101403
 223523
 926748
 958642
 545983
 734015
 985545
 559231
 53983
 458380
 211685
 610458
 41033
 904646
 621692
 432380
 562582
 911063
 218528
 543831
 748629
 885936
 463022
 711353
 22603
 780409
 737044
 938288
 298157
 141449
 70537
 611954
 328031
 683640
 994387
 314836
 261765
 310761
 143928
 877795
 919346
 971823
 291890
 862638
 654555
 262375
 262203
 805517
 97698
 228558
 779921
 909623
 74839
 951319
 28535
 731969
 905003
 298712
 855727
 705814
 9317
 914168
 359057
 24984
 724603
 953442
 185140
 68182
 686896
 906530
 266141
 860738
 481002
 16141
 696813
 585417
 870640
 535161
 618307
 650016
 817430
 723306
 65442
 484740
 450018
 820014
 276720
 890838
 635953
 838770
 340012
 970661
 82506
 764385
 617760
 58057
 212227
 322600
 758169
 257375
 911748
 435728
 644848
 371267
 163296
 142372
 368404
 749227
 235232
 501240
 24302
 479803
 497373
 195866
 93333
 916371
 577229
 5587
 520233
 561085
 24474
 657623
 482854
 697868
 153572
 485598
 96768
 149844
 312642
 756277
 710215
 770223
 717026
 917544
 385488
 968599
 774340
 676655
 390950
 381748
 285398
 17456
 821089
 417459
 796325
 923066
 698617
 156901
 243173
 984753
 565121
 656953
 644022
 377562
 863602
 68836
 310297
 619673
 409965
 62377
 670346
 924429
 743940
 765976
 479686
 525626
 597173
 711173
 413305
 647661
 782546
 621967
 82578
 414723
 438302
 121760
 817221
 459439
 707228
 383685
 219687
 60160
 893235
 23462
 485788
 593436
 49642
 884111
 93398
 627873
 685750
 959047
 667132
 390143
 492908
 450495
 693467
 588700
 806560
 945994
 117192
 979591
 536242
 546948
 145993
 776028
 727520
 195085
 731236
 156896
 271553
 475529
 930022
 779224
 631867
 847539
 653579
 437992
 622618
 909090
 786351
 450307
 272133
 566000
 330808
 298122
 939187
 403996
 889755
 14990
 506818
 185399
 224260
 889816
 623682
 810506
 677486
 612604
 336966
 626321
 947368
 183819
 953236
 949215
 507713
 85573
 136986
 78706
 569920
 514685
 15945
 290771
 705310
 81190
 855202
 31673
 612103
 573759
 213108
 31578
 596182
 516126
 313698
 588253
 680
 112742
 742765
 342806
 95831
 965099
 470312
 758941
 831873
 780511
 853261
 978180
 467561
 97462
 55642
 315667
 762394
 148499
 582423
 810916
 511694
 753012
 919744
 346335
 94890
 910793
 253719
 67398
 902740
 7351
 221719
 516059
 337948
 239861
 637879
 392214
 194113
 162751
 490497
 637795
 361294
 639803
 50716
 514116
 497943
 354480
 346973
 38147
 879333
 659017
 240499
 569503
 367978
 277020
 467479
 616631
 681079
 160458
 668110
 496191
 943298
 227789
 193560
 244038
 751754
 656379
 306790
 560132
 210071
 188079
 404927
 208705
 747068
 602494
 640490
 306623
 904109
 465559
 906033
 624570
 991933
 523008
 830134
 426342
 558529
 85863
 362285
 833175
 631578
 348632
 700385
 115080
 895673
 447743
 177685
 42153
 846608
 824267
 16251
 886878
 147161
 273254
 397515
 604781
 783244
 699859
 740090
 73100
 258938
 977241
 820019
 798074
 204717
 275148
 394904
 301071
 203187
 867558
 389608
 347993
 967525
 66774
 987975
 32131
 706160
 728916
 401869
 177661
 955468
 943836
 945607
 155022
 200658
 708086
 931164
 279010
 411851
 391366
 200000
 368464
 985581
 347566
 305950
 69823
 950402
 257126
 175647
 575171
 494469
 468502
 527997
 906178
 976406
 600265
 434170
 955116
 642021
 514770
 478843
 348634
 632357
 537352
 415697
 561227
 865035
 184043
 473294
 621826
 391222
 259068
 955182
 437106
 704604
 448309
 823616
 48545
 980127
 196235
 432575
 606542
 289800
 472117
 614365
 812904
 838862
 539344
 412556
 631744
 239056
 424577
 392578
 701634
 85839
 54257
 981538
 207360
 721043
 275077
 809815
 200385
 662006
 897003
 751926
 92297
 697320
 600737
 692474
 43534
 868309
 854555
 751461
 997565
 696313
 518631
 414852
 770477
 218181
 855052
 787924
 34240
 938219
 76371
 657487
 539360
 586573
 595067
 71348
 83561
 198449
 308098
 110473
 538315
 724514
 83271
 960217
 867573
 819404
 564467
 825174
 934760
 553296
 921376
 307574
 97165
 275334
 491174
 696435
 646848
 620002
 269900
 745618
 408881
 236957
 694772
 506677
 426325
 944321
 297392
 63829
 457880
 227458
 525005
 866755
 269988
 536549
 285714
 824350
 401015
 317703
 838323
 618004
 907654
 383997
 464325
 526638
 374581
 340156
 806709
 757168
 155080
 251861
 364792
 475261
 27088
 697211
 161801
 446783
 440214
 788306
 636064
 518936
 771030
 332051
 899965
 323913
 598562
 220679
 206559
 119658
 644984
 418016
 478187
 206114
 220858
 538327
 565785
 688307
 169816
 136915
 69344
 917513
 960153
 556830
 514735
 674475
 965043
 188652
 711403
 161137
 440028
 964570
 998173
 209293
 285984
 403294
 98663
 713086
 141011
 34548
 910832
 569732
 761768
 451544
 16614
 304461
 353152
 549109
 565780
 900287
 595015
 274527
 568447
 240965
 753044
 988351
 604368
 11367
 962643
 834292
 861808
 202416
 462269
 639002
 953488
 575374
 759624
 702754
 496485
 234440
 866683
 200582
 958601
 846201
 578046
 158341
 440520
 152572
 753692
 539092
 878598
 178573
 181851
 760345
 505665
 416038
 860706
 642460
 213406
 968066
 913508
 452326
 862044
 587045
 623307
 322652
 196370
 28623
 808703
 821837
 345806
 937412
 968257
 207213
 176165
 937507
 832756
 807123
 578727
 549824
 148514
 468232
 949640
 921280
 129047
 916088
 217062
 593616
 632144
 817044
 895334
 525423
 64846
 825285
 759947
 202533
 626523
 604704
 510897
 86234
 322557
 124176
 963476
 102629
 893924
 521049
 357710
 473971
 544408
 802502
 386287
 201976
 485714
 596680
 98005
 362330
 43143
 521294
 391275
 683081
 199701
 851439
 842131
 637445
 375924
 222809
 762835
 92782
 54195
 623117
 469586
 782061
 574013
 974425
 234920
 563605
 887474
 633014
 133657
 431339
 422066
 968702
 652937
 461036
 811881
 516984
 176088
 828351
 283248
 808664
 395978
 709416
 443030
 841729
 857689
 640561
 820265
 289258
 523771
 954127
 897024
 8857
 633190
 853896
 332807
 638472
 148641
 226490
 735893
 450593
 478424
 645547
 163468
 713473
 330838
 926120
 442266
 673267
 462124
 291828
 154378
 762205
 101240
 409221
 73721
 615259
 388787
 629609
 905525
 211443
 728609
 57607
 69323
 863650
 449007
 694829
 737870
 343048
 316883
 421091
 434632
 624185
 794085
 630652
 62508
 477663
 422570
 183911
 364527
 638121
 843555
 706027
 888336
 900240
 399401
 966003
 849070
 383675
 477761
 807100
 962591
 632341
 338165
 573281
 283328
 36541
 827339
 116532
 848349
 807350
 297279
 444766
 852501
 708498
 544171
 324658
 597690
 392858
 600283
 247021
 38892
 552623
 81951
 584909
 784764
 444494
 238672
 284296
 870571
 190737
 698259
 326319
 46990
 383933
 139669
 260202
 56538
 116011
 510103
 319117
 664626
 971918
 879558
 922040
 820589
 562008
 944769
 251612
 793763
 235409
 651483
 346108
 675487
 417303
 545423
 914457
 404021
 535625
 277680
 635260
 799999
 358991
 877175
 36908
 822321
 11045
 431203
 313477
 289270
 561111
 318743
 198019
 253327
 329739
 312184
 885995
 736768
 511833
 502797
 553459
 759857
 326889
 282852
 72511
 577562
 993685
 493868
 50268
 36199
 59307
 843975
 641201
 913544
 529764
 73979
 459259
 946902
 834586
 575070
 16070
 388466
 992240
 186758
 963829
 476116
 817989
 202170
 979441
 625827
 61505
 828991
 988968
 282361
 401253
 766938
 58144
 169225
 768010
 469
 690418
 261764
 817578
 20642
 955629
 561455
 979852
 868133
 586945
 255208
 232722
 766234
 357227
 625959
 197785
 360523
 12291
 355649
 892211
 930863
 511197
 275923
 251529
 921596
 837837
 497125
 70815
 421875
 161484
 115720
 195178
 495428
 671532
 880713
 819357
 871730
 287571
 67163
 48588
 295479
 240916
 794701
 773142
 982208
 381258
 868314
 277981
 110225
 298522
 775043
 731526
 239615
 45332
 247484
 443478
 25696
 830006
 219947
 660942
 884640
 264291
 525773
 588334
 399506
 465335
 18038
 731307
 549308
 0
 11805
 42377
 255478
 852925
 307058
 684791
 628290
 971769
 813374
 700904
 892746
 697877
 378992
 97792
 713268
 652859
 636916
 598030
 707462
 306500
 998357
 401299
 509096
 280193
 894287
 280708
 344549
 688781
 509580
 533878
 325775
 688063
 214059
 82150
 520602
 544871
 794405
 281236
 217127
 365883
 270313
 185301
 408588
 668179
 239223
 69987
 891250
 982209
 962507
 434379
 758652
 781033
 652680
 866306
 528005
 675834
 378308
 656441
 384769
 893333
 782879
 576441
 113224
 407709
 945931
 203073
 568102
 286178
 119332
 556650
 243186
 143671
 890841
 488800
 1461
 998902
 385255
 304653
 137772
 935798
 553931
 570670
 414863
 997284
 381733
 284942
 478520
 161031
 41308
 290388
 635260
 264063
 244083
 580303
 470392
 714832
 790273
 69347
 745918
 515314
 412089
 97941
 290590
 107649
 41606
 432341
 859884
 703327
 89096
 301897
 313459
 371202
 271466
 617883
 28998
 878593
 209444
 390029
 362765
 374877
 796189
 277248
 813147
 846458
 857851
 448486
 854811
 535932
 874666
 719592
 300047
 931586
 65955
 189914
 387811
 868881
 904752
 205183
 114941
 869619
 44167
 178663
 207806
 580372
 433851
 328067
 614816
 920704
 274591
 740488
 244820
 528135
 844169
 88769
 304375
 420361
 868685
 311984
 439192
 13382
 970595
 289340
 248704
 838967
 368186
 316328
 566293
 916932
 40499
 696649
 278820
 532967
 520167
 995841
 117672
 417929
 374040
 376924
 798822
 433798
 119226
 652544
 872340
 130568
 230859
 292124
 461432
 440070
 980613
 391849
 278988
 689094
 406276
 533318
 158730
 101209
 680083
 721033
 891490
 472071
 28796
 631431
 285949
 780568
 460725
 69364
 859453
 86956
 589407
 894074
 974842
 263816
 136522
 989071
 501270
 296175
 601637
 433184
 965480
 185732
 877700
 858485
 153606
 435092
 286825
 268668
 606727
 614083
 798252
 818790
 494488
 634710
 894842
 177080
 344061
 579615
 346627
 474499
 377230
 634867
 405748
 410623
 93378
 738148
 210461
 965119
 988336
 622828
 934761
 209001
 255782
 581944
 896665
 908813
 128102
 478611
 274302
 904186
 166275
 506209
 836766
 104844
 565634
 806988
 569272
 485838
 227115
 620048
 238153
 139338
 540303
 833941
 349602
 396644
 861825
 883760
 677291
 724137
 163558
 26114
 782158
 869681
 881991
 828877
 79900
 889122
 685002
 103155
 430728
 390476
 289680
 981051
 801314
 992231
 667643
 11626
 306741
 782731
 580555
 839501
 633650
 993469
 39153
 508629
 26757
 202552
 628173
 640729
 781902
 272925
 398535
 239436
 688209
 155480
 327512
 186046
 968596
 98570
 539799
 857821
 786423
 61027
 918901
 910014
 769202
 311059
 706374
 53636
 259882
 751868
 252662
 850007
 646739
 165367
 663648
 939388
 551698
 938380
 661911
 41983
 666666
 924088
 915083
 263545
 716357
 320546
 761365
 883875
 207516
 991031
 851639
 104472
 209241
 816389
 691411
 26109
 912993
 705921
 961743
 709159
 220850
 949266
 558028
 480292
 412360
 479877
 60514
 146587
 548988
 330143
 849523
 993973
 513172
 891615
 631641
 871664
 179050
 253602
 57799
 920517
 543387
 912148
 935131
 502704
 363745
 606793
 915933
 470313
 816182
 36196
 855305
 545439
 750538
 345109
 498869
 986248
 315089
 255173
 999305
 268644
 249920
 75187
 419889
 882096
 897659
 4013
 728089
 637321
 690915
 700606
 672417
 263660
 327258
 142919
 976750
 935725
 626181
 453906
 902455
 571143
 607626
 338366
 133762
 869840
 362384
 663004
 429167
 651085
 741512
 717870
 475279
 3490
 245217
 559562
 282696
 954861
 137404
 552763
 396820
 881045
 589173
 397533
 631257
 574744
 999116
 601220
 975229
 837365
 585657
 419942
 858073
 848336
 575709
 13925
 586776
 845324
 915956
 428984
 239005
 647089
 209902
 648581
 695984
 296619
 221755
 972934
 865771
 287440
 944572
 391601
 395815
 180751
 812613
 806313
 769778
 89056
 375713
 45094
 614070
 842915
 606153
 746325
 142121
 516367
 704548
 842238
 392081
 671896
 794213
 471658
 4446
 198116
 703756
 654094
 773314
 206581
 112484
 66207
 493881
 165556
 130434
 825960
 283895
 763002
 786567
 790291
 995744
 31945
 339054
 540116
 254850
 824406
 355555
 585342
 671316
 565682
 79238
 974951
 105009
 266900
 0
 959660
 286758
 742221
 368625
 17317
 431461
 165358
 67148
 205941
 666108
 778296
 933866
 232607
 222650
 486986
 340725
 566447
 292085
 638788
 717281
 721035
 327268
 796823
 844143
 484536
 597889
 275885
 435575
 341485
 119221
 99173
 553189
 568662
 433745
 226494
 127888
 637251
 113181
 244217
 957955
 562425
 953726
 489795
 174679
 919136
 917470
 772325
 747731
 700498
 369967
 592885
 872314
 273137
 961590
 920460
 791061
 681826
 221507
 647697
 752136
 963811
 736082
 392143
 424074
 303867
 663644
 327024
 296803
 0
 196528
 137847
 411635
 906885
 63636
 552828
 799013
 576740
 571830
 2405
 656454
 500157
 736673
 974399
 436399
 681399
 511592
 906247
 236276
 72979
 314446
 402476
 267115
 866249
 929141
 121032
 388944
 336077
 1372
 569642
 805562
 956282
 817124
 156623
 448903
 706468
 116169
 676276
 18788
 175300
 655093
 20839
 571101
 218306
 455405
 365853
 723997
 701356
 169675
 530859
 492184
 923913
 278787
 925868
 558757
 832562
 35448
 464312
 891468
 816901
 286717
 216979
 676526
 306623
 978376
 828382
 510352
 988137
 531333
 449476
 870450
 203721
 627069
 873817
 120129
 750546
 360975
 47119
 520930
 806412
 950838
 838401
 835110
 227291
 318168
 424563
 758957
 585643
 488423
 345420
 274655
 231685
 891611
 721477
 526484
 765018
 572164
 916761
 467007
 483692
 536764
 804384
 224412
 974961
 559968
 645331
 765443
 241035
 97521
 357716
 645374
 673953
 896057
 357262
 35327
 339446
 489903
 772347
 43212
 837551
 939092
 883564
 523073
 565145
 72339
 545977
 395197
 404212
 154311
 615138
 370485
 392941
 483115
 206477
 825039
 211062
 3503
 15638
 230556
 239451
 671575
 38152
 886147
 519055
 142671
 306954
 796054
 188271
 295045
 723620
 268170
 184082
 818001
 206981
 308614
 446707
 856338
 36599
 706036
 659027
 437500
 377218
 810558
 487407
 424746
 277056
 599897
 516921
 959197
 488217
 8915
 296108
 776362
 188968
 401535
 402008
 877941
 95280
 92253
 518953
 151231
 108276
 78506
 725973
 333098
 641284
 668494
 974729
 800966
 543897
 295525
 292723
 819177
 880122
 274014
 311935
 938403
 412197
 554677
 849661
 884677
 200000
 518650
 174999
 813767
 901611
 942372
 982208
 466981
 939804
 748430
 677047
 664480
 101629
 247038
 843047
 134470
 756024
 979172
 227989
 979414
 116275
 386985
 642193
 793364
 220868
 400049
 740021
 353325
 811680
 409398
 460961
 390371
 336585
 243243
 949691
 100151
 506121
 935218
 917867
 695835
 767431
 995072
 626723
 515735
 2144
 883619
 575171
 942885
 527398
 378607
 232465
 873369
 652738
 220422
 765541
 147862
 240171
 765884
 367069
 361723
 165340
 122049
 764968
 360221
 50033
 903547
 456767
 892699
 75758
 960071
 384136
 465296
 259857
 359687
 968816
 141077
 410265
 608334
 194100
 511949
 339364
 384055
 170549
 631337
 171943
 927987
 166916
 60626
 107258
 412677
 318475
 534178
 919490
 396474
 617980
 679586
 147189
 127107
 375265
 713961
 840236
 192326
 72220
 642479
 479185
 378746
 131172
 973451
 658630
 68626
 135539
 621230
 47588
 692811
 76867
 399482
 299669
 299838
 532688
 711439
 985778
 939050
 196204
 615311
 766145
 341775
 60030
 569126
 914601
 307245
 461353
 368974
 207834
 357259
 364452
 770461
 89290
 523186
 857142
 130913
 896794
 103734
 66087
 593346
 39974
 220168
 316275
 590299
 317404
 126672
 126257
 596997
 792112
 831403
 323162
 347320
 166179
 157877
 933277
 160990
 614449
 693867
 597322
 583854
 689043
 622080
 992772
 944304
 581937
 8363
 656505
 642469
 586153
 3731
 497290
 329070
 504533
 893692
 482942
 91988
 378869
 727491
 509420
 432870
 812549
 136772
 328099
 880613
 876381
 56665
 747443
 775466
 755060
 482832
 835595
 257543
 701143
 718444
 80702
 763501
 481858
 756756
 818096
 256683
 140284
 611296
 322648
 339740
 460886
 683724
 451596
 799897
 587979
 569377
 752475
 520334
 803522
 556159
 594044
 237507
 359334
 408118
 518115
 671865
 173942
 94537
 492451
 808845
 356616
 213148
 138882
 561524
 110375
 715565
 643693
 770808
 845863
 785959
 371383
 801963
 247932
 618019
 57147
 305556
 112031
 840008
 594939
 402807
 654603
 677095
 930086
 923612
 508081
 52810
 944873
 484190
 426933
 471409
 620854
 594865
 69550
 587810
 71770
 42562
 673121
 23075
 638233
 302518
 735675
 794987
 169469
 977890
 571469
 943209
 109279
 736448
 230641
 70446
 123378
 135974
 959561
 868161
 552026
 107540
 69056
 939442
 26948
 559555
 330515
 524429
 84489
 326587
 818475
 264100
 656973
 194848
 626521
 929964
 997964
 579791
 979127
 888111
 391664
 6650
 495915
 938669
 819003
 150196
 116702
 933051
 153453
 70588
 600135
 289139
 790220
 560427
 452703
 625485
 414473
 450249
 586325
 594558
 335159
 767645
 99833
 854492
 908660
 30132
 972685
 822505
 73728
 714316
 657776
 485368
 688876
 278532
 207369
 183673
 809016
 814888
 328311
 120684
 406842
 974347
 246995
 676997
 926175
 789335
 520377
 463484
 672936
 283446
 963993
 2350
 18609
 340495
 999455
 27780
 789959
 86575
 632506
 556958
 729759
 556104
 787881
 4747
 366530
 869483
 5689
 327846
 58823
 692808
 318181
 604187
 484926
 481980
 729686
 218390
 809157
 618327
 169259
 840278
 127545
 199194
 305351
 304388
 422782
 556339
 281210
 856459
 297575
 597315
 256487
 368529
 413644
 409258
 806596
 149974
 626487
 493268
 884240
 419370
 357626
 963002
 698641
 420794
 840047
 804481
 868933
 614671
 467595
 62092
 873
 564077
 821910
 755259
 210985
 309697
 116881
 790594
 554655
 405405
 806941
 829614
 753985
 9631
 315397
 483777
 585185
 228373
 800869
 267387
 800384
 195910
 460627
 453504
 385607
 49282
 353587
 938403
 643675
 102262
 324253
 380361
 274446
 73822
 274123
 545375
 23872
 345039
 220885
 692197
 821473
 726507
 584692
 421342
 367862
 629503
 491894
 548783
 931259
 180775
 666747
 41209
 28914
 474763
 704477
 373540
 206703
 300429
 943457
 381311
 887386
 833145
 34868
 434726
 916163
 510437
 75723
 511813
 944207
 543874
 831824
 34404
 684785
 732865
 953985
 485917
 398773
 301476
 118597
 569815
 495369
 492957
 676129
 882438
 958978
 647566
 42166
 49462
 249084
 4549
 471763
 391193
 206653
 423897
 372959
 433487
 128366
 451187
 92353
 631323
 387460
 876274
 244456
 556222
 466467
 298969
 572052
 565880
 909090
 978195
 593618
 209373
 726484
 925297
 556219
 882778
 438474
 193356
 136082
 679501
 712562
 268048
 602393
 673173
 663231
 898698
 43588
 501338
 239928
 852524
 870418
 115304
 926064
 498149
 269495
 653512
 124421
 856709
 909246
 649764
 310437
 764524
 571428
 701514
 956662
 146913
 246638
 746364
 646209
 690955
 638191
 360620
 11137
 381128
 265919
 638340
 850476
 453250
 896482
 991816
 250027
 118457
 238251
 513341
 29698
 192537
 697787
 834004
 595555
 705324
 11479
 240136
 762725
 284606
 612978
 184216
 504305
 769746
 462805
 353766
 773517
 885635
 399463
 427
 621109
 590978
 280471
 89025
 347200
 360094
 53330
 205837
 590036
 403454
 238759
 257199
 672404
 453676
 312538
 580072
 812519
 573093
 487822
 59052
 865536
 818181
 317679
 812725
 237126
 863873
 391575
 78596
 86205
 506374
 389783
 994236
 834536
 253381
 805885
 877126
 219942
 712790
 809286
 951417
 810120
 50628
 513141
 785973
 163029
 404630
 500385
 246780
 478340
 827991
 561870
 485463
 57021
 492497
 53622
 969018
 634841
 646962
 924168
 470717
 537945
 868330
 631580
 885793
 487036
 383468
 403526
 935933
 792026
 252054
 257343
 110149
 849389
 140919
 124735
 331323
 887378
 118145
 890831
 373297
 711311
 151291
 159322
 773349
 74803
 802441
 944804
 296196
 227945
 922635
 430592
 969736
 484410
 1941
 132622
 984879
 339347
 252351
 163624
 451268
 965172
 971014
 465467
 922823
 848389
 718044
 829388
 730200
 457008
 833299
 953909
 404593
 873139
 827531
 631578
 570964
 66376
 157495
 46944
 504778
 50077
 242339
 915740
 217954
 765602
 23441
 507836
 580854
 235937
 603022
 350597
 834606
 842513
 902900
 805130
 941895
 127423
 475256
 810650
 79040
 908236
 48526
 8114
 502361
 454745
 755062
 159223
 369087
 956834
 767523
 406805
 411704
 884490
 857968
 146993
 69246
 529046
 596440
 609756
 775483
 655848
 459299
 887488
 49429
 889434
 105894
 553457
 832695
 100175
 921203
 965536
 709677
 336409
 986290
 85617
 701589
 634448
 342022
 997233
 770868
 125259
 106250
 771028
 832313
 336396
 122686
 966067
 212324
 767317
 647944
 180191
 443526
 508292
 611961
 864818
 928025
 523979
 542386
 748996
 139012
 621706
 601853
 691297
 99360
 498602
 104722
 568537
 783285
 997011
 600797
 604346
 1832
 4623
 238401
 914707
 277032
 606484
 674945
 457297
 23059
 660702
 336487
 818783
 827857
 407035
 639191
 645754
 359774
 596379
 81418
 297123
 160393
 944099
 376025
 799273
 1242
 64671
 804594
 984552
 578087
 455822
 837972
 940425
 32256
 453512
 365289
 260550
 579187
 686933
 510381
 709217
 431372
 187079
 980850
 98187
 525806
 228738
 46979
 756028
 527163
 976529
 128275
 431578
 778052
 122449
 96951
 196930
 722605
 622504
 649512
 182371
 697097
 73705
 319448
 2943
 292032
 485561
 170537
 190395
 164783
 227633
 342583
 450566
 696727
 8841
 692497
 659757
 677318
 84175
 614588
 713567
 741436
 590237
 938716
 558157
 754858
 699237
 861775
 776146
 303926
 47201
 720595
 592757
 223687
 99290
 664598
 32642
 346515
 842529
 994338
 932885
 129094
 304431
 119190
 641200
 956684
 778443
 301207
 678847
 266296
 756062
 699154
 801750
 870823
 722843
 148183
 664777
 870421
 477078
 548609
 344796
 495126
 197017
 752341
 289299
 649529
 856185
 687735
 253113
 408623
 495051
 688589
 987464
 317929
 193892
 158812
 225884
 967907
 294171
 193984
 416706
 839287
 503601
 417520
 424810
 72543
 929875
 937400
 549542
 504900
 946990
 20397
 324434
 536802
 784357
 380590
 104611
 4409
 199886
 431760
 615275
 455639
 374262
 82895
 778534
 427055
 135818
 502622
 62912
 512294
 598155
 358107
 955925
 475822
 814045
 229464
 77238
 92003
 769997
 194589
 196898
 689251
 562383
 929762
 586750
 945945
 267710
 638513
 63129
 703459
 574945
 270072
 710465
 282957
 575967
 315059
 417510
 245134
 668728
 377031
 164027
 482904
 246387
 367379
 700429
 924921
 391566
 311750
 239209
 484416
 796163
 790886
 688927
 742768
 352845
 796376
 2385
 167011
 758813
 394185
 990627
 650125
 998686
 425597
 582133
 705509
 194634
 983847
 904721
 734042
 612650
 912742
 259259
 136521
 701924
 469286
 401110
 334225
 261920
 915602
 791268
 250348
 703661
 106362
 391912
 148657
 84528
 197994
 878053
 779552
 96481
 421486
 906480
 138739
 28571
 738840
 895177
 889602
 958958
 949103
 314834
 562983
 466088
 870564
 949203
 645290
 169726
 878766
 333333
 969107
 581391
 945610
 744811
 106138
 922615
 580501
 800091
 712896
 460147
 842290
 698300
 301630
 950748
 393291
 556705
 689891
 618556
 555706
 897689
 214173
 212792
 999610
 429334
 982990
 217582
 527412
 41576
 889443
 54298
 552475
 921270
 33092
 869298
 713328
 919443
 425802
 736304
 176328
 54358
 877340
 701393
 141099
 775129
 370027
 683489
 925233
 897725
 478493
 258488
 819360
 186017
 216776
 583037
 336686
 247127
 244273
 258864
 814808
 860529
 548458
 701754
 392721
 276057
 478832
 449117
 407364
 331011
 361445
 837974
 776834
 134786
 194075
 453910
 748823
 606841
 861133
 829166
 917634
 122443
 63092
 443232
 248960
 131982
 531342
 159618
 315485
 559570
 70217
 939305
 606392
 349614
 208691
 443661
 879748
 528232
 109333
 930857
 271895
 268395
 500484
 589090
 661983
 304418
 486357
 440000
 479720
 456398
 957746
 477767
 272849
 317145
 448318
 728896
 653696
 361491
 2626
 482701
 903330
 798210
 5071
 944421
 233918
 73960
 64467
 394224
 745101
 818020
 700800
 92398
 548117
 317351
 447432
 362997
 770751
 468175
 902612
 573938
 373411
 572927
 20321
 632156
 303128
 476654
 692762
 613130
 516581
 837747
 28239
 554079
 645429
 188186
 60225
 724793
 885221
 943782
 453855
 295316
 79989
 622161
 46957
 136111
 6835
 984520
 107322
 469128
 862114
 771324
 674072
 317439
 610345
 509417
 496408
 769330
 14883
 387822
 309190
 621246
 804179
 181592
 72576
 531805
 85621
 213542
 544067
 248856
 727272
 28466
 741072
 612149
 708897
 444590
 421854
 568793
 608177
 957834
 57771
 609871
 223337
 787625
 984639
 819433
 728416
 129825
 826765
 527844
 181947
 766408
 250983
 29562
 915915
 487860
 732455
 118985
 39291
 118092
 88815
 565491
 438321
 715551
 850327
 196111
 193712
 163464
 441035
 583486
 736866
 722878
 639930
 454019
 697722
 563808
 999202
 675213
 930267
 959072
 687381
 676104
 403595
 400262
 359073
 460717
 766293
 355778
 710170
 82474
 588173
 726017
 469857
 926583
 329411
 360097
 960991
 134643
 431239
 823971
 516646
 904244
 324826
 26715
 952419
 834160
 597134
 20597
 303939
 865742
 405962
 424762
 188142
 80717
 896657
 444512
 656710
 958144
 621174
 777313
 715515
 769710
 226304
 34810
 202308
 167894
 757827
 58823
 742722
 149947
 179289
 778570
 481502
 178009
 564364
 441998
 112884
 107308
 33212
 780229
 407393
 556451
 785817
 674487
 365051
 577299
 454154
 483726
 350794
 922402
 146312
 294824
 392864
 863034
 240704
 199999
 488249
 5613
 436376
 15129
 991461
 608133
 508749
 193495
 148417
 236122
 946326
 238043
 860422
 199639
 53589
 424647
 98647
 590865
 564575
 715662
 335091
 205233
 437607
 353276
 701464
 130790
 395749
 260017
 459763
 847886
 794979
 984550
 847658
 273386
 73273
 612716
 408540
 794298
 421999
 342735
 661279
 162551
 740442
 912371
 329664
 669930
 2566
 271765
 770338
 666515
 647685
 247843
 638018
 210167
 476105
 79355
 343081
 226672
 223734
 474209
 540716
 721393
 673716
 944713
 432450
 21755
 119865
 699696
 167741
 317275
 494351
 206655
 109252
 985443
 920594
 465578
 584615
 491933
 909693
 519669
 16228
 716470
 508527
 872653
 925607
 488940
 198862
 507054
 585245
 717801
 766539
 574871
 363636
 215411
 398138
 838824
 213019
 949436
 475756
 913976
 120422
 782096
 648596
 16947
 376183
 569170
 418374
 523311
 605270
 35269
 52125
 627029
 948095
 722911
 824737
 82119
 887467
 176928
 409569
 980781
 396605
 286938
 457659
 855841
 681356
 922935
 459166
 666058
 954779
 139009
 122342
 247603
 252962
 263565
 392988
 608050
 72566
 562470
 411764
 604455
 44991
 563517
 159999
 42680
 490375
 938419
 429532
 348109
 4744
 922142
 362075
 78112
 206802
 281294
 537645
 836890
 851329
 71047
 983067
 812481
 953711
 429979
 518050
 926176
 869336
 309267
 760157
 181470
 941114
 870789
 700829
 425039
 942770
 379722
 700421
 984942
 728050
 623106
 931503
 90322
 743684
 992642
 284413
 857048
 475675
 765109
 937171
 803108
 352566
 999205
 118843
 561642
 921465
 597810
 876595
 332197
 574660
 250470
 811628
 310271
 988738
 110021
 434397
 468353
 512227
 352376
 304692
 439670
 637559
 847855
 458831
 823698
 911468
 559906
 844593
 580375
 274191
 16114
 993399
 78110
 81731
 301408
 605744
 136834
 360085
 149606
 584968
 839541
 746499
 480385
 698666
 900790
 935494
 226649
 522903
 42208
 43285
 605734
 120533
 683848
 600425
 794369
 786294
 662921
 398822
 434131
 561830
 268656
 224560
 186835
 47626
 728938
 843780
 474828
 856232
 675944
 138544
 949723
 905694
 965130
 891891
 927210
 227675
 530063
 865191
 400429
 513387
 247482
 953899
 524544
 221831
 200821
 751896
 961533
 5881
 683332
 981354
 404172
 593027
 98191
 269896
 949755
 133651
 386989
 602094
 643853
 189162
 779516
 521126
 822298
 40333
 138344
 660690
 561381
 648926
 421418
 449804
 195000
 92507
 114186
 888888
 64386
 699554
 15027
 987396
 231041
 615588
 233868
 512476
 816018
 28825
 950971
 847150
 724409
 244501
 798525
 233362
 452359
 657109
 363209
 267426
 76610
 405269
 462174
 532797
 442612
 902999
 864357
 502316
 955041
 211454
 806386
 818571
 809303
 765619
 271604
 4090
 336283
 70220
 884855
 913402
 961182
 662082
 141395
 624209
 305163
 195067
 556162
 528579
 972136
 521129
 365222
 228302
 728160
 899882
 754276
 114611
 370024
 75961
 636890
 617084
 481879
 361443
 217994
 549886
 954489
 929262
 440731
 752196
 60440
 426142
 413892
 892740
 29153
 698668
 650471
 740203
 681197
 128445
 50261
 82811
 26235
 562370
 277053
 960414
 458344
 149196
 100425
 770220
 301818
 662057
 497343
 568788
 23597
 346110
 663886
 457103
 349809
 927664
 215016
 90704
 761767
 959866
 498904
 795125
 292908
 757224
 430269
 570469
 792606
 938872
 176893
 49006
 455044
 67727
 176168
 161506
 576718
 845373
 56644
 979081
 31960
 720435
 5302
 518839
 338598
 349618
 862204
 719597
 389312
 690353
 818051
 156765
 117733
 358113
 821615
 564724
 554103
 514694
 13403
 881418
 724503
 879972
 629474
 941700
 263660
 991166
 414223
 607061
 82800
 93903
 459417
 556081
 812135
 656947
 464646
 820757
 462875
 722347
 458919
 567223
 480937
 478549
 795164
 308720
 666666
 481077
 925114
 750080
 128678
 501669
 35489
 448275
 243874
 804226
 513200
 826993
 756887
 729596
 825219
 244679
 216558
 863177
 702875
 926980
 635549
 455565
 978638
 774783
 975888
 686677
 33910
 703051
 603759
 72398
 501204
 542312
 365692
 32108
 982792
 680878
 53475
 500892
 562107
 464299
 626968
 816075
 828889
 636553
 944010
 721555
 986086
 612628
 139293
 790258
 647169
 966270
 300917
 40559
 512225
 560767
 68846
 233959
 97261
 425128
 341392
 149574
 559225
 547910
 103506
 710514
 631221
 808663
 994911
 762803
 397391
 179676
 635891
 778057
 120704
 97312
 411743
 827898
 499638
 167874
 961783
 333333
 919768
 350584
 636514
 852173
 730806
 928975
 570525
 335329
 469058
 590715
 474662
 765957
 437614
 37130
 773226
 174017
 530654
 159486
 82036
 323534
 735342
 821584
 724355
 53883
 849659
 14653
 652694
 895749
 852355
 331500
 879705
 428924
 248377
 916611
 914215
 735595
 763225
 119040
 198837
 206718
 751941
 279295
 783040
 358685
 307942
 945864
 436974
 672290
 269728
 425406
 972762
 531333
 381329
 244475
 507659
 533253
 790669
 349844
 883422
 80447
 579171
 294117
 942468
 421058
 969339
 805005
 152003
 237796
 958245
 209730
 321590
 901879
 783613
 713508
 907346
 108048
 670032
 69547
 792200
 110858
 473035
 726132
 507106
 264550
 329982
 583059
 112697
 857370
 144241
 190205
 718269
 633885
 409112
 428434
 113402
 487421
 476276
 255396
 694460
 616928
 538750
 598158
 731977
 192820
 799397
 189289
 316777
 205674
 956304
 819338
 105500
 899761
 623470
 219314
 807616
 441726
 320579
 43395
 803536
 224962
 26255
 491054
 614135
 507660
 422104
 254226
 152436
 245343
 538391
 575820
 743903
 613928
 511509
 654982
 244761
 267668
 128230
 485714
 506107
 126322
 230624
 778437
 979676
 618774
 221120
 301177
 353122
 549682
 40837
 682283
 174434
 381691
 807412
 884444
 170760
 518717
 202072
 697600
 193762
 721791
 550659
 193345
 96224
 293588
 372572
 694508
 789812
 416487
 436456
 340128
 591125
 809940
 498850
 454976
 752462
 23746
 710426
 276161
 957489
 918987
 847068
 173996
 188177
 500573
 292332
 295373
 82687
 979264
 71467
 171587
 580513
 720384
 762161
 203007
 576822
 618208
 76923
 946034
 901960
 71072
 610370
 794352
 148480
 806467
 753623
 996815
 88050
 242879
 240831
 823219
 560747
 362778
 95261
 896653
 721689
 802167
 873687
 152909
 78322
 542867
 958631
 359870
 411499
 260869
 319042
 248261
 65382
 533401
 640086
 343952
 902735
 570093
 364429
 415437
 517017
 910152
 161667
 646369
 614718
 972780
 850432
 964912
 575485
 306141
 422610
 941373
 833540
 557364
 839160
 841872
 151595
 340718
 432128
 198924
 196076
 270116
 429161
 544102
 850470
 892317
 63586
 299487
 796724
 575550
 84093
 128604
 493873
 139438
 180789
 329218
 467153
 655076
 573440
 599710
 730559
 157721
 971990
 35936
 266013
 718828
 648291
 130797
 726917
 17264
 399865
 493101
 830334
 592711
 769301
 35874
 342195
 280886
 502874
 656364
 525481
 626780
 916030
 930568
 888289
 711093
 101703
 794346
 848046
 665273
 392442
 874647
 566617
 38022
 368322
 160783
 193665
 741513
 197972
 463744
 701916
 899154
 389770
 171930
 283027
 996192
 817119
 690909
 827018
 949874
 938806
 933359
 587480
 968296
 347256
 348017
 923506
 959925
 533724
 95020
 132952
 86898
 62113
 873740
 694628
 454160
 985480
 565335
 647945
 629942
 152443
 979208
 604210
 336000
 944110
 279325
 417864
 951670
 585425
 784872
 133010
 813896
 80649
 476593
 277473
 244680
 349789
 136701
 283882
 567133
 779220
 792771
 32197
 666799
 727824
 245517
 13866
 85754
 403035
 661682
 961761
 369715
 884063
 434701
 484541
 323712
 221998
 53883
 908985
 298026
 95466
 824965
 526770
 250000
 63136
 812743
 639844
 232130
 134802
 47382
 99688
 399934
 62418
 726777
 750106
 790417
 799410
 638913
 89407
 135593
 733370
 783998
 351564
 255700
 680604
 849745
 19792
 461232
 494204
 961849
 34907
 784517
 383947
 526810
 648611
 391312
 409448
 168923
 309678
 819884
 81992
 52386
 975958
 20517
 670564
 751673
 444444
 347435
 460198
 508517
 559865
 351101
 723965
 706615
 417285
 836967
 184089
 924698
 352186
 305025
 163949
 829789
 25553
 92619
 486449
 341448
 896228
 892730
 477760
 760533
 49982
 625634
 186874
 106933
 895591
 765286
 590990
 782602
 766438
 609387
 517230
 396072
 41806
 79306
 822556
 927579
 938113
 159863
 575734
 619499
 484957
 334077
 929739
 948831
 281089
 144338
 820135
 904686
 317914
 669148
 650124
 330719
 100061
 654283
 206926
 629629
 926083
 87170
 319148
 817144
 826651
 212121
 46269
 216396
 134502
 984474
 717423
 394879
 665730
 759639
 242538
 928170
 261003
 748927
 328781
 657182
 864274
 211613
 339674
 126941
 552985
 988257
 557399
 269315
 295837
 144379
 846536
 812472
 579352
 477723
 9257
 540178
 749856
 382132
 732058
 809782
 700200
 760185
 664007
 144094
 979070
 614601
 410047
 311827
 91757
 240846
 379224
 547788
 255038
 927877
 437527
 584305
 348379
 872458
 300180
 277107
 55376
 695912
 855056
 860778
 408752
 471698
 881319
 989873
 186846
 514879
 724137
 340035
 185682
 101736
 553497
 445695
 891383
 869065
 897652
 750428
 396804
 528582
 683797
 993019
 896530
 778664
 88740
 421108
 178651
 803781
 357632
 70336
 794117
 844676
 60285
 15746
 515789
 264728
 728987
 729636
 345686
 275535
 440476
 391049
 316093
 406549
 840043
 220533
 286875
 191392
 773651
 903216
 532263
 726190
 334787
 273422
 311222
 542857
 497834
 543940
 191831
 724002
 719911
 345915
 611983
 248466
 348700
 822947
 82382
 215723
 660861
 371517
 205485
 76275
 726987
 245660
 543243
 43429
 599807
 384991
 448910
 356660
 742645
 717643
 580375
 476446
 287734
 422687
 680387
 305619
 785265
 399305
 577918
 53857
 168718
 957598
 924759
 366948
 778887
 761059
 336829
 732158
 594769
 489668
 462039
 483171
 783410
 410431
 604479
 290843
 583906
 480235
 569492
 641098
 270358
 689837
 329801
 148936
 281997
 339449
 335111
 213316
 857732
 820432
 277736
 346946
 184615
 20937
 760400
 223849
 846553
 886609
 706440
 473878
 836694
 292376
 288392
 600089
 566188
 365121
 357728
 211290
 263467
 141230
 746549
 714460
 94393
 213464
 681520
 207977
 791877
 903657
 581809
 194181
 198051
 672507
 318304
 444024
 785617
 341372
 758847
 495250
 450614
 632807
 828318
 584456
 59141
 450853
 823799
 374421
 478432
 270088
 629474
 795403
 211214
 970091
 198949
 39122
 666666
 904817
 606741
 930902
 230509
 635603
 266044
 996608
 753923
 628211
 249079
 902367
 81409
 961994
 211315
 112762
 116279
 5649
 967829
 62690
 939711
 142280
 987
 767533
 13378
 601709
 328976
 276597
 173046
 879969
 413611
 34245
 982345
 912650
 254052
 144531
 967294
 702324
 192170
 523162
 293773
 447566
 157429
 954271
 748712
 478601
 849480
 776377
 724180
 357735
 973289
 597768
 272223
 178734
 460017
 966184
 534653
 939656
 87248
 325747
 594728
 543906
 800747
 936744
 954382
 163518
 927937
 931961
 369863
 979081
 912208
 504189
 302635
 127968
 185526
 721127
 636884
 198263
 32386
 887401
 547174
 72696
 575539
 55865
 534045
 1815
 451994
 203645
 322865
 956087
 238731
 75417
 8955
 49346
 216140
 128166
 692307
 44967
 561403
 519443
 353559
 773346
 118808
 460857
 217207
 34356
 353842
 219810
 547948
 323992
 306532
 851392
 710775
 413034
 475246
 647743
 198359
 629940
 470510
 133978
 0
 347230
 570469
 659972
 460475
 735867
 835704
 142329
 809585
 213962
 235404
 795472
 786547
 941984
 363889
 539312
 938612
 913388
 224451
 860911
 789751
 173072
 475294
 512761
 11866
 920262
 300503
 4710
 28229
 992887
 601989
 94263
 341013
 569012
 243055
 473282
 537931
 42319
 493794
 682405
 836966
 463992
 14856
 170953
 937280
 274637
 403425
 296056
 868672
 618219
 350916
 455770
 356506
 568496
 513642
 615384
 571106
 90698
 481543
 894736
 185243
 322805
 250000
 775322
 622722
 112988
 263639
 827492
 894179
 684380
 512575
 660638
 502023
 659754
 97498
 221800
 976454
 222791
 736263
 924026
 981085
 510648
 437696
 237288
 435444
 801109
 708879
 0
 288624
 831207
 396795
 500897
 445578
 110097
 275413
 714771
 52814
 978851
 514045
 878008
 248280
 216628
 323450
 463082
 512748
 342010
 631374
 979072
 957950
 217013
 892845
 672053
 182446
 504145
 746599
 300177
 829472
 69656
 478807
 124820
 418025
 847642
 957334
 906394
 721809
 243161
 63834
 58745
 604446
 898987
 35915
 418970
 897229
 522167
 432525
 844578
 129326
 429747
 387836
 136012
 851443
 181716
 706753
 845712
 63828
 575128
 5371
 268656
 459232
 281293
 481107
 495808
 401383
 915433
 399798
 639066
 896656
 641861
 309190
 342284
 523927
 31055
 976279
 894237
 912672
 759879
 888623
 844024
 398914
 988912
 69289
 947267
 100673
 694563
 990369
 337903
 768828
 628893
 474483
 18417
 994894
 277725
 280769
 492662
 59829
 590130
 650579
 462782
 116395
 84860
 720408
 392697
 701786
 370706
 339979
 213043
 822299
 778195
 158528
 373554
 675064
 496904
 486376
 243603
 851211
 610722
 107219
 645998
 484714
 943517
 178071
 396226
 145993
 525208
 662815
 186574
 820512
 159552
 728836
 118713
 500714
 171415
 510660
 85826
 731182
 774892
 379620
 115514
 443076
 983231
 947598
 159843
 517137
 392521
 114433
 239353
 761627
 798360
 754620
 935119
 595090
 452172
 354309
 44041
 6955
 517852
 725173
 855820
 702532
 226110
 599539
 555922
 887279
 812400
 474074
 719599
 374642
 518207
 889061
 605201
 564233
 940228
 85470
 775817
 932610
 773728
 16200
 884524
 821532
 898704
 334173
 486267
 974574
 234887
 525110
 438583
 369478
 630925
 937385
 507977
 839545
 649344
 437205
 914126
 670921
 634501
 996701
 117185
 515969
 791939
 722936
 108946
 703247
 614503
 819523
 619266
 671168
 336297
 378131
 393487
 352289
 530964
 376226
 550766
 456038
 564601
 67508
 517016
 16703
 90370
 421052
 26691
 849090
 313168
 89635
 903649
 977254
 798748
 512318
 891808
 659791
 504412
 134138
 418554
 253545
 901779
 372226
 983294
 143865
 827136
 653682
 30118
 853576
 443316
 643062
 47323
 750929
 893754
 770515
 703910
 424539
 416373
 22589
 486488
 249957
 935418
 453687
 102631
 484384
 882759
 887843
 901525
 930048
 502645
 496752
 88299
 992189
 517118
 623070
 751129
 276493
 936449
 998813
 753546
 835037
 812015
 91249
 109072
 270865
 329902
 622638
 812061
 453560
 353276
 906872
 776982
 910891
 222062
 45436
 447953
 453987
 262826
 647908
 612707
 427963
 282454
 750114
 125057
 826484
 337487
 225979
 88363
 236828
 257969
 909324
 800927
 46195
 153294
 907309
 827537
 677411
 551507
 76834
 194232
 845831
 654454
 304317
 312457
 821719
 68560
 28169
 571807
 665455
 342744
 867314
 811098
 293183
 795334
 700401
 353593
 553789
 794627
 815157
 545294
 728872
 625439
 382196
 359329
 968773
 953316
 497003
 642665
 465488
 375179
 14718
 32256
 577679
 719649
 136439
 160566
 859049
 158887
 99127
 92415
 613796
 108108
 217353
 285184
 378280
 681358
 425151
 303055
 361613
 210574
 167312
 34559
 853791
 143721
 535162
 961334
 261044
 476392
 444536
 497290
 11246
 83943
 760010
 932035
 581088
 503122
 121072
 400228
 846153
 713441
 449653
 171380
 172780
 481967
 172417
 708800
 831474
 203532
 800322
 815445
 40905
 469764
 291564
 661832
 629681
 126523
 150984
 781616
 823325
 931863
 133727
 477248
 593035
 630085
 174627
 451188
 757678
 821538
 780510
 663282
 194453
 397457
 843138
 546482
 593056
 677168
 211922
 349643
 621613
 853179
 146272
 949313
 203564
 332447
 545795
 512922
 913372
 994982
 446381
 675196
 942730
 688327
 575998
 814321
 927245
 511021
 413657
 128374
 601711
 415064
 159849
 6742
 511941
 68167
 773534
 39464
 533576
 680800
 517011
 802207
 83536
 534123
 586511
 444006
 478078
 248578
 547213
 587562
 693333
 434125
 869428
 495911
 274941
 738069
 13892
 474314
 577285
 581600
 457337
 685204
 343963
 533779
 319321
 998788
 200000
 895636
 598967
 590537
 808559
 773826
 762205
 673176
 998945
 990503
 918793
 946876
 269769
 193767
 721212
 416063
 164005
 666861
 745910
 349660
 115411
 714631
 772507
 67380
 238387
 521893
 280437
 555689
 481420
 836103
 495481
 372479
 418160
 813641
 577786
 383105
 945611
 479226
 676235
 460376
 269395
 436593
 864487
 721711
 342563
 66115
 37104
 238965
 832443
 173483
 341695
 372190
 833918
 185356
 612005
 756232
 916136
 178809
 56485
 996262
 261747
 438935
 149675
 738393
 641148
 740211
 328523
 146146
 48768
 887565
 526869
 576536
 974741
 544674
 69755
 715938
 690095
 155536
 767809
 161468
 6214
 441558
 124075
 82764
 695447
 169012
 764076
 897810
 169410
 90447
 877062
 980601
 109538
 175974
 197313
 916298
 15657
 866180
 722842
 617712
 784142
 865161
 186746
 733084
 7276
 949484
 903225
 131846
 170082
 776356
 616929
 107079
 866666
 931644
 156766
 550954
 959610
 583
 403991
 528014
 787752
 24021
 402800
 439823
 609447
 384736
 732917
 61981
 51213
 942509
 592534
 335654
 130957
 358720
 995737
 458461
 154145
 643716
 185255
 421926
 160387
 92271
 457787
 771340
 603773
 