6821
 3577
 6032
 8409
 3257
 5096
 5923
 5148
 5162
 9073
 4734
 9695
 3020
 1803
 1955
 1868
 9025
 3032
 7921
 9512
 9245
 7909
 2164
 1334
 8910
 7995
 5856
 54
 6421
 3371
 6409
 8422
 4991
 156
 282
 7666
 258
 5175
 9087
 1029
 3443
 1568
 2074
 6928
 9214
 6633
 1262
 9341
 5161
 9202
 4233
 8521
 4217
 3615
 5580
 7134
 8973
 4782
 746
 7181
 5512
 5570
 9156
 6988
 2215
 6155
 1321
 7447
 8908
 8113
 5559
 3490
 1340
 8087
 189
 6720
 7310
 2793
 1302
 1612
 8715
 4079
 8132
 4395
 2205
 3951
 1225
 7716
 74
 4299
 2168
 6039
 2045
 3462
 2028
 3086
 7385
 2803
 1661
 8786
 