412816
 79015
 80435
 170173
 722569
 201250
 217529
 785932
 621380
 299910
 901410
 832795
 929194
 366630
 556630
 489423
 376819
 454415
 91901
 530708
 888089
 247088
 881850
 501729
 568323
 455429
 202713
 348600
 924049
 747742
 152033
 118155
 520634
 558601
 76150
 126464
 680157
 194102
 160649
 741312
 463533
 993404
 531568
 27288
 795859
 957878
 131736
 579409
 99775
 260105
 190771
 241649
 275336
 308547
 648459
 25742
 248105
 981450
 583359
 453357
 523605
 679626
 225985
 498896
 140758
 852343
 660528
 419240
 754983
 334518
 197580
 273131
 104532
 142572
 862600
 552771
 370671
 383535
 587677
 490506
 288403
 903710
 589651
 230913
 409771
 903108
 181132
 470085
 23378
 980607
 127017
 868350
 997867
 972940
 202986
 55935
 416731
 500072
 203269
 417137
 571815
 400077
 714383
 346268
 622635
 838067
 66814
 918125
 883516
 892548
 84743
 898651
 448950
 438233
 868520
 407012
 428571
 205020
 604395
 629881
 996121
 365521
 126908
 786285
 726954
 869964
 93451
 985865
 416191
 32585
 248430
 601742
 736389
 769189
 652546
 693246
 732848
 715472
 511361
 922473
 798622
 91124
 611525
 508601
 315145
 556918
 574635
 99043
 184398
 959148
 0
 851133
 990210
 709959
 145837
 977901
 989323
 267502
 243772
 921611
 249829
 20854
 281782
 382331
 876364
 541871
 391304
 154971
 794048
 524746
 207087
 933309
 614147
 49469
 379812
 455113
 364030
 780094
 330552
 536386
 929787
 146137
 508716
 944264
 57041
 885088
 803270
 876765
 612752
 535968
 924854
 586019
 747629
 954748
 253998
 761863
 110373
 145501
 367341
 565002
 564362
 501104
 465811
 107902
 785890
 620802
 169587
 796226
 351922
 990618
 427040
 513504
 542857
 680323
 529285
 243981
 59420
 652329
 232992
 380201
 343691
 130432
 610106
 963930
 396825
 682675
 50416
 817483
 231556
 79040
 84763
 738053
 800000
 889615
 138258
 533550
 514388
 51178
 731993
 84128
 518764
 971051
 631464
 899909
 488288
 903217
 114104
 432958
 793681
 874306
 977957
 69941
 292082
 698156
 278976
 802041
 93670
 727716
 378815
 421231
 875923
 356687
 797785
 485415
 771498
 634711
 69662
 655306
 923310
 554945
 63347
 640696
 435306
 359918
 891283
 346528
 394415
 694806
 726168
 312497
 994022
 239014
 550791
 652593
 919034
 593409
 989461
 24725
 611550
 217032
 199431
 441293
 810428
 541966
 17729
 106422
 390452
 463798
 648242
 841991
 143863
 983434
 959459
 270172
 799435
 600858
 730825
 574482
 441637
 59493
 299143
 623853
 522653
 276212
 397456
 929323
 322825
 994326
 243142
 221778
 525208
 636444
 31518
 893160
 233393
 689066
 351133
 484578
 4537
 242180
 52225
 652259
 391608
 452266
 469122
 205692
 912052
 510187
 671611
 867234
 107100
 380763
 801162
 107338
 672495
 889343
 666682
 210999
 471035
 64294
 830782
 229345
 673451
 155748
 435936
 575508
 100278
 75974
 662667
 150652
 569820
 518180
 958554
 331148
 283067
 381113
 5411
 461926
 682196
 700025
 48705
 275823
 40050
 213296
 522290
 11008
 557544
 152497
 564420
 504296
 958372
 34152
 486105
 911682
 572753
 477685
 695926
 39702
 288409
 996702
 211069
 800314
 306165
 115685
 502535
 290846
 230202
 471365
 424209
 926782
 326957
 249699
 800916
 111913
 927330
 658780
 685104
 513476
 20361
 754746
 108814
 588389
 771395
 11742
 531428
 56414
 813257
 150751
 618939
 245695
 314058
 771667
 113914
 163398
 979797
 195730
 306502
 171248
 631067
 349329
 548984
 896
 295050
 105470
 968360
 593463
 3563
 186666
 227361
 783714
 731723
 681159
 441860
 531371
 680061
 375366
 238300
 312796
 223179
 799682
 251798
 309049
 881674
 655633
 678984
 500737
 159170
 707387
 71096
 902693
 440459
 208669
 272596
 462352
 836263
 216931
 253435
 502107
 267874
 292451
 671988
 94946
 428571
 536407
 880071
 176115
 347595
 490243
 758269
 751937
 249706
 183261
 481257
 631160
 591645
 311322
 337745
 701483
 580274
 736380
 889960
 91338
 328786
 633590
 546119
 438287
 476562
 470394
 661525
 20000
 234709
 541348
 819338
 745195
 640568
 209430
 75077
 368131
 285115
 944755
 805092
 145980
 522157
 392257
 348998
 859718
 76825
 407666
 290659
 832239
 88305
 150224
 859072
 433009
 908244
 956832
 822445
 24752
 40673
 32577
 511937
 737832
 845782
 269380
 999097
 540566
 361727
 51804
 880025
 877337
 286775
 245731
 721983
 129767
 928364
 977223
 895827
 842948
 760982
 598816
 598567
 571665
 217601
 377578
 299200
 627358
 357433
 607668
 673458
 306596
 388135
 44422
 240552
 189817
 448435
 624307
 603827
 618453
 510411
 216028
 378100
 230353
 592578
 788503
 879818
 836201
 761714
 171431
 910702
 366388
 294217
 816655
 948837
 829896
 320759
 584359
 57901
 472831
 18957
 235610
 661736
 547276
 661253
 798135
 564900
 957389
 894284
 107303
 839073
 998284
 288717
 601125
 846091
 579906
 594372
 23606
 850480
 438518
 365618
 859649
 325478
 713994
 881509
 60158
 978791
 208421
 329556
 358854
 228523
 733812
 880572
 130243
 155102
 524628
 374318
 579261
 693473
 372925
 925510
 748290
 883694
 346306
 150449
 841830
 410613
 360852
 957359
 483062
 470588
 350566
 415584
 904519
 893253
 900710
 355186
 173139
 24117
 184800
 857142
 822438
 666226
 43798
 79678
 0
 973268
 208704
 134236
 498157
 310647
 844017
 211188
 358615
 549576
 800295
 42436
 762576
 833524
 5744
 625269
 461834
 386827
 642570
 128205
 965750
 418574
 512375
 468589
 853308
 176849
 332409
 968081
 388009
 434175
 922548
 173661
 988006
 22064
 793275
 470864
 874152
 260731
 515820
 82241
 415799
 159420
 867017
 475076
 556521
 95006
 662169
 728329
 968757
 495623
 707512
 194529
 411319
 690692
 937418
 223437
 30619
 456406
 464944
 577002
 784234
 498847
 316383
 982941
 186401
 450996
 251160
 171881
 69055
 120365
 814583
 682716
 627278
 978161
 646811
 835734
 764542
 177913
 620706
 648888
 368339
 183600
 219304
 907382
 816951
 337727
 813351
 542241
 304106
 142222
 967190
 9889
 708385
 189873
 709543
 300314
 767268
 916083
 631515
 420293
 688748
 165680
 362066
 457627
 790026
 581149
 543089
 721604
 456725
 884892
 419853
 849909
 587828
 276130
 236472
 19455
 705206
 974736
 816567
 262815
 72335
 886893
 964127
 426225
 931041
 58823
 205343
 546630
 935952
 294179
 514285
 368301
 477310
 954655
 288554
 59210
 155860
 401935
 265536
 510754
 334421
 706913
 196486
 927239
 215260
 735543
 634634
 242888
 924570
 648172
 537377
 665382
 47266
 785188
 373013
 473954
 765653
 964254
 691559
 891583
 456523
 215722
 328734
 18140
 843122
 262869
 596069
 308435
 759640
 269999
 357793
 421622
 944030
 202527
 426394
 48158
 524532
 83107
 26570
 729616
 554642
 94492
 816577
 894736
 280881
 265827
 325716
 638575
 543882
 613296
 574435
 13071
 217051
 542343
 247341
 521275
 292559
 683455
 938799
 992961
 96866
 102271
 964069
 178061
 657578
 184725
 381154
 321983
 514711
 213649
 887940
 658536
 885862
 293660
 675905
 63923
 795865
 772396
 949908
 127540
 582314
 201063
 781745
 979134
 280146
 414535
 118623
 82594
 12856
 159328
 863874
 692456
 26644
 401947
 792327
 158316
 698206
 338190
 884963
 942702
 898455
 677087
 103678
 973012
 195999
 150867
 384700
 504322
 490654
 900377
 173690
 42612
 426322
 526658
 704766
 455870
 213515
 666666
 213072
 241444
 882997
 196473
 61678
 500351
 763346
 883981
 683550
 268206
 502289
 345447
 494930
 78214
 769402
 10362
 582174
 170286
 337507
 809436
 492588
 335868
 903997
 942774
 645689
 719801
 343474
 446003
 301886
 150823
 842718
 789473
 760471
 97235
 588557
 883680
 28393
 845343
 80745
 199143
 128735
 922518
 2557
 431932
 489937
 713980
 87470
 375028
 764503
 491542
 253012
 736856
 445197
 201308
 238010
 593229
 602305
 666830
 62001
 4306
 142684
 516052
 994734
 617922
 276123
 665387
 935959
 499763
 492640
 246405
 364428
 753976
 585504
 1133
 308482
 986666
 610371
 611181
 288423
 343465
 486631
 699999
 553670
 625350
 396203
 594222
 944742
 500987
 409250
 575009
 822407
 67427
 349702
 535286
 973380
 763869
 834161
 169070
 439607
 490713
 889509
 554323
 200897
 331381
 560667
 265202
 352493
 490613
 596136
 639083
 917251
 441881
 663740
 11203
 985629
 836223
 770949
 927903
 845664
 914669
 129836
 26330
 824385
 579946
 862745
 583942
 802103
 241743
 765541
 829081
 824961
 620974
 965944
 751543
 779391
 812235
 258584
 896290
 230320
 307708
 288906
 559103
 852736
 730308
 972349
 869753
 468910
 255481
 752954
 916042
 299471
 937644
 844049
 106619
 482535
 57972
 527307
 393939
 603639
 540349
 447432
 528101
 36569
 853599
 860465
 194545
 912414
 540401
 478974
 59083
 517554
 142963
 984948
 409901
 150510
 192611
 714020
 510257
 322430
 499585
 298594
 19475
 721311
 191119
 189982
 879842
 126780
 83034
 436842
 11400
 124081
 131448
 5154
 116537
 217752
 790005
 390291
 88177
 700227
 184687
 582546
 594764
 862114
 430123
 653861
 501007
 75281
 384163
 789902
 305735
 525439
 964705
 388589
 194568
 592841
 675789
 512224
 566908
 2434
 102081
 356804
 532814
 510606
 774291
 269829
 686032
 997763
 604588
 881666
 67375
 920353
 85245
 300000
 625648
 274096
 418361
 289248
 751852
 873463
 760925
 38401
 143372
 695199
 439024
 439126
 644464
 629515
 433096
 849072
 883538
 466612
 740478
 724137
 815996
 181648
 858369
 397725
 307795
 223814
 575132
 573209
 841985
 896162
 21991
 698412
 734847
 318746
 523135
 636260
 136765
 854941
 507319
 309960
 829600
 368113
 170393
 333895
 537976
 377023
 728605
 227844
 548784
 731462
 520149
 677453
 777777
 489429
 901593
 442741
 395870
 454385
 165994
 220498
 784064
 694405
 300120
 33263
 577476
 694269
 168257
 400280
 145211
 551882
 29039
 907667
 795005
 123327
 852248
 888782
 54109
 975987
 610450
 301579
 151918
 441617
 129151
 471910
 363669
 22103
 574596
 173870
 603276
 514722
 538914
 516896
 668703
 609671
 70603
 27853
 845133
 236434
 939033
 777601
 882943
 34111
 612127
 127476
 177491
 341921
 719698
 932038
 828482
 976654
 288437
 207770
 310443
 398453
 523130
 354121
 613299
 953367
 830805
 766710
 795373
 561750
 962202
 331301
 458508
 451851
 972726
 328872
 270853
 555762
 345981
 898033
 303226
 756319
 266138
 933465
 218808
 3011
 394585
 912056
 341785
 845534
 577628
 880857
 849509
 243610
 635991
 364612
 929148
 104932
 994355
 654643
 668783
 157840
 371532
 420446
 215949
 351380
 657927
 1899
 957359
 936580
 600787
 217719
 984715
 148141
 452919
 183287
 532199
 810996
 739488
 628163
 84423
 615036
 244346
 212264
 669035
 586073
 957011
 400557
 932773
 934208
 368814
 761956
 636217
 990623
 99079
 553310
 407066
 449049
 54360
 174820
 228212
 602947
 490328
 162758
 581243
 241315
 528384
 123135
 407926
 206049
 737195
 691873
 884671
 461815
 344429
 683569
 830608
 278317
 333266
 966886
 168822
 862499
 761667
 548188
 902893
 691839
 703297
 82975
 26179
 967032
 580034
 540907
 714285
 245521
 437996
 692988
 767271
 414353
 524359
 408280
 594049
 25291
 91500
 150937
 116650
 295693
 839342
 63297
 851508
 363139
 73073
 973900
 405507
 606307
 911834
 762886
 610328
 500879
 511803
 642772
 982510
 335587
 436958
 32237
 281742
 306937
 910684
 455463
 130691
 761331
 980030
 340980
 354351
 312707
 716349
 641221
 461710
 508714
 506164
 854455
 420778
 435018
 695490
 276420
 823579
 510885
 502117
 707602
 648634
 456487
 129732
 785087
 609117
 263504
 285145
 290726
 264957
 359330
 584845
 609179
 235374
 359818
 45110
 500840
 687318
 267470
 737917
 843305
 23029
 841986
 474548
 640854
 208469
 572668
 633579
 319890
 12376
 659457
 847913
 120039
 310704
 117861
 304723
 580645
 97451
 233333
 62253
 7194
 688473
 411342
 517284
 668161
 95852
 249842
 420657
 377967
 913450
 315454
 253346
 71683
 907900
 352781
 815814
 51734
 831842
 488413
 9200
 748447
 190564
 623439
 196452
 384157
 87709
 676742
 754984
 729546
 995536
 93894
 482773
 111473
 834782
 11320
 793133
 172135
 616252
 195602
 382585
 769937
 486939
 820942
 674464
 717695
 992595
 754672
 22621
 551130
 796663
 646040
 723861
 977453
 185757
 991596
 607581
 70938
 870377
 366462
 999242
 437295
 23611
 885676
 36529
 536143
 844469
 561286
 247167
 710561
 679549
 436290
 969398
 212368
 348332
 677551
 685704
 442263
 38696
 312209
 192800
 395282
 498023
 898439
 605662
 263333
 150396
 170714
 202981
 67347
 998669
 748663
 45388
 845047
 543603
 146469
 462209
 621931
 682183
 51238
 483429
 564727
 693854
 530706
 974240
 949973
 72797
 531375
 956480
 514960
 682596
 153164
 444378
 274478
 277070
 875138
 512953
 649676
 793556
 711692
 977755
 719435
 195864
 459386
 209404
 364434
 768329
 639574
 362212
 766321
 94451
 716246
 214592
 815516
 441046
 813829
 956237
 399777
 761650
 299143
 451140
 805222
 163510
 509728
 312087
 635194
 483793
 980800
 217612
 767115
 245246
 146069
 256091
 404277
 19759
 82822
 419870
 59727
 307692
 677523
 699255
 645810
 573516
 420130
 127982
 296296
 270388
 74775
 440249
 726080
 834409
 647412
 243154
 973967
 179813
 414550
 276379
 246613
 179630
 886780
 899999
 295481
 670424
 482534
 77545
 640875
 349138
 404503
 956015
 813021
 182129
 661228
 6707
 340352
 108694
 919704
 227823
 387152
 191972
 86258
 460232
 683635
 231081
 357472
 559348
 197291
 92489
 748866
 151497
 555210
 69036
 675874
 942252
 872941
 306791
 169704
 465087
 420536
 343533
 208830
 238692
 79332
 79835
 872483
 803978
 134705
 220183
 459979
 64011
 65349
 921278
 466049
 440195
 422995
 770983
 635184
 999703
 117508
 112700
 659984
 588522
 5076
 45334
 900245
 197395
 507545
 29715
 534766
 150092
 235008
 554543
 895942
 55535
 164295
 761004
 276574
 272034
 461538
 418181
 145556
 998634
 57728
 856236
 129366
 81081
 82521
 363636
 304635
 880981
 687797
 962570
 649029
 767717
 951181
 574281
 791112
 739636
 708918
 685044
 360699
 229991
 172612
 108938
 532660
 137490
 83931
 711248
 777777
 424519
 156898
 172522
 374070
 235294
 508225
 319973
 790995
 195576
 402025
 560816
 500834
 958737
 758916
 868610
 845574
 719329
 744107
 176596
 535747
 83665
 768647
 800138
 884572
 705052
 714439
 947914
 767662
 824011
 415586
 583333
 609174
 227554
 653881
 93316
 393302
 188329
 72169
 100004
 472181
 257261
 418028
 195931
 279421
 866275
 331035
 743532
 481481
 880591
 942505
 89068
 145596
 779644
 450007
 322528
 612606
 798148
 366201
 272096
 79999
 54803
 627802
 944746
 190856
 441358
 704212
 613992
 703363
 869860
 443033
 715288
 367000
 168943
 672511
 107313
 873419
 826297
 942152
 703811
 898992
 120949
 82920
 429647
 52060
 528574
 934244
 312916
 838709
 886821
 742258
 882624
 714625
 676137
 838332
 719562
 323840
 650679
 923027
 751013
 958156
 915408
 622792
 318760
 744620
 753006
 535635
 87417
 977530
 5991
 158945
 709767
 743789
 129787
 128060
 681407
 954886
 696366
 497821
 337075
 652488
 509702
 446153
 192982
 965188
 114348
 649948
 900414
 971935
 895522
 871671
 515182
 160761
 303250
 651843
 988804
 995553
 140491
 326139
 776005
 857869
 405779
 350471
 376529
 599694
 208879
 805804
 745139
 416555
 82779
 718981
 703076
 769680
 358009
 414937
 682081
 814591
 163100
 19924
 887337
 863427
 176524
 122131
 493941
 287118
 934486
 628705
 671663
 243228
 241592
 790003
 151767
 873478
 631965
 306760
 356140
 438292
 755589
 592791
 10469
 997600
 513383
 127696
 545295
 936635
 534516
 28641
 914941
 136667
 907495
 94625
 562570
 141577
 179373
 945585
 18239
 112685
 361523
 603056
 58077
 721208
 367474
 221198
 634659
 608505
 576624
 779097
 312174
 164796
 147961
 244070
 4199
 121559
 125618
 256256
 469465
 695847
 858144
 476
 909630
 738086
 606155
 491038
 953321
 936405
 383725
 0
 696477
 476730
 615897
 259012
 157824
 841854
 633939
 139997
 945826
 621943
 565543
 397402
 467759
 706484
 448878
 38328
 625910
 800133
 769097
 930425
 833437
 581471
 23988
 771989
 570283
 313941
 343054
 289348
 703890
 196292
 940707
 819440
 658635
 396207
 832223
 549414
 236429
 550247
 555615
 448979
 477207
 346216
 57289
 390948
 454275
 172655
 855606
 69794
 375499
 223361
 581940
 574056
 703379
 308649
 932037
 928288
 430555
 242345
 326965
 322303
 77806
 685831
 479511
 679896
 539852
 628215
 991044
 902934
 730117
 360287
 28334
 82150
 50234
 693517
 526692
 32476
 649579
 735978
 804638
 755723
 557199
 345864
 960875
 533333
 559479
 492684
 930237
 110291
 791972
 324271
 562492
 35180
 126116
 146092
 6885
 141078
 533795
 56735
 608933
 734409
 42133
 318909
 788258
 704005
 643805
 636101
 473197
 904866
 618866
 387460
 129406
 525296
 709122
 393348
 944580
 254621
 812638
 284335
 282516
 666529
 729545
 286268
 610837
 49784
 558506
 98081
 775518
 38889
 264190
 675335
 180366
 827741
 782729
 271012
 592404
 35281
 579619
 827379
 866079
 126318
 49559
 691882
 641441
 415760
 753142
 243219
 791174
 360930
 55487
 688208
 611670
 673435
 188335
 704288
 350412
 529335
 118689
 754782
 60521
 475180
 344096
 527326
 799999
 699787
 89832
 512706
 739834
 451831
 198473
 773755
 838101
 192430
 623418
 542069
 37071
 752867
 38067
 444930
 231755
 431059
 29400
 609286
 252508
 326858
 526522
 772717
 403587
 585023
 294013
 204899
 344849
 577163
 66928
 834604
 866295
 61824
 811849
 931165
 174380
 695234
 798977
 414264
 172079
 829452
 317966
 840802
 427330
 589957
 617761
 823720
 719916
 534223
 400180
 529885
 822347
 231506
 907108
 148593
 474459
 438530
 311151
 804672
 430092
 188269
 302531
 345971
 325229
 381107
 88203
 635328
 905817
 120175
 127746
 310576
 618814
 496963
 314525
 335854
 741488
 271313
 921650
 31081
 869655
 888864
 928269
 28575
 117329
 542785
 567023
 348143
 801691
 611273
 965079
 916522
 666758
 846855
 875723
 306314
 470104
 745158
 148828
 252305
 625479
 578887
 850340
 314655
 557728
 55245
 247414
 501474
 692386
 429043
 90928
 72546
 265946
 433480
 810502
 829732
 158452
 305087
 77830
 468728
 547723
 232288
 545119
 22177
 859596
 691526
 8930
 322580
 130595
 836035
 829596
 569490
 542323
 826737
 591541
 609100
 357876
 799234
 882653
 247268
 759157
 31753
 742641
 351097
 396133
 464711
 380620
 12048
 462233
 637372
 922485
 942307
 517587
 832583
 88835
 312230
 443596
 749455
 501415
 714285
 689149
 680054
 286555
 935078
 931197
 582479
 221453
 670871
 188744
 689655
 238221
 374658
 124797
 359439
 422545
 437073
 460674
 576760
 248126
 50622
 748835
 843366
 500202
 732549
 912105
 307186
 543214
 205499
 529922
 349266
 257158
 268108
 263803
 668635
 222679
 562454
 275862
 613291
 98025
 62165
 562598
 448144
 583408
 46935
 232876
 583433
 125204
 740952
 369700
 498874
 611960
 530414
 441222
 435042
 161785
 192360
 974369
 376974
 263244
 729740
 694026
 916981
 762563
 934003
 47338
 954319
 939687
 389435
 465038
 504424
 588252
 119308
 352679
 765929
 80289
 296012
 510679
 533879
 877836
 130998
 394160
 21897
 939349
 744140
 452020
 633979
 474777
 677998
 871931
 27766
 565654
 798653
 914349
 0
 395131
 998695
 849609
 284858
 49738
 408819
 232043
 172354
 556733
 877290
 273565
 216940
 536242
 415996
 359955
 18198
 855954
 711465
 569272
 215170
 691086
 555009
 960592
 866443
 155419
 765412
 302709
 528774
 965242
 50905
 127571
 337357
 671218
 329949
 403178
 17186
 188449
 329991
 684087
 375574
 799860
 346119
 25180
 36767
 522268
 303797
 685438
 117259
 739117
 153684
 565217
 320303
 540316
 142240
 566753
 372371
 693403
 528042
 662852
 721014
 533333
 279153
 67215
 856710
 125147
 922207
 528965
 136808
 369294
 843990
 380882
 555316
 746215
 295041
 684517
 918994
 579651
 757679
 349818
 61979
 265745
 862170
 420352
 272848
 864557
 967511
 614857
 685704
 102351
 954221
 818006
 642254
 605951
 342245
 672074
 446632
 585005
 545367
 92953
 777121
 894977
 737282
 407963
 817230
 921640
 50539
 844440
 661955
 666895
 370258
 586358
 441188
 588640
 618068
 44897
 408921
 244215
 336585
 631621
 292240
 449089
 268912
 450994
 100272
 449581
 713505
 158429
 196677
 888659
 160250
 431679
 725651
 879800
 984251
 715833
 978408
 428798
 150208
 383165
 878097
 472023
 326025
 545932
 670524
 353240
 255711
 646683
 567166
 162909
 460123
 286726
 131367
 884297
 18379
 349799
 495050
 118737
 508849
 770143
 580228
 897954
 334155
 742424
 614126
 23042
 771106
 382403
 276173
 963290
 764795
 814263
 497886
 82206
 176500
 647654
 541833
 508583
 140833
 406748
 97891
 466681
 952128
 844104
 187713
 302494
 918715
 39027
 694654
 277780
 616407
 972134
 734989
 876423
 459258
 20007
 989810
 778542
 367498
 684297
 866964
 582494
 78662
 456495
 790981
 748024
 605295
 765508
 77724
 641723
 675741
 845351
 807704
 413181
 502666
 266168
 978992
 595725
 471451
 327030
 789275
 321993
 534871
 129074
 728967
 109090
 411262
 8881
 805353
 189513
 771929
 729425
 760637
 427204
 906145
 28600
 774997
 94477
 315753
 825860
 42912
 419692
 199490
 328723
 611157
 73810
 690103
 167047
 173439
 448979
 516
 830974
 968918
 678222
 419847
 21178
 671575
 356641
 77314
 341923
 839459
 600378
 60279
 551724
 279062
 555953
 207753
 510242
 983820
 194211
 787136
 954887
 114301
 375178
 838840
 65020
 139347
 317450
 155918
 176010
 582346
 176398
 219930
 762233
 7561
 204439
 18237
 520059
 893708
 778167
 836427
 954359
 806027
 144704
 558356
 790697
 422241
 610583
 505809
 112934
 589798
 457266
 67437
 146152
 529882
 733377
 161823
 433552
 592544
 561503
 772874
 839444
 681159
 216629
 338610
 972248
 357645
 652683
 497910
 459119
 264476
 343963
 898902
 277894
 52450
 240174
 650372
 202113
 945803
 426713
 857077
 319942
 158730
 882260
 86468
 280837
 626906
 682282
 512519
 359012
 410949
 768425
 567970
 291268
 204255
 413483
 613725
 428154
 234153
 143756
 709473
 695360
 946938
 800278
 102189
 435676
 361712
 423770
 230742
 100502
 92969
 742378
 467889
 10550
 51727
 220331
 194237
 939058
 65663
 929639
 683404
 409969
 943309
 687976
 224281
 161511
 59532
 653964
 920900
 153311
 250637
 551244
 583651
 42085
 297548
 190399
 389504
 256518
 792846
 80377
 470138
 908677
 922677
 556976
 727272
 536482
 726415
 625798
 951530
 389230
 247931
 638623
 741457
 161496
 676478
 781076
 822435
 878399
 45871
 358911
 481442
 478060
 679012
 39486
 212428
 127643
 981595
 200370
 128525
 970806
 794638
 336239
 527692
 265052
 846153
 163318
 587857
 687948
 405539
 923875
 638586
 473841
 350993
 15418
 532033
 219936
 546389
 90517
 541054
 593827
 589041
 964254
 305486
 85409
 715984
 879099
 227104
 468170
 804104
 833369
 331872
 129325
 887147
 76870
 925857
 427698
 550191
 522964
 58306
 904973
 54016
 340604
 472957
 428915
 67844
 155155
 698450
 345844
 979827
 720221
 478932
 976430
 603891
 630495
 516572
 550741
 697454
 200689
 47957
 806004
 359620
 644587
 706353
 222335
 16591
 708499
 272237
 77005
 390898
 473162
 988605
 913762
 570349
 785438
 319468
 107346
 383144
 597553
 814913
 389113
 395058
 482968
 851267
 237586
 433175
 891647
 997440
 233817
 474771
 434811
 738857
 971269
 883073
 513490
 129232
 750593
 962635
 10342
 402266
 849133
 458390
 842461
 728133
 706043
 333333
 700405
 520745
 795231
 452708
 611006
 709624
 202624
 723081
 5149
 960382
 293039
 451369
 560280
 322918
 379583
 61356
 461633
 31113
 329401
 249448
 815206
 209341
 478833
 934065
 42428
 716233
 320497
 77747
 386065
 599295
 802755
 792250
 130237
 324119
 95508
 774502
 359217
 597959
 786151
 847785
 128983
 67142
 0
 421816
 192045
 61827
 792987
 146788
 100387
 287901
 434416
 2210
 351128
 46376
 411594
 786054
 177647
 156183
 438836
 716667
 95216
 7001
 11314
 263335
 226867
 845141
 304468
 567289
 729032
 461580
 222580
 303190
 166634
 803986
 554744
 661048
 481877
 214109
 802968
 412482
 511299
 580990
 970582
 38259
 58526
 517300
 543009
 483161
 912935
 825915
 934860
 625864
 675068
 154852
 460048
 99854
 693004
 462470
 112843
 838790
 353727
 886052
 477160
 520439
 343704
 415648
 391297
 676109
 415909
 422794
 955769
 672871
 255770
 493368
 575872
 709797
 691250
 714300
 693264
 467731
 306569
 727126
 802415
 874109
 31358
 552282
 833660
 668404
 436158
 920926
 289066
 828055
 562817
 256494
 80927
 381625
 213270
 494297
 210698
 824550
 936446
 727318
 496898
 996389
 886531
 975596
 670843
 549471
 593220
 143075
 573930
 818987
 657884
 151917
 964375
 985622
 772183
 686204
 996492
 600885
 513161
 374835
 224960
 609045
 171570
 731935
 856463
 528231
 433134
 778243
 64235
 93153
 176943
 255319
 117182
 184580
 232345
 382215
 549408
 594894
 87442
 531702
 97124
 44874
 141678
 824106
 714298
 353768
 688345
 565411
 959595
 303955
 814119
 535989
 17702
 353711
 901952
 441545
 297539
 265562
 326144
 815616
 950276
 224199
 987331
 763986
 232722
 537705
 977833
 685295
 41063
 34706
 912221
 334493
 558751
 371288
 847728
 363233
 252162
 243150
 264978
 579986
 558173
 260570
 314834
 129234
 996297
 272485
 360694
 99329
 945205
 528894
 659129
 618181
 606743
 118473
 779162
 877176
 293268
 789668
 744565
 761739
 689408
 15060
 464388
 417985
 582466
 895084
 903674
 204379
 423215
 943902
 87066
 236486
 769078
 202506
 206037
 11778
 230769
 17341
 657507
 60453
 565598
 187766
 20106
 868353
 135357
 52526
 239807
 760302
 883610
 57868
 355804
 918695
 491708
 886335
 229638
 261162
 324915
 452165
 536412
 622994
 547532
 871418
 6763
 899823
 102298
 284340
 45704
 868244
 241062
 549193
 67850
 757711
 111583
 909662
 956016
 333333
 107244
 483195
 531266
 78319
 786543
 427629
 269558
 185267
 362943
 519546
 499217
 589840
 516853
 903458
 436090
 64284
 832431
 706974
 956566
 986811
 163643
 648303
 998227
 801159
 565668
 283433
 388368
 744442
 72271
 739287
 202581
 486043
 640336
 385179
 406546
 935428
 625879
 899352
 235470
 354692
 408641
 968704
 619865
 353497
 14058
 775124
 223616
 93366
 313463
 888293
 195547
 903298
 920935
 393108
 937688
 756646
 757507
 122995
 68917
 366307
 542526
 789902
 457988
 345819
 960619
 519697
 922609
 224756
 904809
 952959
 473557
 52652
 464128
 334517
 652881
 756536
 240130
 30075
 726162
 149682
 780740
 758148
 402934
 946984
 315374
 410749
 563520
 293999
 420789
 254287
 75756
 247082
 714285
 871048
 104012
 938077
 13988
 730830
 396624
 693379
 127208
 302073
 229580
 194482
 763306
 182171
 372236
 893445
 404719
 647489
 520296
 721852
 701099
 337263
 148976
 679343
 821614
 695497
 140731
 621499
 391758
 960623
 231324
 68266
 676248
 818943
 889950
 687441
 106827
 559681
 340722
 647058
 517474
 650274
 944535
 744633
 113507
 926944
 751117
 466065
 132943
 59853
 828510
 746853
 156932
 196296
 666951
 334945
 248165
 245889
 359804
 198453
 687292
 681609
 15896
 374810
 266603
 595742
 325987
 353101
 478832
 463135
 407863
 426594
 349726
 797148
 750079
 722512
 699683
 6893
 764595
 641637
 59597
 414974
 488744
 711091
 859323
 789812
 434616
 740771
 728908
 627811
 846356
 723110
 716314
 678883
 694859
 130628
 401165
 821370
 662914
 5359
 823900
 643312
 803507
 976664
 770143
 283837
 562414
 755364
 719081
 81277
 325367
 388652
 600775
 107952
 105481
 296382
 955417
 216307
 54243
 836279
 522632
 879390
 375995
 372093
 11977
 657425
 755923
 346282
 45613
 827090
 396411
 365468
 656588
 329985
 369863
 632808
 917066
 506711
 270225
 192242
 858203
 143658
 563917
 217882
 411221
 722982
 698068
 257603
 461095
 940743
 909897
 251204
 752249
 167879
 688336
 684622
 154201
 309501
 305178
 975082
 286939
 750989
 511106
 943870
 912166
 166676
 839915
 449141
 728456
 426132
 715274
 999496
 967273
 986128
 303370
 351908
 110211
 922871
 178343
 49111
 666196
 149996
 201532
 911044
 114916
 169172
 633928
 136273
 646098
 524119
 872573
 685714
 257944
 580472
 680658
 464566
 551124
 345677
 760406
 459566
 687895
 248203
 426373
 44007
 395475
 404567
 685856
 981538
 166498
 636613
 190839
 628797
 344307
 891815
 986988
 648146
 724872
 304932
 396689
 842105
 53891
 104973
 57101
 778850
 289567
 84428
 758079
 637285
 34362
 323974
 385852
 349580
 790798
 504930
 16705
 971969
 340633
 15725
 484691
 751071
 984294
 381579
 478134
 708705
 44110
 474534
 206896
 907468
 144917
 636584
 579880
 766627
 310447
 126946
 812280
 821635
 527395
 678888
 844462
 628561
 124765
 423508
 468526
 439421
 536221
 551981
 686711
 770392
 924840
 482066
 95492
 504566
 768974
 195366
 534767
 859633
 390467
 709234
 592119
 750975
 161235
 797938
 730290
 110089
 547668
 332454
 623294
 599711
 64931
 915665
 829268
 797974
 691092
 999420
 237623
 385786
 565680
 913863
 646582
 896576
 372912
 371547
 565526
 348254
 626541
 273381
 795426
 70492
 79258
 175082
 424264
 727171
 691790
 123505
 835601
 208608
 475520
 327347
 626507
 95764
 949988
 355261
 429456
 262899
 884867
 554535
 256310
 435176
 402061
 733971
 663016
 890492
 101265
 122687
 406250
 111404
 746818
 695652
 273308
 690547
 548228
 857625
 609746
 829969
 233271
 204321
 943431
 474346
 25145
 249538
 790229
 889334
 982685
 710551
 692759
 606335
 12919
 596381
 393560
 970174
 45664
 858037
 896290
 298094
 282614
 209818
 257752
 361928
 51078
 175865
 830783
 950789
 713377
 96555
 30861
 2408
 817610
 848607
 274094
 56553
 780374
 570023
 661065
 22838
 10580
 385645
 774661
 649656
 691738
 497940
 173606
 875195
 203856
 119290
 967657
 801170
 472506
 507681
 174200
 39406
 281668
 470567
 222222
 271861
 248081
 286312
 145170
 14269
 171282
 425185
 177963
 5865
 94769
 980176
 769395
 271850
 410560
 77853
 358396
 137964
 987639
 962391
 226012
 938909
 192650
 771030
 813397
 626257
 940759
 618789
 612209
 976859
 198745
 226991
 757086
 898131
 140122
 41111
 556572
 838226
 114514
 858180
 705827
 927316
 752226
 542472
 271186
 350696
 377409
 409736
 797704
 711490
 148642
 851476
 455595
 739926
 904098
 376276
 635220
 918704
 255640
 162523
 592449
 480122
 172391
 582807
 249595
 32192
 123435
 836983
 669634
 988730
 930574
 675202
 934376
 656641
 529640
 126691
 355694
 184765
 459931
 226255
 470296
 3175
 117216
 877266
 751332
 577605
 433554
 158391
 797681
 531471
 377643
 419395
 65297
 533853
 724479
 184134
 300862
 511599
 875441
 583914
 620214
 109920
 207302
 586035
 316538
 670120
 95485
 578327
 986763
 922737
 278838
 527375
 556105
 529190
 546180
 7749
 716637
 497343
 491047
 186504
 838539
 982432
 152718
 109626
 758214
 790892
 647776
 234423
 693723
 99440
 32315
 392220
 291802
 207674
 930555
 268137
 30796
 523113
 907263
 456279
 877521
 737643
 438051
 157195
 904390
 868676
 224257
 422305
 215735
 63167
 974637
 366238
 140828
 584089
 770584
 600312
 451315
 813043
 940448
 995297
 382274
 707423
 280701
 408902
 914470
 553254
 468559
 323426
 475661
 835458
 733133
 517476
 162601
 63403
 328966
 433126
 148447
 461354
 346147
 908620
 727346
 375521
 877866
 770538
 143944
 574825
 228860
 827160
 742724
 640075
 524082
 810277
 395843
 19417
 723798
 518195
 864366
 56511
 457652
 226770
 768637
 231443
 892652
 973705
 853628
 211933
 925823
 523994
 557874
 658308
 680598
 713551
 389614
 416901
 934856
 107577
 181064
 162136
 294703
 519525
 583369
 677274
 466071
 289479
 364911
 373190
 29850
 438436
 891354
 419930
 906445
 851146
 412305
 436558
 90012
 60929
 814790
 158351
 233471
 154458
 187877
 871942
 887259
 186697
 960879
 491660
 295625
 513551
 80522
 237182
 192039
 198128
 56335
 48831
 903125
 375280
 146077
 457904
 656844
 250812
 121952
 775471
 208403
 563937
 659966
 307518
 384882
 455930
 537780
 431849
 186178
 999234
 633176
 160493
 572991
 62500
 815548
 581378
 251662
 302911
 805787
 995921
 419406
 908465
 445042
 749197
 71622
 436598
 125502
 959462
 856365
 903614
 81251
 854514
 664187
 644305
 217376
 163395
 647749
 513371
 941308
 314042
 100057
 452513
 219126
 705620
 925944
 435258
 337491
 622586
 304258
 981905
 448275
 479728
 773430
 281178
 995991
 235294
 135294
 947630
 19206
 249523
 778042
 835834
 288494
 137088
 60589
 951749
 513635
 386914
 260678
 777211
 780513
 343472
 400309
 885366
 641797
 703234
 867794
 974911
 385261
 390476
 279027
 924662
 28056
 578311
 320675
 475997
 721601
 111477
 362369
 388299
 50606
 165505
 411272
 40960
 721852
 19316
 510531
 147286
 283730
 647755
 0
 919283
 728558
 457897
 959167
 563228
 334857
 557569
 600205
 126087
 751481
 130219
 580020
 795769
 254777
 18636
 385745
 402747
 384331
 650793
 993827
 295382
 245283
 100983
 690882
 378905
 890109
 119716
 318060
 5763
 154565
 655131
 911837
 989815
 590547
 426603
 408530
 166838
 432283
 683195
 575727
 149434
 729251
 680204
 774069
 779772
 51358
 628772
 690503
 39215
 513074
 623044
 914446
 869720
 823043
 25626
 947732
 444576
 91146
 622407
 16690
 849391
 426315
 460162
 965443
 255631
 711718
 342342
 814321
 826971
 932319
 664207
 796955
 712759
 670081
 747345
 499857
 632465
 612445
 330754
 56644
 435293
 269268
 166269
 539628
 836424
 248188
 122322
 809437
 174473
 638602
 342492
 170670
 488822
 87574
 477435
 779164
 480792
 994903
 103786
 477643
 916285
 629824
 215473
 578942
 82434
 811792
 715176
 834228
 655696
 139684
 184263
 227533
 214622
 81898
 202082
 744837
 820967
 226392
 623910
 453752
 532267
 252186
 100879
 761987
 744183
 969066
 975671
 931108
 951711
 374126
 656748
 915719
 851905
 527141
 623358
 829635
 579846
 130941
 45599
 552311
 908263
 998147
 541174
 399136
 160536
 317460
 999873
 294055
 46480
 465319
 928482
 725826
 449182
 927454
 422384
 219116
 821107
 413931
 323335
 488721
 602887
 779750
 428309
 484512
 90892
 947368
 981315
 268112
 653493
 869789
 276159
 591727
 475382
 70804
 184930
 731631
 136979
 401673
 574799
 55100
 451025
 514980
 715582
 177971
 465191
 800095
 873524
 537672
 434106
 538405
 199999
 217545
 86657
 845922
 28744
 231305
 290963
 515393
 855978
 976713
 576464
 81244
 996565
 232490
 500499
 225652
 767441
 948716
 4693
 287986
 334498
 9928
 124046
 218370
 421096
 855485
 295150
 483887
 125511
 533956
 541241
 425389
 896360
 451842
 382612
 848264
 579921
 221256
 555669
 342163
 214470
 794878
 239826
 37390
 957573
 811982
 365064
 988661
 400000
 217625
 68562
 288434
 567583
 451085
 964698
 766354
 539563
 74828
 215165
 469458
 865532
 490823
 450057
 588552
 513266
 263864
 391730
 710352
 563131
 237024
 457452
 347434
 157412
 670572
 773338
 127942
 606520
 232804
 981284
 758787
 395848
 121359
 686419
 380358
 399361
 579156
 969727
 16174
 794440
 7259
 863387
 605281
 384386
 652736
 119254
 346885
 521675
 409742
 129593
 648895
 47270
 690184
 214285
 206396
 437898
 995966
 847525
 18475
 434620
 341407
 781770
 49930
 121130
 146903
 442982
 570276
 780430
 165736
 486633
 979956
 37171
 15371
 899941
 746865
 457007
 357453
 742738
 181055
 897631
 877003
 75828
 468440
 540741
 307562
 968816
 498389
 513661
 189441
 700964
 102259
 620417
 557684
 714018
 856400
 783486
 550347
 949270
 510553
 955073
 736365
 745401
 696750
 411499
 679958
 601245
 61269
 952380
 569988
 272024
 428056
 327929
 457678
 2395
 178391
 41070
 790289
 792839
 599106
 506097
 90990
 665118
 195312
 85875
 747202
 379672
 709569
 510691
 318700
 283754
 541343
 285373
 666904
 97181
 311688
 881899
 133333
 513836
 134185
 748200
 305801
 934282
 190315
 279967
 221917
 359035
 286946
 279077
 969142
 492605
 346666
 435628
 423494
 371115
 681282
 973451
 454777
 717764
 12884
 493252
 824475
 869674
 842767
 302573
 323484
 743549
 291253
 260267
 993419
 85417
 245544
 680724
 597558
 32437
 18765
 749113
 272105
 426898
 170682
 91500
 248467
 854685
 704231
 787391
 133372
 875919
 519879
 208222
 736218
 156561
 336993
 561449
 962341
 437949
 361432
 363958
 516853
 524510
 213114
 781125
 581244
 836265
 316455
 462082
 848185
 14447
 139443
 694397
 185443
 677637
 182275
 13216
 646129
 480082
 531208
 531006
 364990
 281553
 928889
 134956
 430064
 650211
 981925
 75742
 521458
 923412
 749068
 84348
 669817
 249460
 277419
 681038
 532241
 466200
 642905
 377857
 108402
 784228
 480051
 598221
 910647
 143300
 98753
 539999
 892682
 298162
 907748
 702440
 791403
 233706
 63636
 200749
 110431
 383296
 633913
 180213
 765865
 978400
 929347
 106968
 409122
 647560
 171594
 53122
 421910
 73261
 502439
 822066
 622878
 182788
 153846
 915438
 518624
 491768
 249689
 208324
 781869
 403087
 426322
 306393
 318870
 697968
 644390
 305421
 602451
 132439
 316262
 950451
 167468
 257940
 291568
 358678
 278091
 788127
 497109
 883189
 612459
 858389
 366366
 528522
 14853
 62721
 880373
 728301
 160936
 66188
 265685
 562727
 310003
 435686
 869086
 603487
 909784
 915733
 90585
 525321
 689530
 605086
 165267
 879020
 484604
 222222
 533534
 894599
 169789
 976099
 557606
 168630
 219235
 751147
 452591
 397309
 759553
 596685
 615390
 338783
 225127
 465886
 504424
 686200
 225488
 430015
 248816
 76759
 243742
 830028
 183255
 851168
 87531
 578947
 40391
 673062
 816389
 320884
 34231
 836025
 373070
 688998
 542314
 521421
 586686
 950347
 191593
 142132
 48543
 132924
 567907
 184426
 155525
 888584
 981891
 259507
 999000
 948730
 542516
 94365
 15143
 655582
 964169
 725325
 168902
 989958
 534432
 687776
 148626
 289563
 283652
 887158
 795033
 799404
 165624
 370019
 251379
 32237
 102634
 967011
 492080
 871808
 387129
 600346
 968968
 687959
 949806
 979306
 735500
 801817
 760291
 267447
 373320
 564368
 47132
 792137
 550647
 264266
 945330
 154744
 993365
 722120
 546291
 515366
 545242
 753956
 956381
 342444
 938167
 968524
 353697
 226529
 417886
 18401
 222222
 733333
 244575
 303448
 262807
 731295
 168736
 601453
 763376
 490969
 366793
 268292
 732956
 340892
 654530
 884723
 87155
 33527
 362609
 912449
 38569
 229583
 879106
 793971
 703422
 429864
 391262
 626728
 538438
 442805
 809996
 319727
 820471
 285059
 501267
 138348
 436464
 515359
 761947
 286614
 790005
 625963
 200075
 704782
 646000
 735091
 938917
 834942
 442237
 411026
 745947
 388301
 43005
 854003
 754323
 504979
 0
 981761
 791079
 550588
 652330
 669445
 216804
 793831
 363394
 67823
 229798
 126119
 638957
 636818
 683893
 955316
 382807
 396976
 645318
 880732
 141345
 549914
 81540
 350000
 962698
 601560
 898923
 201598
 880440
 747149
 547166
 807362
 791370
 894975
 40960
 58251
 700426
 185206
 186682
 569986
 826149
 491389
 806724
 126043
 937595
 608870
 509430
 116605
 853281
 782462
 304139
 127304
 345427
 96334
 170642
 822689
 812458
 561890
 489919
 755766
 418396
 526702
 645665
 595521
 714053
 799007
 99862
 933360
 241559
 498804
 127775
 266005
 92361
 292281
 313024
 588441
 111423
 860005
 150341
 714493
 94835
 469258
 901938
 416930
 974421
 391587
 351692
 409047
 784987
 762928
 661792
 851875
 550310
 183064
 83553
 881036
 600545
 988533
 273524
 474031
 655632
 681367
 172300
 82434
 410115
 474072
 463649
 90586
 467390
 442694
 252286
 71007
 793678
 38239
 130374
 607727
 873822
 497515
 184441
 167044
 560169
 405311
 934814
 92140
 593894
 901755
 976736
 224571
 412819
 801627
 182972
 645697
 566921
 82936
 163837
 287914
 953738
 969844
 400439
 885966
 523628
 939456
 812123
 37967
 776993
 832346
 223857
 449606
 274622
 746369
 676626
 935954
 670020
 376217
 150044
 589623
 146338
 565452
 61635
 290347
 307103
 994490
 786138
 123421
 194225
 490183
 858921
 715736
 989723
 200357
 844531
 179835
 742862
 885785
 666666
 113190
 499240
 754092
 500109
 907284
 468332
 300536
 236630
 758631
 789473
 650630
 567347
 671548
 303565
 193087
 647875
 801223
 107976
 125000
 716939
 976744
 270584
 216781
 869393
 34482
 449105
 334673
 875947
 299026
 777421
 645946
 699481
 493820
 518578
 321155
 283616
 917799
 45283
 83889
 231655
 215252
 896124
 517291
 598862
 818785
 287436
 352043
 952579
 514089
 648305
 944979
 109769
 21508
 664582
 348000
 733333
 356028
 745976
 622090
 879856
 38588
 277082
 357584
 516344
 129966
 620089
 123699
 859464
 224809
 309026
 969664
 801724
 406213
 702038
 148675
 294190
 513492
 468328
 158506
 786748
 590091
 673415
 895850
 476307
 770870
 568008
 77692
 996030
 958725
 25133
 585323
 815916
 786454
 779076
 903528
 20502
 580940
 882657
 180720
 686741
 248246
 810698
 478118
 54682
 779078
 733658
 804434
 259682
 523072
 682797
 705391
 709138
 107189
 165438
 305056
 661043
 37285
 898145
 666097
 528318
 747544
 419089
 581291
 783662
 87299
 891561
 747294
 481442
 183176
 160220
 576430
 96579
 525657
 223736
 354399
 220937
 37486
 227211
 557017
 541125
 288619
 311591
 537711
 571685
 967674
 46406
 571457
 465569
 5282
 369850
 329833
 576231
 88240
 312927
 342922
 821337
 764970
 499613
 285984
 317070
 410090
 123919
 126243
 720120
 463459
 298610
 89416
 645521
 715279
 585552
 82724
 10571
 587519
 971176
 757859
 272347
 715746
 152337
 771216
 926829
 564668
 575476
 991938
 657657
 785868
 598699
 568606
 406643
 120240
 753810
 387294
 882569
 478666
 955565
 751900
 997524
 741324
 68784
 982528
 331428
 352173
 196313
 984865
 917994
 638042
 673545
 387506
 382257
 508893
 128768
 892996
 198245
 672818
 789764
 617810
 126212
 320440
 778071
 113347
 563564
 216437
 621325
 728204
 106609
 3695
 590123
 287817
 173646
 219802
 982578
 135757
 250505
 908529
 15914
 13085
 348890
 943891
 403508
 45789
 517850
 777919
 313874
 363442
 993414
 599421
 815561
 734054
 727931
 774467
 422954
 380015
 821034
 274916
 878524
 41806
 227467
 296180
 10279
 684761
 212029
 875532
 710232
 983503
 472648
 126889
 465080
 936094
 161955
 611354
 422253
 768776
 760919
 903690
 643848
 562448
 812257
 987264
 122183
 799250
 942040
 625706
 620857
 330734
 804892
 153992
 199999
 725559
 761843
 710162
 72439
 95687
 18595
 158955
 482694
 292711
 655339
 683500
 577347
 581488
 85484
 874943
 456621
 35443
 173913
 90299
 295900
 391667
 878585
 559757
 394526
 451738
 767981
 608231
 701504
 82889
 471744
 297713
 658517
 790613
 584569
 618582
 58562
 425031
 50421
 59259
 493605
 700649
 717279
 188149
 679525
 59101
 532163
 26174
 961403
 837709
 491742
 40387
 626774
 940691
 546303
 416582
 911687
 942401
 552043
 691595
 809042
 196877
 697344
 572045
 688286
 800571
 69057
 215102
 368904
 352941
 561025
 484133
 762353
 390839
 458797
 786791
 514062
 324226
 663043
 823470
 563938
 829991
 587478
 21465
 2568
 197573
 428482
 896389
 455055
 842661
 203748
 185437
 263707
 710729
 971396
 23624
 455377
 22615
 132271
 146144
 682710
 741457
 898113
 322238
 493740
 504593
 506155
 498492
 986241
 515455
 132732
 730201
 469542
 832499
 898303
 818536
 82744
 457857
 773901
 561955
 344182
 998691
 767581
 804344
 394307
 124322
 699487
 795597
 220746
 200965
 376943
 308433
 691527
 416319
 106448
 607773
 775382
 799243
 128496
 323818
 157894
 785317
 993602
 413612
 755809
 730890
 231788
 306088
 513916
 50271
 734125
 142159
 703499
 122065
 540438
 17470
 717352
 727777
 902325
 939639
 657296
 762143
 865229
 698167
 9539
 433347
 196102
 305745
 268562
 325844
 840629
 197580
 232144
 779026
 889133
 120983
 57581
 366136
 99644
 252788
 640699
 532915
 455062
 169662
 175174
 549605
 330110
 610284
 966827
 500000
 217791
 65544
 604010
 693641
 176232
 419323
 800772
 937958
 119526
 427584
 526315
 181818
 180595
 65818
 904014
 102803
 8923
 834159
 869507
 348920
 307214
 863386
 901796
 561244
 620510
 251559
 9908
 732719
 211513
 600759
 80131
 98344
 60397
 815840
 748429
 297174
 750946
 579087
 350986
 170057
 213855
 586333
 914971
 511812
 883429
 478153
 526239
 69024
 88424
 942136
 437100
 713708
 386984
 734686
 198685
 487179
 792215
 669456
 589496
 159272
 130604
 367778
 314253
 356800
 169594
 143847
 412611
 524926
 569630
 823469
 330020
 313991
 124254
 230432
 113122
 617142
 144986
 921912
 654626
 9278
 537044
 520552
 687695
 584719
 861322
 279368
 585150
 237415
 202133
 247999
 107615
 564290
 227788
 964369
 972220
 16769
 311890
 565988
 193895
 851999
 419807
 157957
 903960
 325678
 855674
 604788
 81174
 283311
 359101
 927893
 217539
 314820
 324760
 754100
 404303
 508096
 764705
 850385
 850746
 604255
 473372
 224530
 306325
 653590
 163633
 359999
 231964
 879527
 111850
 755276
 646692
 850971
 140780
 557181
 628541
 831442
 693521
 72042
 166459
 655499
 768899
 249528
 36306
 673972
 297865
 79504
 889127
 217968
 774417
 627166
 532218
 931214
 683311
 735382
 10438
 503105
 525682
 194473
 723165
 377105
 118386
 553996
 356609
 770621
 985951
 401950
 661149
 826425
 520640
 214849
 65819
 371428
 811588
 858695
 998851
 819016
 678131
 194078
 354732
 59416
 857690
 421780
 409802
 721324
 433077
 209647
 541335
 869080
 216608
 571545
 559417
 477270
 732317
 189291
 985372
 577349
 987251
 890384
 427792
 498032
 891954
 714070
 770368
 488645
 763912
 107076
 617044
 577283
 500437
 249296
 926254
 316737
 927290
 756707
 960814
 569806
 428785
 326208
 661087
 45090
 778513
 93935
 979942
 130069
 335877
 115901
 966917
 747120
 853635
 476132
 480294
 565815
 401792
 923798
 341382
 19422
 93822
 57426
 621446
 922654
 387247
 738084
 93110
 559746
 701912
 895823
 983081
 170280
 261223
 798691
 531571
 481114
 729360
 459319
 958283
 911254
 20529
 386289
 544121
 839716
 510331
 30571
 339007
 740387
 194391
 665438
 876040
 428443
 719214
 219204
 516022
 992746
 490358
 631951
 111763
 728732
 467121
 411214
 772801
 575302
 666582
 627048
 851869
 528439
 759930
 930915
 305230
 615568
 333168
 549828
 520473
 429906
 111475
 11588
 389372
 53691
 26809
 517088
 33887
 809926
 762957
 987445
 933538
 166371
 303176
 613975
 268727
 876417
 596248
 964856
 505065
 822167
 409491
 251343
 854286
 75736
 108750
 802955
 876124
 783625
 850599
 817012
 793577
 181772
 603622
 198051
 19512
 943180
 494875
 12144
 670736
 178470
 837241
 757993
 700507
 517759
 563602
 534566
 501618
 827700
 31413
 976292
 401618
 694068
 797708
 707520
 354813
 957751
 483999
 59636
 323308
 47619
 151071
 786223
 132997
 743711
 10918
 307998
 507811
 939386
 841040
 170351
 993991
 713321
 709673
 326500
 979552
 581485
 529338
 830790
 602539
 657759
 202435
 722588
 189262
 142508
 208364
 240885
 721141
 909620
 757119
 738617
 504071
 109754
 722613
 433546
 295292
 368522
 301459
 276644
 133955
 306162
 329646
 830220
 258249
 240712
 250626
 940119
 480262
 612187
 991445
 317323
 496455
 331424
 459653
 217647
 49118
 817878
 584266
 223005
 233597
 963086
 470654
 998927
 698841
 695344
 129074
 140703
 256893
 883427
 569148
 624362
 674779
 248948
 423809
 466752
 795353
 346428
 456787
 463035
 400369
 768981
 884358
 618626
 473818
 60684
 223355
 717780
 216064
 772246
 574720
 191490
 772398
 105676
 295868
 319203
 68709
 41528
 37760
 363221
 982487
 967832
 133882
 205391
 565366
 876980
 245942
 225480
 44579
 693329
 804497
 98333
 442558
 248461
 698666
 193569
 157901
 448675
 965969
 74074
 617347
 708062
 398984
 129032
 454756
 63942
 700373
 722280
 845530
 227648
 15527
 807246
 886219
 662404
 737210
 687768
 704039
 660174
 38264
 46821
 14750
 171561
 302283
 515055
 857189
 363673
 724852
 858799
 525623
 722087
 249291
 537493
 930951
 491854
 609805
 574861
 261262
 326857
 214749
 669592
 553615
 676577
 370370
 483278
 147517
 275362
 442052
 289433
 512820
 336151
 519190
 980096
 773831
 370511
 358338
 161116
 961500
 904266
 568744
 591228
 219958
 50346
 942793
 83301
 286759
 711867
 268016
 559274
 944439
 968339
 251427
 817612
 532744
 219730
 139189
 286514
 963189
 24574
 914530
 274009
 140596
 503875
 516304
 750162
 817417
 263262
 730569
 248229
 509268
 906149
 900782
 223152
 877250
 762037
 891431
 489873
 805628
 871186
 233320
 873136
 724557
 518248
 655519
 206800
 399197
 7038
 693620
 528988
 784466
 970109
 596049
 894367
 200494
 452179
 487670
 36424
 466469
 592532
 697554
 647049
 564360
 564570
 459933
 872934
 508733
 788381
 848963
 320041
 784386
 501840
 675208
 977695
 12025
 186327
 956102
 655780
 22460
 122215
 659488
 922987
 141238
 465116
 892431
 49652
 994531
 18386
 630573
 739216
 912973
 997101
 133034
 640315
 187029
 263789
 94410
 423734
 709136
 27027
 819175
 284567
 228193
 625603
 398710
 182488
 168957
 526732
 293546
 651894
 807390
 729771
 834658
 860161
 269108
 325545
 147062
 630763
 151827
 406285
 591173
 855842
 35762
 993651
 920823
 820053
 727353
 703037
 886982
 515991
 802911
 615835
 120909
 987646
 794403
 570880
 746227
 104816
 961525
 184891
 331635
 353929
 998179
 893012
 401981
 754316
 669393
 318786
 433713
 500405
 190282
 209602
 783783
 966750
 367249
 634951
 714782
 586749
 456655
 883345
 356275
 260968
 947808
 161473
 158196
 302583
 907505
 164882
 982013
 518140
 848864
 962146
 518847
 429467
 369156
 542857
 697341
 728167
 692155
 276825
 740843
 852504
 726219
 514396
 518263
 78863
 881940
 686281
 149720
 242885
 962162
 418533
 283436
 27443
 174825
 263015
 264304
 649775
 367668
 104476
 942364
 256210
 980274
 442822
 262130
 377272
 186235
 108191
 988055
 859075
 391221
 307507
 648363
 571336
 34934
 868362
 152688
 163043
 363969
 18867
 584491
 187165
 915238
 692650
 313725
 552096
 147134
 407800
 356993
 294767
 701734
 259080
 54634
 404785
 434187
 828433
 525512
 305176
 297320
 513543
 582881
 510795
 787709
 418926
 269709
 412494
 926099
 317567
 848205
 154656
 15864
 475812
 505860
 36685
 522783
 85178
 138395
 907617
 627541
 480168
 689116
 937311
 621107
 974481
 486382
 254888
 609505
 308578
 989878
 690309
 245832
 317811
 614180
 341921
 487071
 324761
 230814
 680671
 672454
 143141
 367791
 114883
 345760
 199187
 633539
 139072
 474857
 228148
 598402
 25821
 648802
 409959
 886999
 198363
 98426
 68821
 28976
 550456
 441639
 792581
 445381
 293054
 325286
 553226
 574997
 369008
 14761
 385947
 157019
 255375
 655193
 323296
 256572
 618975
 353429
 111502
 436309
 11472
 797530
 922680
 794717
 883290
 568510
 120868
 27042
 163419
 849432
 123456
 583306
 760881
 635042
 706616
 685205
 929731
 286264
 403818
 330947
 48960
 816739
 765522
 166518
 410961
 475918
 926795
 475392
 320738
 222066
 752428
 977325
 457000
 678661
 105002
 926253
 724417
 349999
 384175
 66657
 220743
 784829
 530047
 517266
 446975
 926669
 654598
 54867
 437649
 242950
 76878
 550626
 157531
 730130
 948051
 481763
 915084
 595285
 17153
 514115
 322051
 820560
 818393
 138412
 951786
 955332
 289038
 959296
 723741
 421638
 67629
 698208
 582827
 756139
 860626
 890616
 535504
 883532
 137963
 635993
 357015
 655243
 730539
 883234
 661499
 494798
 995584
 108571
 89928
 622829
 705205
 927601
 403615
 964171
 479289
 338420
 456001
 64891
 408285
 151407
 573527
 631318
 225772
 61726
 192360
 734983
 39091
 900517
 547511
 275485
 316506
 874174
 336278
 510460
 548070
 521815
 92476
 930281
 258530
 690665
 712344
 943497
 891791
 907589
 833963
 983600
 707418
 270315
 608941
 750455
 169919
 181867
 485344
 884949
 299003
 158719
 716810
 74857
 14691
 291265
 347156
 614651
 514950
 690182
 700826
 585592
 771558
 360166
 47302
 911943
 32854
 147596
 783111
 641948
 500979
 590461
 738049
 557363
 120194
 200000
 666666
 902430
 247943
 684014
 76491
 505326
 722284
 980991
 512703
 501915
 566658
 675292
 185809
 348747
 443037
 815708
 78708
 432218
 641680
 590315
 147880
 331540
 377084
 502518
 472199
 444528
 146519
 762860
 894677
 601985
 820674
 108471
 795381
 799105
 876490
 614979
 983125
 816979
 449840
 889585
 713514
 931567
 477655
 890636
 544190
 823696
 927953
 495288
 876361
 88712
 279409
 305974
 381357
 916934
 202466
 81383
 764781
 599444
 267019
 299161
 11697
 30927
 975115
 468862
 38107
 572145
 56883
 462768
 983570
 333072
 235901
 85714
 4387
 304985
 704663
 59905
 673245
 372917
 137216
 685243
 42553
 623433
 540840
 273032
 838401
 578681
 701841
 31015
 867867
 574289
 894775
 72587
 234042
 98691
 925786
 688334
 789610
 2682
 908741
 599884
 462098
 383805
 435736
 834860
 217842
 966919
 189312
 476553
 942270
 645102
 563779
 970878
 913335
 390000
 257779
 745212
 78788
 416610
 429103
 519611
 493083
 828929
 364928
 241962
 933725
 356076
 68554
 393939
 756496
 91785
 658660
 831325
 719177
 325288
 333685
 395229
 360726
 468223
 264655
 996438
 158133
 978819
 600810
 823707
 821320
 870256
 953424
 284100
 795726
 277037
 744360
 137959
 280184
 577437
 894912
 353162
 28289
 613669
 804416
 247611
 935400
 378516
 883475
 699759
 114275
 120603
 45689
 655663
 760309
 37763
 155403
 816288
 742324
 422755
 331977
 744741
 963660
 662728
 976967
 871871
 842771
 778710
 860431
 923503
 92181
 310757
 272028
 654554
 668490
 312927
 655176
 72567
 128800
 641550
 763070
 604737
 188034
 698057
 198467
 482872
 69507
 428191
 954567
 495995
 79021
 510237
 825773
 513816
 623895
 902053
 982503
 151999
 345375
 258680
 308334
 342839
 861990
 880786
 359498
 123186
 470249
 479760
 395940
 521794
 303293
 883360
 343707
 147884
 287305
 736098
 412579
 691673
 593636
 218250
 451272
 329861
 734230
 234005
 597197
 931624
 350203
 325036
 641063
 746237
 319462
 30566
 97804
 688678
 296537
 626822
 913385
 746472
 423045
 979366
 688305
 929940
 690334
 860142
 854003
 453164
 710960
 677938
 968731
 446095
 269998
 233823
 783920
 280057
 207745
 122910
 992922
 425489
 904897
 607847
 552913
 599606
 792769
 533709
 198338
 997998
 279924
 30775
 45249
 981374
 900564
 728751
 778798
 222730
 296089
 30794
 967434
 785699
 627301
 765993
 483587
 403055
 7844
 906278
 299698
 115942
 788072
 353240
 99356
 302224
 915802
 919854
 859033
 232049
 794826
 234584
 342726
 492943
 675104
 912814
 745917
 889955
 883052
 708566
 756451
 590137
 901528
 561797
 382978
 401284
 158245
 665112
 99656
 83341
 298125
 44811
 269103
 325435
 143609
 931025
 57515
 971536
 431748
 934616
 884427
 708473
 41894
 760542
 99483
 365721
 833640
 862607
 639722
 905984
 737670
 287979
 231557
 560583
 935958
 166565
 45956
 914601
 652601
 574821
 621548
 673009
 542153
 779903
 727169
 54295
 430645
 642919
 793957
 381070
 280452
 990202
 166598
 812264
 135166
 694499
 963240
 932470
 534022
 793634
 799777
 321029
 142223
 517959
 676482
 484716
 855077
 956954
 422901
 482771
 667649
 363706
 159663
 977889
 590990
 245589
 46419
 948793
 98783
 50453
 76519
 314033
 633827
 627372
 548001
 386051
 419137
 123279
 58432
 329397
 21867
 920635
 277777
 913410
 988286
 615002
 238452
 285781
 472714
 987120
 558713
 906090
 6389
 723386
 215081
 493972
 342265
 646780
 155248
 626893
 41173
 914590
 915555
 62276
 650486
 473571
 388874
 600451
 631570
 549591
 85577
 802708
 918495
 164778
 785795
 179825
 579975
 755863
 813953
 13305
 844890
 950059
 166278
 797482
 836121
 107124
 347575
 960338
 339539
 312689
 912552
 18552
 294814
 91886
 922975
 391558
 142724
 900395
 240731
 785035
 783211
 216116
 70707
 46071
 113914
 297463
 18230
 178906
 119798
 183217
 583386
 871154
 728840
 698557
 941158
 717582
 146128
 139531
 339213
 704086
 146459
 706715
 524772
 778442
 594487
 75016
 24896
 738119
 389852
 782515
 403941
 108542
 28452
 190775
 556102
 162254
 694630
 905823
 59649
 412837
 135143
 734451
 411138
 796491
 190455
 987915
 759988
 354995
 23405
 879135
 986595
 625377
 340249
 521751
 191342
 940500
 399388
 210007
 600000
 48930
 212620
 184521
 80661
 657273
 653449
 633812
 498253
 109275
 377311
 758679
 782266
 946806
 20099
 997396
 558768
 587169
 900144
 627480
 462370
 282360
 193802
 645268
 24205
 230390
 991795
 649180
 328484
 647348
 474330
 319288
 514767
 155117
 333641
 889117
 682419
 29446
 653963
 639134
 267755
 347566
 294974
 382978
 434432
 203269
 848590
 673569
 915389
 368911
 183359
 10764
 158976
 440483
 546119
 964089
 901380
 245229
 562272
 746821
 728433
 872569
 817742
 516814
 557601
 221037
 195090
 547081
 99604
 527645
 996751
 72615
 831962
 418357
 40012
 708049
 275303
 320543
 425365
 783082
 15550
 871796
 470276
 961234
 721261
 955555
 629322
 508063
 648478
 339869
 805067
 596702
 765221
 626420
 745097
 754426
 133777
 597078
 366239
 317902
 212658
 319937
 201043
 922431
 976745
 630751
 469372
 660838
 670482
 224829
 442622
 28203
 826819
 799628
 484681
 822830
 909565
 948653
 131356
 496257
 483534
 717077
 241191
 540591
 337289
 789542
 233353
 839396
 735473
 680311
 904081
 402676
 831349
 346798
 319986
 42016
 263464
 192546
 822389
 860744
 717007
 21244
 265433
 950445
 24697
 672683
 363636
 201060
 492974
 141380
 552880
 180581
 344571
 161105
 60133
 984785
 200000
 18038
 597565
 822068
 406152
 62111
 791910
 534012
 108027
 616642
 295384
 485280
 71369
 829457
 347639
 303892
 674053
 585915
 513163
 488792
 141657
 209867
 317957
 894674
 791620
 883473
 777409
 963739
 281702
 16701
 200680
 792831
 807484
 593948
 636363
 889483
 144329
 826520
 491960
 586584
 419435
 701668
 934929
 289017
 660530
 553679
 511516
 209922
 865568
 308805
 586300
 58726
 659738
 58064
 424828
 719393
 943585
 908085
 709803
 807659
 212694
 166539
 866152
 523067
 208909
 542639
 702647
 68257
 725385
 146829
 818968
 240828
 802767
 449027
 898004
 691676
 570196
 712885
 587746
 134959
 200381
 933798
 960566
 400585
 532225
 654316
 112445
 250656
 311772
 639062
 708807
 526610
 337209
 566786
 464518
 409747
 604819
 339622
 980721
 892599
 863694
 490252
 560959
 774901
 454879
 699513
 919461
 46240
 231125
 254867
 418776
 591331
 338796
 678449
 726610
 763290
 675228
 279664
 125236
 370240
 25741
 601084
 764510
 407396
 650997
 466548
 365231
 202371
 114203
 550396
 344644
 9959
 300369
 394970
 103557
 741985
 634782
 650484
 966046
 726256
 956283
 247952
 400027
 392918
 146362
 782658
 946934
 210406
 412634
 130110
 162112
 127840
 875671
 704406
 282847
 927352
 217822
 932777
 335716
 910626
 505094
 677881
 103225
 331743
 898374
 53730
 106630
 909206
 996330
 660829
 239282
 601749
 437983
 141013
 77201
 801695
 747248
 103026
 246729
 31041
 461264
 953119
 493937
 813953
 572576
 891429
 343511
 335617
 94118
 503240
 601548
 382400
 316373
 167584
 108910
 474964
 371337
 235805
 46998
 698931
 562962
 257358
 340340
 925273
 979551
 831300
 995054
 632356
 515307
 80284
 644993
 268927
 266525
 47878
 61946
 832081
 446738
 413548
 450715
 757886
 739188
 175264
 722222
 441774
 126491
 320274
 29283
 440318
 139827
 401182
 44215
 291387
 267907
 933365
 780821
 168615
 996790
 885002
 796725
 105226
 127736
 759720
 823783
 158222
 633622
 660762
 449002
 410700
 513486
 72700
 980639
 659939
 189477
 734075
 501734
 144151
 3699
 427049
 696930
 239472
 236023
 898538
 656150
 763192
 720176
 132324
 349104
 562106
 211305
 719262
 618247
 959491
 194275
 773091
 106771
 193519
 440872
 203952
 443997
 286461
 978883
 984275
 610863
 343043
 611669
 895566
 857377
 521367
 894785
 893929
 686309
 779861
 946484
 90678
 755310
 77787
 293069
 191861
 491785
 420581
 994803
 873756
 82872
 977547
 258571
 682157
 36381
 681084
 366860
 393442
 483418
 336230
 456603
 966
 688277
 447730
 955439
 127768
 633568
 458300
 121449
 489129
 3806
 70259
 266415
 678383
 643478
 889044
 254905
 304856
 824476
 280312
 255441
 714616
 101084
 259821
 97994
 72568
 304631
 433022
 685931
 324688
 898978
 616891
 279675
 681934
 385592
 637454
 659564
 512844
 187853
 734942
 118612
 86214
 790782
 245125
 322867
 120856
 664321
 74603
 810485
 473007
 402606
 146455
 15642
 210827
 156223
 420035
 322322
 898359
 883106
 721286
 128231
 719624
 80623
 759371
 615736
 908404
 344121
 401759
 855534
 586889
 97859
 163219
 390438
 306729
 986292
 924822
 336164
 218012
 720167
 688456
 745579
 945464
 715249
 64980
 653631
 385787
 940087
 166869
 910258
 317115
 711823
 59089
 275182
 432344
 576415
 508821
 343729
 386595
 891289
 996164
 602354
 374812
 882032
 609002
 498267
 352591
 686128
 977938
 364605
 201459
 991934
 9498
 491512
 306862
 509626
 670718
 389708
 473380
 876545
 356329
 319205
 644796
 674157
 323217
 755153
 621052
 940768
 38035
 31557
 527585
 731420
 378957
 712464
 937391
 87450
 804454
 611794
 189088
 99175
 399466
 606528
 712859
 740256
 14068
 835978
 451230
 802929
 30622
 995274
 281618
 254740
 456242
 455858
 441808
 469799
 799793
 201058
 342619
 889212
 374258
 624304
 170370
 404457
 303370
 307767
 605697
 529825
 279969
 17876
 712579
 148148
 461202
 451780
 225441
 792639
 237477
 454203
 528032
 349767
 37558
 46690
 214811
 921378
 720954
 131830
 187736
 19614
 229960
 249418
 142915
 678426
 805825
 893544
 135475
 23246
 471907
 472054
 12953
 525612
 364577
 951261
 515414
 495461
 614296
 93150
 352857
 620583
 924485
 151110
 60566
 230760
 778625
 246376
 236364
 331875
 769516
 907733
 523584
 673663
 264581
 371173
 977029
 76482
 279552
 294264
 557629
 291350
 711964
 510850
 311349
 581723
 247422
 942343
 168379
 661382
 638273
 728385
 381333
 241277
 271023
 600688
 552000
 558208
 71894
 392483
 31638
 792079
 381037
 396084
 893950
 507433
 296541
 490436
 549075
 848755
 763003
 68627
 976303
 969979
 446387
 232819
 315516
 671111
 981134
 964310
 953855
 510496
 553858
 303623
 163220
 969508
 270612
 419530
 119914
 145369
 446397
 398580
 814964
 414706
 286118
 464396
 114673
 723962
 905577
 489225
 928380
 307174
 183093
 97920
 392273
 533708
 234879
 111168
 379876
 556007
 171857
 319429
 887748
 987658
 775981
 845310
 587043
 316172
 385374
 34430
 789067
 357933
 289201
 161601
 722899
 663762
 303414
 324186
 113144
 610
 546977
 122740
 108935
 481471
 422860
 473031
 221510
 490727
 914312
 17543
 828252
 620092
 173879
 93484
 761937
 191135
 47349
 944653
 118910
 575537
 830355
 107724
 142547
 515923
 776361
 60698
 719063
 698238
 564467
 500059
 516461
 120879
 848502
 376892
 170053
 494617
 555809
 810926
 69961
 73466
 5598
 487575
 63298
 617723
 124322
 855533
 452957
 398956
 808722
 318590
 950068
 495301
 959552
 442395
 896426
 148248
 166456
 353645
 33440
 518186
 344486
 939947
 300683
 419715
 28996
 734421
 524407
 503892
 138478
 508250
 446761
 697547
 732503
 339018
 593140
 328511
 16673
 383147
 29283
 240115
 2948
 869516
 259280
 496844
 251306
 241863
 473037
 748439
 309723
 427374
 91492
 881825
 144548
 88755
 78734
 804934
 775159
 869791
 542663
 653679
 404815
 865917
 607548
 76367
 567231
 302362
 356309
 655544
 87410
 609740
 79043
 783510
 672636
 722371
 308820
 874682
 246605
 988595
 129296
 183605
 316599
 122865
 576281
 251923
 750000
 778011
 440373
 703478
 560624
 365769
 169777
 144931
 720329
 500559
 240470
 468054
 678352
 441608
 422444
 817791
 686613
 34482
 29607
 958461
 119842
 231695
 658385
 773813
 416540
 702341
 545399
 959030
 506054
 537799
 60977
 76702
 142079
 295500
 514733
 274412
 823102
 912836
 328567
 926108
 900480
 442807
 637792
 938649
 545454
 792381
 731182
 542444
 184801
 323593
 894856
 754645
 180628
 584503
 44634
 765084
 522741
 631489
 234506
 925519
 352708
 31434
 438608
 5961
 331313
 654617
 417635
 69551
 421138
 511941
 64096
 253613
 610752
 226914
 350097
 653703
 181943
 419923
 300364
 394989
 516531
 52744
 565250
 710166
 725845
 922131
 641076
 932160
 514982
 49766
 735824
 197918
 398729
 586475
 488888
 419534
 721527
 249347
 967890
 83946
 939182
 487113
 492103
 38778
 278810
 510892
 167115
 181572
 479634
 912585
 923257
 82337
 540621
 991488
 692307
 746113
 412471
 285218
 392763
 411876
 816382
 552456
 693579
 29827
 88961
 350398
 253581
 743773
 70988
 46235
 798516
 214709
 957801
 122692
 156188
 780487
 341550
 199018
 371871
 980052
 0
 320478
 621384
 202136
 345259
 335435
 662189
 661926
 422184
 146095
 373850
 878519
 780314
 701475
 72910
 836057
 940828
 378977
 748309
 739039
 422565
 393002
 349969
 666812
 304360
 704811
 676473
 966522
 769274
 639721
 437306
 805652
 57844
 827906
 603722
 620989
 508455
 396006
 381338
 832752
 770475
 968560
 336236
 62089
 46964
 991093
 896202
 64783
 690239
 669820
 773037
 817723
 99484
 563079
 890146
 17170
 593907
 890282
 674820
 289804
 289281
 20423
 465426
 851302
 153577
 891228
 730899
 442791
 155251
 186728
 200700
 140657
 221103
 215906
 792576
 767286
 331209
 80657
 21176
 174347
 627527
 334977
 915633
 319311
 119983
 44669
 232573
 542141
 127647
 909090
 927455
 239918
 165825
 118372
 230616
 86956
 235556
 97979
 193427
 347443
 690373
 628586
 423770
 759981
 958009
 408813
 300879
 483677
 759036
 270940
 314915
 727272
 869952
 856200
 926841
 988465
 62084
 551809
 616733
 304688
 768641
 340510
 581546
 241619
 683684
 837195
 218320
 53431
 865235
 171655
 832503
 213210
 169959
 379106
 753807
 715907
 165694
 985367
 304111
 698080
 938440
 749166
 218140
 986112
 804497
 943539
 668148
 264931
 870006
 716368
 939488
 489170
 570388
 65739
 113289
 185642
 814465
 357760
 967700
 962326
 559190
 476286
 610646
 582137
 355531
 181362
 433165
 809261
 635207
 689382
 32716
 907601
 395998
 933982
 204581
 172893
 357323
 723360
 232158
 854742
 422358
 388572
 415600
 663931
 678751
 432924
 611316
 296840
 301561
 701545
 219364
 173640
 785433
 540897
 645102
 583310
 988358
 644288
 197052
 750743
 986483
 220830
 218154
 27890
 485993
 679679
 901256
 455772
 405951
 239113
 489032
 108700
 348328
 14696
 397590
 199999
 89662
 370173
 624740
 779434
 455071
 489797
 214890
 421919
 759516
 965901
 230173
 730503
 545243
 822339
 6211
 14378
 95262
 44971
 871433
 598348
 669602
 219508
 873239
 96064
 341464
 69853
 662858
 646968
 946631
 442029
 961096
 879913
 385620
 926591
 941336
 576187
 27044
 393120
 796515
 990205
 3349
 188267
 76750
 240305
 783338
 416336
 688057
 985317
 189947
 544318
 346821
 572402
 183288
 215652
 364664
 843500
 482612
 832449
 437312
 908202
 161290
 626515
 512283
 680869
 136404
 942091
 820909
 433742
 46548
 36824
 58949
 513952
 679315
 571491
 42670
 184186
 193125
 608001
 28798
 118541
 882659
 429866
 976833
 713485
 416767
 727881
 388623
 212886
 132252
 183949
 73319
 82396
 953906
 432258
 956400
 529460
 322047
 898678
 88275
 525874
 343742
 126908
 46474
 238955
 502999
 391617
 917885
 210045
 163656
 82135
 919174
 276619
 23133
 941095
 344537
 542371
 885946
 283977
 3176
 559757
 954878
 863251
 53225
 577304
 322863
 943958
 269964
 210526
 174692
 186440
 399999
 138980
 18717
 229446
 752838
 206764
 727001
 993757
 823930
 726225
 149503
 318125
 768882
 683739
 908789
 169792
 429779
 729173
 182341
 752529
 769582
 645378
 544998
 697351
 271402
 670778
 740458
 479079
 126455
 40351
 992460
 49706
 968828
 963423
 566037
 649218
 878532
 322778
 783244
 586303
 856377
 445068
 941282
 626440
 262872
 806800
 408267
 804475
 21453
 169930
 723095
 771865
 772193
 299182
 705491
 467376
 640096
 935191
 906389
 42147
 491252
 196363
 371964
 992864
 886757
 826586
 120130
 902159
 708888
 522855
 639146
 188613
 611748
 89839
 122790
 16317
 913892
 18143
 473503
 98635
 387203
 561643
 289964
 625671
 292758
 324259
 325609
 513630
 865698
 173649
 241865
 10469
 982693
 682005
 664714
 370353
 955773
 750671
 116476
 59684
 325289
 415094
 554831
 644687
 988582
 116144
 814841
 84574
 939766
 839863
 854545
 766349
 630351
 273145
 444444
 30431
 738654
 743076
 77922
 59082
 881827
 297179
 843283
 269963
 842400
 107124
 899209
 263252
 430930
 142385
 567222
 226678
 527235
 712574
 238820
 439728
 738197
 812234
 883234
 818728
 988190
 987452
 648828
 777669
 796962
 618339
 136814
 506088
 58035
 173893
 649321
 240504
 440895
 771731
 753200
 897505
 416291
 748862
 157776
 75225
 811964
 679782
 83770
 593942
 802640
 19710
 452783
 662360
 412283
 923648
 83515
 208528
 728937
 60910
 721132
 719441
 309250
 398251
 236323
 852564
 426894
 228986
 574073
 409859
 87967
 112933
 776968
 230114
 539784
 780313
 58429
 322699
 75159
 514313
 21903
 841717
 724947
 468049
 936437
 27250
 143170
 69858
 831168
 502554
 254953
 122123
 930197
 800000
 831746
 483142
 903654
 727272
 474086
 752890
 571893
 516430
 185963
 968950
 933649
 452579
 894991
 958383
 583431
 454253
 836150
 691028
 589168
 734751
 608
 500167
 889110
 402324
 991862
 309608
 99721
 842149
 988156
 59880
 24849
 651260
 90836
 311418
 730440
 873717
 905454
 603977
 510022
 910483
 376274
 325245
 716294
 468323
 311081
 698844
 955378
 905416
 44011
 369096
 863209
 964054
 628500
 548990
 91097
 776575
 765848
 504564
 734693
 287225
 689960
 813474
 209931
 271898
 62379
 672176
 437659
 181776
 860007
 503849
 505769
 504054
 472560
 640386
 474885
 769290
 540989
 562545
 785237
 70692
 39254
 693279
 900679
 244552
 442217
 781621
 282288
 753684
 314417
 587505
 250285
 490485
 785559
 701770
 225584
 443243
 450127
 15047
 299767
 811621
 856196
 575610
 866458
 447403
 683475
 855740
 157148
 757447
 363081
 732282
 899876
 892482
 727224
 189934
 448809
 747790
 69131
 278215
 815262
 781770
 682866
 633721
 975679
 234699
 948905
 867789
 494046
 965420
 300617
 614327
 529825
 748110
 197647
 7697
 504409
 42684
 742598
 931665
 868106
 673582
 199028
 130969
 584901
 29501
 686933
 988427
 76532
 333225
 635593
 893129
 227363
 808297
 135483
 599272
 770236
 945879
 637572
 495847
 816919
 333941
 356112
 557236
 202275
 748153
 375180
 625254
 94819
 928659
 621155
 998425
 967365
 397276
 597544
 72763
 861063
 896648
 418719
 914668
 202185
 190186
 102109
 694276
 651925
 983779
 395808
 76722
 101001
 383842
 940077
 51186
 214912
 30015
 77762
 51543
 66790
 823261
 793589
 440000
 227991
 352443
 495122
 904298
 49851
 414392
 683049
 888661
 754589
 714257
 966785
 243388
 891181
 472635
 23206
 683084
 908366
 406602
 223755
 737128
 700964
 878386
 367567
 329492
 245256
 346423
 453205
 671023
 881369
 147308
 552710
 600176
 658103
 868401
 248900
 108661
 608555
 949637
 772658
 153615
 932001
 869421
 61983
 843260
 760438
 617608
 367697
 171983
 787401
 990465
 953981
 979667
 229000
 100207
 264907
 642106
 891249
 650221
 55623
 982585
 501277
 121162
 5943
 479025
 515890
 442195
 540959
 907466
 527682
 836038
 202427
 693246
 655894
 726957
 747896
 402324
 285978
 976280
 806617
 319566
 102857
 867903
 368380
 306039
 161667
 662849
 307543
 434236
 985254
 165249
 187402
 24366
 921562
 401557
 458916
 736955
 161169
 279202
 235610
 219550
 625732
 130618
 950392
 437728
 110580
 768848
 64131
 148541
 366560
 486127
 551248
 105381
 232174
 389768
 979930
 34163
 938445
 228156
 46722
 526115
 462279
 489849
 47355
 975494
 983007
 822135
 826371
 12557
 172029
 539992
 19169
 904463
 678033
 427417
 166940
 634715
 82975
 324122
 506033
 466414
 563422
 829982
 430182
 854381
 850181
 149904
 729758
 249384
 716983
 743550
 55026
 103523
 796368
 551564
 411117
 807407
 57585
 314037
 526737
 681998
 860615
 745312
 779494
 76665
 929179
 192419
 527294
 774022
 308100
 279214
 345450
 746043
 625983
 746337
 227926
 856910
 829527
 272044
 693057
 382741
 236865
 970674
 890004
 504285
 814146
 828448
 57862
 905518
 666666
 478840
 911452
 789473
 679611
 128315
 159531
 795636
 460267
 807998
 799164
 503525
 36276
 121999
 906262
 821883
 427107
 301682
 30185
 622356
 697859
 165598
 765723
 57416
 168634
 852822
 213592
 748550
 477944
 545878
 630400
 366416
 658150
 638094
 180943
 859483
 332862
 794127
 562187
 262745
 176991
 388606
 375000
 807782
 236490
 795479
 209242
 2319
 347053
 517487
 991452
 293302
 415300
 33629
 44292
 580444
 936603
 450472
 7854
 517854
 279959
 313784
 199119
 160912
 799763
 895752
 622974
 967345
 513671
 759797
 475438
 27767
 892721
 221172
 768827
 439897
 405201
 816087
 425680
 217522
 171441
 91918
 704237
 305541
 454982
 425044
 911738
 716956
 88391
 17576
 742640
 99524
 950921
 533304
 581369
 278145
 92089
 652184
 965166
 131416
 925217
 277310
 616917
 177215
 503493
 988482
 507310
 682120
 662007
 342305
 653135
 75869
 994154
 866567
 136143
 47180
 154576
 533585
 618590
 542347
 54626
 943581
 93150
 233080
 66453
 947618
 852046
 549258
 607405
 432681
 129677
 742641
 990964
 774350
 365161
 905826
 829397
 151851
 287367
 500430
 322467
 154901
 643750
 11266
 575428
 481527
 41287
 525750
 468631
 385755
 96816
 421273
 120397
 617299
 618082
 581362
 334432
 518665
 990271
 280760
 992670
 641124
 621336
 720528
 244546
 105850
 449737
 228329
 520628
 470922
 361832
 644991
 600330
 93212
 557577
 282619
 478260
 46150
 239694
 126530
 940190
 13138
 462046
 612733
 333603
 551975
 780482
 201810
 640913
 255021
 367240
 591478
 179186
 197172
 284100
 247831
 614987
 535452
 964154
 804855
 984775
 848314
 741507
 423207
 641293
 685730
 575663
 277763
 101041
 393182
 883978
 778439
 93665
 547724
 315891
 637380
 318143
 250213
 262876
 343955
 843984
 105374
 272752
 92406
 518467
 676107
 846647
 646993
 351685
 894825
 558631
 531308
 738599
 698808
 142614
 945303
 290778
 419889
 191576
 483530
 49487
 845614
 60993
 133666
 405999
 907120
 177181
 726269
 887825
 339691
 14674
 123940
 354963
 959624
 474226
 615916
 500754
 152853
 748364
 890420
 782446
 52215
 300957
 37701
 946252
 792746
 505368
 40714
 83545
 593288
 654403
 717075
 697508
 211639
 421143
 354368
 517241
 382578
 943076
 614043
 651690
 738938
 85677
 22788
 499946
 631941
 9351
 831775
 699761
 751023
 439421
 562085
 204725
 5436
 869457
 81955
 567496
 647393
 503162
 817996
 341333
 870614
 121025
 426511
 18096
 268617
 921478
 922039
 330124
 169852
 849696
 822828
 190510
 789641
 645505
 633297
 207800
 330858
 843074
 2145
 240300
 316633
 692575
 812500
 493793
 290436
 678734
 975467
 423913
 564612
 810856
 842822
 345587
 6079
 224553
 459550
 630769
 154593
 587690
 627621
 673812
 233274
 194359
 996805
 451308
 155884
 960456
 41126
 216879
 339566
 93994
 496884
 83039
 993820
 950790
 265697
 112205
 979285
 884643
 163317
 917049
 958146
 7387
 22391
 940894
 189117
 584244
 741670
 609844
 887403
 420382
 316985
 295887
 755956
 855868
 915399
 339263
 885350
 935866
 411139
 200708
 58350
 462664
 3232
 494340
 937823
 78263
 555156
 156626
 239189
 358932
 313466
 187342
 401303
 96499
 771229
 852815
 826985
 132631
 643634
 749463
 950608
 852664
 21293
 830430
 820518
 686272
 866979
 606316
 745242
 928515
 176265
 338035
 454613
 778741
 106737
 578138
 337646
 175140
 567095
 519761
 327344
 356512
 124613
 372079
 458856
 462939
 493843
 448544
 726928
 992641
 588629
 140162
 250107
 923591
 138007
 930601
 363112
 664532
 519541
 590623
 940787
 776460
 236555
 682522
 29151
 186006
 677642
 932242
 879430
 301323
 164934
 419405
 9592
 620461
 13820
 405583
 904958
 760857
 422794
 29098
 118117
 129915
 436656
 935643
 306764
 581235
 438745
 256737
 595090
 442517
 79334
 690634
 370688
 485443
 445144
 414794
 130232
 336157
 247406
 496728
 251221
 87724
 160779
 580109
 474327
 203007
 616518
 572135
 280817
 131403
 207707
 519809
 321422
 541440
 678302
 698945
 545621
 482914
 543523
 452560
 721179
 137499
 7648
 131255
 541903
 271492
 946468
 82268
 202749
 899825
 691986
 625116
 560545
 813796
 404933
 344158
 224831
 529411
 934810
 590640
 149540
 335800
 698151
 91269
 792627
 7125
 738100
 23616
 32614
 326530
 263747
 510056
 794316
 898286
 715878
 367706
 231535
 196172
 49131
 420417
 609243
 463013
 341404
 21488
 338218
 477038
 816040
 809003
 346600
 365322
 440717
 684824
 735751
 846840
 814098
 484629
 251604
 532629
 925185
 838918
 557994
 486863
 313013
 813777
 597106
 500419
 529536
 875825
 613776
 784253
 330148
 891373
 213720
 971576
 766341
 507552
 128927
 655829
 581896
 554125
 49512
 700073
 96923
 551645
 367681
 676772
 719330
 897715
 706353
 160502
 924578
 416868
 469879
 246214
 146100
 58941
 487819
 645723
 883128
 318212
 209530
 232594
 275052
 407118
 26075
 311224
 129032
 592867
 105660
 352853
 256854
 333333
 649165
 180594
 853362
 649593
 953005
 33481
 146476
 762423
 551639
 936601
 865426
 147398
 955553
 242523
 400882
 423888
 962999
 695350
 588292
 837901
 253829
 915254
 144685
 141054
 864102
 689835
 446835
 839278
 358121
 846655
 868370
 214222
 728785
 77142
 335226
 976844
 411030
 485886
 838917
 403749
 951209
 366623
 147384
 600104
 954412
 456140
 529434
 676470
 225820
 773083
 787214
 722222
 696960
 892615
 298519
 944416
 529929
 155168
 606027
 824302
 193954
 193124
 404145
 121046
 3744
 16067
 748644
 746222
 833638
 915974
 505304
 914961
 366766
 456213
 223548
 625750
 226480
 136200
 945508
 687211
 807723
 999835
 681159
 494978
 162546
 525773
 526956
 783127
 23460
 428936
 65198
 782486
 312607
 578882
 366588
 423744
 540062
 986730
 175843
 468893
 590717
 355562
 443434
 37837
 943725
 985653
 174246
 261691
 487306
 533333
 62311
 296827
 621666
 422416
 17017
 375863
 103886
 687955
 994535
 457965
 338943
 304765
 676766
 318025
 177988
 306010
 879129
 442571
 615342
 956424
 802381
 654939
 349698
 497639
 334877
 665659
 116305
 42639
 729197
 797895
 229874
 739700
 643427
 665250
 333118
 72681
 514775
 883857
 631299
 568388
 274870
 341655
 333333
 328697
 786567
 942814
 554060
 770816
 407990
 686147
 778663
 399353
 321634
 288235
 965210
 529422
 973333
 505058
 845914
 9349
 200258
 777237
 804453
 167565
 794097
 692978
 823402
 792980
 474760
 756451
 799043
 58433
 161233
 62327
 277917
 818840
 384148
 580529
 7968
 131908
 141663
 973952
 38623
 462523
 413949
 304921
 481498
 122495
 386360
 837766
 359870
 853146
 918032
 924806
 211183
 234358
 118927
 97018
 763687
 506681
 741540
 757441
 28864
 552008
 601303
 990750
 676786
 874526
 18630
 135055
 171032
 579619
 380634
 934735
 414848
 600601
 712473
 199338
 794457
 376737
 893713
 990173
 194684
 326542
 344447
 900258
 261101
 994235
 518633
 522705
 449819
 204665
 356456
 296555
 608360
 365659
 551306
 161893
 134087
 959745
 936689
 816863
 219867
 157569
 725227
 631030
 794243
 869872
 110045
 119910
 394281
 890173
 809239
 430534
 712285
 205644
 464768
 703703
 997459
 281500
 666174
 410456
 572228
 503966
 227646
 133484
 828147
 326741
 817538
 503791
 440364
 656093
 613445
 677768
 846872
 445071
 97656
 960990
 555332
 663634
 59029
 686208
 961313
 627722
 7721
 363308
 220298
 969924
 965065
 316442
 846820
 663234
 30190
 900294
 988560
 747474
 174151
 543926
 503880
 995302
 53398
 541049
 441701
 58024
 816244
 701069
 694789
 86533
 655972
 300408
 963119
 130700
 586492
 372986
 805253
 655584
 457482
 467102
 789202
 261025
 591300
 895836
 916053
 834026
 967741
 914447
 815533
 63884
 78475
 729221
 439953
 10465
 456850
 236263
 603716
 744663
 998553
 923229
 419689
 203486
 627956
 523657
 250353
 311693
 446651
 115973
 689385
 143664
 925908
 408309
 157187
 982758
 982357
 694796
 617679
 60197
 20352
 444045
 299253
 740072
 772842
 564102
 579490
 306775
 602048
 561441
 732298
 616859
 601652
 851933
 617369
 148847
 441003
 498153
 615323
 793817
 319820
 345679
 33431
 483343
 647352
 901874
 216867
 73899
 801239
 785128
 234933
 438095
 951653
 30278
 795903
 132625
 349445
 824019
 292673
 731012
 59012
 540077
 659166
 557476
 370303
 851910
 832755
 793015
 711679
 569583
 535619
 873237
 840891
 908972
 121226
 950558
 941266
 