756375
 449590
 866322
 777777
 289332
 901514
 516816
 6686
 240024
 703882
 712435
 451842
 693397
 619349
 749875
 632686
 395685
 491126
 373228
 812556
 780601
 96507
 43767
 871866
 19071
 702095
 755057
 801631
 538255
 866597
 154531
 938496
 892726
 545877
 116738
 429906
 524502
 204895
 867783
 535068
 407993
 824346
 643395
 678780
 543509
 616988
 216621
 274628
 261429
 667497
 153668
 771936
 556574
 62379
 560136
 848865
 899280
 224319
 80087
 173315
 696259
 876701
 410351
 875084
 748128
 293695
 89304
 957321
 218657
 399981
 498389
 979343
 536740
 832638
 959024
 347036
 885441
 578410
 42900
 778817
 155498
 299904
 169858
 926061
 131398
 69197
 225471
 796691
 495342
 576056
 165312
 436563
 354763
 532839
 19127
 780583
 613240
 802853
 162003
 917503
 943710
 204934
 60956
 673549
 760846
 705661
 143562
 611163
 955728
 884444
 743044
 846191
 429560
 483847
 43201
 570085
 726947
 79556
 563868
 284769
 483924
 218905
 204680
 31830
 218056
 467057
 820379
 548478
 960073
 874789
 878602
 627281
 913706
 271932
 650216
 330363
 139807
 542021
 416570
 812299
 998731
 338453
 378209
 496958
 196877
 967580
 533333
 629994
 943729
 101153
 545286
 90192
 651233
 971811
 204143
 503608
 830842
 585446
 678231
 244064
 929330
 125786
 664227
 761546
 68399
 94672
 4917
 162214
 537491
 845846
 881481
 46747
 262951
 760769
 420460
 714252
 147082
 928390
 98663
 673048
 883485
 283673
 741731
 43814
 259501
 376576
 798442
 74840
 571156
 775097
 871369
 848912
 820409
 176058
 583920
 368361
 253805
 628682
 72450
 390779
 374780
 429039
 171932
 532324
 561194
 777137
 444021
 413931
 784849
 541448
 594751
 284737
 623227
 27685
 207741
 382684
 4784
 356424
 75148
 641442
 925649
 980589
 639061
 685677
 187007
 499047
 268000
 900767
 544719
 157816
 639262
 179183
 398925
 593340
 161490
 604275
 593442
 759817
 40801
 503894
 870046
 760324
 997123
 912125
 129885
 107377
 384483
 220084
 51485
 105566
 989453
 127727
 259401
 217984
 65588
 691891
 925435
 657943
 791714
 561788
 912819
 339580
 215977
 716127
 587081
 365166
 473253
 74569
 608127
 32944
 896446
 678916
 763429
 331390
 3206
 137668
 700024
 547476
 844645
 548819
 274646
 841399
 589743
 749173
 410967
 558038
 435701
 219393
 183031
 666084
 401069
 538324
 846734
 152445
 49197
 89872
 655566
 958230
 63853
 17324
 621437
 920479
 928297
 334757
 405699
 830646
 605859
 898418
 203007
 900176
 789203
 756781
 60466
 955946
 955812
 985353
 93882
 92401
 941176
 721434
 893500
 130944
 799516
 67187
 109036
 458020
 908778
 743642
 212959
 248681
 390828
 574069
 941472
 345240
 15243
 571450
 546670
 256814
 880810
 55219
 638354
 557070
 226320
 336997
 559423
 690447
 243387
 155251
 3165
 499904
 225225
 676524
 169396
 434574
 445400
 346563
 423965
 362754
 603151
 174235
 747236
 760852
 292861
 148460
 555555
 541915
 492466
 976964
 109369
 666920
 266363
 182648
 581782
 57134
 539234
 654390
 767436
 792748
 912873
 751032
 646105
 879142
 682943
 152412
 293552
 902035
 941747
 69099
 542065
 832855
 350343
 432027
 931140
 203782
 623368
 169643
 164317
 425403
 773138
 770126
 22943
 692727
 717180
 168701
 676702
 355703
 774489
 177215
 745942
 380020
 133297
 776056
 888070
 880012
 34128
 468696
 600134
 575199
 19521
 522620
 928436
 25284
 347282
 268931
 734203
 107200
 287022
 708175
 841726
 709111
 404479
 652241
 337628
 15936
 968719
 458103
 229638
 393126
 939628
 620352
 500169
 537725
 617814
 841652
 804837
 551215
 669370
 49919
 115697
 708441
 364997
 150087
 229332
 646336
 708860
 515950
 671986
 8259
 999585
 582366
 371659
 380384
 573228
 399280
 143297
 387380
 12913
 835074
 565614
 773183
 834079
 529306
 364195
 493059
 563193
 424996
 892793
 894728
 102144
 814876
 862845
 255657
 266099
 988630
 14111
 144396
 683453
 892410
 397750
 804938
 991299
 244648
 43397
 448641
 957446
 682988
 777564
 104778
 505440
 701165
 200000
 863031
 594270
 838472
 771304
 424812
 743252
 319259
 100331
 589949
 425004
 946496
 920506
 310686
 749169
 406691
 707317
 782347
 871814
 858751
 939536
 575003
 124777
 583471
 689655
 257079
 722139
 395163
 60973
 145616
 243882
 987756
 467720
 651703
 371174
 951577
 589609
 463245
 523353
 423667
 348366
 978265
 682083
 515192
 586497
 812863
 422321
 263102
 790567
 954651
 738816
 310364
 746696
 916193
 20558
 749599
 985024
 908809
 656708
 447444
 21525
 187345
 597444
 325917
 655253
 490303
 18781
 815118
 438959
 45517
 621632
 809187
 714616
 923895
 557146
 882276
 592255
 21517
 680752
 351185
 481293
 207203
 289770
 300746
 187613
 398444
 510395
 518282
 842696
 299907
 227184
 854536
 55443
 348966
 700729
 924226
 926747
 557575
 747723
 478511
 83366
 876476
 167539
 329975
 536912
 463638
 544186
 795597
 193049
 82088
 618250
 662322
 328500
 691042
 886302
 603401
 456332
 257922
 415518
 775701
 308027
 358413
 232256
 850948
 550570
 149130
 615145
 241925
 661299
 989402
 395565
 426356
 618451
 124108
 713852
 575495
 90447
 613955
 837889
 208751
 655764
 365527
 889002
 804431
 418674
 772432
 220769
 474870
 768718
 299872
 102681
 151114
 274366
 467383
 845786
 802273
 72069
 976635
 827232
 466313
 203919
 508571
 655172
 295809
 805178
 947145
 17153
 111332
 844990
 104345
 390918
 840422
 501089
 258992
 262475
 918217
 198480
 260471
 880402
 658116
 995047
 333033
 439446
 11932
 156829
 746089
 566863
 576054
 396116
 961478
 383217
 22688
 218966
 247226
 637198
 101708
 204592
 22141
 36532
 266375
 456735
 214955
 855263
 549481
 97713
 769030
 766059
 22358
 205183
 35628
 662638
 478020
 777887
 719290
 553204
 115610
 637229
 170085
 614134
 568760
 678851
 976687
 898739
 253750
 993252
 739232
 510426
 897117
 647911
 110895
 401068
 76991
 305836
 583407
 698991
 85132
 612856
 735320
 108303
 676164
 975515
 683804
 653198
 804878
 822130
 894865
 735186
 385762
 337981
 64810
 718796
 197544
 561988
 864414
 795506
 163531
 187236
 784355
 994045
 158985
 341719
 863921
 565040
 247734
 896609
 987991
 415223
 721262
 848419
 198813
 210966
 34607
 384558
 859216
 811334
 313104
 153662
 570290
 452575
 625594
 436398
 656520
 873481
 705829
 721662
 811853
 315397
 724553
 611158
 98817
 613680
 778677
 70307
 740090
 790026
 117876
 626134
 207723
 281735
 454351
 308223
 906776
 568940
 423076
 182712
 358296
 929039
 517531
 483627
 126248
 272552
 466294
 261267
 863708
 351993
 120935
 767914
 198602
 70381
 627990
 94980
 633700
 477191
 873647
 723021
 259850
 887218
 910737
 39351
 418495
 881237
 791728
 250303
 434494
 418354
 924812
 166159
 675508
 636932
 461134
 530973
 947871
 268163
 170731
 699859
 244266
 311659
 803734
 552201
 957609
 703282
 771954
 718955
 994696
 72901
 347081
 948982
 824516
 372972
 169531
 659778
 55750
 500798
 139374
 623656
 850468
 156007
 69914
 756509
 592029
 935081
 40836
 979431
 125829
 692172
 796298
 929120
 563373
 49206
 704135
 419082
 122457
 585607
 578127
 936927
 84315
 571516
 938503
 898172
 654461
 831773
 657316
 653106
 384479
 56396
 341792
 831833
 587531
 10434
 329774
 356800
 539322
 681967
 661283
 795945
 836060
 734057
 932631
 179320
 779469
 974272
 986560
 784423
 994752
 403410
 862516
 268429
 905812
 13567
 506176
 234686
 199569
 537989
 94546
 739284
 986558
 854373
 451790
 915766
 273700
 610644
 13882
 229235
 715962
 919232
 624685
 684151
 502898
 10992
 658994
 783386
 660737
 851244
 237920
 612903
 297674
 174579
 786318
 234407
 570383
 999113
 521
 868642
 188557
 380257
 195171
 692182
 491172
 995489
 803369
 740391
 597757
 382742
 486528
 938103
 241961
 437699
 526526
 42473
 92667
 413197
 898756
 218181
 18561
 572531
 637745
 918034
 822429
 987170
 774693
 78407
 900149
 943553
 480364
 976040
 178082
 952380
 686522
 290394
 471565
 782361
 564243
 637856
 314178
 67004
 137076
 564817
 323756
 716357
 33184
 225335
 624538
 557924
 614270
 297295
 208261
 708167
 627066
 123534
 51109
 670933
 886112
 180193
 62687
 372195
 531788
 137525
 62817
 622865
 300588
 322956
 84023
 604047
 460803
 421215
 479565
 922744
 250602
 375773
 6487
 976096
 807779
 530120
 597087
 870429
 696564
 292367
 262105
 735745
 888965
 455277
 412116
 147548
 616314
 827972
 52594
 67285
 205967
 791304
 680028
 82064
 36853
 78820
 584250
 369497
 983093
 278885
 821187
 722424
 973913
 746525
 277404
 960068
 802320
 297150
 11401
 918702
 669196
 422950
 740143
 574053
 842589
 777845
 347248
 485294
 375869
 946655
 451391
 174398
 20388
 643835
 982468
 903971
 4063
 888372
 733238
 526241
 748228
 448622
 432119
 998982
 204419
 163349
 129071
 212545
 271003
 795275
 32835
 480717
 607198
 869016
 63618
 165109
 442649
 630085
 23766
 216192
 423363
 653257
 447995
 433879
 63703
 835573
 603162
 177777
 271631
 273529
 278933
 99597
 831101
 800473
 174993
 509576
 186668
 864516
 94421
 672533
 219854
 961325
 695117
 675954
 511363
 421318
 590951
 26274
 297408
 703455
 453002
 607698
 546781
 201094
 145388
 994706
 454521
 555534
 219370
 304182
 148664
 423785
 82152
 16949
 505834
 864513
 745913
 931350
 460501
 553197
 374198
 879146
 944695
 734284
 909726
 644140
 279554
 144428
 71974
 792904
 355357
 929929
 40661
 716449
 663700
 470800
 830764
 143837
 958293
 831103
 893978
 464590
 320344
 754298
 285910
 178502
 230769
 47394
 877646
 131386
 889521
 448771
 750200
 774972
 782785
 457332
 64282
 482696
 540486
 468674
 69416
 750000
 373007
 191486
 412092
 503400
 949871
 215917
 647539
 968493
 465753
 80880
 626220
 270316
 150199
 721397
 562026
 851324
 966895
 728094
 402015
 495117
 82307
 115689
 62484
 837995
 14628
 398038
 53042
 548007
 460210
 354620
 763119
 472222
 992382
 815846
 717667
 486036
 548555
 485994
 175301
 389634
 670860
 326786
 299065
 874837
 862747
 437987
 350140
 704185
 489199
 740653
 630740
 732740
 848664
 35698
 178438
 217158
 95283
 299162
 327408
 551403
 591090
 854939
 388248
 392607
 801239
 230237
 196803
 929592
 394377
 812692
 824039
 386230
 353377
 471870
 269578
 847184
 753060
 721456
 476131
 42966
 713642
 894340
 43992
 769360
 751497
 637276
 237914
 958815
 442807
 245172
 980575
 618349
 223781
 139129
 309126
 687998
 660030
 358120
 138796
 94490
 960882
 854206
 172318
 117500
 856806
 992553
 536688
 900889
 780853
 44713
 947130
 276011
 853686
 666430
 831336
 994423
 886295
 926791
 72811
 123370
 926146
 937724
 56737
 485114
 742718
 401772
 795559
 239957
 6331
 732283
 927815
 296518
 664594
 36673
 794036
 870364
 383903
 380230
 308532
 768586
 140300
 607053
 817240
 102505
 887916
 527047
 814792
 350205
 516272
 386777
 923201
 395844
 926380
 439028
 410408
 529266
 692841
 911248
 178478
 722530
 393341
 79581
 10553
 176983
 884297
 496426
 231924
 286343
 954471
 199415
 637717
 110197
 504877
 593631
 932817
 470349
 588433
 455716
 635043
 28673
 458673
 90012
 506240
 267353
 45148
 316996
 970745
 470254
 239544
 366466
 88576
 214131
 110763
 136332
 222848
 187546
 403006
 728419
 991765
 650683
 731785
 109440
 877724
 66107
 826785
 400246
 264214
 635120
 904325
 544758
 539654
 768892
 593593
 850746
 843698
 587795
 540691
 56472
 857433
 50389
 390834
 87340
 7722
 288491
 684274
 410553
 209979
 606133
 833902
 184852
 391267
 622590
 580356
 105084
 71868
 594264
 163210
 938434
 65323
 228541
 674873
 324532
 73768
 600330
 732727
 955047
 848469
 400096
 605714
 304053
 940539
 292929
 229757
 971399
 177775
 89534
 891209
 510096
 107582
 679497
 17486
 593286
 697980
 28328
 671152
 624430
 516458
 391502
 313483
 435115
 89515
 282885
 678901
 802545
 365853
 284222
 138238
 359808
 686274
 110535
 699669
 450642
 38713
 631409
 713282
 475722
 196637
 31746
 120950
 785285
 863880
 381851
 304116
 802989
 929866
 222222
 558162
 240963
 630497
 311987
 20611
 732105
 900354
 281402
 315310
 445317
 602916
 392119
 786718
 516759
 163378
 478286
 228092
 483030
 815226
 564818
 137381
 387793
 585683
 442679
 737345
 337363
 811659
 235510
 926006
 913370
 174344
 10682
 335625
 801908
 504509
 155089
 156862
 60322
 916299
 648010
 873315
 925794
 840276
 659577
 718213
 197217
 492334
 91445
 86415
 283900
 57812
 604485
 678958
 653444
 39113
 993139
 781862
 840620
 300000
 974764
 215645
 526444
 839891
 519904
 58741
 825037
 269141
 241784
 494227
 721001
 810256
 78227
 618443
 700432
 586177
 126295
 375838
 610285
 182369
 492877
 163010
 47195
 99813
 519991
 382389
 632503
 479889
 90674
 969923
 464444
 693453
 788374
 933162
 492958
 227838
 489336
 270573
 665651
 969727
 380821
 249181
 564067
 790750
 834641
 468637
 125420
 202515
 240506
 67659
 712331
 189627
 724760
 280138
 446227
 131339
 969075
 625065
 391813
 346447
 782386
 641046
 583476
 912230
 763786
 798331
 879082
 925920
 648240
 320922
 403848
 744354
 715559
 47615
 855532
 497236
 115151
 467396
 536518
 5811
 209652
 972533
 918081
 985788
 88670
 685916
 484289
 495121
 265274
 903052
 758684
 922606
 215014
 430291
 398837
 143821
 517293
 42110
 185575
 936953
 70796
 558624
 416089
 247285
 98395
 396833
 708699
 904607
 174452
 617492
 63619
 494223
 263400
 79938
 700496
 838554
 404709
 791842
 974358
 541698
 619407
 577581
 927263
 292512
 940442
 950146
 842105
 752591
 799226
 241779
 342919
 481001
 762578
 133386
 987096
 608506
 84112
 598424
 704122
 719842
 94601
 246511
 887864
 862559
 333692
 712356
 719906
 566438
 180645
 623554
 409028
 67427
 573895
 727664
 896331
 85977
 132774
 29965
 32947
 561228
 458738
 190280
 182949
 947471
 962057
 804958
 523326
 348957
 590769
 651336
 911921
 921447
 731828
 360694
 882301
 294453
 724727
 740205
 885397
 323271
 866116
 538468
 642632
 646200
 11197
 748987
 398190
 955967
 51185
 453235
 855297
 443880
 364217
 660982
 906954
 232518
 28689
 839811
 535141
 743339
 286189
 320206
 94093
 984442
 981153
 302256
 55850
 646715
 562586
 820070
 115879
 588151
 617449
 846314
 997630
 324992
 276756
 458619
 828212
 252952
 331372
 748142
 837920
 421350
 718916
 680157
 491325
 332827
 746616
 542235
 389530
 23361
 556959
 516934
 269554
 966886
 343217
 735738
 789149
 5988
 969239
 702702
 27612
 746097
 643467
 650756
 79270
 648491
 577211
 40856
 446234
 432717
 396401
 464282
 251700
 213523
 317020
 222913
 446839
 581923
 516571
 407075
 259930
 755869
 798453
 265300
 833967
 217391
 757800
 88969
 313069
 198959
 521659
 614977
 89769
 125571
 146380
 436261
 997663
 82290
 752528
 463266
 726760
 879120
 684108
 6503
 68439
 610652
 449454
 547966
 116963
 985559
 781514
 16874
 300491
 126770
 464814
 583929
 312722
 679937
 975144
 74792
 92307
 878712
 213393
 423120
 36960
 541429
 876695
 376066
 959890
 397214
 807082
 121144
 795180
 476727
 989368
 433475
 817717
 773594
 78212
 18113
 513469
 177653
 156630
 734388
 233561
 944808
 469977
 543537
 469749
 347882
 175151
 154626
 340911
 249320
 582883
 194142
 107632
 563297
 381853
 154075
 476747
 458333
 616149
 843049
 629301
 361979
 365822
 316591
 526737
 455842
 763267
 913043
 387725
 683555
 863004
 876581
 803911
 966605
 868686
 97902
 878260
 650215
 132531
 453481
 869138
 312346
 317485
 109860
 877988
 605959
 16308
 36351
 604909
 904918
 986672
 195596
 474446
 841889
 595292
 588662
 709718
 273136
 332361
 727668
 641346
 774850
 44092
 883578
 923263
 971616
 518731
 468106
 663704
 203515
 423936
 925449
 993096
 896438
 524620
 469126
 633373
 586124
 819642
 694049
 442318
 342566
 406998
 150507
 882348
 625523
 818172
 985245
 831853
 176002
 729111
 637804
 959703
 883248
 788622
 324593
 229216
 784301
 840235
 248698
 331989
 147647
 883905
 714285
 907429
 760928
 108632
 718570
 858362
 51237
 261433
 662263
 383458
 529755
 595733
 70739
 458895
 615496
 789356
 19207
 470259
 15029
 537069
 465376
 188940
 880646
 505185
 800856
 199985
 191693
 668161
 268159
 937974
 794184
 223879
 721695
 769921
 631407
 179373
 883243
 890339
 683834
 710610
 307950
 260663
 890625
 593568
 326923
 817635
 833008
 568952
 152535
 921237
 25127
 833439
 694699
 794418
 689950
 329563
 429735
 215750
 345413
 179074
 296105
 148325
 890076
 140283
 118543
 863376
 399071
 333612
 413999
 859388
 756756
 54666
 757039
 368701
 625835
 746066
 556523
 570611
 90146
 668628
 497734
 256339
 932932
 328711
 396786
 924222
 890539
 677238
 535882
 538504
 73544
 830443
 246613
 816592
 590846
 633817
 333084
 279792
 610023
 299718
 369184
 49599
 44185
 582960
 885714
 788166
 910494
 761408
 676897
 89840
 882666
 655235
 390472
 661934
 918908
 410927
 0
 976143
 76310
 533136
 176360
 104937
 430089
 596846
 401005
 15806
 524973
 805287
 98128
 614581
 66811
 317924
 616510
 887164
 668416
 628575
 315217
 824993
 591342
 333996
 334784
 447432
 213660
 740252
 949311
 720900
 159457
 748490
 20945
 603164
 812288
 624873
 92915
 943970
 153444
 781679
 275979
 284732
 472046
 747010
 776237
 89992
 307815
 686011
 333891
 588342
 939584
 760306
 917369
 922785
 64290
 533697
 290470
 551043
 545842
 258725
 587987
 195771
 919782
 47151
 738117
 136043
 646530
 897196
 872870
 471084
 145229
 275678
 456533
 744113
 604316
 112007
 892123
 522975
 341127
 566257
 913963
 767843
 144628
 570527
 156646
 186467
 151606
 893617
 278346
 187634
 987418
 671428
 654775
 846909
 550547
 380485
 559815
 945874
 791501
 494328
 826529
 564197
 99619
 212896
 710153
 841697
 398549
 200233
 224255
 260640
 694967
 125751
 322108
 882174
 816326
 438596
 690190
 457385
 66554
 984006
 376391
 440344
 987611
 442440
 737464
 57855
 109109
 848414
 148068
 642422
 777469
 806761
 628616
 450229
 723499
 178736
 433350
 9379
 160459
 923718
 728501
 541729
 490798
 659647
 8865
 343434
 672440
 978307
 333048
 136505
 731608
 469992
 536390
 488997
 28293
 335564
 511757
 154400
 546020
 160260
 842720
 993786
 59140
 640449
 59688
 275166
 959494
 550424
 590976
 612283
 956366
 894073
 866178
 271373
 751895
 234327
 699873
 471271
 366963
 467787
 605240
 843996
 23681
 397409
 833414
 484181
 94851
 5933
 444679
 766178
 627903
 920093
 183673
 684956
 732673
 959188
 414468
 498659
 542068
 510480
 547341
 496240
 628318
 488975
 442437
 839915
 655774
 136536
 144906
 389781
 962687
 402350
 581749
 149462
 673739
 267319
 466101
 715821
 289089
 965601
 884996
 900183
 797326
 640560
 395291
 832575
 965680
 800853
 303736
 137508
 674836
 577147
 563523
 398520
 492363
 445333
 444479
 437072
 668362
 233667
 20924
 212131
 778143
 304449
 9028
 148098
 893972
 300813
 387239
 29611
 336748
 558004
 594724
 815619
 306695
 200445
 385466
 858658
 54811
 526323
 392702
 721041
 857829
 649774
 716960
 207547
 386531
 729331
 602230
 961882
 733433
 882025
 447229
 417683
 668163
 292841
 311187
 973971
 412965
 948282
 404308
 721611
 157686
 825986
 624186
 396333
 605849
 846689
 931746
 58735
 368831
 645298
 702134
 855722
 347017
 434782
 572934
 121617
 904662
 696353
 166226
 307889
 384011
 997854
 136625
 970643
 332509
 189671
 480998
 358834
 383832
 612872
 798361
 600287
 537647
 625449
 84846
 3690
 979085
 631709
 499389
 758526
 44456
 545594
 779760
 963458
 779220
 371428
 294606
 338142
 603671
 968801
 832072
 917385
 879937
 508549
 127672
 443220
 736390
 810024
 654415
 636771
 514678
 206979
 316872
 148135
 148387
 479004
 255846
 851060
 177952
 162800
 791525
 319581
 252489
 518476
 249749
 847683
 170966
 490806
 573108
 676136
 751556
 894225
 650336
 157155
 533543
 878154
 84712
 185803
 495269
 432646
 25777
 379310
 315964
 603067
 247603
 45036
 880565
 928526
 7161
 245542
 521739
 372108
 50524
 577175
 936356
 627135
 253097
 92638
 892621
 552018
 137437
 243978
 706183
 102026
 193368
 561892
 347900
 239948
 686777
 588306
 919807
 333333
 775749
 489581
 345031
 648212
 670569
 190461
 8112
 180674
 852428
 644762
 609965
 328935
 282270
 752284
 742417
 523098
 913531
 407028
 56135
 874949
 675732
 316312
 523515
 841391
 70203
 64462
 505982
 422163
 294900
 173518
 230623
 571235
 487955
 450941
 835901
 681557
 483942
 925986
 246106
 841786
 797518
 506819
 566127
 546315
 857868
 129443
 698261
 587173
 476393
 884290
 187984
 443890
 909963
 25367
 763992
 73183
 481865
 31514
 949353
 135809
 24950
 761732
 534033
 740217
 651296
 128632
 137096
 313533
 115338
 960956
 223302
 239892
 772811
 288702
 671818
 582102
 744556
 166743
 180134
 835415
 631818
 369590
 769552
 111240
 801659
 693192
 978969
 576308
 844231
 81431
 8891
 44444
 497040
 221402
 134717
 439072
 360924
 483353
 862046
 687618
 289633
 230256
 33444
 155409
 43222
 402250
 311433
 776512
 997605
 742780
 524354
 626753
 343413
 219693
 374081
 598491
 449228
 88865
 696333
 251401
 307530
 248630
 71526
 122600
 741524
 169719
 804916
 922706
 191188
 253138
 149297
 682816
 167587
 887772
 450846
 237173
 483171
 984283
 602957
 221747
 97345
 718183
 544207
 633601
 573457
 300636
 108324
 727979
 722422
 971904
 450884
 482926
 834108
 139236
 392778
 918105
 191899
 378947
 35341
 284475
 315063
 700578
 321977
 583710
 857705
 196468
 951871
 949409
 558759
 94813
 617477
 412787
 912738
 406649
 440118
 613188
 845994
 355676
 878672
 342462
 364812
 415859
 231167
 684673
 429637
 192905
 870427
 873110
 765101
 570795
 83602
 950729
 257333
 128310
 653495
 531304
 727185
 489628
 340224
 545352
 584719
 928347
 601745
 813289
 645952
 78752
 94838
 202739
 737419
 967345
 350133
 632140
 768130
 642879
 485201
 519141
 28659
 642043
 207062
 829712
 949180
 380010
 364981
 389616
 16374
 309993
 546583
 839897
 366562
 946644
 664432
 487728
 445043
 802401
 571387
 857070
 33706
 682670
 421503
 478510
 415612
 780545
 928396
 335589
 687591
 624200
 945390
 950340
 959973
 845502
 187618
 516556
 475284
 930576
 424636
 53849
 153435
 424535
 731351
 414012
 154123
 651863
 763099
 231076
 429160
 62685
 81983
 775453
 864945
 828370
 997289
 430193
 496911
 656692
 615534
 517444
 510860
 175830
 629284
 24390
 755166
 610157
 473194
 967248
 798127
 403252
 480742
 303955
 929783
 662414
 298393
 64812
 77941
 485446
 75650
 28412
 505730
 885360
 720925
 383947
 918464
 554241
 413297
 81452
 369295
 120515
 502700
 42121
 295307
 664578
 557687
 39720
 379110
 213353
 366194
 569230
 636319
 558688
 810355
 985050
 115010
 187643
 823493
 512048
 341183
 705052
 735424
 369219
 625403
 595559
 208869
 828868
 481873
 247482
 610530
 488529
 771739
 405561
 49748
 826490
 438040
 993520
 761661
 991783
 666666
 858771
 623866
 721977
 182457
 456885
 366752
 78743
 850699
 916517
 16684
 844444
 19348
 160819
 160865
 784160
 241606
 640995
 120655
 464811
 951185
 999
 309284
 472417
 299435
 196952
 278851
 146559
 19823
 220170
 156166
 355499
 89802
 580303
 451894
 457211
 883588
 312108
 742245
 290141
 318767
 241103
 583812
 899333
 651127
 479428
 390455
 579881
 942910
 780218
 563985
 668268
 28017
 865203
 76772
 815642
 28700
 459859
 771822
 75204
 373532
 306392
 202778
 134129
 667681
 310384
 491223
 234432
 384328
 147244
 916414
 22478
 92081
 927839
 275900
 905811
 406108
 732588
 28547
 549376
 825203
 622089
 637122
 458605
 754408
 429012
 378451
 425307
 65719
 225417
 581027
 422021
 109702
 958985
 879029
 459809
 32247
 707595
 832250
 124085
 612411
 268007
 837871
 470588
 215864
 713479
 836386
 943820
 204678
 598963
 728742
 370335
 266769
 667406
 790393
 79837
 567122
 791660
 201961
 855233
 142435
 534482
 471164
 339192
 594594
 497326
 537683
 118463
 167714
 665944
 557884
 801041
 171609
 860335
 888242
 292527
 468036
 827450
 613015
 911107
 248886
 730777
 561126
 32419
 113743
 101428
 916890
 172289
 41149
 863498
 945267
 428208
 160000
 725615
 813383
 462004
 26385
 524803
 348837
 972726
 139384
 530815
 934039
 341376
 411183
 828635
 433122
 842385
 545079
 540509
 505755
 967832
 975487
 178549
 68980
 102847
 698337
 506639
 100714
 457982
 835329
 400847
 175446
 672446
 908521
 934829
 897250
 488295
 50238
 519602
 575093
 775355
 584116
 859134
 283199
 402655
 317507
 499364
 70361
 962498
 863412
 572396
 392707
 334155
 937534
 721999
 966706
 378329
 400954
 151555
 433789
 167822
 207483
 564274
 142460
 426630
 773462
 43336
 578186
 617382
 820044
 703419
 451510
 446074
 213546
 205272
 78847
 715688
 819732
 497706
 601123
 360926
 611496
 965480
 34503
 441764
 501423
 956136
 101992
 595712
 588780
 412698
 459345
 902921
 707865
 426488
 783415
 546481
 516359
 969955
 519704
 725895
 214095
 627405
 941122
 409144
 359615
 375610
 303113
 375612
 699124
 820073
 999189
 504499
 76984
 701125
 281941
 978142
 820245
 741457
 306670
 915774
 433250
 76005
 47330
 438324
 351598
 325196
 637169
 343746
 631424
 9827
 419698
 947500
 427872
 73064
 133032
 804165
 645197
 60863
 870704
 870259
 137313
 101585
 358948
 503555
 55350
 112751
 507346
 751482
 115974
 218340
 448279
 589314
 761490
 597315
 66767
 544969
 774848
 695520
 447602
 247892
 881159
 775447
 964025
 74576
 846516
 423385
 451927
 975317
 158859
 687184
 851156
 761506
 363050
 677419
 103004
 520532
 947608
 951107
 841447
 883742
 62646
 781472
 126499
 937394
 667919
 601100
 971918
 675208
 229291
 320070
 553901
 356084
 8783
 796564
 164220
 70370
 24613
 803898
 899476
 312943
 422539
 130833
 941717
 56641
 802445
 624016
 104962
 677449
 126377
 521078
 748335
 235847
 269417
 514354
 525126
 229189
 749831
 358816
 326453
 682926
 754505
 314451
 492484
 744547
 239426
 225227
 224866
 604807
 673983
 591145
 810055
 362020
 370439
 302108
 776134
 949230
 619299
 479279
 541441
 765386
 764350
 650873
 68471
 662650
 257290
 877813
 236734
 888555
 669134
 975483
 324864
 303726
 185925
 996793
 485965
 878787
 330081
 394029
 48927
 372274
 847745
 576349
 370212
 676595
 820273
 202780
 198863
 297213
 883720
 847097
 748645
 776032
 416177
 814682
 144373
 208667
 498240
 955757
 125569
 355455
 259525
 98560
 831305
 13184
 27420
 253521
 90895
 889148
 261772
 475780
 226290
 907641
 896907
 707809
 86681
 590203
 257499
 675839
 829689
 147993
 205844
 191318
 542097
 447005
 868475
 280363
 851925
 23061
 573529
 122175
 766012
 19946
 434908
 478697
 308579
 384691
 752483
 624014
 673431
 421238
 337167
 689201
 712167
 810046
 603538
 893198
 285466
 67897
 465846
 49032
 280538
 195452
 235906
 792225
 483875
 709627
 475013
 252078
 313877
 303571
 892292
 520843
 691957
 152414
 233544
 497615
 396788
 584358
 848407
 539932
 773947
 618758
 135648
 626777
 365335
 943739
 593086
 489599
 180327
 578572
 988295
 916725
 603746
 195227
 609176
 671317
 714264
 599382
 673090
 130208
 105318
 408866
 555510
 213520
 451741
 170100
 421782
 86294
 145944
 51557
 725860
 384540
 67560
 98133
 956289
 156182
 206161
 165049
 288536
 308959
 460555
 556135
 540335
 239598
 858549
 978107
 897875
 459352
 745445
 197704
 437323
 874074
 646213
 233305
 99353
 579198
 719956
 656124
 709665
 592422
 985383
 193522
 160962
 823486
 835443
 242959
 541828
 642582
 433463
 468096
 582777
 709416
 271465
 269082
 831063
 9938
 593783
 769377
 649336
 605932
 273449
 101679
 571401
 46754
 157921
 897852
 710590
 46780
 951971
 79810
 988847
 715717
 443552
 968683
 261507
 144445
 722617
 162289
 842390
 7720
 179084
 790513
 414021
 345596
 372226
 155278
 452280
 442169
 404548
 531808
 795656
 117834
 556328
 647502
 342879
 170469
 699307
 651697
 357214
 563028
 65968
 89937
 211690
 676007
 185185
 868710
 469113
 107890
 461327
 372825
 804597
 580426
 168653
 300440
 719582
 206133
 800203
 418990
 1652
 953798
 393205
 255631
 168087
 638190
 84847
 642275
 504441
 879757
 429044
 642633
 157857
 827076
 901759
 427718
 705743
 822001
 184486
 397539
 851968
 48767
 993531
 858625
 978544
 337608
 231013
 797767
 826664
 194954
 471639
 113439
 735466
 575566
 42074
 54101
 579351
 76463
 427565
 594368
 392331
 116149
 665943
 386016
 288188
 678608
 970421
 180851
 700460
 659963
 703763
 530430
 473382
 206892
 702502
 965130
 14320
 459013
 272545
 286945
 105507
 416689
 372262
 814927
 314303
 639762
 349932
 478267
 382754
 984634
 503914
 115705
 355113
 389923
 477001
 702538
 268722
 506714
 522833
 903891
 427086
 834146
 759159
 373533
 386189
 968361
 444524
 504065
 352331
 235958
 228639
 244435
 895131
 993692
 118343
 880480
 589370
 924245
 995240
 814809
 371460
 36703
 342409
 596149
 516912
 341148
 24799
 601952
 613609
 922829
 167183
 347164
 335099
 545413
 827290
 844698
 62516
 114924
 890961
 502622
 918349
 338419
 607161
 111546
 457615
 789869
 54232
 561484
 485039
 770909
 397010
 27646
 932129
 592513
 784100
 146575
 998830
 721750
 933084
 389262
 575888
 878528
 124770
 339622
 553955
 948463
 533941
 484536
 38628
 112465
 998884
 169301
 781537
 18905
 380359
 507762
 757866
 480554
 559874
 158230
 29566
 407536
 245342
 579487
 722680
 134608
 66789
 846917
 854578
 126626
 61386
 671454
 705812
 484376
 774937
 670972
 958904
 700872
 796572
 391880
 15219
 441521
 899802
 419497
 944954
 754792
 89757
 710658
 163590
 891717
 241130
 838734
 994652
 306731
 921855
 354422
 601751
 927966
 447701
 807520
 730206
 128476
 265020
 61347
 823754
 91789
 648103
 57259
 793354
 572940
 164326
 959232
 50058
 295163
 746031
 909230
 927713
 880015
 425232
 452329
 140580
 814097
 453402
 618847
 591986
 764758
 613436
 523788
 631180
 197137
 470321
 460035
 231370
 538680
 4208
 594123
 694835
 532603
 300109
 772925
 330547
 117647
 874551
 964737
 243870
 400264
 401864
 440443
 966181
 261708
 982655
 380945
 332183
 580259
 238348
 409721
 128500
 735859
 85011
 976320
 463685
 409040
 433228
 256384
 421002
 786426
 743080
 519040
 865067
 206435
 336034
 462501
 586498
 711711
 904826
 368731
 294068
 826675
 564258
 738461
 600197
 768031
 251258
 732751
 214267
 97954
 290539
 791157
 573495
 782117
 258435
 706436
 564716
 591928
 474062
 61485
 158133
 102107
 930952
 588044
 173164
 587023
 96211
 251862
 323867
 659302
 704452
 928914
 498562
 999353
 541185
 426379
 770976
 45897
 783128
 257067
 117970
 64167
 366342
 139546
 384671
 434181
 855179
 616449
 483
 728572
 898203
 784511
 794140
 171344
 367080
 972867
 836536
 961362
 949717
 968896
 585962
 482799
 88327
 712620
 619718
 433962
 717735
 844845
 354131
 742336
 908980
 901433
 352423
 494462
 353960
 281468
 479105
 448835
 119932
 147874
 655615
 462755
 431712
 975521
 82033
 793891
 984759
 505370
 610713
 954751
 667397
 724991
 936647
 995637
 804858
 23189
 355932
 366899
 934342
 271591
 551637
 755570
 317295
 284358
 863253
 458980
 975248
 175625
 688621
 817924
 521334
 866493
 613678
 330097
 8876
 355647
 223853
 169711
 158730
 791798
 541650
 812846
 724434
 518184
 624834
 647996
 20700
 511568
 741888
 226886
 832141
 48188
 185299
 97157
 522203
 625214
 68521
 18296
 797249
 35664
 401574
 674331
 853910
 858235
 379407
 590030
 955345
 762183
 520371
 403862
 220973
 800352
 664505
 531349
 918045
 404120
 847326
 172637
 352792
 264066
 681078
 308590
 553202
 40151
 332194
 965349
 295651
 823561
 275187
 818860
 591783
 909010
 723863
 469387
 15708
 303798
 162154
 513389
 6024
 800595
 942717
 954300
 188932
 671474
 782929
 886482
 92715
 853367
 494955
 975818
 472948
 144922
 936188
 41209
 411230
 993839
 903811
 936205
 668303
 41762
 253333
 99244
 892416
 376059
 311356
 792333
 619441
 318664
 686459
 24058
 181199
 29455
 603221
 407804
 772981
 845432
 455514
 493903
 70672
 662323
 650731
 54649
 9032
 946218
 638297
 903833
 990647
 70866
 911213
 465417
 296482
 870677
 280632
 667349
 78767
 445817
 816781
 214731
 61896
 766840
 720637
 33333
 964307
 621621
 327114
 500000
 407356
 895848
 248080
 402216
 347610
 919832
 567343
 270148
 190580
 41655
 163923
 629599
 804589
 685517
 757837
 135654
 497129
 346970
 859621
 59437
 51340
 572725
 128373
 453536
 379395
 245697
 493492
 324828
 647755
 870503
 610408
 190523
 987942
 963613
 812286
 378543
 150397
 231222
 84371
 159812
 275817
 858763
 783602
 893039
 403826
 744615
 417640
 585185
 39218
 725711
 221255
 392036
 856762
 602307
 688073
 166666
 497149
 853077
 740095
 612772
 691338
 185157
 221095
 454631
 671613
 59774
 55081
 708512
 647078
 132403
 680359
 640856
 123287
 381040
 446774
 526637
 216179
 614876
 692970
 655088
 658559
 394945
 598601
 445191
 923110
 155438
 926315
 951541
 894902
 638894
 108179
 878005
 911735
 937543
 217833
 922656
 85393
 675920
 172173
 343774
 959737
 751121
 142857
 833437
 215221
 390178
 104880
 122893
 328467
 704908
 434197
 578841
 967817
 384615
 893771
 129823
 404445
 854229
 100014
 89700
 213566
 908435
 496977
 813096
 419225
 752451
 603196
 668202
 270226
 417617
 878833
 683669
 168600
 940068
 371487
 280870
 973665
 110472
 592983
 239250
 647544
 212222
 977460
 842429
 641653
 844852
 535103
 199517
 597475
 82240
 698743
 785144
 365101
 447628
 236370
 914944
 756542
 427200
 827813
 167454
 204868
 959224
 93750
 900646
 812964
 94508
 264003
 212621
 626506
 926053
 780315
 11111
 290231
 269741
 273515
 720293
 479847
 148148
 682909
 907770
 75630
 627220
 673122
 229617
 2799
 762165
 717178
 352019
 288037
 577597
 298719
 524184
 236580
 374277
 397294
 727456
 959347
 609487
 10936
 787911
 664493
 587006
 884464
 218045
 216446
 894004
 304666
 884554
 937301
 954867
 478142
 877131
 148694
 830616
 443536
 688163
 316122
 525101
 614733
 694079
 962331
 866768
 21922
 772828
 402843
 822575
 431426
 796839
 157278
 216358
 169627
 430195
 759665
 994195
 597539
 140698
 620460
 428185
 254757
 440648
 826259
 554644
 692440
 112173
 177119
 876085
 255427
 287227
 107659
 550571
 155626
 25094
 211941
 960315
 285147
 772569
 57396
 500223
 541887
 765914
 549453
 816891
 726622
 300114
 32172
 183094
 717038
 423329
 133088
 213074
 67415
 69342
 91592
 861409
 568238
 856697
 909677
 389694
 62231
 925925
 25219
 938379
 34236
 185788
 103037
 404025
 462196
 807197
 926342
 363482
 475543
 876164
 28935
 826477
 489907
 591662
 233085
 239191
 611938
 358280
 453429
 683365
 292987
 558823
 622306
 59225
 650400
 626972
 54059
 522759
 212047
 564162
 875598
 156415
 332874
 901539
 208797
 82074
 352075
 705401
 60806
 338867
 976836
 258580
 940623
 682539
 125997
 397533
 454044
 713092
 364437
 233951
 522354
 912601
 461936
 442736
 224280
 205219
 526747
 889846
 359824
 625559
 66935
 129725
 147473
 123341
 502089
 656522
 968643
 666761
 634522
 657802
 2974
 827350
 358394
 650585
 666946
 733739
 108104
 38030
 250047
 914128
 299910
 438625
 775772
 799911
 489311
 603267
 739617
 903843
 137608
 574304
 716907
 178669
 213913
 738613
 326520
 964938
 507936
 452227
 955862
 897980
 899880
 443604
 632068
 466078
 112735
 654618
 796743
 321580
 764532
 793868
 992169
 937977
 723766
 882202
 440669
 256965
 292434
 625448
 96657
 503480
 861893
 35952
 610123
 843866
 190791
 736068
 180609
 28457
 268501
 530142
 897509
 231587
 124334
 610514
 124706
 278283
 556839
 931517
 560352
 376030
 614081
 30126
 551059
 865140
 453787
 778729
 184673
 274346
 335501
 119402
 775438
 211908
 895013
 528434
 934338
 494970
 194715
 83933
 104513
 6070
 613777
 872769
 280682
 494489
 683437
 994537
 420979
 642808
 189044
 903751
 277010
 723725
 178691
 732046
 527253
 956933
 856126
 374274
 241643
 840488
 722222
 667709
 425147
 748329
 317798
 978846
 876545
 882277
 42632
 423568
 863697
 237915
 753291
 396443
 243221
 421212
 775237
 346518
 339131
 645858
 400626
 3663
 921591
 928181
 494235
 713684
 111242
 526291
 995993
 860141
 702150
 367507
 646207
 325490
 317000
 814202
 410455
 561436
 447513
 969538
 566142
 375040
 264879
 234765
 622690
 91513
 536000
 196329
 783845
 986421
 366846
 478947
 393994
 887115
 831192
 763986
 489925
 463969
 40125
 345608
 203641
 898156
 169828
 371476
 482797
 217675
 650979
 619576
 883047
 442518
 138827
 771041
 177211
 450166
 72776
 122611
 85596
 647087
 44205
 226950
 342056
 423891
 747675
 868767
 921249
 438682
 997437
 164998
 261913
 106158
 702127
 299351
 74138
 917923
 559473
 845911
 88355
 181101
 234995
 735257
 371464
 332421
 574446
 99202
 968020
 722282
 593328
 498458
 248703
 914360
 956641
 501955
 493990
 357153
 531206
 576458
 972014
 49132
 403693
 220069
 340356
 708365
 483376
 342429
 73240
 84402
 675630
 632219
 850379
 629328
 782135
 972086
 586252
 302158
 921766
 240664
 734605
 402877
 655279
 35132
 474756
 661659
 621097
 952843
 211843
 361725
 572751
 498357
 673902
 765806
 310149
 121227
 986497
 755681
 477100
 619462
 853082
 325022
 427687
 597683
 852305
 42048
 57346
 57164
 977588
 379715
 64164
 824053
 363784
 961149
 476570
 418203
 695234
 977995
 751143
 829613
 669497
 16363
 831008
 335779
 361728
 679207
 235907
 625173
 603727
 739032
 924663
 729349
 147292
 359073
 816083
 396956
 96175
 421609
 762719
 348488
 568345
 986858
 433166
 908560
 934160
 795823
 247111
 466939
 88915
 673180
 93552
 930614
 930345
 179025
 805503
 711226
 318840
 134381
 362021
 970056
 113331
 345329
 204647
 416193
 302283
 267117
 724747
 543329
 245461
 260349
 882948
 631223
 558102
 88089
 240325
 433783
 11146
 293587
 258403
 773236
 302400
 736340
 264878
 202611
 558566
 92904
 808579
 341130
 433826
 789884
 12979
 180856
 235831
 635940
 200681
 877415
 286498
 690026
 554033
 566649
 890782
 186037
 564050
 227647
 491998
 910153
 175219
 952114
 994520
 451571
 335937
 888957
 234042
 648314
 356032
 617256
 864473
 902765
 532687
 653801
 945030
 124849
 191969
 403743
 16389
 577038
 42535
 559292
 87098
 916236
 554808
 536735
 849259
 474208
 957557
 955270
 710408
 103303
 137662
 97595
 764792
 881204
 749368
 281385
 426872
 880452
 107972
 232797
 928164
 26261
 259218
 743319
 748050
 601427
 312915
 466548
 574073
 279298
 543565
 806354
 338890
 955830
 251534
 75039
 519972
 799940
 691187
 388769
 629659
 717952
 720626
 159946
 929878
 73096
 600513
 467197
 812206
 9257
 819032
 997972
 643012
 348817
 937802
 40376
 967897
 481515
 918950
 327437
 891257
 956408
 210187
 506530
 952092
 761645
 432762
 627802
 365912
 902540
 280591
 973587
 770192
 468474
 966359
 549702
 271504
 235936
 735497
 429941
 184914
 532711
 353548
 386737
 770277
 190892
 581526
 293853
 876408
 893005
 870198
 618677
 429398
 450207
 420730
 801042
 121580
 886912
 638776
 859570
 145317
 894940
 571683
 411532
 622067
 485687
 809809
 289374
 719778
 502720
 802604
 531551
 448022
 897120
 25122
 352568
 811468
 100710
 789821
 229524
 789843
 506682
 476190
 683868
 504368
 279500
 412023
 608468
 906186
 663634
 350868
 623021
 394866
 228093
 659143
 327558
 730550
 881218
 938271
 194110
 57797
 86927
 909360
 357869
 56723
 170562
 144675
 45262
 45311
 8164
 463379
 773222
 472812
 277108
 453116
 653671
 378704
 349695
 309713
 43741
 468088
 54751
 684655
 844631
 862802
 484230
 27397
 793070
 746796
 358762
 19786
 490827
 306252
 517138
 722820
 310541
 336911
 413324
 259195
 630778
 290159
 539334
 10102
 625538
 242705
 566941
 873870
 779636
 588947
 849745
 227539
 139040
 164486
 335212
 172018
 882337
 686351
 993553
 412001
 76
 680435
 477657
 512201
 274532
 97318
 945042
 61831
 125984
 190672
 733196
 892457
 253867
 20792
 478681
 955752
 837837
 538199
 365909
 625732
 124903
 31502
 303771
 676510
 98928
 136645
 304192
 113818
 362916
 633716
 837502
 347806
 582513
 452080
 876608
 187045
 532639
 905941
 896179
 251887
 454407
 852957
 92848
 143138
 258291
 799833
 853658
 888141
 959885
 881508
 365384
 140404
 893138
 470061
 415534
 134013
 898466
 670552
 641439
 645228
 5662
 506269
 451119
 998892
 54607
 539895
 111214
 79459
 15541
 639897
 972456
 395686
 497478
 724770
 280454
 560669
 262936
 612574
 442238
 366759
 418423
 965517
 724177
 968183
 792603
 823286
 130766
 249915
 137962
 983452
 339026
 649437
 712615
 819291
 225906
 72912
 365526
 935287
 444843
 461377
 664031
 818379
 500782
 102564
 289258
 492185
 472647
 716232
 625830
 281739
 435930
 273809
 795496
 499119
 814796
 15956
 214703
 278685
 835935
 748576
 109014
 847742
 966595
 845270
 381528
 624332
 435761
 734782
 988842
 782093
 293991
 413474
 934903
 728338
 385917
 649451
 428899
 544587
 427274
 33190
 936269
 200726
 789003
 500118
 374080
 287806
 82706
 878316
 731016
 172031
 528629
 591477
 937387
 296488
 505242
 452737
 775082
 81806
 632014
 680467
 66666
 79215
 322061
 943435
 636047
 860533
 273667
 267216
 250000
 731117
 452091
 596923
 698979
 338775
 140164
 176931
 237649
 732317
 975922
 306707
 874139
 543728
 154034
 619512
 921825
 237398
 676420
 387027
 235503
 697539
 121463
 119963
 718623
 505621
 790225
 774887
 339587
 118841
 782704
 85985
 334777
 701533
 676975
 234458
 10052
 906209
 330676
 832471
 336331
 782315
 246381
 396252
 838858
 737644
 927165
 833865
 840000
 735215
 926928
 963372
 16865
 675675
 921822
 812296
 340026
 745818
 533111
 770707
 846501
 260000
 505113
 684972
 765065
 314600
 230838
 770595
 492675
 834568
 404857
 3677
 63373
 837606
 162390
 592764
 755122
 33127
 468431
 801416
 753170
 123094
 446830
 632294
 340511
 962685
 699231
 870399
 753749
 828408
 465333
 622816
 914902
 515091
 584195
 72299
 455095
 731171
 224920
 324591
 367395
 25727
 28183
 908985
 811491
 480962
 95530
 111782
 245933
 22347
 315989
 891623
 967810
 432660
 836794
 979368
 509483
 950655
 630653
 60714
 636363
 552962
 103598
 374153
 823425
 40549
 528677
 237237
 336761
 566087
 853956
 289558
 287892
 532610
 788528
 24566
 20459
 159890
 84895
 704802
 832517
 277848
 449521
 305299
 528517
 51830
 65554
 705882
 506910
 58239
 284572
 890955
 696969
 311898
 770520
 51536
 650228
 337723
 890518
 692874
 801017
 930248
 124046
 550415
 653839
 545271
 503941
 259365
 689817
 77119
 476944
 107791
 131905
 318139
 140908
 439205
 790067
 343651
 228894
 98192
 8324
 694478
 53407
 217403
 299061
 690688
 479338
 77216
 471707
 794527
 976577
 153291
 308318
 280446
 357034
 235619
 655836
 401409
 399486
 770351
 331422
 538476
 273221
 875458
 905940
 29418
 535697
 475051
 893997
 236461
 318742
 989992
 580018
 403746
 550636
 90220
 10948
 791864
 657286
 33898
 90909
 346017
 937485
 336226
 12489
 579435
 746673
 643747
 216609
 359213
 483776
 771505
 843201
 836477
 337968
 128418
 571955
 672724
 467662
 56370
 13132
 906603
 260028
 619893
 676703
 120330
 49828
 639294
 627316
 850814
 703735
 345631
 422500
 402452
 236438
 652267
 319679
 647228
 238907
 689038
 509962
 260478
 457347
 179113
 239045
 787249
 179792
 452892
 50256
 529482
 909961
 866311
 376282
 154511
 672318
 523168
 360278
 412709
 806856
 466885
 529399
 833323
 851565
 274658
 419839
 365074
 133702
 381994
 216403
 88967
 160610
 345699
 796330
 278129
 993370
 163677
 717456
 956773
 641221
 993396
 862586
 367432
 855805
 730202
 855460
 160700
 440200
 576076
 990614
 756042
 64947
 616507
 455293
 517461
 358647
 645871
 356044
 20443
 948711
 962560
 258536
 725210
 551482
 587193
 156436
 58806
 492149
 913405
 22533
 176111
 578473
 846153
 780082
 77007
 289112
 649757
 444784
 357185
 156598
 243519
 627119
 421571
 398677
 412687
 740561
 776336
 854824
 301369
 38936
 124807
 97317
 300473
 659225
 361106
 999038
 997702
 843537
 759129
 775411
 718309
 403425
 620590
 677269
 747634
 743540
 599956
 620287
 543782
 59406
 850417
 618439
 967184
 38950
 174296
 859121
 619047
 185424
 80131
 134181
 16385
 847133
 480115
 676001
 984126
 729795
 751647
 582178
 736034
 658087
 628128
 327530
 776119
 304004
 399935
 862956
 517721
 109439
 947643
 48577
 24145
 914264
 305059
 630059
 282826
 915387
 128227
 274564
 57743
 771428
 779119
 243505
 294133
 9451
 658613
 567839
 591881
 249272
 647205
 208706
 534405
 977152
 316502
 39796
 381445
 682626
 784646
 322896
 426116
 48279
 952951
 351732
 498243
 763041
 702146
 40553
 412254
 716791
 505368
 688251
 201776
 655913
 942053
 917445
 137681
 774512
 119884
 481393
 505604
 217308
 985930
 200403
 364522
 328705
 377564
 451799
 201749
 393605
 379834
 314588
 790415
 702316
 109360
 944664
 837117
 699368
 10899
 517412
 269504
 482585
 108361
 298902
 500622
 275510
 856491
 174340
 687088
 518749
 506391
 952830
 292009
 63467
 721741
 963758
 648060
 486486
 458952
 762547
 117871
 192881
 855331
 815124
 342146
 876044
 787511
 172996
 462142
 126276
 436111
 18128
 716326
 485715
 117262
 520859
 528356
 587191
 483427
 89664
 512511
 962276
 759556
 952451
 500094
 747073
 275714
 221360
 953102
 322263
 405371
 890015
 562522
 117487
 213747
 464492
 201840
 300557
 224572
 904803
 936020
 991905
 856851
 965779
 953276
 781190
 430484
 168695
 92154
 548149
 113872
 647176
 421389
 497021
 886370
 643130
 345931
 682744
 698623
 885432
 932287
 396465
 468389
 87590
 244908
 663290
 316490
 577464
 837646
 741496
 999411
 606957
 362555
 896273
 362187
 371148
 419881
 325624
 441313
 478038
 496954
 616851
 904777
 375812
 966007
 689664
 875544
 193587
 120218
 926027
 58148
 447980
 855999
 72294
 907317
 595422
 147751
 419974
 640880
 912577
 421004
 330058
 273931
 493877
 921592
 506031
 210620
 750442
 193209
 970327
 34254
 658435
 914626
 196581
 954889
 765242
 896766
 59006
 465813
 217543
 340775
 885145
 783568
 267157
 908674
 334642
 244145
 280287
 404391
 120951
 364684
 681073
 824252
 521751
 639609
 331246
 680602
 423926
 206896
 597547
 905642
 200589
 104150
 168116
 919459
 206194
 933279
 865300
 603972
 560000
 581611
 460027
 854801
 604745
 901524
 963513
 79908
 13664
 875263
 652530
 198197
 487552
 290042
 523903
 196078
 80029
 697003
 889673
 823184
 981222
 772634
 121475
 960806
 186492
 387063
 877078
 73221
 419940
 794419
 577860
 876460
 840648
 360750
 161275
 891778
 143103
 439518
 240318
 967924
 110747
 162037
 972507
 625117
 164612
 838291
 939311
 285714
 820023
 18796
 211982
 930338
 758333
 921624
 153613
 224554
 810649
 549350
 161408
 973778
 484657
 25485
 462714
 993437
 436010
 694513
 651063
 473354
 313500
 812375
 837604
 407444
 152604
 756044
 479674
 837065
 981379
 546021
 594037
 699687
 708162
 202408
 163934
 760069
 880848
 700964
 322663
 294798
 662748
 325685
 449735
 866526
 472523
 608465
 858360
 139672
 376301
 599193
 335772
 269478
 339774
 26226
 112024
 473524
 224173
 808541
 567467
 366564
 429411
 570538
 99885
 840531
 946389
 390120
 8107
 63007
 124735
 822407
 200315
 32128
 320504
 679666
 602076
 874729
 91887
 838320
 723805
 380594
 553528
 106768
 630729
 184453
 495299
 946649
 387029
 300782
 175336
 35742
 599999
 974475
 503500
 249852
 426378
 149051
 933938
 545027
 911159
 907038
 471595
 506984
 406435
 503736
 946992
 488068
 137613
 972480
 510063
 34301
 584950
 810109
 637258
 869969
 425176
 815993
 532650
 720023
 228867
 326349
 823064
 116281
 366991
 786251
 627814
 152578
 943469
 561983
 884963
 225147
 11127
 311151
 57964
 529971
 461052
 104294
 530543
 134086
 118148
 647081
 287904
 642220
 25615
 29342
 222730
 728267
 215928
 787650
 134137
 493868
 700890
 602580
 524244
 632031
 609645
 427118
 297225
 874527
 122815
 958980
 186146
 830305
 697763
 234085
 680268
 730109
 123726
 9523
 681373
 809312
 409316
 692032
 982095
 538370
 552935
 161002
 952433
 879609
 770009
 532985
 173473
 442818
 233730
 185897
 302848
 492623
 500480
 760393
 177718
 746983
 286655
 153579
 691309
 533042
 297490
 957415
 982688
 121756
 881458
 137207
 769313
 165867
 96868
 336859
 487809
 993581
 388569
 892212
 854186
 752302
 454697
 550619
 506453
 869956
 292490
 136893
 276381
 281548
 4572
 607605
 461025
 481602
 702996
 460230
 645333
 200275
 204784
 677021
 777359
 731024
 224260
 132881
 254219
 290997
 316659
 639724
 722913
 364775
 899580
 554993
 417266
 544921
 257015
 663231
 338709
 45745
 640151
 141246
 675052
 963733
 400151
 168511
 703436
 624601
 126099
 397316
 429864
 353843
 409467
 334998
 326192
 619308
 303767
 231532
 911811
 87475
 31326
 337191
 297209
 853442
 833349
 508156
 268342
 716168
 266898
 225857
 499368
 692687
 978126
 66547
 871244
 181555
 251797
 878752
 828877
 806152
 69999
 38683
 173199
 753140
 992150
 437819
 573027
 410300
 749491
 187782
 808087
 849492
 709923
 875952
 375759
 719871
 147583
 74935
 479211
 680183
 875939
 938837
 329889
 694908
 348314
 51471
 512798
 759316
 197269
 186408
 280140
 473333
 844362
 855850
 269742
 351561
 399891
 61732
 65009
 104336
 983440
 538585
 316426
 63631
 207122
 680304
 454879
 348791
 70825
 713846
 567529
 477876
 735724
 450208
 115775
 320734
 737602
 630639
 701842
 962249
 777362
 734406
 941978
 702383
 338273
 488695
 835509
 752318
 434346
 364184
 989881
 380663
 458111
 215308
 725464
 478290
 98667
 463786
 348065
 258758
 239871
 161400
 835890
 443941
 61114
 28975
 211148
 456320
 219163
 639147
 112130
 870173
 546841
 845896
 837149
 266666
 486369
 127795
 811320
 20596
 210066
 209832
 666137
 982166
 253616
 398130
 172898
 130967
 551301
 207974
 242767
 274707
 836866
 313703
 792898
 406705
 453979
 445476
 471257
 71280
 952968
 394052
 663165
 829250
 662633
 366390
 387998
 212626
 758262
 122549
 134228
 510528
 559770
 555865
 965262
 757788
 829277
 692289
 983641
 373020
 502374
 233345
 115316
 645833
 685817
 800167
 232515
 42479
 463563
 813688
 477333
 901846
 89818
 209318
 553396
 164594
 506896
 522416
 680216
 205450
 336134
 592891
 765704
 790307
 777451
 675413
 524255
 66004
 58339
 202536
 91608
 840023
 972494
 385035
 739004
 671062
 725452
 897695
 685274
 189344
 876739
 841687
 523822
 179213
 890598
 937720
 697863
 937469
 143078
 610923
 194852
 133664
 505429
 158754
 561440
 222578
 930993
 41105
 771514
 992361
 964022
 310647
 163599
 893995
 573154
 913875
 875239
 726555
 589809
 395131
 91543
 881294
 451705
 468734
 58776
 901543
 558440
 159757
 724240
 131086
 470288
 778158
 169709
 952182
 221631
 418648
 752375
 808290
 600835
 906812
 606185
 310025
 662664
 454630
 269816
 195834
 110032
 495477
 817180
 312693
 520590
 233188
 288055
 434040
 771757
 467712
 848063
 600583
 166201
 414535
 339586
 573232
 971252
 141451
 128671
 211415
 525207
 602749
 865216
 886980
 428318
 171611
 783974
 292338
 406938
 910953
 910521
 611969
 777656
 943833
 857142
 492180
 885033
 503966
 417097
 920214
 644839
 746606
 139504
 596177
 178168
 584222
 54801
 51724
 833589
 611724
 16992
 912865
 696798
 318834
 768156
 700806
 909800
 492419
 815983
 651657
 557587
 496183
 797315
 789064
 580557
 73239
 822659
 589060
 260609
 264714
 986595
 593583
 940110
 426396
 398211
 903225
 161230
 537359
 399545
 157207
 622575
 162403
 786838
 306856
 286149
 68051
 266508
 12042
 69727
 40704
 952636
 608746
 282482
 115591
 213293
 985732
 880637
 906503
 230208
 317770
 696544
 666001
 802093
 743674
 438848
 958251
 486118
 756909
 863674
 494448
 842478
 10426
 776091
 485850
 468456
 860219
 790644
 574966
 782287
 372367
 857659
 785019
 702928
 850608
 829136
 531361
 636097
 842421
 401742
 402412
 778959
 276565
 430656
 823221
 550584
 288805
 105688
 218040
 420583
 873498
 951283
 403517
 650802
 968578
 20725
 496131
 837249
 357279
 280108
 673500
 825723
 501442
 378148
 607741
 98480
 636375
 912102
 452829
 324775
 830823
 83283
 266694
 658595
 851261
 170050
 165832
 42553
 70525
 467091
 957613
 946749
 612537
 463775
 922091
 983035
 496027
 508337
 293398
 487237
 43606
 200076
 817852
 115563
 832235
 636183
 553601
 18867
 813186
 448499
 450984
 933802
 489896
 563357
 204458
 731921
 161204
 157326
 548881
 483293
 440239
 680009
 28998
 404869
 408567
 407436
 102476
 843623
 502566
 877697
 281507
 428736
 141210
 147332
 649325
 213788
 787620
 783153
 442658
 31500
 4678
 169976
 149425
 981958
 612110
 906688
 485938
 246575
 592749
 568725
 12819
 342873
 234837
 199796
 124687
 141439
 763107
 941921
 671140
 488552
 567870
 560283
 650246
 229352
 840890
 172677
 563186
 191721
 960261
 104041
 62186
 695496
 657934
 972596
 605488
 870050
 109176
 850382
 598118
 249415
 155148
 571776
 966088
 529836
 643382
 777402
 926933
 30113
 223393
 224595
 770433
 522261
 513520
 415095
 612108
 131186
 716892
 457366
 205897
 716044
 634039
 700626
 904649
 30511
 297444
 362225
 168858
 298095
 764404
 120560
 369785
 766297
 153524
 26819
 642595
 290097
 51353
 12833
 867789
 591865
 551987
 523544
 717497
 588945
 246165
 999695
 980286
 420674
 966690
 293623
 121883
 457311
 720347
 916059
 915384
 218311
 882166
 119829
 602180
 444717
 862730
 479220
 762622
 943423
 959149
 860059
 116637
 516013
 12509
 421385
 171895
 502854
 585606
 500811
 797516
 785312
 927180
 658092
 831322
 736212
 630177
 712151
 835456
 980413
 157303
 662152
 225757
 6614
 909400
 158693
 588833
 612137
 7901
 581412
 667838
 291715
 278954
 17271
 59103
 205513
 933205
 933226
 671270
 415522
 641723
 912607
 772623
 603699
 180408
 133440
 391891
 746009
 202677
 404323
 74861
 982354
 561189
 10016
 929222
 142186
 89513
 156866
 171076
 7293
 557804
 269611
 496289
 66980
 877380
 179743
 539021
 597467
 867020
 823986
 603661
 619816
 688875
 958612
 137973
 720378
 10610
 818056
 987135
 397142
 333479
 550007
 716171
 770394
 602399
 330027
 75770
 88255
 911940
 22068
 807826
 815238
 821476
 45512
 370357
 234391
 987910
 370013
 860694
 665601
 754242
 286839
 963770
 635040
 567992
 61348
 102236
 62653
 699586
 708606
 156536
 628795
 321343
 958296
 115431
 509636
 449537
 68168
 121539
 431142
 994878
 257092
 253561
 47184
 401139
 500472
 813736
 618919
 534512
 536878
 889074
 714275
 251828
 281039
 10331
 500254
 963730
 215053
 235474
 707754
 885258
 980099
 702754
 399272
 278263
 516281
 112742
 48311
 962831
 742577
 776486
 188589
 111418
 803608
 467179
 589942
 908697
 846303
 960538
 299738
 708903
 281923
 466248
 236447
 254401
 755672
 641491
 327902
 506631
 201708
 345334
 751745
 899976
 560360
 31509
 478010
 105472
 163254
 991554
 452921
 53402
 554479
 169083
 532019
 817931
 462230
 508244
 170012
 907050
 609555
 517030
 785119
 247167
 781692
 307611
 163952
 662332
 470151
 60836
 895843
 863999
 548937
 740986
 224505
 244696
 966126
 545763
 211356
 656757
 53754
 137467
 293722
 849854
 883563
 617119
 701434
 377909
 412028
 571962
 796432
 722265
 256361
 762217
 235294
 902208
 698795
 169656
 661884
 622336
 170212
 844565
 70257
 443298
 175874
 782049
 369625
 711303
 691619
 111471
 887627
 545837
 459136
 664039
 173511
 727899
 12751
 131570
 46461
 58243
 976159
 806895
 466112
 617161
 382576
 621275
 256777
 731099
 870229
 632233
 218713
 413996
 538703
 576092
 463813
 753398
 709064
 780756
 41401
 319849
 931479
 420861
 92826
 462757
 550295
 686956
 449375
 796253
 541880
 550073
 535213
 193942
 191018
 990684
 451296
 349341
 462923
 386861
 389735
 104283
 322841
 603496
 243222
 402471
 211404
 281634
 66391
 544558
 815450
 505456
 382420
 601807
 388127
 156764
 281294
 524743
 965450
 938865
 330352
 852021
 134376
 916357
 790322
 967622
 635449
 944328
 54968
 775403
 535989
 55881
 115880
 628916
 654473
 831544
 276644
 495144
 477283
 765015
 502284
 969725
 17013
 526516
 276719
 358727
 588633
 704674
 237361
 579751
 840969
 866685
 867590
 689613
 341479
 970807
 171243
 904738
 541719
 219881
 312950
 967253
 76190
 804721
 842355
 251256
 173671
 439421
 537428
 598696
 956581
 924461
 898121
 381029
 857078
 742353
 635544
 44954
 527931
 160
 948327
 146672
 137114
 980828
 820147
 268454
 622730
 578400
 540907
 562655
 81561
 759442
 365027
 216771
 725233
 257662
 223729
 444759
 239350
 108882
 474885
 446869
 979432
 556726
 386309
 37988
 181797
 757307
 889457
 668827
 524765
 618797
 33038
 76212
 334695
 675496
 281528
 792980
 183783
 111144
 585990
 681549
 650845
 401758
 613673
 479784
 90330
 851433
 618604
 237525
 724388
 79456
 764018
 833390
 479266
 855742
 869204
 262401
 370752
 313157
 314312
 981041
 577311
 4583
 332520
 923894
 171573
 272865
 142707
 227305
 971488
 932905
 566165
 11271
 624636
 215988
 638043
 703294
 37316
 831030
 264357
 616393
 590154
 212121
 566504
 242192
 324765
 396157
 901731
 822981
 463182
 672712
 235119
 295515
 940017
 481509
 17465
 365864
 714269
 746113
 485396
 58553
 819653
 281524
 551005
 398858
 742144
 514838
 235592
 449952
 500583
 698584
 149973
 124853
 483203
 757739
 908610
 926605
 33060
 187470
 405940
 761951
 288145
 121307
 848478
 74255
 939464
 319452
 954723
 934068
 682404
 621496
 396892
 487957
 399507
 617682
 173811
 243064
 110773
 779737
 652469
 674448
 430727
 198324
 560701
 629813
 584276
 249007
 991276
 615104
 352965
 493500
 11320
 107112
 43478
 649278
 663667
 610916
 76313
 28954
 21415
 320455
 423894
 459560
 686892
 526522
 566985
 205988
 1222
 168268
 824540
 39554
 560048
 101378
 772093
 616223
 855924
 468586
 272428
 557806
 381223
 608685
 368173
 180662
 68211
 211522
 327014
 215291
 764934
 542463
 972856
 74121
 682425
 498060
 907409
 55718
 745136
 409197
 167307
 750836
 187400
 299062
 619690
 778088
 803108
 373008
 812778
 316235
 61267
 147073
 43986
 642525
 188782
 405340
 861023
 787920
 918511
 201134
 298546
 844965
 901415
 279369
 477697
 197169
 759869
 20040
 808247
 815003
 407005
 356947
 420181
 190652
 611538
 939521
 464885
 739212
 200436
 587831
 76965
 160479
 264382
 136736
 391307
 871243
 14257
 827893
 957307
 65989
 702311
 346039
 635136
 925998
 583399
 760847
 830360
 723855
 853794
 207973
 602791
 669359
 625481
 226723
 659946
 793831
 477719
 122729
 53661
 888860
 935561
 794190
 854182
 192484
 597346
 388508
 773770
 479742
 141241
 4490
 181805
 704826
 232850
 296231
 109914
 939564
 759493
 125725
 981621
 227233
 532695
 928819
 692856
 859217
 755395
 860390
 79170
 528285
 408849
 729280
 333931
 155762
 48070
 302603
 375650
 607167
 757201
 929463
 623230
 605760
 332692
 526170
 371180
 478086
 90215
 487240
 842365
 68174
 327208
 550154
 815036
 331078
 293762
 811461
 661953
 35430
 873480
 146499
 842787
 873896
 199385
 403544
 709859
 16779
 50445
 926765
 719303
 774885
 510196
 318584
 324047
 30698
 830369
 873197
 972839
 262710
 641217
 320095
 963143
 675943
 570766
 552222
 263549
 105189
 761379
 1328
 511514
 850513
 967999
 545690
 589204
 527708
 121097
 506895
 47653
 66842
 73328
 460583
 417510
 177067
 242990
 736801
 923223
 279530
 394299
 822660
 66772
 808549
 299450
 9758
 730249
 992594
 280723
 50000
 971081
 824303
 621656
 174072
 741290
 609317
 431032
 33665
 469530
 578112
 700154
 149288
 528205
 175458
 371038
 25532
 284781
 744107
 826821
 306995
 967961
 420538
 560780
 776834
 519198
 185983
 519204
 264109
 859389
 920970
 455935
 956188
 417977
 732688
 98019
 683688
 263003
 559884
 261091
 132798
 65395
 18069
 505617
 687061
 763711
 231927
 508520
 941228
 873284
 94442
 119833
 226870
 590148
 692926
 314292
 862943
 573795
 102364
 24976
 105859
 483651
 910694
 893907
 229409
 713342
 202459
 691846
 854014
 526011
 112299
 939843
 976450
 281330
 870501
 224844
 343976
 341887
 341205
 168082
 430793
 174139
 636673
 498733
 505967
 746666
 944953
 831215
 432645
 838709
 587985
 53150
 632994
 550910
 94403
 471914
 315786
 410051
 512298
 308554
 317609
 361597
 988176
 265273
 42712
 741735
 601101
 896100
 336057
 412431
 418147
 871982
 607883
 124233
 602431
 372930
 301104
 517410
 548381
 28565
 843924
 137959
 725384
 803389
 639095
 139534
 414727
 665070
 484272
 118471
 546752
 652299
 967856
 736231
 160012
 851779
 426925
 772253
 7289
 72920
 363779
 815942
 430449
 960957
 585713
 157286
 485538
 129112
 629762
 990404
 462555
 269350
 424271
 104271
 743414
 302721
 528519
 58468
 666947
 574477
 138282
 859263
 196650
 921263
 744297
 712061
 124792
 671244
 256398
 124101
 615790
 885906
 460440
 835680
 449237
 732510
 782968
 587852
 296155
 255499
 460869
 21546
 550713
 120554
 321521
 143400
 517910
 139479
 139572
 747764
 453287
 956204
 562996
 125641
 287957
 607305
 345534
 536585
 468904
 25623
 949522
 133735
 479907
 800088
 888777
 496156
 197942
 222844
 431033
 574758
 8120
 960799
 710783
 671308
 627323
 409470
 739826
 254612
 805579
 964486
 679117
 798594
 404858
 328968
 605712
 477852
 868913
 20099
 247048
 68250
 769093
 441399
 448428
 426477
 378944
 1277
 142239
 960717
 539765
 252595
 963405
 451044
 939844
 799235
 494731
 428338
 334083
 12814
 990969
 29607
 125925
 897376
 777898
 475702
 788955
 477093
 164999
 319819
 813623
 556357
 66332
 940722
 94086
 880974
 919398
 24067
 160477
 748267
 14862
 22455
 557413
 830396
 369801
 107649
 532328
 706266
 826856
 253111
 808625
 995256
 908401
 344608
 783438
 321232
 838453
 533290
 673207
 67586
 217212
 103459
 474146
 930755
 652149
 954346
 173679
 564538
 159954
 989880
 226146
 84925
 702580
 589869
 144468
 494916
 378887
 618852
 446529
 482153
 281148
 850248
 639512
 337946
 536901
 48071
 630464
 443296
 956721
 907597
 385696
 91934
 965360
 851742
 955195
 699943
 624766
 648972
 860790
 86872
 610903
 228427
 186114
 770139
 143993
 884381
 845134
 24487
 606352
 517166
 942419
 263496
 403508
 466292
 752012
 469910
 254949
 124503
 44367
 638371
 522882
 981422
 45674
 983851
 404833
 447150
 508423
 408098
 928540
 779397
 741537
 64489
 939842
 626086
 594629
 717760
 543261
 838801
 752096
 182416
 805057
 374438
 51401
 846881
 253656
 419354
 951829
 706888
 82519
 938878
 251531
 96927
 770424
 676584
 180304
 534337
 106506
 42198
 975867
 723010
 763134
 706670
 209452
 816242
 189716
 187649
 773382
 989109
 248164
 81198
 984896
 915094
 866160
 452716
 669458
 910569
 613324
 989091
 100107
 646113
 701529
 346192
 632747
 217751
 617125
 649775
 726586
 531395
 714912
 180268
 216266
 257903
 724930
 639109
 615172
 243823
 776495
 860646
 887736
 297742
 322835
 929706
 901670
 665959
 679140
 201835
 416776
 869997
 314638
 832577
 729167
 954132
 12356
 803366
 814516
 316515
 787575
 876285
 569143
 771806
 280730
 340777
 256730
 181043
 401788
 472168
 798749
 384099
 865666
 790636
 188126
 53627
 431818
 432323
 593929
 357219
 161559
 100409
 761011
 553336
 691981
 873841
 733505
 801615
 697409
 105155
 361702
 147356
 584827
 929505
 736559
 995562
 965432
 922411
 560812
 482416
 140219
 756080
 631921
 590909
 934663
 57820
 702339
 294441
 139586
 853489
 240398
 643842
 468660
 685492
 325298
 853158
 885986
 875691
 906508
 203694
 373640
 932573
 886409
 187595
 533444
 916526
 148528
 606592
 848766
 53418
 3252
 101565
 697164
 719803
 286159
 850920
 810021
 98462
 844567
 627599
 146051
 796777
 568612
 976354
 487071
 459111
 250709
 891196
 231177
 393996
 28456
 335977
 493888
 944622
 62937
 533237
 981132
 282736
 373301
 201310
 588221
 349693
 336634
 828589
 497897
 28170
 232907
 743838
 732186
 500016
 158790
 510022
 834678
 210393
 928280
 929680
 955188
 756679
 530474
 35263
 546871
 457669
 802443
 14443
 1560
 287840
 573945
 936955
 901444
 367886
 750656
 671217
 535484
 88448
 597041
 279529
 773790
 939137
 233173
 330771
 858267
 73859
 930658
 607149
 257744
 672348
 140805
 807947
 656432
 720366
 234459
 867150
 554539
 210078
 787912
 639768
 778887
 803811
 698817
 232409
 953022
 284861
 964095
 471801
 834637
 134107
 690108
 982160
 896751
 29168
 703356
 78104
 189415
 519630
 509959
 431984
 279389
 345458
 737962
 166677
 696665
 975308
 176402
 915902
 203750
 54346
 324644
 556962
 960491
 558024
 741257
 12578
 992356
 785378
 773349
 111687
 31481
 713199
 980830
 882195
 727575
 973366
 496082
 488482
 994298
 175144
 336412
 29895
 488386
 994177
 444285
 251934
 660814
 909702
 649540
 959275
 687415
 91578
 89153
 755157
 745079
 554502
 55253
 527241
 33099
 140740
 265840
 145044
 78505
 865377
 597851
 364102
 601881
 436537
 788551
 905382
 985797
 95109
 593352
 777311
 109752
 907467
 889106
 772567
 472828
 589511
 118892
 764174
 718620
 33101
 430100
 593579
 198207
 764391
 702290
 138937
 224786
 384909
 70046
 217332
 12176
 293982
 551671
 906108
 905649
 343148
 598056
 642035
 458827
 993249
 107609
 366994
 997879
 390150
 863393
 703332
 788980
 966611
 938866
 802367
 829871
 504737
 42351
 89293
 756554
 153784
 234762
 28548
 849647
 378554
 129704
 241649
 952895
 297811
 195928
 1210
 789197
 68496
 585601
 525874
 833503
 987490
 367336
 319125
 554300
 366334
 566317
 453692
 592892
 548872
 202895
 169125
 289433
 880834
 469773
 787234
 96008
 471676
 858887
 120478
 761062
 773028
 526881
 937162
 14587
 765072
 195550
 340209
 909539
 923575
 229993
 618269
 945098
 158094
 183040
 273691
 964914
 392783
 130113
 56541
 975187
 384814
 119382
 264325
 898851
 674698
 863952
 20880
 218818
 721077
 17416
 543991
 864077
 993586
 3144
 398306
 710335
 838407
 961071
 283738
 348462
 293687
 285045
 921262
 197631
 758900
 198872
 398018
 818887
 294039
 825198
 914778
 915550
 138088
 623441
 633802
 642942
 513953
 279846
 637365
 78042
 722405
 27329
 187096
 747821
 133343
 415103
 327054
 318497
 740103
 949198
 646905
 568745
 849934
 387700
 84246
 261398
 165278
 522946
 437706
 170049
 900726
 62279
 178405
 194037
 973481
 894793
 183881
 409855
 800731
 844273
 451969
 287239
 962579
 590179
 962196
 625107
 205047
 81681
 548834
 948826
 772864
 789780
 935908
 577003
 664626
 556302
 599123
 133222
 914852
 558323
 973451
 331936
 752542
 829291
 2139
 858823
 126393
 272452
 724046
 576516
 789191
 52770
 162097
 663833
 108423
 138018
 167972
 739350
 323790
 790943
 830740
 189333
 573633
 26612
 499580
 225419
 798466
 967279
 141811
 339315
 507890
 615650
 557901
 849364
 816901
 959352
 905579
 730919
 578804
 872368
 208812
 804911
 134350
 150326
 962063
 582690
 248653
 317508
 360773
 455239
 289338
 870895
 25992
 966823
 534883
 225261
 831275
 361993
 629675
 160415
 801219
 538987
 647500
 881174
 474419
 865962
 76941
 474530
 767620
 848148
 679306
 129211
 391923
 124572
 339099
 601395
 980165
 994408
 714493
 816968
 384659
 105797
 395225
 279603
 626199
 905900
 397017
 919708
 654525
 846983
 844290
 953372
 559169
 578853
 993291
 729465
 991172
 562091
 43770
 71162
 694571
 139177
 207192
 597037
 489803
 475117
 568163
 769221
 511362
 956599
 644969
 720520
 440339
 683741
 583352
 660580
 619214
 190733
 873838
 217120
 517773
 781490
 357580
 545700
 286297
 641267
 743070
 241185
 447773
 776914
 205754
 727125
 985435
 131420
 823929
 154624
 735029
 100323
 704499
 904914
 115668
 889249
 625287
 519537
 196837
 666049
 188801
 955121
 418042
 187030
 17463
 717041
 44302
 579712
 896617
 618715
 698967
 484743
 44198
 805460
 414786
 533298
 916631
 321955
 90514
 748952
 783509
 37157
 397411
 801980
 862049
 991977
 931794
 559512
 546401
 956043
 744305
 751417
 886804
 56793
 703929
 776454
 865552
 317444
 11883
 719073
 972350
 642248
 792479
 94629
 984494
 379392
 550858
 354916
 49232
 888399
 717376
 851979
 744614
 447162
 638017
 766400
 21400
 59008
 656977
 630687
 493781
 798967
 270666
 330050
 627091
 615590
 680721
 894033
 190508
 261780
 663650
 918146
 554196
 786369
 618231
 784507
 671601
 251177
 404141
 38130
 508641
 362226
 614295
 875816
 585434
 884312
 600133
 266017
 76692
 618634
 546331
 444893
 359291
 785979
 146567
 61730
 714214
 201732
 894621
 657525
 843948
 946930
 357690
 473186
 580042
 194939
 866071
 866024
 556146
 266773
 303270
 460072
 229105
 709513
 478474
 197892
 592945
 487261
 848283
 557818
 245708
 310026
 838370
 706566
 518056
 171513
 747190
 448912
 849925
 455055
 516099
 239945
 949606
 941000
 539810
 486213
 816037
 105511
 575020
 269093
 495854
 598485
 882134
 13254
 745930
 796974
 164647
 862421
 684848
 7945
 36304
 378930
 141003
 492532
 946794
 84919
 624087
 129594
 831547
 457798
 831637
 416228
 877995
 817822
 324846
 177943
 503692
 812823
 873836
 421217
 636368
 866230
 708198
 840923
 599851
 618523
 151522
 410138
 258018
 103639
 572368
 539517
 988022
 688433
 430780
 169845
 430783
 141092
 246788
 967811
 914118
 512257
 30420
 210903
 199937
 197144
 507042
 587799
 663403
 819243
 633140
 564131
 790209
 346634
 888284
 452250
 894895
 397089
 566451
 914423
 617996
 973567
 732349
 44477
 883082
 713961
 155094
 234222
 382920
 819158
 906588
 40062
 812274
 3667
 338528
 36142
 628744
 380834
 781096
 319972
 349820
 209712
 872001
 975527
 531466
 499778
 517753
 101088
 787093
 844848
 687690
 248479
 373183
 903165
 398465
 722488
 557815
 464765
 577787
 248476
 611140
 834069
 662185
 893338
 348273
 944431
 401683
 504342
 706677
 498007
 31913
 599691
 644391
 446989
 366748
 223804
 401644
 991035
 688723
 747523
 943589
 743511
 907763
 579389
 872292
 151145
 872547
 974236
 691788
 729011
 52318
 69539
 501488
 581609
 377488
 333166
 467100
 197616
 316532
 670769
 66268
 908966
 951466
 16590
 751247
 798500
 768384
 355586
 427524
 615505
 559232
 113038
 976124
 960342
 762154
 223068
 292076
 617396
 354757
 457420
 151202
 584114
 149505
 89650
 900253
 1122
 514964
 770791
 457013
 839853
 160111
 143903
 840749
 475185
 800677
 776029
 907058
 88145
 771611
 331599
 503981
 93535
 122501
 599880
 656043
 474818
 77897
 849914
 113562
 404348
 743975
 344223
 709530
 265920
 352941
 170227
 694309
 49077
 694117
 431759
 389026
 642079
 619914
 584905
 518696
 926537
 298269
 5167
 893084
 990551
 215873
 442072
 502450
 257199
 401921
 954353
 19625
 327419
 644105
 248964
 169649
 829468
 379306
 495327
 780733
 235420
 48246
 466454
 18734
 553891
 154489
 377352
 275244
 704614
 384235
 323836
 757209
 602284
 290726
 193111
 376139
 807560
 849330
 330836
 833847
 532700
 568363
 875302
 214750
 507690
 594008
 593851
 497024
 214484
 119791
 979071
 924411
 757075
 546301
 751754
 558600
 653173
 480867
 911816
 800468
 142046
 416211
 634416
 966804
 255216
 784345
 329847
 470098
 536454
 482395
 191176
 320194
 870729
 890226
 783795
 527404
 874346
 611015
 106255
 856634
 981402
 705550
 150240
 661581
 822970
 904675
 816608
 453289
 270865
 521043
 225418
 836448
 61778
 13129
 5508
 304661
 462086
 407022
 89347
 359631
 5878
 990470
 506416
 182892
 21257
 111940
 324884
 951788
 715302
 361782
 985869
 521259
 626922
 889200
 154261
 258380
 711568
 90946
 812275
 650934
 405685
 281159
 253218
 781587
 324773
 885059
 561878
 233007
 222784
 344808
 451764
 373783
 261896
 791409
 302865
 399585
 757133
 868346
 19545
 251863
 135757
 159680
 962003
 616168
 68418
 693260
 508578
 945416
 996370
 60842
 996727
 211651
 588411
 222068
 173535
 121724
 770261
 353114
 196915
 711749
 892596
 632121
 769427
 242934
 390411
 916513
 651318
 654906
 279683
 657777
 507215
 900866
 583564
 509470
 220610
 881786
 999351
 140664
 975182
 615469
 705191
 897370
 478134
 845773
 15200
 356034
 755823
 506572
 308080
 378917
 510175
 666013
 575210
 628384
 913829
 76711
 932077
 477344
 680628
 248357
 245513
 302457
 563238
 940445
 695652
 319430
 250591
 710233
 566670
 458524
 537677
 423216
 593530
 39187
 829654
 949685
 569659
 600095
 119849
 128838
 120079
 627635
 354215
 507354
 738858
 441558
 813039
 757095
 254654
 265394
 778448
 932565
 78305
 197192
 5633
 990639
 52097
 606633
 464195
 377240
 18960
 385710
 93704
 532148
 145251
 209320
 492448
 39545
 868148
 854003
 447236
 446698
 383849
 471213
 573481
 883065
 896021
 853155
 805566
 862036
 226733
 249957
 141859
 30974
 31017
 216250
 815992
 988086
 502840
 593181
 324786
 149338
 998148
 122543
 712006
 932652
 724374
 835294
 407772
 745569
 805401
 554867
 220282
 692801
 411148
 300221
 250962
 318291
 873058
 782800
 635938
 51243
 793101
 86408
 414129
 11147
 894044
 192786
 382139
 659072
 491314
 96692
 253174
 589889
 106019
 482115
 143890
 189687
 350509
 842454
 953401
 431434
 690144
 56603
 164057
 737520
 901561
 15538
 316831
 174901
 534606
 760902
 429525
 395316
 909464
 461944
 462712
 771322
 491597
 849903
 869414
 410664
 383523
 830163
 862637
 956680
 906984
 533742
 888256
 85626
 483701
 619151
 734608
 656327
 624921
 568404
 113336
 868414
 271715
 16976
 327597
 953207
 931750
 708124
 310945
 60382
 5606
 196741
 596890
 519527
 135140
 64935
 484672
 825622
 106143
 705700
 770199
 111920
 346769
 403024
 428962
 668419
 698448
 294311
 20128
 942848
 960729
 400922
 508315
 598518
 884324
 552517
 831167
 966065
 771743
 282575
 234564
 435362
 653789
 127105
 857897
 649122
 528905
 247535
 850011
 803237
 957808
 462210
 65236
 720726
 963639
 3371
 210944
 302501
 667347
 373108
 985571
 189078
 257714
 234059
 864750
 418956
 793170
 779177
 570654
 590638
 479840
 817916
 784746
 727883
 771572
 981467
 289570
 478805
 27559
 964746
 502733
 578384
 86350
 445426
 87849
 173913
 380952
 81001
 162723
 416293
 902141
 39321
 592262
 341837
 670077
 123050
 443645
 22265
 970489
 366886
 236686
 390356
 578259
 718728
 859097
 576498
 73645
 466007
 590042
 873476
 437572
 613813
 687898
 528059
 219330
 961221
 846507
 8257
 255100
 290629
 648811
 936477
 896704
 658480
 773219
 307772
 527601
 865635
 914376
 365833
 732976
 594733
 58455
 268646
 353384
 827265
 695227
 737281
 979284
 163372
 130023
 703797
 581079
 731818
 681865
 896911
 263157
 405482
 122688
 803385
 43487
 665145
 973478
 189098
 217422
 416529
 848628
 231376
 292687
 397569
 396339
 101010
 236136
 139593
 826794
 327313
 310195
 73199
 466584
 261245
 44383
 603250
 320394
 514495
 185664
 870032
 913801
 264639
 1126
 646350
 67279
 68009
 613239
 452256
 93297
 162947
 841829
 698917
 739229
 528466
 356060
 218187
 501049
 968399
 818680
 626889
 489038
 778311
 359042
 351231
 324695
 123728
 63892
 105878
 734097
 6414
 642453
 793012
 445258
 129339
 341951
 441153
 866318
 660923
 293052
 659045
 989716
 863543
 726970
 509302
 63731
 444713
 453881
 546397
 981104
 418766
 881456
 359759
 861149
 879014
 268805
 506493
 562647
 960190
 657232
 319759
 591380
 906518
 794043
 135623
 983688
 168358
 601781
 424004
 944124
 338226
 905259
 121336
 396893
 385860
 210774
 214065
 556496
 403726
 589358
 507458
 735165
 102533
 307125
 935963
 458754
 656197
 413473
 773259
 657657
 869565
 727957
 832777
 504875
 904151
 606537
 659531
 556972
 442198
 676527
 282530
 178915
 741377
 115956
 362717
 973133
 407667
 265836
 95238
 350598
 281081
 473152
 847475
 143059
 567010
 623882
 568477
 437767
 88787
 63241
 437044
 734362
 373968
 401467
 497094
 372028
 684859
 18310
 198070
 793661
 349560
 10170
 896409
 327868
 609544
 180087
 826486
 90473
 816278
 32156
 591735
 84006
 349565
 44094
 422740
 637321
 993220
 785613
 254113
 396937
 124565
 407242
 574514
 857037
 826444
 896915
 285158
 126032
 574910
 743566
 939117
 235946
 879736
 438525
 985133
 336812
 340270
 15399
 784250
 711307
 924731
 30452
 824331
 295174
 876612
 790553
 930024
 211931
 754814
 687715
 337198
 483020
 779600
 916220
 992220
 223583
 194228
 244555
 519
 180357
 354295
 682855
 117016
 350062
 578031
 396111
 305007
 191561
 772589
 199863
 125364
 105076
 516203
 169568
 649652
 627690
 235194
 534134
 763927
 558740
 293961
 108716
 195322
 252435
 794517
 942735
 517222
 891729
 732122
 130819
 794468
 873563
 454434
 512483
 253853
 867588
 440519
 514997
 58073
 595019
 725685
 46110
 29213
 706257
 341916
 555054
 903352
 509853
 664770
 685411
 843383
 864706
 663673
 646439
 15405
 627081
 130552
 249158
 458683
 436031
 92390
 251602
 468503
 875738
 78827
 351204
 381714
 664655
 931145
 842181
 63439
 848484
 136623
 111111
 765738
 951406
 455476
 329468
 221620
 63216
 869974
 643673
 269240
 985049
 682512
 355800
 405366
 731290
 663248
 14019
 535985
 504046
 649805
 596311
 520208
 704811
 751051
 416216
 697903
 589126
 154814
 517934
 946134
 980882
 330647
 170374
 244674
 623027
 489571
 231644
 878270
 429675
 764948
 24150
 360788
 351135
 836950
 390264
 983647
 880127
 233515
 889779
 980347
 743350
 743388
 305837
 661240
 491504
 778330
 613484
 734261
 157423
 119047
 433967
 939991
 830176
 324203
 986847
 748371
 568599
 950905
 2005
 286338
 73386
 256686
 599257
 237656
 924528
 718902
 225988
 584501
 19691
 117544
 952507
 861525
 603498
 594975
 254819
 477324
 179768
 386306
 96323
 995757
 57072
 347671
 994220
 414080
 191538
 92090
 996847
 510465
 325581
 719518
 842192
 679807
 844067
 927798
 98271
 210629
 997524
 34794
 716391
 938272
 18587
 856088
 131937
 770016
 19341
 312355
 4272
 718661
 524540
 424845
 945644
 19417
 326395
 497418
 807143
 428049
 459117
 565970
 405872
 830707
 801360
 267853
 315994
 438578
 240297
 811954
 310242
 771941
 342035
 211048
 774420
 216046
 634691
 769854
 953749
 796715
 279811
 182929
 113856
 715124
 770795
 565538
 528033
 119970
 809302
 345368
 597140
 694837
 730000
 803004
 405575
 817709
 6437
 205541
 101076
 484528
 825820
 404033
 976542
 42253
 425415
 543661
 554716
 30653
 631970
 251533
 566901
 900880
 823664
 250779
 945857
 139700
 307692
 325054
 827048
 413138
 761061
 289271
 358326
 189375
 629710
 49836
 112507
 977144
 363265
 449431
 866372
 688104
 965441
 887847
 119206
 725162
 470374
 351100
 264367
 358728
 758153
 922572
 931037
 919226
 728833
 758141
 739059
 925611
 115276
 840827
 676239
 755931
 211990
 899074
 925135
 991812
 355170
 215717
 226804
 707623
 259224
 437232
 757461
 964949
 702341
 249613
 385465
 178585
 364977
 899511
 557714
 942357
 295467
 10870
 187122
 679222
 699975
 6679
 892020
 303282
 15164
 769306
 887096
 94555
 965858
 471344
 86966
 297451
 557090
 991515
 113123
 878375
 222261
 938342
 958887
 629638
 292295
 305769
 333838
 883317
 230003
 776978
 752386
 210140
 769580
 373663
 769951
 172086
 762666
 461773
 988106
 529902
 625384
 549666
 540020
 432000
 84950
 533487
 565946
 286535
 29711
 263021
 720828
 590133
 542594
 519030
 443774
 350679
 649806
 676505
 372051
 317764
 521821
 247911
 923816
 135930
 45906
 532605
 53870
 536641
 387426
 857569
 397863
 278922
 89596
 233786
 872031
 905473
 122251
 853230
 771828
 274830
 380833
 212502
 909159
 756055
 587319
 519773
 394914
 855101
 82041
 756584
 645978
 209906
 865995
 348227
 56179
 255118
 154406
 957625
 634423
 937867
 234116
 168776
 722845
 464968
 197502
 983474
 457261
 230835
 61950
 998125
 747462
 935552
 896925
 634557
 388500
 695335
 541495
 491953
 361309
 127866
 366089
 609780
 179702
 836674
 304767
 795936
 583842
 597009
 152082
 874974
 559590
 803994
 694060
 39987
 865494
 104450
 680662
 663016
 24316
 65299
 556467
 307148
 465477
 754824
 549281
 546982
 376832
 202497
 43345
 121375
 664298
 860924
 362994
 944444
 272551
 13342
 644654
 684235
 78797
 429329
 766980
 109407
 207835
 477081
 957144
 315928
 523555
 25684
 466892
 567217
 407225
 199187
 85811
 952303
 185725
 303261
 297381
 421309
 559554
 475129
 692010
 793828
 878282
 941470
 760184
 911939
 785879
 156234
 741360
 182518
 747891
 561034
 540021
 203307
 748022
 754932
 279144
 385795
 68564
 731452
 480465
 94820
 412888
 