279067
 365751
 363377
 239714
 41387
 323942
 143122
 58595
 82355
 406258
 317611
 469842
 105973
 477207
 350214
 36464
 352578
 190354
 351626
 192618
 213016
 50521
 406648
 110901
 353055
 10422
 393487
 42268
 98202
 284028
 197017
 224755
 388799
 87494
 392215
 123452
 7364
 194761
 230855
 105773
 325865
 417665
 269219
 164009
 274170
 34754
 96453
 468406
 336324
 277195
 410742
 103721
 88573
 135447
 495408
 499955
 170673
 178082
 419063
 40125
 102666
 265701
 48820
 190732
 274815
 377973
 409045
 184063
 236640
 362776
 145833
 241984
 431223
 415914
 360192
 272788
 499545
 353999
 353160
 114064
 367790
 217589
 436478
 461271
 170503
 462602
 464198
 430663
 214519
 442203
 116940
 400537
 105533
 339349
 364480
 185978
 89951
 134622
 296286
 100795
 389999
 356173
 495424
 296845
 112233
 271242
 245220
 372861
 482123
 192307
 278952
 424416
 99932
 369272
 118770
 490566
 342427
 101788
 368203
 432589
 86252
 470588
 189988
 237978
 43929
 199999
 128503
 479746
 441573
 422961
 253957
 220889
 255516
 434740
 177243
 404129
 129109
 121807
 17386
 189864
 336785
 489351
 116069
 246769
 352809
 235160
 271691
 238233
 113849
 135408
 418222
 443251
 116764
 354503
 438249
 198666
 348846
 251180
 146627
 156112
 251976
 18728
 246839
 123139
 154850
 163528
 118717
 202700
 415158
 360455
 218200
 212032
 415196
 197722
 48403
 116279
 93750
 7136
 390360
 261304
 80248
 283402
 365598
 341059
 184419
 257437
 349993
 193929
 306278
 235218
 238327
 455441
 455904
 33820
 187745
 46652
 471821
 16314
 249512
 254090
 382779
 401289
 184166
 480566
 118970
 311480
 440271
 269117
 489563
 340979
 345944
 252750
 239650
 470270
 221305
 22426
 389124
 354717
 333757
 63146
 350715
 84593
 309056
 316413
 225627
 83254
 449985
 11210
 473087
 387522
 480567
 335791
 282206
 218623
 280565
 192175
 259767
 144322
 295506
 285442
 484272
 270780
 388738
 241230
 468415
 25944
 213333
 347067
 268984
 60389
 422137
 211017
 63774
 111561
 154550
 132802
 9885
 392789
 282608
 215501
 35737
 39237
 454301
 390694
 243505
 33216
 85609
 269775
 97484
 480448
 15160
 440182
 406868
 151718
 157333
 1237
 403648
 301946
 414457
 48956
 221668
 430367
 185727
 432360
 468458
 271391
 495867
 54054
 321909
 206799
 215081
 256203
 45623
 380240
 127942
 99530
 213580
 455586
 131010
 68712
 125661
 56085
 295733
 65274
 271081
 466961
 296502
 483335
 135784
 4027
 200153
 407041
 287208
 263241
 283231
 289932
 224808
 141881
 420514
 250896
 146907
 149582
 289044
 6950
 330500
 151270
 456991
 307986
 85067
 35567
 300993
 375576
 456436
 127213
 44280
 44439
 374491
 157372
 400504
 459338
 251469
 185619
 138491
 60246
 424728
 208454
 249221
 10384
 308213
 176129
 366246
 458506
 411820
 87681
 179419
 350741
 184575
 17947
 229432
 69695
 60738
 399626
 35294
 157574
 468289
 296822
 234742
 283604
 315623
 386526
 315836
 293603
 30119
 95563
 369498
 186913
 460221
 317174
 72144
 462025
 189566
 76645
 319485
 369389
 209476
 256074
 417751
 89767
 362478
 380872
 390422
 352210
 279933
 110794
 307215
 286700
 22016
 215013
 478317
 21608
 338326
 0
 163707
 164802
 199030
 337924
 207202
 190356
 464726
 210022
 55964
 152219
 338754
 58626
 94392
 400646
 362298
 235273
 357829
 299259
 229689
 476321
 436013
 254289
 495261
 428762
 303525
 439305
 260869
 157504
 249614
 19147
 117501
 315395
 298067
 82225
 272811
 224615
 289496
 255143
 165228
 6073
 455598
 294330
 336540
 124384
 229221
 288336
 161043
 325622
 394406
 469353
 282283
 64121
 11999
 125690
 191747
 301604
 49296
 417958
 468621
 7094
 201714
 438380
 81395
 5352
 254529
 191447
 26620
 205614
 146928
 14258
 319449
 387480
 209562
 499829
 452331
 190637
 328455
 213366
 451594
 477066
 245215
 383074
 122924
 403718
 63225
 355372
 269514
 238793
 40606
 143001
 281885
 141390
 242488
 382532
 376568
 27536
 384450
 210186
 401990
 163327
 431836
 121782
 181528
 178160
 482913
 237013
 246970
 269657
 259028
 167602
 355976
 494710
 197986
 396002
 476367
 453388
 303092
 60987
 121478
 282136
 118671
 327812
 235874
 55187
 330379
 88378
 151362
 375185
 342452
 400000
 138470
 356564
 56187
 336341
 80555
 122446
 375391
 403636
 312354
 429953
 57501
 114697
 467604
 304391
 478245
 427968
 493214
 277415
 351157
 2899
 377590
 482224
 41270
 94963
 138693
 170281
 389404
 69306
 273073
 16067
 423509
 422751
 170496
 387755
 495346
 61496
 124895
 411561
 167725
 380402
 169861
 464557
 158755
 12172
 36489
 112607
 32858
 474476
 167464
 174290
 23018
 378378
 131372
 136935
 66034
 5494
 169995
 285471
 108885
 359659
 438720
 451909
 64742
 376380
 473054
 402942
 487377
 255361
 427837
 322781
 259545
 232610
 106790
 325684
 2868
 27939
 394412
 144505
 366517
 122887
 201145
 188588
 491161
 105184
 151196
 253992
 110230
 272294
 95640
 85064
 34162
 415638
 355116
 260924
 59711
 33267
 276080
 111007
 203979
 404147
 37510
 201664
 303049
 72758
 349212
 31009
 471554
 376730
 358574
 408669
 194072
 298041
 390169
 223706
 460755
 139067
 183301
 236685
 242610
 244063
 282414
 101217
 479601
 436693
 248294
 150111
 303922
 494415
 365022
 30916
 82978
 426296
 294660
 312310
 495640
 454836
 190904
 239474
 428467
 395228
 205274
 50542
 483661
 21061
 473449
 490751
 45708
 425254
 410123
 336288
 219079
 487785
 126829
 312558
 185557
 14900
 497537
 186444
 198362
 396108
 446262
 415755
 453750
 70891
 440284
 134115
 119248
 224703
 396426
 109790
 236526
 88441
 263530
 243287
 43934
 30316
 335715
 120068
 198415
 490334
 257536
 43926
 420607
 7895
 433502
 224472
 95537
 262929
 304905
 341710
 488759
 384391
 448934
 312598
 157181
 447271
 433873
 303675
 302094
 285940
 72222
 498575
 35605
 20344
 463945
 188945
 88045
 74230
 185893
 427989
 244046
 283092
 100995
 275094
 130220
 333899
 3746
 317581
 413711
 102908
 120135
 177263
 404051
 440528
 161202
 172172
 102391
 28724
 257932
 271500
 80436
 346913
 460777
 430144
 311042
 460559
 210203
 139260
 186656
 308346
 113053
 354737
 89536
 156420
 38731
 249331
 251442
 258678
 141213
 396089
 52980
 472898
 145742
 415206
 450844
 445578
 10411
 374385
 284399
 313494
 466558
 293724
 430769
 441470
 434580
 247155
 46667
 340715
 77285
 275280
 215431
 255053
 12426
 165737
 110948
 465171
 301984
 169988
 460292
 396019
 64006
 30859
 238784
 78465
 354659
 436597
 343249
 406885
 429008
 427966
 336458
 110632
 255440
 130035
 333569
 86682
 220061
 359074
 62771
 410089
 322113
 200749
 237582
 254467
 259169
 154304
 291684
 285147
 86479
 175717
 8558
 423609
 191932
 377742
 378778
 336297
 164662
 92828
 69841
 243589
 290149
 75479
 461190
 289074
 284998
 60851
 425671
 303679
 253846
 302972
 69113
 424453
 272164
 99706
 308846
 397134
 5342
 439804
 277251
 85373
 465470
 332427
 346331
 211924
 266966
 364292
 252873
 326484
 390785
 317073
 36363
 307403
 365771
 222754
 242033
 376008
 18346
 356945
 199989
 91146
 169503
 41301
 44999
 248526
 317531
 380038
 179098
 396662
 207865
 357039
 195534
 415017
 136325
 199948
 110915
 204690
 468246
 422358
 260179
 481818
 188946
 61275
 382535
 59118
 321007
 386731
 239575
 432085
 384341
 65957
 71872
 78530
 465722
 48049
 39551
 82469
 11996
 393984
 411948
 426756
 116103
 360812
 238867
 209395
 254409
 275918
 49898
 48827
 172229
 212954
 309197
 158914
 22571
 217069
 432393
 62727
 229323
 40769
 276967
 497300
 169553
 380935
 494440
 405503
 238486
 453977
 197506
 44361
 299488
 222406
 49203
 126701
 403812
 55675
 384845
 490710
 5106
 431841
 438299
 92208
 392101
 323131
 376764
 489334
 261697
 209843
 265690
 131646
 483638
 98233
 225745
 377952
 236091
 407547
 220745
 36562
 6452
 64072
 126361
 12501
 90951
 469694
 2439
 387953
 49371
 142530
 151870
 134238
 391668
 1299
 429710
 403849
 419233
 462595
 385211
 137913
 235828
 348871
 279587
 275693
 250648
 389025
 42348
 424620
 451193
 340523
 22932
 226272
 294720
 365888
 460784
 311568
 6394
 376866
 94928
 186971
 390619
 17652
 14687
 410342
 93398
 304548
 29002
 16919
 70818
 61232
 91303
 169444
 270121
 275491
 146098
 154451
 393796
 420484
 48821
 160437
 421208
 309939
 156968
 167055
 158326
 23260
 257680
 181115
 378500
 89170
 57944
 488872
 312543
 372038
 188988
 460246
 374924
 74012
 201447
 481320
 199953
 98056
 296029
 366964
 91818
 45401
 142978
 37007
 261968
 401521
 197041
 368479
 421478
 47310
 289751
 440486
 81191
 279190
 130117
 268203
 386554
 127177
 167788
 417971
 30500
 296521
 134766
 143517
 39807
 39913
 122726
 253238
 308444
 56338
 264508
 220626
 238192
 120380
 288972
 194532
 341662
 47615
 317843
 373528
 139764
 423829
 111849
 294450
 158455
 213296
 456459
 339133
 17610
 464264
 327788
 262237
 324827
 337668
 66735
 16927
 102393
 52286
 379560
 57886
 363951
 488812
 294011
 265144
 404648
 56482
 297019
 143775
 66343
 156853
 334159
 350816
 329828
 60380
 130087
 350015
 268907
 295527
 330213
 153843
 215520
 409209
 398136
 175099
 338183
 147443
 292042
 226902
 66261
 94686
 316230
 21163
 97987
 266868
 142625
 328635
 175514
 339608
 143387
 404645
 420115
 110210
 403249
 65455
 155209
 125857
 232990
 438510
 328530
 333929
 277020
 362508
 21770
 115776
 395114
 321918
 95904
 53228
 324795
 122456
 111328
 195767
 425578
 367088
 200626
 133100
 139093
 76793
 159755
 277847
 376018
 289872
 454935
 244938
 418444
 70136
 269694
 191588
 204211
 286074
 142934
 362405
 177976
 311754
 446086
 451683
 414039
 152013
 195943
 294969
 290099
 177957
 23527
 453528
 125402
 285745
 125000
 459052
 223482
 194636
 283596
 399034
 143970
 142590
 79323
 78223
 14091
 38396
 481228
 135662
 103139
 67964
 348119
 338693
 332907
 164577
 369068
 158620
 449347
 263853
 260706
 350796
 83667
 214490
 15706
 165702
 458339
 65830
 91965
 371673
 167415
 177091
 243097
 266220
 356321
 364031
 174014
 25584
 411336
 181897
 311272
 240993
 438053
 42983
 250954
 475158
 230910
 268182
 14519
 424256
 56670
 185511
 78651
 229453
 395889
 220580
 154528
 166132
 320434
 439236
 275332
 331280
 223954
 289944
 114754
 462254
 90360
 277662
 137099
 485025
 386839
 38556
 122689
 291786
 313682
 257296
 491173
 335545
 104356
 480817
 240791
 479435
 69918
 3987
 254476
 27365
 306883
 280683
 121946
 239444
 44760
 476172
 420672
 362231
 453526
 37900
 33033
 112104
 186366
 92867
 172000
 362647
 66945
 199127
 41836
 36203
 147782
 46071
 38482
 477746
 21673
 71937
 293103
 334782
 118730
 208650
 490931
 90953
 354349
 227917
 48027
 182169
 337049
 166621
 357961
 413063
 264435
 400075
 90157
 473189
 290238
 155692
 372440
 37078
 468481
 159462
 296025
 370129
 264503
 461827
 173042
 254461
 325726
 298573
 351624
 219791
 222829
 140512
 401944
 222188
 394035
 207317
 465883
 105633
 462365
 360412
 156928
 410010
 181422
 17462
 457688
 303199
 87022
 373974
 152777
 375746
 260469
 499771
 331478
 290831
 462098
 455903
 56810
 333473
 279893
 219586
 484299
 411427
 372903
 27588
 439558
 263083
 330773
 372853
 89313
 376491
 61484
 214888
 218282
 211041
 212214
 371173
 319887
 468469
 69297
 90113
 58441
 455361
 310360
 238532
 54865
 101151
 495557
 133531
 385665
 370507
 253110
 208106
 245704
 357268
 9086
 7914
 314184
 572
 313562
 475086
 485514
 86676
 700
 471563
 37914
 309779
 329858
 442069
 69162
 206176
 252759
 352118
 173461
 416632
 288320
 80438
 40170
 491685
 263152
 303161
 341352
 355558
 203217
 45776
 300073
 163441
 52276
 185456
 13109
 9400
 52445
 310716
 474457
 269956
 231392
 80794
 346827
 175888
 356950
 347211
 495488
 197072
 101157
 55138
 217119
 39473
 113182
 371826
 292498
 342091
 498055
 330993
 169027
 79766
 281052
 120798
 491052
 23696
 167377
 202251
 96558
 463913
 8338
 228357
 242761
 489783
 316806
 133908
 369525
 184808
 332215
 229541
 255431
 27956
 391825
 92379
 250187
 283256
 224623
 235584
 422482
 117946
 214555
 194991
 390238
 367416
 175862
 212615
 223740
 197101
 134925
 308468
 405609
 45666
 168555
 354810
 499230
 407337
 410187
 296448
 212978
 88567
 159008
 321603
 188423
 194104
 56213
 54290
 317269
 417745
 408405
 34492
 147744
 336304
 276668
 486419
 461760
 588
 138879
 39175
 7464
 167365
 432432
 294799
 454149
 214768
 386281
 177631
 347169
 247158
 341204
 333078
 54413
 205837
 377512
 232258
 461291
 250929
 373097
 166993
 61151
 222140
 19355
 472048
 150719
 408584
 158679
 254954
 58091
 46576
 163099
 78972
 352492
 161045
 33445
 270400
 288732
 320059
 249921
 285967
 45936
 17485
 190123
 246909
 448669
 270710
 45245
 88165
 265247
 292875
 202816
 373864
 109444
 440348
 60703
 136242
 399220
 60054
 95283
 405189
 473701
 55168
 427797
 122395
 11097
 212825
 233186
 123272
 377259
 444274
 380387
 11743
 432439
 416951
 374107
 210431
 178604
 175490
 278688
 77138
 74156
 176878
 34839
 111400
 481756
 146384
 288539
 451184
 301668
 23792
 449766
 481317
 169307
 363163
 311953
 30248
 266219
 312297
 263667
 139606
 34126
 445664
 15384
 499800
 114250
 144359
 220701
 414396
 66428
 106014
 253765
 447952
 341264
 431404
 17134
 167971
 190170
 314255
 19219
 312339
 224218
 403932
 128166
 18276
 223836
 430633
 405529
 355555
 405811
 418022
 84950
 145161
 167461
 227117
 396768
 266926
 81845
 311152
 290275
 87636
 33810
 272552
 364325
 311713
 173129
 103535
 86267
 95383
 367960
 51219
 152914
 392734
 411506
 463917
 189372
 480672
 438297
 366650
 292621
 1643
 449455
 394847
 48567
 187694
 310043
 84283
 209249
 316029
 193727
 809
 280746
 409336
 7977
 285600
 331991
 11737
 433131
 167900
 161978
 434937
 193761
 461886
 52277
 392317
 63269
 291971
 454311
 74679
 26142
 172887
 260735
 60473
 371179
 261774
 48785
 473464
 183388
 371349
 176292
 254022
 284591
 343378
 279206
 213935
 455628
 93814
 463343
 245724
 192314
 341432
 345173
 435784
 489153
 143600
 105183
 81371
 216799
 432851
 328449
 283105
 251852
 199281
 137093
 361000
 89698
 140638
 19467
 483443
 200032
 251472
 418699
 231821
 244777
 226752
 430101
 150321
 219704
 52983
 489975
 19404
 252605
 409170
 317685
 396683
 436698
 496196
 321174
 180116
 200988
 497950
 283602
 96200
 131662
 498335
 494609
 95466
 369945
 76602
 299278
 495017
 311367
 127551
 84562
 150697
 243222
 211794
 283825
 339285
 171852
 170542
 341413
 390259
 245628
 43964
 63008
 101551
 348968
 137995
 91618
 407482
 32611
 421179
 383159
 200132
 157472
 229812
 391848
 302244
 408244
 329232
 276347
 373852
 214160
 313529
 385608
 294971
 77724
 88118
 419411
 264365
 27842
 406269
 293413
 424878
 308206
 201742
 100879
 381141
 158377
 358297
 180521
 180078
 55486
 121787
 146543
 192336
 204773
 447915
 498093
 267392
 463070
 451653
 346420
 497749
 465981
 113123
 230434
 454959
 459998
 184000
 457582
 386919
 264533
 477696
 83208
 296674
 305274
 483496
 15452
 19650
 471052
 381030
 302385
 393530
 395613
 340521
 387809
 375236
 187153
 260895
 295857
 113343
 487586
 89937
 436187
 458017
 1523
 62437
 302024
 32772
 231428
 395165
 366551
 256212
 12804
 42196
 80246
 278178
 232784
 337696
 299050
 397916
 78823
 490203
 303366
 267541
 486098
 332064
 392459
 49546
 126457
 274743
 182450
 225591
 319907
 84500
 183936
 58436
 447594
 457653
 224183
 122889
 41165
 299834
 148725
 259499
 171428
 334421
 235065
 482949
 11876
 141095
 281386
 165931
 97446
 222317
 92441
 281579
 445812
 153135
 96154
 355402
 16032
 368656
 439818
 458756
 492372
 301869
 178607
 122521
 330753
 83228
 7441
 336365
 376849
 100137
 406063
 489004
 367155
 276249
 82043
 294161
 97641
 102483
 311442
 119651
 257891
 28683
 231023
 134345
 320302
 65821
 331336
 40386
 378208
 247803
 453150
 364290
 288425
 301711
 488386
 302990
 330941
 339473
 62582
 471522
 479166
 292310
 149924
 10765
 214176
 174724
 249781
 23173
 381162
 103204
 27498
 137751
 77739
 190988
 426246
 285247
 442430
 253270
 157889
 98204
 199611
 351867
 456553
 498748
 339002
 330322
 209790
 157244
 376143
 237103
 107124
 99999
 390772
 310618
 58045
 411252
 201845
 234745
 421807
 58607
 489089
 381015
 292419
 2777
 364773
 121830
 221079
 493904
 484566
 158816
 377762
 395416
 271516
 391012
 25230
 78470
 419312
 487421
 154823
 210299
 474647
 436155
 162382
 173538
 265554
 490447
 166807
 110349
 216016
 396100
 170592
 121109
 489617
 129046
 253406
 204525
 68609
 101847
 393279
 458661
 63669
 328688
 143858
 166730
 23102
 472214
 230250
 348234
 265451
 406378
 404212
 133682
 118129
 414701
 345587
 261382
 31645
 206349
 131941
 235955
 172471
 361130
 427518
 292965
 184844
 252169
 92266
 332100
 138696
 72997
 94827
 435967
 317189
 427028
 228941
 491158
 236775
 271454
 119008
 290870
 275136
 86000
 106104
 427163
 371473
 33960
 474667
 271216
 355777
 441558
 455790
 431192
 214830
 485844
 244654
 157709
 27761
 292744
 499215
 450995
 48109
 397677
 69005
 92472
 258985
 485821
 383075
 389062
 399360
 231533
 320024
 166698
 142131
 471766
 79034
 389548
 196192
 64364
 446213
 280318
 376968
 470565
 405255
 38002
 240103
 460156
 50225
 489510
 228125
 380354
 399831
 13290
 345360
 119725
 313643
 313011
 50541
 262984
 318707
 154986
 98306
 101308
 167530
 265592
 2203
 18867
 467852
 335899
 437133
 78901
 168001
 399361
 41083
 247963
 78489
 394404
 329686
 394196
 319023
 458181
 85059
 70297
 274609
 25331
 207378
 42183
 35365
 34919
 462907
 23290
 400462
 449060
 301498
 46187
 495498
 249590
 39801
 354509
 59853
 345949
 376309
 207237
 168932
 370370
 132581
 304232
 29946
 414893
 318410
 336421
 123197
 100107
 29918
 356523
 91706
 221396
 25435
 178884
 111363
 467883
 460900
 152966
 326505
 224683
 362637
 433370
 14823
 69520
 145702
 120676
 316083
 352130
 43763
 15306
 127486
 372278
 11709
 450337
 162899
 356116
 421354
 228346
 390860
 187215
 432203
 230680
 244997
 244853
 90910
 201079
 448560
 312262
 340294
 133288
 394877
 429899
 112003
 255600
 2006
 120437
 181056
 290169
 121411
 217769
 367439
 316480
 79234
 236384
 415112
 83493
 84158
 172718
 320284
 386185
 61786
 98025
 379809
 227101
 358024
 55000
 61481
 489714
 380956
 256223
 153611
 361257
 30841
 121089
 10288
 451697
 288418
 39518
 141993
 97293
 213411
 424853
 158552
 342166
 118115
 229787
 296355
 407608
 394574
 469520
 55122
 352792
 232765
 328935
 248435
 452344
 439791
 287754
 70886
 194890
 5768
 327053
 73883
 234986
 318181
 443321
 432530
 493677
 78234
 139064
 152646
 268081
 157041
 131597
 444621
 155654
 46378
 34094
 91102
 453658
 412492
 86989
 269700
 139294
 489468
 243002
 51370
 478456
 432980
 459313
 220504
 101461
 101111
 328302
 67288
 396468
 145185
 482644
 464623
 426427
 300318
 24637
 465821
 475298
 20995
 410050
 150243
 276709
 490182
 349091
 340930
 147688
 87380
 173593
 210318
 166550
 355829
 152413
 365961
 301419
 65736
 370694
 116057
 340015
 175996
 219184
 208830
 302296
 189946
 458465
 385457
 144321
 231605
 435860
 65873
 404277
 422759
 374675
 480753
 60673
 162155
 345464
 62488
 213549
 450398
 451673
 369257
 414287
 33894
 232902
 220206
 321798
 153928
 246581
 356305
 230252
 164856
 338792
 468895
 43190
 69213
 4987
 145596
 90192
 405410
 79867
 411430
 333376
 265026
 393799
 7036
 382608
 462243
 267255
 128862
 415384
 227602
 26533
 291043
 258306
 269292
 308001
 99083
 303365
 354956
 137770
 358676
 298937
 307632
 348022
 204899
 295882
 482867
 198065
 113581
 155973
 219081
 286721
 254879
 383908
 456980
 274127
 262567
 447612
 499529
 207686
 93850
 440378
 57372
 35730
 351771
 99517
 490848
 368845
 409011
 499758
 67223
 267248
 269238
 89950
 45913
 51909
 483029
 151376
 324751
 23413
 247587
 113608
 480232
 16722
 239606
 496989
 187851
 412698
 257359
 67287
 97521
 437428
 26111
 379567
 460032
 331342
 133733
 45589
 491228
 278094
 467313
 390063
 135265
 44110
 41470
 136264
 308519
 153049
 73396
 380399
 71103
 290097
 202949
 496263
 329161
 326465
 187738
 195152
 296842
 359164
 229851
 108799
 221188
 36651
 298330
 199426
 96339
 114542
 12776
 388871
 171277
 25870
 479144
 238949
 448406
 356737
 480937
 268058
 211393
 26986
 373289
 231396
 36774
 311979
 233526
 477894
 227272
 455045
 107608
 416606
 498173
 340632
 301729
 2007
 494863
 255895
 466172
 127146
 443152
 219549
 485515
 55050
 169092
 196449
 415634
 80229
 252935
 202371
 110389
 46408
 329867
 200473
 438490
 490144
 130379
 36606
 139875
 281014
 423123
 338017
 441227
 63045
 347588
 185501
 393299
 331504
 350755
 476724
 77810
 325472
 337402
 446270
 295160
 34348
 274189
 349771
 305531
 487508
 161936
 438656
 94952
 22940
 59956
 210332
 483940
 396603
 269175
 34843
 395034
 170838
 286768
 218106
 435632
 499650
 187374
 436084
 77763
 44108
 265257
 347171
 103616
 87098
 217966
 474702
 269526
 52526
 262871
 61084
 304939
 66
 451278
 266284
 361041
 385309
 422257
 24446
 277660
 409452
 464456
 413105
 175760
 82753
 206587
 357358
 14240
 39552
 40752
 491803
 35955
 484697
 368455
 31725
 297474
 121076
 144182
 374125
 312595
 102068
 139286
 342120
 148732
 448092
 217493
 191489
 298432
 261999
 324939
 271292
 390786
 321120
 27427
 194048
 135489
 218841
 306584
 417136
 280753
 114695
 346897
 320570
 210790
 61731
 344096
 222927
 133521
 186965
 190240
 153189
 463970
 239811
 225563
 233309
 300734
 140947
 132488
 221475
 191207
 39747
 84665
 329946
 32515
 238319
 429120
 184040
 115363
 347110
 123593
 6152
 81131
 486669
 46520
 349319
 477007
 126379
 92153
 186954
 40218
 141810
 384632
 314734
 299780
 203869
 394974
 361367
 476843
 180372
 203493
 106889
 479053
 41054
 160219
 310802
 97678
 257013
 166979
 50987
 125578
 34213
 488059
 181978
 455100
 49497
 244702
 236111
 76603
 54275
 354490
 435170
 229362
 158785
 71157
 419113
 410329
 261939
 245622
 231314
 484646
 446872
 82795
 296769
 371855
 190565
 73115
 453998
 323529
 392832
 248802
 7253
 345102
 410941
 326964
 320204
 457308
 287783
 74257
 188298
 85660
 154906
 499201
 324772
 238708
 251046
 129618
 328077
 99928
 72372
 189073
 415452
 481328
 323592
 149855
 236303
 291117
 450377
 474609
 329387
 85356
 232768
 414705
 34418
 187841
 301007
 358942
 152680
 419464
 215550
 308231
 53292
 180013
 481214
 309133
 308170
 400124
 207802
 377241
 411327
 104011
 70029
 253333
 369244
 274704
 305370
 432027
 401758
 19813
 74689
 55801
 167321
 331682
 482298
 122874
 16089
 414251
 440293
 210531
 191247
 298563
 485171
 429348
 193050
 342954
 157687
 435203
 330223
 303228
 276556
 88616
 481874
 25260
 473606
 195391
 163994
 498071
 447198
 370633
 96748
 459065
 271088
 276420
 116298
 247987
 403680
 30127
 239169
 87880
 353167
 106474
 417528
 123799
 250573
 470131
 187150
 175579
 370210
 342437
 347847
 434184
 55141
 292545
 246619
 104265
 118345
 14911
 109816
 275047
 188953
 465759
 296444
 280086
 182645
 359364
 453445
 180039
 335816
 221756
 345866
 423903
 238314
 101582
 67856
 351687
 328248
 190444
 476688
 284962
 397488
 425995
 326986
 494797
 75767
 18269
 128510
 399505
 23141
 377271
 394718
 235297
 8692
 464858
 338668
 196873
 143754
 418952
 35069
 371335
 307000
 393478
 13780
 292307
 261815
 143583
 452043
 331869
 263203
 345610
 5894
 457718
 445364
 469990
 238227
 129032
 190920
 9195
 239078
 71174
 420117
 98596
 260544
 59478
 74253
 331238
 483752
 87516
 491349
 274837
 265356
 53064
 139344
 285250
 475791
 130895
 285911
 193453
 139021
 386149
 52999
 376900
 349312
 313287
 250337
 185989
 15960
 400687
 436702
 458370
 339053
 228741
 9003
 71783
 425821
 52008
 72051
 43126
 417640
 158296
 43032
 166319
 282911
 351837
 109932
 281391
 491460
 190697
 176652
 267018
 196581
 58037
 114033
 147702
 335281
 45616
 94454
 480090
 304448
 110594
 459376
 432347
 398659
 155059
 5691
 226775
 441014
 376743
 146086
 429921
 72543
 75607
 366335
 447728
 209379
 1896
 201862
 80270
 261437
 468194
 131619
 60198
 497612
 14703
 323134
 121396
 142900
 104405
 434928
 86587
 271312
 86730
 475330
 83953
 140084
 189323
 360079
 15702
 156783
 161470
 105922
 42408
 71007
 43463
 19957
 475501
 389833
 247613
 34696
 496058
 347799
 88481
 177461
 375823
 165580
 206221
 24096
 100000
 130696
 474611
 406297
 273541
 87990
 225503
 70885
 488574
 403592
 307097
 329341
 105042
 108721
 33406
 65442
 452954
 228903
 416551
 250000
 298843
 102389
 204832
 321363
 260444
 195804
 125218
 166813
 116763
 128809
 176151
 62880
 77294
 449612
 221040
 217346
 173222
 182728
 193888
 308548
 468240
 390728
 439091
 284386
 441530
 10370
 426677
 337808
 391335
 175194
 110906
 310174
 286135
 3198
 419903
 259366
 70210
 271889
 192761
 402773
 89511
 498344
 32765
 63569
 76483
 384615
 108521
 461259
 263647
 143802
 422991
 87808
 265424
 243338
 453811
 5188
 143297
 133978
 210364
 396064
 463085
 324104
 371175
 169423
 112879
 142137
 72157
 150552
 340396
 219793
 18526
 437324
 133930
 94931
 82436
 168885
 325560
 268748
 409562
 184824
 341078
 358477
 372975
 268742
 57558
 479971
 100985
 24353
 423691
 229268
 207546
 453054
 292164
 267304
 373623
 436366
 499541
 454752
 301637
 139709
 137474
 135048
 300345
 170534
 306055
 185450
 400549
 497765
 365583
 288340
 219715
 295281
 306410
 239999
 275063
 429661
 87005
 99309
 170650
 333706
 433648
 260615
 205321
 42651
 341736
 58372
 152798
 42888
 470326
 273426
 208003
 491274
 368715
 97361
 338316
 350461
 480067
 82639
 406996
 218183
 272869
 169352
 412406
 46996
 7291
 315335
 100145
 425709
 126008
 195915
 461674
 470219
 63632
 264319
 208431
 72961
 111374
 470308
 217599
 335570
 265682
 343631
 47692
 359903
 277701
 197046
 259593
 278213
 494882
 392335
 63470
 360181
 262496
 103400
 487364
 23635
 429556
 194069
 181541
 152578
 326029
 488688
 422727
 25547
 284276
 492541
 62474
 431888
 303096
 228541
 59119
 252433
 364028
 115384
 316313
 290997
 138445
 92539
 352364
 109146
 208990
 119912
 251295
 138096
 392111
 186371
 429430
 143502
 423294
 127416
 186961
 474028
 372294
 214445
 434531
 54373
 18553
 82833
 133000
 120010
 369028
 374469
 351782
 127790
 219544
 51180
 35767
 279697
 320461
 106699
 307849
 295610
 222435
 192232
 251332
 439189
 237080
 102378
 117562
 6791
 200890
 37349
 481596
 233732
 211461
 453602
 238832
 139527
 293330
 86216
 96932
 121754
 451833
 430228
 199452
 303079
 490976
 276152
 272266
 199045
 92868
 52238
 121477
 47344
 264054
 375703
 213823
 236489
 495518
 204728
 151861
 193321
 35911
 438303
 430789
 18312
 112564
 295081
 195439
 234
 459840
 310588
 164103
 215303
 298765
 45159
 191331
 117427
 454190
 278888
 409746
 226417
 41389
 357687
 130959
 135886
 150450
 288955
 421996
 407601
 369170
 413599
 330220
 235244
 55804
 335672
 468921
 167495
 416016
 165022
 6161
 330762
 458203
 58513
 155199
 320738
 70211
 272014
 151705
 351700
 271806
 417721
 6537
 46751
 29181
 379847
 371574
 429267
 86215
 434777
 346426
 296680
 290280
 446227
 300442
 366346
 370383
 353635
 213141
 70559
 375933
 254905
 329580
 131272
 120343
 344840
 395508
 243047
 299224
 126225
 444827
 355550
 231854
 488117
 217687
 195067
 458779
 311673
 420674
 557
 217288
 345262
 35965
 267419
 104750
 49111
 181791
 147946
 473316
 203208
 248051
 49727
 81523
 51282
 436691
 398544
 26547
 83613
 97310
 13914
 71289
 38445
 337189
 443466
 227639
 499428
 454116
 238369
 17611
 190635
 340203
 383126
 193639
 151723
 64860
 241868
 201454
 33123
 466346
 394013
 4744
 304214
 150961
 454478
 377855
 139169
 195930
 120644
 272102
 126216
 259016
 43024
 394982
 35714
 167372
 207349
 180518
 348245
 427696
 237249
 441032
 315333
 468578
 382425
 7807
 447780
 38609
 421060
 364253
 193548
 405739
 173571
 11645
 447917
 179920
 62613
 319765
 141291
 341694
 87364
 468272
 261235
 443304
 488939
 300674
 332906
 52435
 73980
 286259
 33121
 485062
 377116
 95906
 75489
 52631
 55523
 300422
 414429
 106724
 117867
 100856
 157705
 8187
 139869
 72982
 217681
 400996
 228061
 266932
 333296
 76796
 489858
 435003
 293019
 286974
 299397
 374088
 371738
 403185
 456268
 448733
 465731
 298984
 214892
 7246
 492268
 482582
 481419
 30780
 284710
 148048
 208446
 163542
 206527
 226042
 411026
 12019
 402634
 490511
 109851
 250807
 146720
 80344
 13403
 306717
 274480
 111708
 381685
 115179
 489763
 108094
 33431
 446867
 4130
 427360
 460645
 400429
 89774
 219322
 104339
 118113
 85390
 357361
 20374
 386272
 21709
 174429
 473596
 122455
 474883
 367772
 317673
 78788
 383675
 313582
 47859
 422293
 233159
 196207
 311250
 53900
 219559
 393992
 76575
 189641
 178021
 369653
 209155
 172827
 113289
 55736
 346667
 64134
 153023
 173120
 497324
 408755
 175572
 211571
 267820
 4400
 334777
 7276
 195043
 160411
 286665
 283128
 438594
 480589
 492107
 491965
 481101
 440311
 344219
 78153
 177926
 21730
 263196
 237100
 230387
 352198
 407456
 48360
 209291
 361101
 290202
 233452
 403396
 431108
 178781
 436839
 206559
 221542
 383813
 170311
 31945
 235158
 335186
 321428
 304811
 300170
 245089
 449897
 424149
 369251
 288904
 240830
 340297
 279144
 361932
 353387
 152835
 373001
 465403
 317687
 436768
 100085
 260886
 66019
 383183
 153451
 194368
 450029
 462752
 51386
 135734
 309856
 308087
 18218
 255936
 368853
 230065
 218138
 72586
 252482
 422515
 257311
 81654
 364705
 459424
 448236
 237365
 318326
 248978
 64916
 103677
 65354
 308308
 436543
 47904
 317153
 396355
 388837
 200000
 111305
 73218
 406145
 46099
 101094
 18624
 350259
 441792
 91571
 60986
 4379
 170369
 141073
 430873
 378820
 413784
 40282
 316039
 56446
 283624
 271256
 358204
 111471
 144556
 61435
 51768
 460785
 2835
 197112
 323384
 74065
 386705
 144964
 311640
 173388
 14689
 106132
 417846
 142386
 303317
 269409
 17817
 7554
 399735
 348601
 461984
 166256
 9519
 256268
 91622
 262064
 226852
 142789
 266035
 497868
 243946
 257901
 368812
 257500
 202032
 8424
 218530
 272374
 115249
 320335
 348522
 220723
 358075
 349814
 483909
 2004
 413768
 63828
 74162
 463637
 322340
 292682
 321838
 259921
 339547
 499646
 395675
 133744
 224208
 422195
 427578
 439630
 479421
 362929
 13277
 433333
 349999
 435833
 289908
 69977
 372890
 121645
 174872
 485250
 172569
 232842
 114115
 470905
 113092
 223577
 149547
 350392
 275934
 459743
 435187
 173855
 348382
 19544
 106443
 178152
 225066
 173102
 496820
 255683
 52447
 406300
 384852
 294737
 42593
 9530
 175162
 55963
 1022
 253944
 148379
 178620
 54660
 424036
 282895
 318746
 478701
 212176
 176169
 320274
 443516
 214303
 129642
 235585
 435685
 44107
 437667
 440897
 367358
 351869
 166236
 161578
 364890
 187600
 350174
 339414
 223111
 40228
 133990
 154218
 58696
 4850
 228700
 315893
 344792
 32586
 308831
 156371
 50697
 470358
 159180
 40605
 329667
 44039
 382322
 482789
 189797
 102191
 122646
 262223
 32692
 457358
 51531
 42162
 321272
 489821
 54422
 447590
 183185
 492017
 32198
 243726
 85191
 131557
 358631
 153194
 430263
 83126
 326010
 348829
 2016
 223879
 92031
 250520
 135747
 36801
 386735
 409614
 260404
 399460
 325155
 182455
 436231
 259147
 89787
 323725
 302628
 385093
 133370
 195851
 429781
 358003
 285439
 178415
 154789
 442559
 143405
 66594
 224953
 6358
 197109
 263527
 438252
 263799
 182547
 300813
 110742
 214685
 199243
 233011
 137284
 218088
 311447
 60975
 45886
 53612
 255712
 96428
 457814
 33557
 393630
 168923
 320330
 382352
 244321
 90681
 6823
 3425
 5197
 306003
 161681
 179500
 317653
 463619
 210820
 436726
 284120
 194860
 342335
 455217
 185010
 2872
 47528
 176167
 292600
 109395
 20423
 36165
 444954
 491392
 215357
 94478
 3534
 78265
 215459
 460096
 482343
 359281
 43989
 37112
 421563
 377192
 447204
 19872
 326138
 470239
 354648
 301149
 395728
 290818
 468276
 102189
 233283
 497439
 60082
 96038
 211699
 23316
 333797
 407570
 314989
 496006
 430394
 63549
 456701
 169676
 29839
 290336
 293889
 26807
 229202
 172833
 238429
 378740
 494590
 455599
 84196
 18919
 434353
 435606
 427333
 17670
 208592
 271856
 339371
 439126
 59271
 202992
 144221
 217448
 393589
 254737
 398877
 413929
 56212
 226404
 400379
 42811
 470605
 459432
 321164
 101805
 217312
 128323
 488185
 290968
 472684
 482334
 116028
 87266
 125231
 477721
 1469
 362782
 267966
 217217
 101602
 291200
 144046
 476488
 167106
 129577
 178375
 337846
 135685
 87565
 380141
 463281
 368965
 425642
 489373
 146118
 6060
 218779
 170071
 49784
 367255
 362310
 172511
 190909
 234070
 311493
 249285
 299285
 340543
 401347
 145880
 343373
 461170
 178954
 100757
 258784
 119735
 358423
 188571
 101706
 487411
 197720
 368046
 341323
 62675
 80774
 386851
 491399
 239382
 38974
 382533
 465421
 39167
 36228
 426258
 82854
 104837
 164755
 376926
 324857
 28937
 85195
 193601
 205076
 47619
 48469
 373519
 433793
 413733
 160875
 494314
 411643
 25082
 213952
 351234
 297650
 166722
 39977
 336831
 228604
 374846
 373558
 257081
 97724
 104946
 122604
 63758
 204932
 169707
 339700
 332415
 184690
 395149
 244784
 307629
 232694
 127016
 93725
 17167
 251937
 368492
 367453
 118412
 459572
 150710
 131236
 150891
 442308
 145367
 375379
 242561
 101529
 330311
 249180
 466011
 377025
 355561
 214684
 428571
 103473
 401846
 342873
 402493
 114970
 118878
 354153
 438309
 13961
 115648
 330439
 138655
 269195
 54038
 442936
 50938
 300107
 10980
 292043
 78391
 156912
 336412
 380576
 269242
 269793
 484867
 481575
 107967
 57257
 112886
 200667
 89073
 314472
 288373
 422630
 323571
 27650
 28749
 93890
 212803
 268438
 164909
 409090
 122619
 358632
 283141
 199058
 330743
 420561
 489590
 365246
 115033
 370953
 314926
 34825
 4761
 186579
 292610
 146857
 412631
 133709
 407117
 106374
 431029
 76368
 201751
 344906
 44112
 202346
 7882
 377482
 290738
 284175
 294125
 280622
 481799
 35616
 464865
 185606
 390899
 491749
 299579
 443668
 207232
 161774
 140088
 13426
 367858
 180628
 244486
 187160
 339612
 104325
 384707
 5346
 273573
 496639
 352558
 4702
 168575
 96185
 257102
 174896
 139274
 447986
 387558
 344150
 91887
 212490
 382491
 397529
 152027
 216512
 171292
 167547
 38986
 274816
 386309
 247658
 333900
 410189
 444091
 354050
 485478
 386035
 97144
 97482
 411608
 494457
 163600
 69006
 170909
 223786
 21606
 62431
 118232
 153465
 159348
 425130
 455271
 101616
 235785
 65762
 187362
 415999
 67592
 430886
 339943
 212431
 68756
 290437
 399511
 81680
 101438
 220551
 465517
 323062
 810
 312256
 236224
 498848
 230695
 208633
 98853
 270024
 180302
 270493
 309968
 226466
 34356
 197138
 278694
 492000
 335010
 376989
 53837
 263800
 148608
 278516
 178485
 340964
 237183
 341298
 244992
 221112
 163741
 81121
 222336
 394997
 238171
 326525
 110482
 76940
 366392
 315914
 70180
 259224
 418871
 56717
 384575
 263985
 187075
 313235
 314797
 36828
 264670
 264867
 423412
 18771
 45416
 109298
 177196
 390280
 75103
 314321
 5360
 297580
 56703
 275384
 295869
 40748
 187365
 94830
 375501
 463253
 74589
 124298
 252821
 78020
 144590
 248979
 246148
 258241
 225457
 183860
 461621
 112195
 488496
 215100
 365538
 82807
 483214
 23246
 267676
 179439
 170234
 266996
 87203
 352459
 89905
 441098
 20475
 487949
 427536
 35881
 110062
 371066
 166520
 383655
 386910
 485839
 333333
 290294
 148559
 214715
 66195
 148702
 205362
 457477
 11715
 447097
 410105
 421458
 394121
 308155
 151050
 412861
 34098
 416883
 315727
 215620
 217663
 83133
 57472
 374415
 39606
 338449
 317466
 118427
 190293
 160421
 93220
 479110
 303571
 234025
 496805
 368369
 238315
 298186
 101926
 187540
 455287
 268335
 434997
 206927
 273057
 208569
 421890
 263202
 141348
 362080
 167297
 358130
 208924
 25958
 168661
 348770
 456601
 8887
 263029
 312600
 462264
 55172
 38721
 405291
 17175
 314224
 373782
 350884
 91597
 301435
 128356
 435873
 68207
 332712
 24279
 82083
 292960
 4929
 133504
 34005
 321204
 219742
 183437
 403497
 293074
 445275
 42205
 365645
 448036
 246543
 230547
 107763
 283428
 143787
 367776
 377009
 218074
 24855
 176721
 148424
 398523
 465952
 351201
 378750
 145479
 266666
 75078
 429071
 424117
 397939
 170771
 28943
 48910
 365853
 102859
 462962
 303278
 78324
 262825
 92465
 199575
 105863
 88585
 478353
 467331
 411329
 498067
 460766
 383653
 409408
 131667
 223255
 56315
 428965
 131204
 453607
 232407
 217174
 59369
 421843
 351736
 475070
 20998
 213601
 149827
 163774
 309047
 108814
 302722
 97752
 157486
 483381
 234390
 109888
 265913
 446153
 237930
 8070
 456713
 477533
 158227
 453834
 166397
 396594
 266859
 498741
 183310
 202553
 159300
 107112
 353424
 325958
 6738
 274534
 253833
 171565
 494352
 132504
 375428
 24310
 407507
 381166
 405292
 314373
 168085
 27954
 75104
 209517
 443176
 147993
 42019
 53382
 368423
 321443
 165362
 93407
 128498
 386323
 461458
 94095
 208099
 167766
 494582
 307525
 277777
 145607
 181411
 399514
 434124
 240986
 275288
 482490
 197581
 269068
 63803
 425108
 354804
 281105
 303877
 405666
 298193
 29805
 197417
 309007
 306134
 1450
 18583
 323316
 189338
 1033
 383333
 16344
 233496
 399974
 72925
 439373
 447807
 248241
 485563
 380528
 44905
 39217
 407076
 312549
 48294
 326293
 138897
 74607
 156014
 250941
 488291
 328561
 147445
 62639
 296805
 12747
 47322
 138306
 252579
 488726
 240138
 236842
 56924
 122413
 228081
 359125
 468672
 259267
 57446
 247878
 479449
 344858
 287652
 282792
 339085
 336560
 365798
 154397
 446228
 469802
 449955
 317730
 137254
 320887
 34399
 316915
 399310
 192856
 182439
 463809
 398030
 349320
 279019
 435946
 468325
 415130
 311692
 410230
 155994
 158877
 66982
 41710
 154455
 428706
 304442
 58787
 258869
 479960
 72023
 260061
 190806
 235718
 395031
 218405
 164095
 13941
 261642
 75632
 201536
 105864
 341530
 413319
 44552
 1984
 16763
 499944
 183396
 491000
 479771
 356149
 420138
 149171
 334553
 136040
 348910
 321661
 251379
 135654
 41927
 393969
 82268
 278132
 152288
 311463
 12921
 355965
 271502
 306946
 237359
 289124
 62451
 322006
 434850
 357056
 103983
 152060
 353240
 190879
 472101
 8399
 439530
 321897
 236572
 273290
 421250
 11427
 73134
 349146
 407558
 44900
 26970
 328196
 148378
 64632
 87622
 75548
 26359
 249105
 26638
 257079
 181048
 494743
 259428
 36791
 157933
 236574
 86558
 415245
 480575
 450773
 383364
 327556
 387452
 7079
 214856
 223697
 55520
 283414
 194727
 81755
 1317
 368410
 227714
 114599
 256319
 413354
 110467
 377448
 353617
 346406
 30396
 224832
 303129
 422920
 61192
 474423
 32538
 53503
 334751
 204161
 311139
 237443
 275519
 186870
 358626
 258161
 98992
 16338
 469443
 48599
 70920
 27974
 133034
 175919
 244466
 433265
 121182
 363494
 129968
 201425
 4548
 162528
 436631
 378920
 79030
 83086
 468364
 404984
 443635
 167901
 223592
 390351
 427361
 308376
 93845
 251032
 87656
 270551
 236473
 283090
 385962
 275503
 244364
 246952
 196721
 303396
 216842
 339421
 5201
 326422
 396535
 471832
 495316
 456894
 25668
 