24968
 447
 4792
 44652
 6199
 20414
 9839
 14900
 31226
 44432
 21746
 48121
 31006
 10747
 40138
 27525
 47865
 11947
 10471
 3849
 1639
 39912
 30189
 33373
 31398
 5514
 34086
 16229
 41640
 22830
 30580
 14646
 8426
 47999
 4356
 44672
 44015
 851
 25108
 43366
 45086
 613
 37622
 20572
 49555
 7335
 43779
 15567
 14205
 22989
 18345
 5949
 40472
 32826
 8218
 45669
 49050
 43617
 2706
 48157
 37264
 40908
 7003
 9525
 39854
 44665
 49786
 6870
 4321
 28672
 41265
 4926
 6705
 4501
 45871
 27626
 13004
 40718
 6474
 5905
 24674
 47015
 18714
 17616
 43596
 36984
 1565
 49180
 5478
 5368
 4274
 29432
 27538
 49219
 31111
 16681
 40761
 39612
 5287
 36143
 34093
 18179
 44521
 21631
 49615
 44470
 3559
 7459
 49840
 15674
 49057
 5185
 40566
 10217
 44630
 3446
 33437
 17721
 49083
 12798
 8261
 44160
 37809
 4179
 12457
 47972
 47137
 7156
 28260
 32367
 8113
 43336
 18183
 7604
 14844
 18309
 36210
 41568
 41212
 46515
 19008
 46985
 11794
 22826
 35974
 21959
 46565
 13384
 12383
 21128
 1347
 31868
 22524
 42543
 17562
 46487
 17523
 36604
 34116
 20730
 43153
 43878
 682
 17348
 41416
 8842
 7339
 9604
 17663
 28725
 5964
 36249
 39829
 32090
 49441
 48416
 5174
 49728
 35434
 1125
 48300
 4080
 33922
 24311
 25030
 42323
 5074
 23698
 35424
 36483
 46179
 40440
 21883
 7164
 36436
 11314
 46602
 2305
 6293
 17567
 15486
 11410
 35787
 4496
 44872
 27758
 35909
 14642
 48667
 37423
 32350
 49300
 47603
 3962
 35322
 38466
 8866
 27811
 1919
 45381
 1848
 15797
 25834
 41093
 15939
 978
 37252
 12415
 9000
 39417
 12654
 40510
 16880
 33896
 31288
 46227
 22884
 5105
 26578
 39106
 41450
 16905
 9566
 21169
 2752
 35304
 34803
 45180
 11810
 28400
 29013
 30920
 10139
 14022
 2380
 30637
 35975
 18661
 18948
 2670
 15691
 45640
 43917
 36884
 25477
 25008
 8872
 30510
 19345
 40923
 14824
 1423
 4323
 3409
 7979
 20259
 33471
 44592
 45713
 15359
 5227
 12748
 34170
 3701
 34060
 20533
 34148
 48981
 12915
 9137
 36193
 37090
 20152
 10326
 45970
 46005
 30540
 18908
 16276
 41640
 34627
 41598
 38289
 40723
 15324
 47470
 46779
 8333
 17159
 5362
 3819
 34618
 39429
 49390
 25681
 7653
 12408
 46259
 43545
 12686
 12522
 45111
 3371
 37250
 23764
 27091
 18549
 33966
 8133
 39345
 574
 31958
 10131
 303
 26129
 32421
 16231
 47259
 18228
 2265
 25585
 41907
 12106
 8359
 38755
 17473
 45901
 44029
 38387
 40181
 25206
 24751
 30434
 47656
 35510
 28634
 0
 49448
 7623
 21872
 39346
 37363
 37504
 25065
 28554
 25460
 40447
 41021
 39198
 48867
 36968
 29187
 20315
 9838
 9918
 13610
 12462
 35091
 30475
 20136
 18201
 40015
 16129
 38915
 25883
 28483
 21968
 24271
 42623
 23028
 6906
 24459
 42180
 4353
 21844
 14655
 25605
 15082
 5840
 1834
 8821
 14174
 23841
 24670
 32159
 35590
 8511
 23425
 46321
 8414
 43396
 23902
 31331
 30355
 49150
 31335
 31804
 5299
 868
 33462
 13319
 11827
 13838
 36718
 40719
 12962
 38695
 806
 2578
 39726
 46319
 34090
 33656
 26430
 48140
 18103
 5462
 49749
 20644
 25439
 46425
 11149
 42620
 47564
 902
 27504
 38777
 39307
 16669
 16666
 24458
 7035
 40679
 28341
 41979
 24604
 6947
 15204
 16328
 17813
 41469
 3881
 29030
 17460
 14841
 1003
 35852
 47340
 27406
 42884
 294
 38372
 30392
 43640
 37222
 28816
 14189
 7275
 25407
 9090
 37135
 28716
 10202
 27788
 8101
 414
 25098
 23816
 9975
 13299
 27255
 10998
 35047
 48153
 1462
 41911
 3038
 26494
 5865
 18578
 