33488
 72478
 99182
 20420
 9830
 57713
 31330
 79478
 96032
 38604
 13358
 11039
 27801
 49693
 52860
 73686
 89403
 97168
 36179
 61489
 93406
 28779
 50034
 14621
 33644
 91204
 61541
 2993
 86120
 86804
 444
 49470
 66052
 31112
 65764
 5887
 79371
 12472
 36322
 47348
 93555
 37905
 20095
 38109
 73385
 38837
 26411
 38770
 95791
 82629
 88254
 70511
 34001
 41009
 20964
 24563
 6621
 50868
 45679
 40239
 64499
 83216
 67772
 32582
 3759
 26405
 95068
 86190
 15573
 78423
 32082
 27698
 17805
 29870
 93108
 74190
 57894
 69522
 64245
 58454
 40282
 58138
 83303
 75249
 71951
 96811
 54900
 14126
 9471
 67519
 25073
 75819
 5133
 23001
 80779
 76116
 35197
 29767
 37232
 13506
 40507
 28348
 65771
 96095
 23664
 45228
 70152
 15075
 35684
 44078
 63525
 91670
 16583
 47330
 22716
 78747
 73217
 28207
 55456
 53150
 82047
 30461
 13492
 99356
 89152
 47293
 45428
 93242
 7547
 70096
 37232
 55001
 63114
 67021
 12194
 67312
 57884
 56320
 45470
 13347
 7300
 82571
 88105
 55195
 34675
 14328
 21012
 26794
 76236
 21406
 27308
 71137
 27152
 23236
 87334
 64181
 13701
 75208
 14718
 63281
 10380
 85602
 2580
 69759
 10153
 43634
 15297
 41666
 31284
 73995
 99311
 56291
 55719
 27033
 47745
 64027
 12639
 80135
 36930
 53863
 69217
 72295
 9989
 30006
 26073
 80655
 55480
 70937
 15719
 71560
 16238
 43141
 44654
 83254
 1941
 90445
 15130
 2741
 49035
 48424
 70589
 65875
 49112
 17971
 98657
 51191
 1045
 1271
 42409
 48367
 60048
 55876
 69060
 53445
 88277
 27323
 59546
 32892
 92304
 58231
 11033
 70645
 91219
 97878
 8111
 57850
 3664
 21324
 84900
 24288
 10618
 51923
 86638
 38599
 93576
 96955
 74559
 68962
 15083
 13579
 46879
 16264
 4529
 51203
 62528
 18562
 33333
 93727
 58472
 33165
 23776
 54125
 29213
 31707
 72817
 27868
 51159
 90237
 75888
 0
 60213
 15924
 66731
 19843
 13940
 21132
 66464
 63780
 70962
 55930
 38471
 51665
 83104
 95648
 28865
 99736
 94774
 25040
 78454
 82527
 81070
 78861
 99953
 24022
 34475
 288
 10197
 180
 15510
 74872
 96969
 78082
 73336
 47144
 37149
 44183
 88725
 37927
 25732
 15476
 93462
 40722
 96800
 62054
 5341
 46012
 81230
 79935
 69552
 72060
 84369
 19549
 21375
 41346
 27099
 73189
 7748
 221
 82583
 47917
 47029
 35886
 77020
 31720
 97935
 19883
 15261
 18181
 25366
 45187
 23747
 34469
 87892
 50186
 57504
 86338
 36346
 67803
 28200
 96512
 20061
 3848
 18384
 6216
 97027
 42498
 97190
 97229
 17701
 39258
 37619
 89465
 68867
 38845
 95127
 65043
 71416
 23572
 69958
 8082
 99165
 34555
 61099
 2893
 53370
 89586
 54076
 25393
 99916
 56908
 56794
 62396
 53947
 24616
 94678
 91755
 96582
 79923
 77094
 73545
 79744
 8336
 99775
 13127
 51639
 3631
 28933
 86016
 7876
 99876
 53348
 37600
 36317
 59693
 14930
 44919
 73333
 28547
 32296
 91768
 20247
 76540
 37526
 29755
 31658
 10974
 98126
 96548
 20979
 67253
 74243
 53958
 41942
 63174
 74813
 54178
 59152
 20562
 54326
 10569
 58081
 41724
 18763
 87091
 56879
 92423
 29462
 30682
 10964
 80730
 19588
 27021
 32582
 10982
 75577
 8701
 37756
 4582
 81483
 48661
 89715
 9128
 89007
 28442
 31822
 92030
 33542
 16788
 4523
 72961
 52226
 37674
 69456
 5089
 76427
 92770
 71159
 58263
 88570
 88439
 69170
 40584
 10338
 41255
 27326
 83146
 90658
 75986
 44748
 14611
 11291
 0
 70992
 64059
 73908
 63274
 69707
 64601
 79859
 5712
 18121
 71582
 71285
 49470
 93656
 31037
 71347
 74563
 18968
 70176
 65843
 5359
 38922
 19472
 29728
 43423
 23745
 14860
 80597
 52484
 2249
 66685
 92006
 24811
 12300
 69681
 25804
 40606
 55960
 25000
 98448
 28189
 8949
 93628
 96176
 57546
 44982
 12149
 31357
 31030
 8771
 26068
 73583
 67582
 23839
 82073
 33376
 44338
 43480
 45129
 61426
 20045
 17311
 3149
 53419
 28357
 12075
 42473
 59935
 17204
 81570
 41527
 10265
 30956
 93169
 94006
 47505
 71521
 6323
 44132
 14466
 71586
 48086
 6755
 34528
 32731
 51230
 29194
 96940
 89095
 65608
 85753
 77004
 71011
 66935
 40808
 59645
 98526
 75107
 55131
 66389
 94907
 57329
 41508
 30271
 35176
 6444
 22406
 47909
 62921
 74012
 3357
 50256
 65256
 5992
 93654
 87197
 88575
 3803
 54734
 33763
 5345
 50715
 49240
 45098
 89098
 63768
 34895
 71904
 34851
 36293
 21547
 87990
 4868
 90742
 66501
 20454
 42321
 66582
 7600
 66934
 70279
 90598
 31388
 36975
 1967
 7919
 40657
 56917
 89734
 93151
 76067
 77195
 75175
 82876
 39238
 13780
 60393
 79921
 93889
 60898
 69766
 98030
 39386
 87828
 11866
 11148
 89293
 61338
 78800
 76416
 4605
 82186
 5295
 47870
 17629
 165
 97949
 94721
 22978
 86896
 90945
 36557
 83045
 67011
 28792
 73181
 95738
 73852
 46597
 76707
 47901
 16361
 44682
 78143
 1239
 17134
 13059
 22705
 20095
 81060
 22461
 3825
 47406
 65842
 20487
 51937
 54513
 1190
 7333
 76333
 12906
 34413
 45910
 26519
 34614
 32614
 76677
 54210
 23194
 27225
 18666
 45432
 83439
 46632
 2318
 59387
 68996
 29999
 49342
 56092
 71787
 6961
 21173
 2461
 86249
 61011
 68739
 6171
 60900
 26285
 11746
 85478
 83908
 7977
 77348
 79109
 68096
 55051
 27698
 99996
 81368
 17817
 28392
 98671
 17144
 45703
 50304
 61748
 58975
 80152
 83376
 74408
 15214
 40659
 80599
 82313
 51919
 75752
 5390
 96067
 54989
 7895
 82723
 18096
 15174
 31651
 90863
 65998
 96439
 95605
 93996
 33702
 41591
 24359
 12242
 81852
 77993
 44762
 63995
 80615
 82747
 40930
 48325
 38146
 28576
 18526
 874
 77236
 85955
 91336
 48648
 68617
 532
 74446
 64592
 6509
 37437
 28168
 45395
 18949
 33671
 41789
 58397
 81869
 63049
 66123
 38488
 46567
 28248
 62462
 77392
 32966
 32299
 42737
 27833
 36777
 49781
 32531
 21123
 57575
 67699
 18580
 9203
 10999
 97422
 25026
 43241
 87833
 58125
 51378
 88533
 62733
 29129
 68608
 45893
 66189
 20834
 76753
 93924
 57376
 84803
 28163
 18866
 65820
 22693
 15632
 89419
 60585
 81923
 37584
 62590
 81418
 66941
 44224
 51933
 84036
 71271
 45794
 55489
 71543
 90389
 49961
 71264
 22241
 63812
 56584
 99241
 61662
 61857
 4199
 28520
 3119
 36317
 75961
 23386
 87194
 49620
 86265
 26989
 60857
 37231
 68869
 82016
 42158
 66567
 18885
 10387
 57001
 52150
 48542
 97591
 60244
 43320
 2562
 73786
 80528
 20491
 70457
 78922
 94804
 59655
 6697
 76118
 52025
 95696
 87932
 63356
 55666
 22697
 74472
 45374
 99010
 48314
 13654
 8399
 12476
 97018
 21443
 97987
 665
 56223
 22264
 89217
 89775
 43361
 68802
 97979
 32768
 7678
 16147
 86098
 29991
 39907
 92150
 86373
 55733
 78084
 85253
 95269
 52390
 99372
 51819
 39757
 21461
 75070
 57090
 52297
 48184
 79208
 24006
 29025
 66567
 29041
 53188
 85538
 62119
 27005
 50675
 40149
 62098
 7044
 44187
 18549
 25754
 40209
 53764
 53711
 26070
 40527
 38387
 75526
 64724
 45244
 37906
 54198
 18578
 62647
 31857
 36788
 6337
 56262
 95522
 79569
 25245
 80211
 62636
 50022
 98520
 67432
 11707
 78603
 95238
 15277
 18883
 33470
 18282
 80500
 50266
 182
 30954
 33493
 85817
 24182
 27628
 75209
 48306
 45536
 40435
 30719
 47895
 68999
 43464
 75473
 97592
 96463
 52789
 69554
 25738
 81953
 