344601
 84585
 318231
 106901
 401460
 183910
 23465
 392560
 491964
 497963
 436956
 54862
 309298
 1642
 445864
 9237
 450229
 87414
 302284
 452006
 398584
 136089
 231920
 307556
 226199
 314221
 262785
 123730
 440103
 7733
 310002
 359843
 234328
 338983
 276532
 458064
 484070
 110586
 368225
 20033
 1771
 263672
 12557
 309060
 116788
 302011
 373739
 388172
 170143
 1051
 343975
 440262
 415101
 147033
 401381
 191841
 16841
 78251
 443879
 9011
 182417
 260496
 110635
 62490
 232099
 497970
 352724
 240995
 196014
 252834
 318227
 83203
 54400
 262249
 328889
 29381
 107574
 491801
 277580
 105471
 20457
 258426
 461626
 216522
 487147
 318733
 380819
 317978
 186580
 166734
 413573
 25084
 418918
 0
 368374
 187714
 26091
 213353
 365961
 293085
 2014
 349725
 443597
 228503
 362192
 194432
 113610
 266097
 230778
 232755
 117573
 256465
 59811
 24387
 190476
 158639
 296746
 58410
 234020
 171943
 423040
 36567
 138928
 63828
 69949
 386319
 189631
 328480
 294918
 452010
 441407
 490590
 369506
 243233
 475023
 473886
 411071
 479022
 1540
 408036
 424647
 135587
 116391
 446293
 353735
 492892
 81904
 422561
 44588
 247770
 11066
 162584
 387253
 27646
 120419
 367435
 400198
 317237
 40168
 170285
 322384
 451446
 42927
 181450
 52148
 77447
 83800
 452717
 81799
 104733
 462258
 446566
 174301
 123035
 370370
 442017
 306482
 292190
 408022
 348400
 291840
 13388
 484711
 64936
 480268
 495817
 194884
 457625
 486334
 351728
 188127
 96862
 422341
 308588
 71164
 144551
 457352
 253181
 145363
 430522
 220976
 289694
 234603
 211585
 85237
 341571
 479606
 444287
 177125
 177566
 297668
 329032
 228592
 16971
 166767
 451570
 344285
 417603
 3339
 207325
 253257
 322850
 372330
 311804
 45198
 474459
 285108
 311467
 357872
 319634
 341711
 162313
 215093
 127222
 191666
 447658
 286626
 320232
 455111
 415052
 284581
 352168
 487801
 379111
 445425
 255172
 44140
 115850
 308043
 190451
 16377
 286197
 114153
 459077
 216807
 108289
 94207
 331521
 283118
 78941
 313904
 107430
 183265
 63880
 36666
 76540
 430548
 112865
 491668
 52763
 55779
 341105
 495972
 46432
 201579
 403242
 398217
 482173
 216577
 454446
 447642
 270406
 103439
 352219
 113652
 425447
 278220
 84578
 29949
 84109
 238023
 214427
 456895
 176890
 464865
 208628
 46889
 470931
 366139
 215391
 416858
 458966
 494283
 263616
 385022
 269277
 149692
 473296
 267259
 45454
 34496
 153017
 42513
 330916
 120400
 58681
 133448
 212157
 421464
 438481
 378653
 30487
 294200
 434242
 310382
 192795
 8942
 336967
 449989
 183144
 268818
 231652
 153688
 59513
 273535
 312759
 458993
 282527
 61675
 221642
 304425
 433148
 26286
 274361
 293929
 164119
 13264
 112367
 295795
 2981
 101104
 374919
 301680
 269666
 291379
 257094
 128565
 414689
 47634
 72054
 262705
 264044
 50753
 195046
 198298
 149801
 76089
 125929
 296293
 241853
 200000
 33346
 92136
 199598
 73170
 251427
 85912
 477858
 248918
 98907
 420152
 215395
 82365
 128355
 491537
 427321
 425250
 324049
 362162
 347608
 108129
 293206
 181937
 291623
 133579
 12880
 207126
 62807
 103550
 328913
 434395
 402885
 4596
 53734
 482888
 336679
 205041
 88945
 228456
 11640
 417991
 18375
 223589
 79742
 130123
 299581
 198408
 144838
 84224
 84915
 61171
 379104
 272530
 307623
 412333
 220898
 394894
 139710
 55606
 28794
 378518
 133193
 200232
 417455
 460894
 149815
 240944
 209618
 402495
 124664
 287981
 304563
 407201
 331697
 135340
 133556
 220545
 34477
 85521
 239811
 81017
 460447
 46638
 183161
 10319
 243902
 129996
 329435
 282595
 166128
 352032
 376657
 473231
 485794
 438802
 109303
 367715
 485348
 21684
 74748
 206518
 119769
 438388
 93880
 180036
 270814
 288129
 54694
 55000
 63663
 250840
 231689
 483471
 64953
 72986
 263177
 113920
 216136
 35487
 218315
 443661
 107067
 465909
 93366
 264639
 357071
 189262
 322205
 384513
 416561
 26722
 436835
 427867
 282409
 478072
 466492
 132587
 459504
 127236
 227756
 493962
 410743
 10619
 30446
 248521
 73033
 358376
 127099
 19245
 77465
 360174
 157884
 55856
 480615
 284931
 466945
 257268
 103534
 434184
 186701
 221317
 306510
 278074
 181164
 364129
 177265
 450204
 275348
 486782
 407868
 236408
 102269
 94582
 300709
 319788
 358427
 69672
 494224
 365853
 217123
 56955
 411860
 89135
 396669
 232748
 328047
 419566
 372830
 380174
 470628
 421030
 194629
 250803
 341788
 55995
 319964
 359872
 200437
 338333
 192944
 243583
 192576
 319660
 394669
 482073
 267692
 239994
 186768
 184004
 85272
 36385
 73293
 120856
 377068
 133083
 271035
 186800
 77986
 300957
 364130
 79204
 150201
 339617
 256916
 99757
 369101
 384879
 255712
 68677
 258529
 85674
 314967
 17153
 381749
 361928
 431571
 85558
 15706
 119247
 453196
 335034
 323502
 356967
 437409
 465816
 166153
 280243
 246672
 304317
 101466
 145190
 467726
 435227
 47878
 450042
 21178
 329319
 382711
 312886
 91598
 222503
 492599
 281922
 413016
 406735
 280224
 386220
 345043
 362837
 123644
 254725
 456168
 496181
 156847
 206219
 305754
 139503
 124348
 164216
 22250
 82911
 249521
 280665
 464781
 57763
 462023
 274744
 240046
 79877
 472274
 92932
 388535
 24293
 330354
 399283
 404476
 303544
 91567
 70622
 254570
 71058
 109720
 268468
 135271
 417734
 276876
 359802
 330434
 164932
 44421
 115294
 185721
 309070
 454431
 56055
 33506
 232639
 388598
 134907
 484158
 117744
 209249
 436102
 93380
 484381
 489110
 143948
 51224
 214114
 22043
 367475
 135791
 73994
 166052
 388869
 97430
 406976
 442563
 387662
 406600
 263246
 493997
 29871
 249571
 370063
 266695
 238974
 128784
 334901
 186758
 320277
 382788
 5874
 279580
 212127
 428686
 426380
 230742
 200203
 455820
 92613
 364553
 449350
 304957
 261702
 473945
 162796
 283314
 290966
 186577
 403713
 288167
 383199
 384762
 335451
 73678
 131059
 380129
 193343
 173211
 175725
 203782
 188181
 269473
 62500
 445326
 137614
 150435
 340941
 287962
 30878
 242955
 467592
 158803
 38743
 361839
 459826
 405873
 122700
 324492
 428931
 1172
 307913
 467602
 461908
 490196
 361290
 99018
 143098
 495778
 302562
 162595
 196583
 192531
 208838
 190984
 77637
 150992
 30632
 178726
 346592
 421059
 303466
 256582
 234436
 416825
 263735
 318343
 273622
 315262
 320375
 237659
 61731
 259851
 383974
 493609
 494684
 15737
 361335
 417236
 224594
 227575
 43350
 402012
 104185
 429646
 57416
 391139
 191263
 277259
 267538
 273823
 249074
 422268
 59672
 232483
 285045
 266048
 84010
 18596
 498200
 158963
 219592
 377347
 473210
 200366
 380726
 7859
 228008
 122080
 10114
 391201
 388014
 302702
 74666
 497907
 421213
 193975
 284661
 215859
 241259
 166044
 136320
 161291
 241814
 204615
 277137
 60505
 185890
 498640
 33156
 110594
 182975
 37790
 158021
 104551
 369678
 206956
 215106
 344590
 317505
 142559
 273102
 82223
 280739
 61555
 385976
 352079
 181963
 365585
 68074
 252274
 90673
 372952
 377228
 208964
 458392
 499306
 494551
 204645
 144239
 371505
 189642
 446604
 142739
 7053
 94840
 87406
 201853
 199999
 166566
 313636
 168477
 263122
 327963
 71218
 311377
 144988
 19837
 90957
 204188
 404094
 283631
 102521
 245372
 9536
 340543
 147941
 364114
 273736
 309774
 402838
 98473
 170771
 169238
 436202
 183591
 450772
 193342
 471659
 107462
 225108
 304757
 177361
 147951
 32878
 145347
 34033
 153661
 434097
 223062
 60703
 323930
 402310
 280556
 396226
 409805
 133233
 284044
 249476
 279757
 446666
 116948
 284977
 17550
 380287
 277843
 149378
 293849
 235043
 359339
 404710
 382322
 225806
 49690
 327845
 376677
 326619
 142329
 354
 76378
 355145
 143523
 53051
 38080
 42015
 113119
 460598
 468315
 128471
 174706
 416248
 373830
 139025
 97866
 485051
 91984
 430157
 267969
 179727
 168591
 327722
 144190
 277158
 350957
 117348
 54123
 370559
 197113
 263565
 38010
 24590
 75745
 76337
 480267
 357482
 383644
 39874
 419184
 364779
 359073
 180262
 265451
 168460
 253760
 49202
 282428
 171750
 463082
 104222
 49332
 497636
 123523
 417043
 258921
 335517
 77408
 98654
 65639
 400055
 383318
 468015
 47826
 114116
 303274
 394506
 284355
 278182
 14163
 163175
 84663
 467956
 459768
 257905
 84894
 201147
 158874
 288503
 343338
 196594
 259619
 396190
 401186
 99058
 108816
 299184
 75845
 402479
 476097
 92848
 57015
 118192
 52276
 83497
 367013
 306466
 417102
 47998
 371246
 13291
 56485
 265038
 452930
 96557
 149418
 358170
 468777
 269568
 68923
 205605
 308022
 433816
 428980
 141799
 277008
 43634
 197245
 296565
 198176
 392483
 30162
 115555
 364795
 109279
 101117
 491241
 317771
 177617
 429802
 70435
 390928
 95466
 303102
 33115
 25721
 355464
 287703
 228697
 422153
 38238
 167953
 141959
 60405
 226025
 330062
 379139
 251937
 13715
 179778
 273589
 448079
 322301
 249806
 233080
 79777
 328413
 252999
 312363
 187919
 91481
 287272
 53042
 458235
 128307
 385795
 373575
 377324
 298339
 98380
 254659
 131697
 413684
 82275
 151417
 5826
 449192
 229134
 265272
 147107
 304466
 404287
 347288
 118979
 352362
 371262
 307886
 364623
 466207
 216451
 307119
 390495
 436815
 224968
 390243
 17878
 239760
 232635
 219166
 344748
 480135
 300897
 474926
 153537
 194581
 110910
 477888
 222424
 185232
 156169
 458824
 58939
 232456
 289914
 445888
 255377
 90435
 437286
 459792
 98705
 257791
 156553
 266978
 262585
 111532
 418461
 225205
 350455
 64200
 105466
 459713
 386851
 18521
 369739
 265205
 273806
 392459
 459043
 251647
 452681
 129022
 355456
 7430
 171486
 379497
 272372
 329037
 449950
 58513
 358699
 490812
 181190
 469448
 374770
 63115
 189953
 241706
 59847
 36167
 245782
 325176
 461
 253285
 142261
 91434
 486729
 155015
 98710
 308303
 328034
 463809
 238975
 145130
 148249
 8933
 227929
 270873
 382351
 416743
 188645
 367052
 463503
 449042
 2446
 137689
 63380
 61126
 203774
 408129
 461780
 190490
 70806
 343322
 88705
 55555
 250186
 226988
 367136
 85787
 77802
 476210
 241799
 282062
 407163
 273667
 331293
 121022
 54644
 107558
 326014
 169811
 19933
 40114
 26816
 301497
 331759
 161687
 199720
 231511
 463860
 263797
 349675
 229879
 42672
 128533
 289179
 331322
 181212
 125535
 28043
 269003
 305005
 321843
 492805
 319455
 123118
 68749
 188017
 310430
 90376
 108416
 50274
 295739
 484533
 225990
 325078
 241444
 348972
 45299
 17749
 302633
 18534
 32724
 183250
 140051
 218538
 233331
 52384
 144486
 41192
 37229
 438888
 325284
 424879
 147127
 161317
 423435
 57953
 424796
 162944
 493079
 209796
 149142
 488603
 380147
 150876
 408419
 498631
 413793
 184842
 147874
 292132
 421595
 277
 354324
 97847
 254998
 378948
 135311
 340145
 155764
 280352
 369318
 250232
 324652
 94440
 414230
 143285
 135919
 447784
 50913
 428279
 441441
 230038
 270357
 204514
 172478
 235435
 231053
 57595
 357045
 215725
 307486
 123020
 99324
 154811
 359361
 324940
 363395
 158380
 457095
 42683
 406442
 415624
 216891
 487381
 299232
 305194
 180161
 238664
 341642
 424641
 368107
 486818
 239182
 61216
 325535
 91244
 106911
 109366
 159475
 234590
 372180
 446920
 377884
 85102
 172131
 416464
 367278
 296668
 105523
 174185
 110498
 211697
 325033
 337874
 341447
 323271
 161821
 492662
 46414
 124383
 275372
 105929
 170270
 96492
 267366
 136077
 493488
 372492
 292069
 377660
 88730
 76354
 282881
 422931
 266587
 270420
 441564
 57220
 408721
 123700
 70474
 279570
 279065
 291458
 244995
 490050
 267612
 114285
 202109
 113264
 259406
 246756
 354659
 443449
 237511
 491707
 163639
 128957
 380009
 252107
 490333
 124711
 350740
 37537
 362231
 191809
 274107
 125708
 225397
 216193
 31899
 18360
 181262
 150016
 226623
 346986
 326396
 471159
 138923
 180648
 59489
 402371
 48957
 49455
 75392
 64631
 453348
 449408
 276011
 45065
 109084
 86662
 32458
 171800
 205404
 38283
 145880
 125000
 208753
 218875
 137846
 184234
 260173
 16273
 491479
 494454
 342961
 146407
 62962
 82582
 432961
 488650
 169926
 327630
 270654
 274365
 255839
 51486
 498190
 58658
 233045
 35401
 72222
 337843
 393614
 386977
 343921
 322785
 352785
 478456
 431774
 44547
 307228
 480764
 389245
 88256
 317710
 368709
 477247
 333333
 251504
 493783
 293926
 369232
 394511
 104455
 19651
 206563
 212707
 238805
 238959
 27414
 61200
 145619
 20472
 311452
 110350
 458109
 166011
 17977
 30331
 154234
 32224
 419911
 343373
 471830
 157648
 394466
 203222
 295559
 436900
 17545
 120812
 221852
 270367
 58139
 254151
 109437
 235431
 451784
 276672
 180926
 181411
 286265
 401226
 34201
 444113
 261744
 196397
 282733
 466364
 284176
 472870
 11890
 495663
 384459
 206331
 499410
 123745
 440533
 363041
 167124
 278332
 455658
 3052
 43662
 491493
 276774
 318399
 132007
 297390
 126699
 326770
 462599
 125065
 493577
 294851
 290193
 283923
 21029
 499450
 467036
 79901
 32107
 336572
 280406
 290937
 494456
 457632
 136339
 418026
 117142
 241837
 110160
 145422
 171501
 490391
 126235
 79999
 406877
 399194
 442002
 482345
 298556
 320782
 426517
 69167
 136259
 412473
 20484
 391130
 39835
 259425
 117903
 124959
 121603
 324052
 77377
 206222
 111197
 152664
 466011
 206323
 144794
 334809
 285451
 248847
 467292
 373139
 324877
 432673
 236102
 215675
 108433
 50702
 193117
 331666
 47353
 280490
 126208
 89551
 316000
 93956
 404549
 391902
 392782
 279880
 435300
 57450
 235658
 226249
 291536
 149188
 418380
 5854
 305309
 468903
 67345
 63751
 198344
 146979
 175080
 453829
 15353
 315050
 88947
 317994
 10652
 386189
 81691
 176426
 408520
 25752
 402031
 286949
 318959
 20162
 317813
 89371
 370410
 245296
 497572
 121612
 164586
 390451
 418441
 420632
 44185
 385353
 124292
 232254
 497867
 454959
 74047
 61124
 172347
 289565
 43746
 293457
 125259
 223031
 332791
 240252
 465743
 499955
 29608
 417571
 252882
 79481
 47919
 295939
 402294
 454778
 191753
 72417
 78837
 117241
 493058
 441372
 206974
 186614
 9827
 479713
 103996
 56897
 385897
 24582
 127396
 294491
 447224
 274421
 148725
 388382
 412067
 271357
 53550
 456677
 360778
 436451
 74622
 414543
 127272
 383330
 430743
 163720
 37364
 197832
 341255
 62765
 309801
 70506
 94020
 409728
 123461
 156313
 191760
 203419
 409915
 357422
 330136
 167655
 260869
 65385
 432773
 304235
 312824
 474675
 273296
 337883
 187939
 57295
 496960
 249152
 215050
 445378
 24933
 180819
 459309
 184684
 306769
 200416
 406579
 672
 274730
 167819
 360608
 468720
 115813
 333030
 108896
 431297
 44929
 429218
 53748
 424236
 313037
 132126
 175536
 298913
 260253
 416231
 24617
 411815
 93301
 131313
 111141
 93128
 285283
 154986
 81884
 357465
 461286
 169156
 6597
 41565
 446759
 105821
 215105
 190412
 19217
 443735
 222368
 438595
 9353
 192167
 400971
 136907
 371825
 436875
 424513
 299863
 328832
 105872
 448372
 62347
 387821
 33536
 351896
 210713
 319396
 171723
 310820
 441356
 498642
 130298
 93900
 91678
 406138
 383622
 426463
 167360
 463318
 416784
 190632
 60675
 175882
 310457
 164187
 423505
 229685
 328508
 194490
 89488
 187874
 254163
 358328
 260175
 295598
 320060
 154230
 4723
 192347
 481404
 459715
 327891
 300339
 97034
 384769
 227132
 354762
 101166
 425745
 31611
 252510
 295238
 460302
 244877
 170385
 64399
 381104
 288135
 494907
 356403
 381870
 287458
 364301
 380540
 128721
 246949
 6925
 311257
 81895
 227272
 459163
 486358
 270164
 254716
 74423
 444469
 124002
 387713
 293246
 275488
 186611
 426542
 449183
 342881
 330909
 168539
 398384
 312121
 156134
 70577
 405854
 123804
 451602
 294805
 350199
 245737
 235760
 266914
 402325
 113418
 301837
 15790
 20864
 56564
 236465
 35292
 76931
 343605
 128661
 335248
 59086
 400121
 489503
 416630
 8430
 239769
 310952
 117914
 189180
 341071
 136950
 410479
 130234
 363031
 75909
 147887
 387690
 98979
 390525
 250868
 14984
 339659
 23969
 25515
 246822
 48398
 87641
 41744
 251334
 349125
 182813
 253807
 23847
 226506
 118387
 244788
 71332
 115476
 45556
 386417
 430587
 60104
 304037
 181818
 428865
 389830
 6939
 113657
 358144
 182628
 15606
 342672
 494511
 453987
 71085
 495305
 83593
 35450
 242618
 303924
 118301
 459595
 108374
 240225
 474352
 271478
 442203
 62799
 79650
 215073
 367014
 464859
 201657
 358947
 330872
 38257
 354664
 145831
 422825
 112063
 444121
 489382
 497364
 161831
 436151
 449363
 476992
 445834
 431321
 497242
 280040
 75076
 43422
 312835
 2558
 483378
 478009
 322042
 84366
 219141
 381023
 130855
 46990
 422775
 64904
 277049
 77387
 322572
 345519
 315358
 196443
 357160
 58582
 136678
 380054
 350181
 258474
 137977
 360059
 290356
 418336
 209722
 118890
 214405
 90438
 61905
 329685
 219900
 20278
 144030
 6713
 154008
 169667
 31881
 261372
 165771
 33322
 303083
 256734
 341401
 104849
 373252
 162255
 167092
 316744
 47061
 35433
 169963
 29023
 172858
 76386
 365650
 204631
 348108
 177777
 5898
 448812
 6106
 295426
 245429
 271658
 365845
 12035
 253833
 373410
 157752
 170676
 445762
 51177
 227453
 428244
 50607
 241962
 345075
 95965
 334074
 428571
 397459
 383169
 79589
 484403
 455633
 275112
 385696
 16927
 201107
 37481
 374732
 499294
 81389
 121739
 341134
 367817
 79110
 300319
 349030
 422536
 421561
 465600
 241573
 328249
 63028
 497873
 360478
 485392
 453905
 416566
 324152
 269935
 316173
 214285
 323956
 148500
 435311
 199812
 163374
 71846
 173653
 486186
 14260
 156006
 78405
 482370
 312559
 363177
 278549
 82715
 8712
 272727
 121036
 345920
 105437
 200740
 215666
 421195
 320529
 312432
 249412
 381597
 440306
 165784
 108506
 248452
 433849
 398687
 338749
 63797
 84208
 443970
 116842
 169772
 127001
 279918
 254215
 428443
 258151
 37344
 240259
 119126
 311023
 10139
 348773
 70903
 61498
 277098
 101362
 233866
 165048
 132845
 18172
 426829
 137357
 43640
 121789
 85538
 385816
 120064
 156123
 7747
 481331
 368035
 168331
 373895
 441833
 298891
 458917
 26981
 449197
 310554
 104308
 264636
 318144
 228269
 471519
 234360
 243589
 289687
 79012
 341210
 245928
 296899
 24769
 214065
 444143
 176330
 283612
 125109
 397805
 130081
 248544
 426293
 272140
 453744
 98096
 424778
 308116
 125790
 131640
 205140
 387775
 258220
 354133
 28789
 59234
 83832
 57577
 264681
 463388
 250953
 226318
 453410
 470440
 427486
 27928
 132200
 226002
 205750
 425118
 499117
 228153
 417112
 103674
 89442
 123138
 450611
 397738
 162537
 308473
 362697
 113622
 163556
 458224
 134744
 366804
 244262
 88785
 217034
 351658
 133370
 298976
 471177
 89074
 260376
 378749
 49683
 261694
 268062
 8551
 394740
 260915
 130924
 153345
 433548
 8078
 322973
 271866
 36516
 79783
 186479
 29803
 417063
 263316
 340660
 367568
 330482
 226625
 95238
 367740
 430318
 31584
 81266
 85851
 147507
 251546
 14157
 72067
 5966
 3243
 288056
 210875
 283760
 416234
 31914
 336086
 13129
 88392
 230148
 210274
 329202
 130883
 178865
 131528
 260147
 203838
 187989
 356375
 150293
 485049
 176341
 249430
 329340
 300111
 379494
 238835
 401330
 19518
 240611
 13338
 339194
 112905
 387824
 140552
 406660
 265375
 162261
 181843
 35585
 371974
 351721
 450952
 353366
 149042
 4328
 456966
 243038
 126040
 71799
 210885
 22345
 298041
 261487
 169561
 146285
 364617
 278309
 77055
 481943
 402772
 192722
 234134
 406292
 463141
 423371
 159473
 243244
 194574
 4101
 234888
 11751
 438251
 73859
 345359
 421993
 468027
 1680
 477815
 307508
 192507
 304549
 244083
 117647
 244693
 64344
 188003
 251941
 99529
 371221
 371664
 192078
 377417
 278755
 92867
 283757
 269995
 182342
 174771
 381285
 348195
 160237
 283462
 416190
 71334
 74746
 36748
 181513
 450672
 474378
 350496
 449275
 410793
 164109
 170866
 100877
 103259
 441922
 148548
 238884
 355153
 125257
 123453
 73001
 171192
 26948
 28577
 2275
 358088
 350105
 233021
 335495
 158193
 193849
 266666
 348815
 313924
 331342
 213590
 143618
 152479
 153283
 248481
 413470
 82045
 95662
 123541
 113536
 434846
 51005
 481981
 117036
 285563
 269511
 222526
 385804
 153846
 294883
 103024
 410500
 313413
 395693
 180028
 427918
 423874
 295915
 97757
 406189
 126153
 33743
 161927
 103786
 43555
 74805
 344280
 66368
 185123
 285574
 197601
 234548
 100795
 135960
 464231
 429512
 138120
 17442
 166666
 332774
 443859
 463265
 345068
 288092
 3638
 377893
 222725
 225357
 13691
 34726
 121356
 23850
 36116
 342398
 126080
 64971
 104387
 195249
 487697
 29537
 19071
 405412
 1881
 31479
 335863
 242109
 413061
 135123
 415848
 394325
 26192
 142527
 288558
 304414
 313117
 39382
 56079
 318425
 11238
 378074
 39125
 387180
 324069
 463392
 74586
 24121
 126073
 67882
 314389
 193682
 168815
 3071
 176069
 213243
 292395
 475425
 282876
 13385
 124697
 138757
 119023
 403025
 401169
 430344
 414917
 435324
 325057
 389215
 35938
 311760
 397873
 143767
 497810
 47909
 62848
 336785
 281930
 218201
 263839
 67520
 415044
 175684
 459998
 418512
 14928
 176817
 391712
 61052
 79252
 418215
 66316
 419769
 412442
 390429
 34366
 323623
 315239
 290688
 391734
 142599
 201047
 379239
 467497
 179293
 341059
 49542
 130301
 268728
 419501
 387901
 385392
 377311
 199118
 421801
 150161
 422920
 450267
 149734
 419664
 153307
 403718
 376576
 121645
 116669
 302001
 207623
 410861
 34464
 273413
 114857
 273898
 149487
 309367
 46423
 328837
 442681
 36967
 209988
 8961
 288783
 333102
 74005
 362008
 254218
 222209
 19749
 277760
 277710
 312210
 383905
 163868
 88615
 193512
 417072
 194945
 293943
 234242
 224749
 73705
 299576
 219554
 52908
 115674
 436483
 414290
 55372
 352552
 390625
 300518
 338368
 7853
 266404
 139479
 137543
 351406
 206693
 223404
 4528
 82654
 379504
 374053
 480142
 494320
 394436
 480617
 343626
 486790
 271272
 443412
 171831
 141125
 488610
 47144
 441332
 180676
 489649
 391304
 256417
 66144
 279027
 198005
 163736
 352442
 11939
 183222
 275109
 172029
 311214
 195204
 267869
 323580
 145521
 64353
 332613
 115629
 470438
 15011
 485988
 80787
 430828
 276405
 327559
 482007
 78912
 215742
 151460
 306340
 48201
 144393
 251226
 54179
 343830
 187463
 88553
 85461
 219780
 396513
 293061
 395822
 201746
 468099
 247183
 465434
 262031
 202327
 117829
 276439
 458031
 275161
 67357
 75709
 101928
 336833
 478915
 158061
 374538
 54854
 458586
 325156
 349242
 31061
 91800
 167320
 368230
 448216
 105886
 166801
 155720
 113912
 79667
 249064
 348861
 340664
 207065
 477658
 334545
 188695
 426072
 109363
 378817
 247050
 327252
 127403
 492628
 115376
 150069
 127835
 230319
 187817
 111650
 200507
 120365
 308287
 263528
 335020
 314167
 326486
 480920
 211875
 482605
 236979
 52747
 77315
 154186
 40013
 376156
 90909
 268495
 58823
 154981
 81918
 364668
 5327
 420713
 350103
 121198
 197659
 64526
 93106
 436862
 241085
 370446
 124034
 222428
 277576
 231818
 223673
 57142
 173675
 360165
 71059
 283408
 305039
 80514
 252196
 137240
 235918
 195230
 9128
 227166
 207605
 444875
 122661
 446538
 148352
 65349
 294869
 2828
 489334
 113039
 151347
 250291
 121170
 274963
 416594
 33355
 326950
 350870
 232124
 227625
 156631
 54571
 155389
 407722
 64477
 126048
 281104
 360825
 53566
 326665
 314940
 410144
 423215
 249541
 167190
 231680
 213799
 362834
 18796
 350148
 307272
 302245
 220867
 259192
 291456
 143120
 157803
 63532
 314142
 101015
 148844
 41
 229811
 431997
 459040
 190370
 383289
 452641
 257766
 114630
 347505
 6373
 373057
 232646
 308491
 370871
 457593
 155033
 4330
 451189
 458097
 477151
 265081
 410626
 343171
 450883
 302771
 411207
 230055
 17721
 161311
 308219
 192547
 424710
 146750
 204225
 238993
 293887
 163096
 217000
 315626
 441854
 172541
 471467
 7318
 110479
 5172
 209230
 324281
 458804
 352431
 355332
 74514
 299027
 410724
 301194
 19623
 149173
 128842
 404986
 204406
 335037
 123080
 396091
 408477
 203323
 147936
 430970
 159154
 404787
 218232
 330299
 247312
 410065
 60403
 192776
 36147
 313595
 119725
 475331
 363367
 139821
 40090
 61572
 464824
 88650
 364910
 81675
 241715
 298443
 172045
 49551
 339450
 44026
 280034
 132075
 383311
 165429
 201009
 117179
 16140
 327184
 323421
 68359
 113947
 490412
 29994
 6309
 71109
 338364
 228560
 321632
 371760
 249894
 374744
 296821
 49627
 282103
 442384
 428886
 367132
 13437
 151306
 51547
 427104
 452160
 471947
 6785
 142743
 331384
 184348
 275810
 73851
 452333
 467006
 112511
 152582
 22978
 221968
 216653
 494966
 125521
 27392
 222195
 405343
 318476
 244686
 482031
 499380
 325006
 151659
 257433
 455981
 407408
 293052
 56403
 242308
 339444
 275077
 43417
 410669
 354665
 206746
 234091
 282261
 31846
 189335
 60413
 250305
 154155
 157689
 58753
 313133
 411905
 231931
 469449
 141860
 13235
 183982
 177613
 61203
 20090
 402903
 255233
 371141
 168536
 290550
 413098
 398876
 488764
 197264
 459488
 218526
 76620
 414937
 468205
 15236
 372916
 232132
 321164
 335936
 94590
 249622
 123339
 170560
 386269
 250060
 386778
 208581
 228437
 182170
 147491
 229507
 414128
 474773
 206972
 29999
 76402
 135910
 176179
 71665
 284336
 482363
 138447
 44103
 165803
 226108
 360163
 474801
 483271
 394461
 460317
 331369
 326806
 345565
 102046
 34295
 345381
 111498
 22371
 410812
 253271
 373422
 289345
 260742
 74181
 360454
 234359
 38654
 203809
 190136
 347913
 465553
 61634
 155324
 357740
 29193
 486210
 152396
 191474
 15439
 256886
 472095
 128311
 32643
 414336
 345364
 212660
 124702
 162400
 264355
 88607
 271967
 315388
 108029
 79990
 123385
 228372
 205625
 189495
 112840
 262879
 322824
 197220
 410727
 478594
 406260
 161706
 26403
 281424
 190067
 314365
 92544
 459073
 36144
 191290
 62157
 493200
 480317
 12535
 64315
 272483
 52737
 37882
 444779
 409389
 249699
 136726
 422074
 466806
 354739
 41275
 87304
 233741
 335283
 78665
 222642
 283173
 466819
 364984
 185658
 398114
 442763
 382374
 278387
 279068
 308833
 73485
 64455
 292950
 287652
 472851
 493691
 79444
 210240
 35430
 110005
 224933
 458137
 262559
 272170
 406216
 493272
 333590
 81447
 23495
 211367
 311101
 84174
 398601
 245163
 375080
 187117
 358931
 318006
 161682
 383474
 432949
 319328
 100840
 487953
 332703
 318027
 177392
 102
 232985
 68885
 188602
 199538
 496810
 324909
 246728
 462339
 427910
 210412
 25093
 413298
 87083
 89688
 161350
 10159
 253707
 75463
 233243
 177269
 436881
 303539
 370534
 491385
 348544
 280217
 77357
 173925
 252111
 115819
 375751
 449719
 487163
 86561
 332504
 269818
 114244
 254858
 433805
 82457
 261515
 421512
 435501
 461622
 418979
 69365
 312715
 861
 145118
 459186
 39942
 471879
 264738
 117602
 341585
 343714
 489540
 390744
 494161
 191874
 377820
 5836
 441394
 338855
 88393
 264541
 386158
 61484
 91807
 121074
 145038
 260504
 378119
 42190
 342873
 269230
 481989
 208156
 413522
 406793
 64383
 292333
 429804
 184628
 186974
 4783
 297939
 450320
 159057
 432539
 57683
 392544
 492082
 381222
 68442
 294803
 158295
 110792
 66351
 300888
 371991
 4047
 466240
 174574
 66841
 310562
 166083
 303948
 464038
 174035
 302342
 394067
 175133
 160085
 37100
 447008
 207637
 195421
 403803
 41469
 229832
 20578
 152808
 253728
 11407
 6095
 226012
 410212
 97314
 329708
 144112
 326280
 374318
 280428
 158864
 250922
 20841
 363475
 138009
 27215
 225281
 195593
 185165
 144847
 154322
 42897
 238641
 191393
 46586
 484142
 472252
 314125
 374321
 41964
 50213
 37248
 33951
 187026
 427755
 312600
 410316
 393962
 280341
 439277
 366014
 427272
 134155
 56769
 206171
 334786
 428545
 376366
 358778
 99659
 102373
 124970
 47901
 382390
 331269
 192734
 438403
 407602
 466780
 173691
 397663
 375144
 51175
 217860
 35482
 298009
 452148
 162848
 292452
 482422
 495271
 31100
 363280
 249146
 371086
 44399
 462176
 454392
 223325
 97978
 229171
 209129
 83329
 295788
 268231
 376693
 119078
 383054
 443144
 114863
 177909
 209677
 70745
 496464
 38263
 273396
 1903
 447232
 468911
 121537
 17229
 461314
 307066
 264296
 307981
 342641
 419835
 171375
 75308
 159171
 269611
 97093
 296455
 51354
 344041
 173763
 339259
 25754
 288350
 295666
 41583
 48587
 292644
 365133
 364745
 176031
 422093
 307055
 469942
 388001
 170869
 315650
 456055
 189564
 447781
 61026
 241600
 311150
 210121
 123126
 418985
 489655
 230052
 249167
 124144
 9541
 208446
 111393
 358719
 94790
 4504
 114814
 69008
 227686
 260079
 108177
 465946
 397900
 491691
 238656
 226027
 161095
 163780
 435875
 51457
 339970
 140820
 248024
 268244
 237666
 319499
 481818
 399661
 211569
 334260
 358332
 164821
 372372
 171480
 75167
 474391
 387314
 417762
 56338
 453344
 100616
 381434
 198103
 138901
 242779
 10198
 433958
 224738
 382435
 234027
 334763
 68222
 130359
 359521
 356387
 55841
 45258
 494271
 431074
 344333
 205759
 220128
 111590
 252332
 130136
 231911
 264905
 313473
 439017
 257628
 496715
 365454
 119505
 418079
 368788
 375872
 403437
 56341
 232063
 246550
 105355
 299325
 99106
 276010
 244621
 131356
 261039
 28326
 486215
 147311
 135532
 47039
 166264
 52791
 137844
 384615
 151862
 384000
 444606
 271854
 375322
 19822
 477531
 238535
 281477
 296161
 159294
 121218
 438678
 157361
 315807
 158160
 56737
 237073
 459030
 40687
 469578
 113924
 27279
 217238
 498027
 411459
 331985
 467536
 324165
 475420
 472408
 216509
 223241
 224909
 320141
 6930
 239577
 96013
 50403
 391436
 78198
 224172
 1801
 44318
 142465
 487996
 316062
 406056
 91963
 14329
 178896
 29394
 430060
 258730
 82525
 370579
 250704
 62947
 311871
 495643
 271670
 248523
 228518
 58563
 316628
 351611
 278003
 406828
 63360
 380692
 315594
 27167
 482426
 462941
 428388
 126316
 163163
 356386
 433442
 298711
 200973
 53585
 17482
 321314
 325784
 63605
 436009
 1083
 430076
 441935
 42308
 116821
 253216
 199216
 294197
 425166
 53514
 173086
 313522
 274250
 116166
 38217
 146598
 176904
 263607
 438344
 93429
 216815
 160820
 325143
 101831
 118831
 263033
 262446
 351492
 89504
 405107
 188417
 276620
 424955
 330737
 482344
 335193
 312063
 422293
 244063
 88703
 399074
 164823
 371019
 203047
 469894
 234158
 388714
 244032
 129984
 419099
 497169
 96707
 486715
 410797
 294671
 426800
 360556
 135826
 243420
 62247
 330897
 138694
 459090
 112008
 386990
 48726
 209764
 432733
 152701
 199201
 100208
 95700
 166960
 182534
 290788
 489536
 350237
 491622
 341121
 256508
 396264
 257301
 348042
 5190
 133462
 155230
 420000
 335490
 369727
 83537
 303672
 397163
 64160
 221649
 237526
 13284
 260676
 227857
 87770
 162690
 143051
 39981
 78321
 319103
 241443
 415161
 129045
 97730
 498881
 167351
 428120
 156872
 7606
 239130
 461733
 470109
 273871
 49081
 23374
 148565
 130257
 188995
 51157
 395861
 121226
 384421
 366559
 125718
 472807
 485592
 141369
 420845
 296918
 461746
 167627
 201277
 259071
 294247
 166322
 134557
 463075
 52057
 301850
 119737
 199515
 136214
 423818
 160490
 401097
 312734
 115469
 156714
 231740
 8756
 373873
 199820
 62916
 351826
 371681
 274509
 334548
 46518
 47307
 176861
 86464
 491312
 236162
 27762
 465770
 10372
 474177
 176590
 234494
 273072
 405116
 264519
 51724
 345926
 41419
 413036
 217840
 127829
 49959
 375536
 41841
 311436
 272607
 22475
 200214
 8301
 119481
 468421
 413090
 211774
 3814
 303192
 221020
 231063
 283716
 323687
 199588
 238431
 353369
 186515
 406443
 412890
 325314
 435574
 322045
 475063
 367500
 78610
 432070
 271797
 116939
 482982
 470945
 254633
 234626
 194604
 476190
 284057
 41229
 355056
 358589
 193124
 432693
 173874
 116663
 131533
 396592
 262784
 347721
 70164
 124830
 411090
 378417
 312704
 267077
 257900
 475791
 149182
 220902
 195458
 290022
 442978
 165208
 439292
 197440
 256279
 451709
 436050
 452185
 97690
 109468
 419243
 172414
 433250
 355333
 444370
 204798
 101112
 123562
 482239
 354989
 498533
 302459
 229384
 281253
 446431
 402943
 190460
 133335
 64702
 275666
 176108
 374679
 98022
 306317
 44397
 55089
 49405
 341686
 117034
 65724
 378563
 261147
 217549
 131036
 388129
 489206
 208548
 494992
 97385
 40845
 221320
 12802
 201158
 433590
 467529
 51039
 31094
 31429
 406411
 72496
 27559
 13043
 211141
 92890
 466814
 93112
 5050
 89980
 491833
 14185
 307568
 330047
 467518
 417732
 154067
 474492
 9367
 260051
 40236
 174116
 34621
 209387
 494588
 153273
 397959
 25163
 385021
 484228
 338357
 430541
 191306
 146133
 493086
 116477
 149714
 400057
 378636
 383913
 341602
 12976
 311648
 36252
 172158
 161628
 465249
 84271
 368244
 334993
 114064
 147754
 168167
 187743
 222813
 251840
 247819
 132784
 93003
 106367
 344944
 49992
 351205
 132967
 422276
 160059
 450901
 313880
 22394
 74453
 325382
 275417
 148308
 85211
 59375
 447000
 451736
 273135
 185780
 174644
 482129
 431562
 31684
 249320
 163029
 361026
 248239
 259125
 359269
 487080
 366371
 296976
 280647
 211935
 432826
 217562
 373011
 226011
 307692
 401557
 61780
 7683
 391325
 460570
 322275
 273680
 42929
 462859
 446973
 43456
 42518
 443221
 62381
 374567
 178351
 185858
 147836
 303509
 109301
 23439
 125392
 499763
 299566
 418042
 443714
 351255
 315142
 480126
 91764
 395590
 304444
 241786
 459196
 272193
 163775
 33917
 268464
 328458
 346657
 36842
 473547
 112311
 160700
 321505
 364061
 462410
 397834
 409297
 871
 225236
 203006
 302121
 103043
 384619
 340363
 133721
 447039
 161191
 35080
 318051
 478762
 18168
 297632
 172203
 47083
 268996
 355408
 393572
 157284
 96774
 79608
 195414
 192783
 42954
 319571
 47920
 295708
 176285
 305972
 377730
 182670
 470396
 430063
 52964
 336533
 70851
 28552
 257898
 121905
 297401
 206991
 297092
 412071
 386127
 198522
 131689
 103042
 147279
 318627
 129858
 423387
 332971
 182621
 443020
 246863
 145355
 7563
 374529
 11490
 433994
 413333
 63609
 307338
 185840
 110650
 288494
 183002
 378318
 192845
 369039
 321733
 398785
 320628
 101044
 401359
 158780
 408348
 12410
 442716
 106931
 159717
 226404
 87176
 53308
 443320
 338008
 87148
 475186
 363941
 393332
 289361
 216129
 471775
 323787
 408516
 103145
 440231
 2868
 482033
 334368
 310923
 471402
 19789
 473338
 194809
 381855
 93484
 421001
 101772
 134738
 311637
 40434
 454218
 56539
 384828
 455322
 27584
 165777
 238914
 473917
 421265
 401613
 246778
 46277
 180743
 432780
 138297
 132745
 278050
 329383
 439883
 185964
 169860
 170052
 216581
 449509
 157545
 235450
 234942
 485637
 45595
 477547
 330073
 46980
 140087
 374058
 4950
 166581
 493336
 249783
 153632
 3421
 465
 129763
 185081
 317419
 288924
 445017
 106308
 440470
 158523
 312974
 161353
 354980
 390895
 440105
 396965
 293229
 157280
 428912
 415872
 98804
 498286
 139874
 111776
 34808
 276268
 56031
 368929
 472835
 184762
 19414
 418975
 233360
 256919
 460410
 268827
 92640
 347740
 450855
 340646
 345242
 71428
 1187
 200858
 300715
 293275
 468425
 224306
 11625
 13858
 483347
 159521
 353327
 335103
 325568
 322771
 143369
 316942
 456865
 379785
 267379
 28491
 424167
 433104
 43676
 280394
 126808
 138512
 288235
 231155
 367660
 309700
 67764
 72510
 335723
 151981
 62441
 492941
 373436
 155018
 171924
 436856
 186647
 159878
 90630
 193015
 51571
 427138
 335483
 181572
 118628
 408823
 435233
 171444
 295395
 289029
 82713
 393046
 420432
 395055
 146494
 418825
 307698
 43735
 416666
 392363
 395366
 65497
 144466
 51815
 23670
 54000
 55642
 111334
 249062
 178795
 229547
 251216
 155575
 227882
 33851
 312990
 162971
 454418
 185820
 395147
 22105
 94984
 176348
 305225
 89927
 475773
 387096
 191787
 61208
 334526
 46442
 286186
 284118
 452409
 276061
 263939
 471706
 322917
 377952
 93064
 240164
 440356
 242471
 36991
 224419
 296698
 438222
 492510
 153289
 301337
 113451
 395068
 468012
 117442
 460004
 310818
 285776
 92100
 296777
 245713
 18364
 157970
 101084
 103463
 245428
 155330
 65341
 31999
 452012
 190923
 160849
 307032
 330436
 130676
 170928
 384251
 93387
 429128
 225528
 472888
 146681
 192313
 261023
 285966
 228077
 11158
 359451
 104425
 242194
 41215
 489354
 200943
 403655
 284036
 264867
 358714
 244412
 290368
 131382
 248106
 165662
 195540
 6104
 61093
 46431
 290138
 490277
 417017
 408179
 255000
 211465
 394933
 336252
 320794
 346574
 144845
 438969
 15093
 492563
 191546
 196459
 164136
 235849
 420534
 482593
 5017
 495970
 270491
 385186
 247334
 336727
 377528
 69979
 14058
 415464
 38070
 32335
 85359
 369997
 403385
 269718
 253738
 199053
 140978
 159884
 244416
 371685
 448106
 132918
 15390
 419795
 442294
 422734
 104634
 223329
 146549
 96826
 240784
 199115
 246367
 211078
 59539
 307520
 415057
 93669
 68231
 55009
 363373
 45371
 203925
 451295
 195721
 138791
 463078
 121121
 383945
 145119
 36157
 393415
 417544
 26026
 152772
 326686
 354187
 420289
 354285
 42305
 422052
 476060
 189087
 417051
 116158
 333103
 216950
 128486
 425925
 382106
 371428
 444444
 279874
 366404
 311999
 370153
 148457
 102459
 123588
 223218
 438206
 239361
 398531
 344354
 407745
 267605
 469469
 378020
 423340
 266963
 386877
 394923
 308889
 69303
 284074
 421446
 269784
 16260
 12062
 253346
 376066
 207450
 479025
 406328
 444933
 366227
 145349
 59218
 314309
 89757
 393157
 302451
 222312
 437064
 203767
 315066
 143312
 33560
 132469
 405862
 25699
 335046
 89865
 258153
 497461
 491762
 110802
 125571
 148614
 432071
 93457
 168841
 346698
 70334
 220390
 465828
 117691
 141768
 38732
 309376
 328674
 430189
 36126
 419812
 218205
 477522
 5054
 281324
 280332
 29523
 117888
 409236
 202039
 87310
 232511
 96705
 67178
 164150
 448901
 86956
 443036
 66771
 17429
 250512
 494036
 442379
 451971
 81733
 374436
 269899
 420884
 142866
 274272
 35586
 495761
 64635
 384864
 550
 405268
 85054
 22315
 330271
 66695
 101748
 329913
 448098
 482250
 15360
 415182
 92922
 221876
 2120
 273913
 306476
 98493
 431050
 364122
 213008
 223728
 472699
 24763
 428560
 144185
 393625
 79728
 204081
 353479
 128420
 242386
 179803
 209908
 414044
 412501
 139134
 407134
 131454
 346249
 406659
 232933
 103092
 421052
 246059
 470968
 329505
 326502
 79149
 489797
 347008
 102299
 353830
 149298
 68682
 123366
 42884
 261934
 198776
 111319
 10310
 202401
 155779
 235199
 246722
 315457
 95689
 87654
 422508
 106358
 166208
 319230
 252106
 441721
 472646
 179915
 378408
 298816
 446017
 459846
 146081
 10622
 419399
 470809
 162583
 9358
 496531
 304005
 462370
 327982
 422137
 25340
 427122
 147049
 457929
 304819
 424563
 45912
 461651
 181495
 59114
 403247
 91326
 41818
 86867
 134812
 442216
 228827
 470303
 476556
 130995
 66314
 23529
 138394
 102774
 470787
 450260
 35810
 358413
 430668
 170060
 208429
 12378
 296420
 177857
 62003
 288884
 189322
 348819
 61014
 275918
 489033
 271437
 299399
 287598
 249933
 331366
 284688
 124310
 447932
 367997
 171707
 213585
 65041
 237928
 38852
 10052
 396551
 237359
 432307
 12153
 240956
 474025
 315839
 335694
 375858
 144006
 310185
 444399
 459664
 301202
 351553
 354053
 205608
 85855
 446122
 204195
 435393
 116861
 73344
 266572
 457561
 2426
 96997
 79795
 18782
 62244
 217619
 39690
 293016
 376292
 355721
 275670
 44371
 336687
 131476
 499932
 9602
 224467
 138885
 377404
 487143
 158906
 498019
 372964
 299426
 82875
 98330
 41644
 197425
 