1860
 9987
 7315
 8436
 7576
 8988
 5662
 7098
 4961
 2145
 7395
 4598
 9784
 9872
 3817
 4143
 7269
 2691
 4986
 2841
 1026
 3718
 415
 2452
 8991
 7333
 8667
 4749
 3892
 9392
 1681
 4619
 605
 4276
 5965
 8723
 325
 8099
 2279
 9134
 4862
 9389
 4389
 6857
 6325
 1953
 987
 9375
 2539
 1248
 995
 9993
 3525
 9010
 8587
 3583
 9273
 3427
 2953
 3490
 4775
 3798
 2226
 3758
 5739
 9286
 4203
 6363
 5796
 8205
 1268
 227
 2733
 9906
 5405
 5535
 3292
 4750
 2075
 1028
 9287
 8998
 2370
 6248
 6589
 6344
 128
 2663
 6990
 7540
 5927
 8431
 2202
 9018
 7995
 8845
 7139
 3317
 3086
 4162
 