767003
 811385
 822626
 399153
 688013
 408669
 393124
 32537
 788020
 412158
 119472
 594594
 470829
 975149
 69690
 185273
 281132
 560171
 511079
 554216
 559383
 371742
 243109
 945195
 988516
 526436
 626517
 956965
 539143
 208576
 464526
 784009
 667755
 770550
 922098
 901626
 118387
 314757
 774357
 921863
 196643
 693773
 850667
 38569
 772502
 40905
 415602
 27496
 549746
 644026
 413166
 110786
 284462
 962736
 28350
 925941
 851202
 152595
 118251
 368251
 85227
 804205
 150485
 501363
 236917
 112213
 780146
 49394
 757403
 687192
 229114
 698886
 879647
 406958
 274087
 779271
 694452
 676703
 939068
 534706
 539667
 122449
 87413
 237720
 866666
 774975
 277036
 375144
 39156
 78294
 668593
 494704
 957983
 580908
 94853
 541794
 791576
 598902
 585769
 563862
 866295
 832339
 569002
 390607
 819805
 274160
 448169
 968224
 823658
 131757
 491783
 26739
 688803
 349648
 747354
 857664
 966382
 833333
 962735
 194978
 309473
 54466
 25628
 546398
 310518
 553929
 478661
 487188
 122046
 524722
 488964
 433632
 655707
 915872
 508154
 486075
 400630
 10174
 840694
 740127
 608247
 404083
 946793
 966162
 835851
 302946
 429792
 190140
 597328
 817906
 667071
 156259
 474962
 625668
 758555
 466410
 111647
 911200
 694227
 799803
 418011
 240615
 741404
 852676
 297320
 184848
 400053
 111216
 403575
 395348
 998461
 49733
 401059
 964249
 742644
 463242
 147540
 707665
 355194
 355694
 610815
 778135
 272958
 529411
 298178
 216813
 871637
 591981
 516011
 185003
 762788
 924578
 953584
 443952
 973489
 332083
 64551
 961432
 249135
 229894
 730316
 918367
 90005
 643274
 807668
 672186
 823946
 5954
 497832
 6038
 101821
 502654
 545211
 630346
 52279
 87182
 215438
 437914
 486579
 169325
 573489
 92564
 848681
 464743
 273604
 717695
 325214
 413295
 417989
 163209
 295011
 721867
 935450
 941349
 998266
 916449
 91696
 480188
 506690
 90166
 290743
 740772
 539549
 120704
 714509
 551316
 352479
 272999
 588026
 790274
 930609
 657722
 816267
 474829
 612177
 607761
 452910
 693202
 366434
 826397
 241774
 605805
 379310
 405588
 604061
 645727
 408856
 850845
 506999
 450776
 611774
 564831
 779189
 112865
 706512
 568345
 314594
 244362
 735195
 429701
 486718
 356807
 719854
 4410
 651272
 445890
 817139
 610027
 124207
 773279
 713433
 56017
 44855
 61958
 184310
 888246
 288998
 286273
 419350
 136450
 513353
 573034
 828548
 717053
 868062
 41259
 456904
 345457
 424883
 430769
 212702
 330975
 721893
 78439
 166916
 586124
 229592
 457972
 497731
 219819
 153554
 877854
 760449
 699013
 91934
 743876
 457492
 133724
 258921
 761850
 410915
 377007
 753414
 972134
 756845
 585214
 106417
 343211
 34324
 384031
 495978
 320112
 657124
 689029
 604214
 287038
 0
 410885
 785114
 461386
 386056
 133496
 860928
 649320
 859986
 493625
 830010
 622861
 189485
 239737
 265783
 291038
 860941
 566534
 64765
 52424
 2737
 104660
 392864
 257905
 949708
 507555
 97478
 998731
 769842
 60790
 655689
 669927
 716061
 33747
 266256
 98509
 856452
 597845
 973065
 150140
 933158
 94878
 180953
 58342
 752286
 945753
 773448
 269892
 909730
 477104
 826584
 969365
 592321
 608303
 472579
 467439
 649228
 919456
 61398
 546106
 36859
 414772
 436705
 714194
 749798
 516226
 576462
 367128
 732561
 538262
 302564
 521059
 652334
 245629
 303370
 132310
 979516
 840578
 283775
 580236
 950
 283544
 87045
 776379
 283582
 896758
 29849
 766511
 305843
 779391
 910327
 656804
 574398
 467796
 266477
 9756
 481478
 556719
 159373
 781182
 379613
 281303
 771693
 384334
 234877
 800492
 103920
 666723
 211606
 413281
 643797
 382916
 520917
 322693
 759972
 750029
 613138
 934603
 484511
 773668
 289959
 24654
 787234
 143789
 511278
 199878
 437689
 693177
 998623
 422740
 507573
 492013
 309484
 590340
 777777
 801641
 616600
 514048
 377358
 580683
 635878
 414655
 984591
 539047
 34314
 448577
 41245
 157783
 694241
 198173
 462353
 553969
 678560
 764847
 144372
 890496
 293867
 45849
 142410
 882852
 243283
 932634
 856949
 949509
 417998
 769429
 753781
 277168
 653807
 589213
 877551
 521465
 804674
 436099
 204530
 303906
 752066
 555170
 616865
 488393
 786521
 320652
 500559
 624418
 842105
 117988
 238863
 652520
 713951
 242181
 42201
 713412
 522286
 5912
 441340
 373490
 922220
 436816
 609780
 808988
 340013
 740847
 86867
 145251
 627174
 516147
 9217
 346724
 801728
 328929
 980640
 547627
 296650
 330112
 548507
 987951
 187873
 570423
 751637
 693273
 295938
 475403
 14012
 272597
 674780
 622941
 838905
 988095
 487804
 424318
 861610
 705160
 109820
 345213
 638441
 616140
 433952
 534267
 972041
 80888
 965768
 948354
 954966
 437927
 916268
 295235
 976138
 327889
 891785
 847978
 981756
 11553
 929603
 134414
 12838
 472912
 752408
 658005
 387291
 907439
 736230
 886962
 191434
 275980
 471908
 603222
 931917
 38767
 758625
 93864
 375367
 342899
 871566
 593525
 664739
 9676
 300585
 926552
 773654
 354419
 537132
 786997
 889875
 714076
 324174
 636499
 391944
 591037
 525266
 367332
 555482
 651652
 19088
 897072
 189899
 197809
 978032
 588865
 965206
 279265
 981384
 735364
 423228
 91009
 764712
 679245
 206897
 287668
 487479
 936429
 666666
 121807
 751351
 471867
 424460
 871017
 152705
 999073
 707306
 914285
 262105
 67688
 487647
 580169
 526335
 186931
 676932
 858642
 670818
 672855
 783068
 898274
 416765
 81328
 176211
 559297
 174531
 813322
 419716
 565304
 684554
 342465
 588956
 964417
 1982
 577991
 501245
 719107
 915802
 917243
 571032
 256403
 452237
 34482
 316796
 55597
 757865
 543413
 336712
 408654
 960472
 855181
 164862
 930543
 392516
 439642
 298902
 335898
 143629
 393608
 116276
 336324
 781796
 648596
 988040
 626140
 134171
 28214
 787296
 52981
 433208
 144570
 205730
 602432
 595409
 118725
 133896
 190697
 220642
 262213
 471089
 868425
 322712
 889309
 39543
 422538
 686898
 176953
 928523
 222168
 49994
 168232
 493547
 891012
 603979
 800642
 656224
 355719
 743383
 944715
 26474
 62173
 30222
 163030
 452250
 179593
 688170
 396293
 444293
 432432
 246619
 986183
 777101
 288380
 715700
 342813
 961954
 900471
 1404
 881051
 630136
 230021
 38602
 876857
 266492
 234928
 887226
 455710
 303187
 323045
 528709
 20796
 413382
 135996
 947368
 284893
 30150
 806269
 419697
 248226
 748556
 765614
 987437
 794749
 283726
 24448
 867145
 665866
 969498
 123555
 236804
 530155
 879518
 12390
 340489
 144856
 627579
 28628
 119924
 500059
 906172
 781374
 302521
 710691
 834146
 119460
 69198
 25545
 636119
 456701
 889040
 839743
 300848
 279556
 757628
 296679
 641827
 964736
 37137
 771623
 225806
 37073
 764912
 719815
 87877
 795910
 671551
 834031
 742233
 311363
 219276
 938525
 913242
 333882
 587224
 770851
 821138
 369247
 896998
 434311
 119229
 709146
 290240
 993812
 977225
 293026
 599022
 908819
 869956
 322556
 709078
 186181
 516994
 337787
 386487
 425576
 901491
 533538
 937156
 14277
 796315
 878487
 172258
 355418
 108781
 876631
 938321
 455064
 367731
 23269
 501574
 533218
 681837
 759961
 201611
 568600
 133128
 906763
 481012
 579615
 595752
 708256
 473955
 528257
 230730
 114492
 996571
 179990
 382923
 472006
 923670
 984538
 897959
 440878
 644000
 679787
 747092
 138966
 583419
 612632
 27268
 131593
 86570
 371359
 876106
 153360
 358401
 578326
 635575
 202542
 199384
 255319
 294847
 938879
 641652
 168234
 767863
 117049
 809903
 296528
 11691
 943894
 474723
 128064
 724068
 149270
 409010
 185185
 593127
 78191
 984710
 507508
 510491
 928140
 834393
 846685
 87362
 350253
 625848
 568697
 541069
 337400
 970935
 978292
 812182
 312741
 714285
 267515
 440506
 624330
 492348
 538243
 555377
 622565
 317386
 678658
 181474
 429951
 119138
 559683
 247211
 416266
 760562
 845287
 494238
 844789
 726360
 458525
 686361
 519470
 819529
 833452
 61913
 387518
 637681
 320712
 183608
 123634
 650314
 182537
 701133
 989744
 763320
 874734
 139255
 611752
 473642
 996861
 730720
 419451
 26731
 273404
 391103
 11857
 425854
 48487
 966650
 847372
 860564
 414778
 425499
 614602
 181349
 670807
 413148
 90909
 413821
 116021
 790732
 579121
 290048
 804484
 901670
 44154
 867095
 310438
 112643
 498115
 808362
 577290
 256040
 350221
 500159
 240381
 692035
 77471
 7841
 168917
 382811
 313932
 707078
 930689
 625593
 206664
 610441
 889458
 681792
 11831
 783396
 28125
 121408
 571955
 9765
 683993
 354021
 279168
 880074
 379787
 615942
 632258
 823307
 905090
 226563
 50605
 926965
 254163
 226259
 123285
 63371
 443758
 238213
 322957
 341171
 384352
 644028
 809040
 575699
 742825
 568864
 548448
 504234
 174525
 122870
 500330
 487536
 461275
 712278
 763146
 869468
 849875
 38875
 308056
 855850
 486095
 859421
 317909
 371723
 988831
 28571
 329471
 305683
 371298
 251129
 667044
 201228
 735564
 413070
 924468
 163371
 574763
 612492
 154548
 932050
 163482
 297028
 114314
 815258
 338853
 386048
 45125
 328403
 730621
 126747
 921718
 309692
 353897
 208121
 656923
 679098
 763216
 616890
 130921
 162294
 494857
 876456
 373414
 988179
 787261
 227093
 947164
 340003
 157979
 814344
 264311
 706814
 539687
 861075
 386619
 307008
 800540
 925445
 974705
 656795
 766209
 729538
 827041
 171528
 761857
 317376
 5044
 324207
 788678
 534279
 463314
 85701
 848696
 617584
 41850
 827710
 293905
 300968
 647516
 767582
 814545
 145499
 474100
 123919
 590131
 595171
 478764
 433053
 111041
 294510
 339876
 49635
 955166
 799128
 60758
 451041
 966869
 556457
 587839
 371864
 716295
 684417
 98039
 306272
 349970
 764472
 251857
 77655
 380738
 644005
 445269
 244269
 151650
 474768
 843237
 39018
 820535
 835656
 994368
 553714
 279353
 752887
 408848
 936452
 566037
 390899
 787099
 311292
 676184
 38138
 726502
 948717
 916478
 701728
 326215
 290820
 338304
 422253
 988736
 196111
 206674
 36379
 875635
 894325
 82203
 768079
 507200
 867701
 997549
 635984
 621239
 634529
 698461
 969748
 920357
 546381
 692508
 654115
 603037
 699359
 247940
 283886
 103410
 525773
 326786
 140726
 229286
 228408
 729922
 870830
 466042
 638316
 351129
 400291
 16363
 660122
 42217
 242605
 783921
 547378
 832636
 427131
 545770
 544962
 138868
 588153
 412698
 894798
 609562
 75179
 951324
 871673
 671174
 119622
 143108
 434604
 954474
 910821
 450495
 673451
 446162
 914034
 734584
 44709
 548973
 991710
 457849
 485131
 812455
 835774
 450491
 813522
 767441
 539492
 853438
 252148
 657594
 193202
 837927
 768994
 319789
 425086
 992900
 282751
 661064
 358222
 758799
 774550
 249763
 890012
 142638
 619448
 214967
 774643
 51760
 132196
 86455
 552017
 519894
 615599
 629181
 683954
 395920
 789885
 892767
 68024
 512130
 303859
 10882
 28295
 808667
 645125
 67368
 107212
 559193
 882790
 531505
 725866
 789894
 421701
 59056
 982365
 894925
 780548
 475521
 986220
 929445
 193805
 23406
 86876
 523932
 749845
 831089
 130661
 907534
 105413
 145611
 743819
 756596
 84510
 248546
 448275
 632025
 126041
 798295
 538054
 49209
 709439
 341176
 573785
 889149
 126305
 887678
 389198
 39271
 287314
 228804
 436853
 105141
 317517
 628792
 274714
 822652
 174565
 215809
 519154
 762122
 667072
 317162
 213400
 782421
 847852
 182976
 753416
 23569
 648050
 380716
 397515
 906797
 929560
 605365
 974850
 665653
 368015
 515686
 840262
 598479
 87113
 566395
 63699
 762087
 357287
 304746
 152514
 85352
 166727
 909796
 692731
 93895
 200229
 685761
 207885
 702990
 504373
 332842
 143897
 76111
 956793
 688460
 542288
 676616
 394300
 470279
 893796
 482816
 500912
 792368
 517786
 395870
 145776
 2632
 268759
 786110
 686176
 938263
 411764
 912638
 410729
 256900
 715055
 95819
 651631
 540084
 860158
 785405
 617833
 103678
 323065
 35100
 179937
 233324
 859140
 481021
 6531
 563279
 172774
 613023
 173161
 535197
 798554
 616550
 607530
 593761
 557895
 280000
 185057
 902066
 765678
 999244
 132804
 24734
 704377
 3639
 735849
 942925
 191307
 389887
 839871
 132360
 600577
 254998
 916372
 71174
 420352
 699658
 302325
 742995
 548417
 903125
 5386
 886486
 744733
 555874
 657618
 79551
 784004
 335468
 796514
 513237
 912880
 301997
 846758
 898633
 693001
 329228
 449046
 354366
 472118
 638771
 567173
 457877
 275398
 735231
 181727
 77366
 664040
 315520
 545767
 151381
 19801
 637927
 724755
 319386
 656111
 639360
 428571
 171997
 194145
 342493
 58165
 461538
 723852
 694363
 420361
 697517
 686773
 393939
 989655
 607407
 659845
 111435
 272114
 685285
 282754
 186174
 601931
 58899
 589823
 645066
 596046
 311745
 242879
 913412
 818008
 664567
 16127
 141628
 666258
 988221
 569327
 390404
 437745
 121309
 469484
 865181
 585522
 750951
 556485
 279650
 545470
 831059
 743785
 101295
 330016
 588184
 536755
 319081
 326666
 409475
 498085
 168691
 318948
 920505
 432773
 27897
 722959
 841903
 841995
 187500
 813008
 343837
 70349
 446208
 913190
 823091
 608959
 490330
 936867
 407521
 348286
 646350
 546110
 500675
 765341
 352145
 497041
 738668
 624812
 43641
 212087
 680233
 623050
 237226
 802634
 159620
 67731
 487674
 297609
 859776
 570635
 866628
 462651
 333051
 676842
 930153
 967672
 467914
 987770
 558426
 636413
 884757
 611008
 943735
 106921
 713010
 687411
 423094
 624246
 421404
 137864
 890539
 389253
 521546
 611667
 266412
 176367
 274689
 614285
 527985
 869879
 965960
 198245
 667754
 514888
 636800
 791107
 538899
 919915
 688167
 324642
 417460
 22591
 797199
 231871
 194557
 984526
 238057
 695278
 233943
 709528
 755254
 421953
 988599
 992413
 212394
 523511
 972919
 236596
 557599
 384636
 458444
 876747
 355514
 895139
 290415
 248566
 817326
 426787
 877226
 838692
 332021
 468053
 377339
 990472
 410342
 947085
 203859
 711038
 110932
 195560
 554031
 474801
 299521
 52478
 598952
 990619
 550181
 139875
 172178
 434122
 808657
 259325
 579306
 558811
 118724
 670561
 402622
 268074
 386430
 862559
 114752
 20457
 265356
 240837
 791093
 747104
 610163
 801374
 126769
 969144
 140214
 740531
 476568
 337663
 893700
 310950
 97830
 207708
 829952
 582207
 934433
 299106
 299125
 960060
 840577
 764879
 500428
 312474
 323816
 71694
 211665
 487544
 238171
 584666
 128457
 219792
 251748
 366862
 231095
 728155
 427850
 197657
 140337
 626177
 342888
 58471
 178494
 889858
 8484
 629000
 501904
 671005
 950222
 886144
 603798
 170377
 638894
 39555
 57989
 160145
 65274
 185261
 239496
 699926
 85322
 67394
 9163
 538563
 982709
 734996
 724743
 864033
 779119
 441957
 387292
 34956
 982526
 210921
 46226
 614605
 703635
 718808
 198475
 585564
 866561
 6869
 565537
 438957
 980678
 687204
 826990
 493125
 740356
 256747
 103358
 143116
 41881
 159036
 950197
 205846
 957357
 426292
 425507
 824854
 253901
 145097
 532226
 52422
 564196
 933537
 895332
 895583
 376517
 531129
 418043
 884929
 589522
 363404
 379704
 9162
 409012
 554343
 269999
 749517
 613562
 764024
 438046
 227413
 306507
 268118
 310
 267078
 837164
 994722
 55956
 900118
 318863
 26766
 905334
 188223
 788416
 723653
 194350
 35928
 122185
 563324
 627822
 347368
 457617
 67176
 261637
 852340
 589059
 50215
 346363
 649465
 809116
 486830
 641314
 580671
 180179
 827529
 365844
 554280
 925074
 32258
 727843
 686276
 814687
 937173
 353550
 172699
 739240
 275987
 882368
 269285
 860203
 508692
 485557
 181270
 492557
 778644
 866092
 606774
 847822
 935802
 855812
 10948
 443864
 624421
 921507
 716674
 571190
 467064
 200628
 39050
 671939
 635632
 94422
 197744
 803268
 794081
 131818
 479905
 301518
 837941
 16252
 618946
 402998
 488562
 873415
 210150
 707070
 686548
 168985
 786777
 111826
 631933
 229320
 106324
 792120
 266366
 61728
 991835
 295891
 267201
 96648
 152385
 609413
 819073
 495523
 699756
 199591
 809575
 559999
 651951
 623512
 555152
 282627
 405859
 987216
 846676
 80118
 884259
 554398
 712289
 950773
 719214
 874408
 213633
 855298
 421236
 605993
 510580
 930693
 110792
 740669
 768240
 655555
 426666
 260382
 864794
 8256
 659361
 71655
 512004
 896130
 98641
 793575
 138804
 569852
 836734
 316828
 786278
 904250
 409262
 749970
 253092
 44866
 188253
 286018
 32684
 332313
 939393
 601790
 478206
 595458
 607594
 344406
 423921
 654968
 637141
 745882
 576507
 729924
 552412
 985939
 887757
 192323
 981957
 561011
 955947
 864482
 82592
 624126
 168093
 486225
 562411
 664754
 999066
 301044
 578644
 524654
 172475
 524335
 407986
 201981
 481762
 52024
 752768
 335473
 179993
 413180
 262993
 849494
 572482
 621651
 709872
 276948
 47553
 20717
 389867
 371337
 977292
 941714
 911823
 133668
 235471
 739920
 263222
 918531
 313561
 406521
 14235
 431293
 497810
 36727
 991816
 865208
 736884
 121313
 558954
 939672
 744221
 89559
 314885
 198304
 775701
 643153
 65987
 801353
 877534
 710745
 45264
 244094
 75388
 560821
 883911
 716196
 34499
 617500
 776275
 298124
 746781
 616358
 98218
 888888
 900412
 973333
 306826
 28178
 926553
 127275
 936908
 121039
 641706
 597758
 658478
 795792
 878245
 38774
 789890
 574709
 326877
 893941
 944980
 506342
 245820
 367342
 309134
 687623
 743238
 868732
 626266
 486330
 964202
 730891
 458379
 914549
 444628
 998634
 649685
 327182
 771597
 411663
 104765
 215482
 546899
 432631
 290009
 899950
 107973
 60952
 409499
 302702
 100472
 495610
 14584
 544996
 698138
 518773
 193039
 559891
 901544
 861753
 610367
 727265
 526208
 520835
 640805
 687054
 659225
 985026
 92910
 727267
 821508
 38128
 237041
 603600
 860640
 203659
 516094
 768916
 813543
 736059
 201273
 654908
 693128
 919980
 17324
 384176
 966646
 350284
 554140
 156574
 169370
 621635
 111669
 410626
 475193
 330457
 436028
 788588
 235597
 25772
 494856
 965378
 488052
 975649
 967624
 351224
 624160
 120956
 508550
 8321
 104646
 812296
 880856
 216240
 441897
 314599
 16857
 940498
 123103
 936984
 559869
 329100
 186709
 462429
 226205
 622072
 185871
 823570
 257105
 690052
 842261
 239118
 117854
 820889
 783730
 482902
 761992
 574348
 285140
 210084
 823940
 194780
 547363
 832965
 896784
 983596
 206243
 225372
 908883
 949273
 788952
 3293
 551658
 191851
 299052
 356842
 598137
 979526
 862533
 83399
 463127
 202176
 84197
 87732
 123286
 951999
 645093
 103874
 992212
 216929
 125326
 225524
 921953
 242009
 62055
 788701
 848773
 496976
 872496
 125948
 338926
 476477
 378236
 645399
 242713
 32264
 999567
 66964
 203022
 712864
 834869
 819
 709835
 398496
 926990
 979851
 337925
 240549
 743362
 513365
 253273
 42434
 834326
 33895
 969495
 278952
 567090
 346661
 572543
 179695
 437435
 933143
 731128
 324442
 867300
 111227
 693500
 862107
 58232
 43408
 47925
 730702
 537315
 674517
 253723
 354838
 849789
 708301
 352875
 469218
 796506
 109203
 752948
 200045
 463016
 652866
 331541
 467341
 576484
 879457
 415434
 990791
 953871
 846850
 910485
 863423
 431309
 443930
 362990
 55033
 74941
 820579
 307624
 288351
 362702
 718569
 535449
 784250
 424815
 194905
 96096
 495488
 693724
 288915
 951616
 329655
 118264
 440250
 10470
 202952
 834043
 195488
 122796
 499197
 39474
 2480
 492531
 206998
 659047
 12345
 291932
 117556
 961558
 393250
 529040
 842553
 322888
 691979
 256601
 15566
 229391
 186778
 363190
 530940
 204597
 921641
 972655
 673212
 26720
 663527
 35005
 631895
 681483
 529365
 893320
 57062
 188189
 596156
 176818
 674766
 185692
 956178
 202401
 365505
 710832
 239631
 68606
 708086
 593232
 933227
 79059
 972652
 491787
 152307
 753152
 561099
 54718
 117150
 31417
 32027
 314273
 814432
 80788
 808038
 911270
 387090
 766980
 925771
 835922
 781147
 46422
 857591
 105953
 373647
 364743
 715117
 596994
 312151
 64731
 456451
 92130
 325288
 573826
 435447
 633064
 495749
 158171
 250429
 938138
 225424
 474066
 439710
 907950
 700742
 184560
 701781
 295724
 453400
 535700
 724907
 765543
 54081
 889199
 599726
 249769
 253748
 568685
 465117
 994990
 205980
 808660
 54494
 698821
 154115
 521844
 250671
 500188
 837430
 168388
 248859
 737413
 649496
 45151
 802469
 668409
 375328
 970195
 462852
 314775
 628826
 851328
 440852
 705401
 360771
 443347
 878048
 691611
 185770
 512433
 383477
 798728
 618590
 103527
 682020
 755018
 640293
 991023
 339411
 954956
 218263
 541041
 901744
 356955
 545524
 895588
 453511
 215538
 847469
 784535
 408239
 298269
 805093
 721859
 493522
 646766
 406307
 466078
 895154
 144858
 758372
 595414
 785949
 343600
 823997
 87815
 246045
 578664
 245945
 811004
 676597
 979847
 455049
 139412
 697139
 310003
 340677
 613042
 317085
 334853
 333333
 42424
 879130
 540127
 392611
 864000
 445813
 849559
 153854
 772658
 768594
 693455
 176744
 434111
 209221
 425784
 11918
 16194
 120643
 942251
 823113
 628361
 745903
 898276
 179573
 433561
 651112
 563465
 481840
 637839
 426724
 585817
 975438
 641707
 3120
 890268
 262210
 940552
 371672
 731905
 781722
 84272
 353663
 644425
 600363
 300493
 965839
 58397
 677156
 466996
 568534
 976662
 89700
 284635
 300371
 76812
 133596
 623697
 852902
 497511
 819796
 375723
 523284
 286836
 561276
 975238
 663194
 248705
 943797
 221845
 425842
 164580
 426263
 329499
 555172
 135999
 905578
 728133
 207190
 539788
 609994
 658173
 793903
 897248
 994030
 505135
 983303
 112963
 697607
 867428
 17059
 27020
 567360
 788594
 299685
 456819
 555197
 235008
 437012
 680822
 747126
 514937
 42754
 603909
 348574
 263226
 307692
 470955
 197894
 157181
 303548
 156719
 785425
 415971
 499225
 826698
 689158
 478698
 357382
 42485
 134906
 360499
 317176
 238938
 671235
 102877
 371326
 816438
 250969
 27376
 9658
 704506
 632733
 139520
 634223
 107461
 779639
 997547
 135223
 634942
 112599
 527936
 574321
 896578
 865512
 480362
 679972
 313328
 931691
 265670
 770491
 151789
 322306
 680020
 370444
 496121
 312101
 640167
 196721
 968171
 221585
 524214
 83545
 197939
 799139
 406018
 388109
 973585
 889596
 595473
 601125
 772125
 380662
 196500
 645293
 436431
 30571
 58690
 265138
 496997
 513485
 339953
 592374
 419842
 394477
 553015
 532223
 179622
 267076
 808384
 880433
 263565
 538364
 341499
 688869
 259331
 575806
 528965
 459317
 558333
 33978
 382608
 309480
 31496
 799810
 140014
 9059
 460410
 299221
 951778
 304973
 922350
 987230
 813471
 462490
 575390
 80017
 196581
 888785
 11827
 201575
 919708
 943137
 984156
 731460
 741471
 263072
 925111
 662887
 132108
 119964
 365902
 158734
 931471
 579845
 636363
 195013
 493996
 510104
 741877
 868397
 700619
 14409
 763453
 690373
 98765
 261261
 883805
 493405
 997514
 57549
 647562
 134328
 725957
 236288
 779104
 110930
 240000
 787345
 436723
 417559
 284192
 285165
 526280
 386617
 312471
 541698
 217415
 151169
 180821
 785062
 107528
 673747
 755950
 595224
 196327
 943562
 674830
 711633
 787387
 29729
 610019
 746858
 754341
 227751
 123696
 272587
 397103
 394437
 514905
 707970
 900774
 604986
 960135
 287804
 415300
 697353
 306605
 177513
 656206
 270106
 723945
 730706
 968422
 41217
 500000
 857702
 177359
 775386
 119772
 12159
 599384
 195252
 900442
 178820
 64735
 918491
 316770
 848816
 725650
 781250
 746905
 889763
 63454
 477286
 816456
 778075
 132137
 28456
 966202
 118345
 334842
 803806
 745140
 950660
 423918
 697954
 952151
 826103
 656144
 172249
 616892
 585961
 602605
 520842
 311621
 24725
 300369
 155108
 436175
 264433
 660964
 241438
 347621
 354305
 40074
 838830
 286045
 192912
 227015
 629458
 65134
 850207
 252364
 933333
 488921
 89751
 635368
 714479
 845299
 379720
 262171
 991465
 926034
 828818
 349506
 167891
 555689
 894647
 413071
 507284
 502591
 918336
 251371
 7808
 188254
 433604
 235935
 992369
 152637
 958373
 514199
 719643
 108251
 815869
 232606
 914733
 668745
 570804
 166435
 266757
 933351
 829572
 691609
 393198
 99421
 82991
 86705
 802690
 477626
 35652
 659906
 239388
 78764
 404360
 386138
 40086
 362471
 387049
 419006
 326126
 836688
 482758
 590199
 510379
 776102
 907777
 669479
 466565
 526232
 855309
 510127
 25467
 314614
 842547
 932013
 899626
 373540
 667194
 804704
 928845
 86106
 580057
 932427
 969696
 675540
 699673
 843601
 601775
 340882
 956729
 661802
 708716
 806917
 980503
 73011
 797340
 288489
 217290
 749469
 510703
 169933
 408699
 225333
 558189
 804757
 594337
 216025
 138805
 198717
 458599
 555440
 499062
 164451
 42470
 156223
 524558
 962319
 854467
 136252
 541592
 657657
 543924
 772094
 998983
 204024
 610282
 111667
 941642
 113982
 291642
 969730
 691815
 668830
 649173
 986597
 467412
 898484
 791111
 936811
 733672
 760801
 26203
 126314
 346628
 786511
 167814
 865508
 881998
 212489
 745677
 340125
 958701
 444713
 670623
 639132
 348371
 177121
 601671
 185603
 700519
 268139
 386889
 507984
 306827
 749397
 100672
 707785
 344908
 673186
 534028
 331094
 697234
 260680
 152606
 583990
 685346
 931414
 800808
 762393
 647482
 921409
 314571
 430299
 507628
 668195
 280071
 844697
 521228
 313840
 518725
 495410
 818586
 361422
 87211
 999168
 528221
 14576
 382978
 961281
 137197
 623096
 459396
 723473
 525150
 214310
 386743
 843223
 25975
 360279
 984356
 652173
 234779
 165311
 536987
 653531
 618597
 133151
 471479
 425713
 367425
 724587
 878341
 435696
 324847
 641279
 284193
 697356
 537313
 485460
 817571
 56299
 5643
 830512
 711453
 172536
 201011
 100387
 919911
 259640
 267486
 924686
 161835
 320298
 922486
 346122
 651323
 549267
 503686
 549629
 712405
 384473
 642749
 836938
 456397
 307292
 553542
 291027
 959060
 332959
 980364
 38825
 890814
 918117
 711504
 869334
 388746
 991416
 964224
 175738
 732667
 546368
 744904
 218689
 563910
 303397
 106395
 398032
 423620
 302903
 889899
 514660
 596790
 960347
 942287
 253412
 217078
 367075
 994248
 595467
 693391
 635113
 528271
 745085
 54690
 353148
 719063
 50580
 108103
 151755
 456026
 588573
 276488
 282737
 660595
 79087
 934131
 55533
 944156
 518518
 468959
 146121
 868002
 28100
 446903
 264269
 454940
 153663
 560354
 216685
 916989
 269908
 759547
 839678
 312900
 691299
 53417
 49781
 402294
 676867
 882661
 178962
 849401
 500567
 204301
 526218
 226178
 395470
 231617
 9476
 170214
 378550
 327983
 35444
 815973
 83846
 502434
 896424
 234576
 763669
 939255
 557954
 149150
 114439
 868071
 389554
 246405
 220810
 202324
 613067
 809615
 565255
 471165
 454297
 433155
 776283
 547079
 25856
 239991
 407773
 596574
 616033
 631578
 336933
 301535
 651090
 626303
 517875
 767540
 120751
 642867
 20957
 859376
 553191
 898776
 708659
 114695
 866969
 861644
 394969
 663670
 745053
 304365
 474719
 440366
 616322
 78038
 135615
 361240
 251865
 613623
 223806
 204553
 391240
 768545
 631292
 87303
 521223
 80066
 941208
 212399
 264006
 151056
 803905
 204570
 510078
 292457
 135808
 317243
 328600
 793429
 374142
 402679
 829905
 922821
 963746
 25775
 463687
 53774
 29282
 533424
 167004
 703889
 301366
 782944
 936494
 356050
 76552
 597487
 877595
 383485
 710514
 10845
 913025
 343368
 391265
 270281
 83844
 26068
 791452
 799619
 752013
 11394
 157591
 350997
 431298
 439040
 904210
 772053
 792772
 114662
 713609
 129653
 532897
 410635
 106804
 403100
 770263
 851690
 80104
 920805
 720320
 582852
 863263
 571428
 279465
 871533
 503188
 186928
 614192
 723404
 969885
 6612
 192549
 803872
 703074
 452736
 804142
 255516
 654548
 99474
 289567
 570644
 36588
 908222
 15162
 490718
 642569
 753736
 423619
 569531
 121212
 764846
 75043
 801827
 583771
 795770
 898808
 246397
 313916
 187270
 978460
 433163
 22820
 370588
 295335
 877584
 890469
 452067
 625189
 766256
 49608
 638646
 52947
 352835
 127145
 955741
 688664
 710772
 37159
 239443
 489873
 632701
 46052
 259173
 321829
 649217
 897268
 653929
 234862
 929421
 821695
 475833
 599515
 966373
 413333
 398324
 870784
 218602
 151854
 454724
 219552
 391253
 232844
 831990
 580050
 42989
 361116
 298833
 299544
 967279
 604441
 142050
 621503
 523035
 838198
 179767
 507537
 308731
 211080
 697086
 411816
 680050
 915847
 580616
 171758
 278241
 565231
 984653
 67618
 222919
 582142
 21268
 399722
 906332
 758437
 997678
 417519
 44226
 809261
 824430
 307824
 170779
 168027
 423732
 255447
 239430
 938904
 793103
 186479
 245851
 686639
 317390
 166666
 228043
 575426
 692510
 603236
 751591
 325479
 663055
 892999
 570520
 238935
 386055
 903759
 976712
 954806
 114471
 924582
 830308
 504909
 623844
 169941
 423555
 786259
 342909
 123090
 433171
 263202
 605575
 713814
 879564
 564278
 825997
 832943
 369005
 393134
 426888
 178838
 648262
 767719
 823746
 986866
 804081
 14320
 7736
 257452
 517739
 238054
 878207
 957175
 776297
 813233
 797538
 686035
 928001
 788410
 96038
 453080
 141284
 913271
 530096
 838759
 292145
 114718
 112623
 433721
 609877
 946675
 891046
 359999
 155274
 657863
 38742
 148228
 861390
 635958
 285329
 399300
 482072
 620682
 293506
 167781
 24972
 773299
 866950
 92592
 541303
 726125
 720555
 626291
 921568
 150255
 482590
 607938
 400135
 665870
 39819
 199802
 651257
 991886
 364296
 29421
 415505
 167541
 347332
 446871
 430534
 729444
 138427
 225036
 226590
 490757
 659072
 440295
 958464
 151806
 307517
 659745
 71672
 405425
 590492
 808028
 967866
 72498
 610351
 206524
 716169
 503214
 764422
 972097
 30251
 45540
 364367
 973641
 754846
 710103
 951574
 934469
 711459
 432919
 944516
 36662
 426050
 450980
 815678
 377842
 498826
 902116
 160192
 383966
 94692
 942499
 523860
 312483
 258299
 351717
 876580
 819541
 440072
 486442
 39306
 734102
 83579
 727761
 623753
 195824
 782437
 652275
 203875
 201050
 836413
 880829
 913924
 293677
 793989
 577415
 621309
 991944
 964317
 749922
 927531
 627130
 152417
 125418
 992907
 372430
 413692
 905483
 732166
 963913
 580092
 419220
 433628
 665561
 467769
 951343
 413674
 13812
 501253
 54064
 690441
 124955
 143244
 602882
 820456
 650656
 64473
 337291
 263229
 141558
 64149
 251820
 175530
 604106
 461229
 340713
 314314
 726190
 892674
 427798
 438035
 545820
 58900
 356060
 974139
 503592
 414296
 184662
 866252
 997798
 748743
 31793
 285944
 802047
 204884
 573383
 965188
 83919
 886202
 803927
 246211
 540106
 489392
 94991
 858729
 709767
 184393
 624271
 701119
 944206
 879966
 362701
 490440
 557099
 237640
 67194
 375330
 398230
 376222
 452786
 509166
 649957
 122375
 990497
 650417
 695290
 789388
 301455
 486767
 699251
 853850
 482447
 854321
 677682
 207349
 700766
 60390
 708819
 375464
 884320
 611491
 180220
 193780
 334859
 539605
 443609
 131389
 648004
 509454
 870858
 902296
 171948
 707234
 31021
 726935
 522509
 6924
 713543
 788104
 409734
 804776
 787939
 622277
 326562
 651579
 111412
 601137
 635344
 796975
 819519
 735656
 154320
 273829
 994235
 931122
 435936
 508746
 680007
 131257
 387624
 789268
 701058
 44784
 32289
 898415
 308681
 697375
 452807
 699135
 233938
 426057
 316680
 966895
 263830
 482724
 511717
 997845
 89816
 744249
 79365
 875464
 309341
 740154
 174057
 213864
 682828
 736207
 731072
 229535
 229642
 375072
 19249
 100140
 766421
 141908
 380281
 78110
 552629
 259390
 374900
 494656
 745183
 424917
 420680
 131033
 282540
 867924
 513070
 229803
 646196
 509419
 593796
 720786
 297882
 294987
 195952
 514915
 728358
 365258
 707527
 234356
 113910
 723394
 321288
 746014
 230135
 299963
 556140
 849120
 365361
 939902
 450148
 559161
 157474
 866705
 273471
 382962
 663663
 72148
 397333
 108423
 110794
 906986
 684215
 801547
 57674
 100431
 864073
 292924
 538887
 178626
 831643
 663098
 665287
 228325
 825868
 722277
 236376
 112253
 184524
 182908
 402403
 116340
 68033
 376209
 155580
 100678
 617534
 155857
 962199
 873212
 669475
 574479
 977673
 18209
 367015
 624985
 201113
 353189
 381344
 657260
 317213
 216520
 602901
 195581
 734471
 697291
 740671
 786243
 503987
 834502
 861857
 720890
 193603
 886342
 71026
 928680
 620492
 474959
 250645
 756156
 262859
 132905
 79239
 789066
 388196
 136476
 455894
 154614
 972380
 485291
 237623
 61108
 452300
 526581
 831314
 244700
 19421
 266003
 699439
 300898
 856832
 922381
 309969
 615435
 769369
 647820
 699905
 79412
 304846
 786580
 944763
 127179
 13103
 38430
 953846
 7323
 527070
 455451
 192472
 671243
 418379
 572159
 173773
 197992
 628844
 507115
 821968
 55618
 352308
 15368
 239550
 191032
 527207
 972927
 524487
 112475
 340101
 259530
 628845
 834778
 469754
 508394
 234734
 196337
 704453
 810378
 949874
 313842
 773714
 58890
 454523
 214658
 899529
 60224
 961548
 328785
 476664
 286930
 751175
 665735
 127122
 845380
 124644
 936406
 726742
 263018
 323345
 492004
 709475
 664796
 462681
 494684
 150755
 123121
 418444
 556365
 743589
 225582
 921872
 688758
 906250
 325614
 335704
 892944
 136706
 914923
 938924
 429142
 535255
 502041
 75272
 120699
 705613
 423885
 458333
 75673
 402340
 414389
 714207
 947487
 543589
 587878
 192975
 663157
 511888
 824091
 617886
 512321
 709355
 648601
 64935
 9416
 257896
 20081
 990115
 218402
 945419
 148319
 798889
 655640
 899554
 119264
 474447
 32820
 980265
 177528
 965251
 518304
 250846
 805094
 559463
 167001
 937062
 881493
 996388
 872107
 927612
 281161
 576033
 450987
 204873
 549197
 873341
 143923
 432273
 453027
 76858
 359388
 647887
 164960
 299191
 213219
 150576
 312319
 760836
 325029
 582216
 906603
 624839
 348576
 703454
 444386
 901315
 78691
 5764
 38552
 999090
 595112
 136965
 330851
 599977
 20257
 211641
 262714
 58885
 253164
 714229
 73183
 689951
 56700
 494504
 800238
 264687
 875220
 973635
 401932
 236935
 488083
 739716
 882270
 561363
 642201
 232580
 263087
 146377
 233766
 842998
 969456
 834289
 4957
 710009
 655358
 827381
 656081
 555040
 130408
 101253
 543350
 25704
 253752
 208187
 198429
 612345
 312500
 599535
 855397
 166565
 412793
 35118
 240258
 741103
 931952
 621004
 882238
 412187
 660204
 966636
 212618
 14006
 22818
 12441
 394121
 649396
 430017
 546355
 519048
 244759
 877859
 34406
 875941
 736714
 904223
 322033
 809350
 458743
 20541
 498397
 137334
 546905
 817179
 556441
 575663
 356652
 662231
 61417
 926968
 868493
 443674
 401236
 890758
 378233
 451668
 396451
 349892
 284050
 704445
 128078
 229496
 703199
 4736
 215602
 525835
 88881
 250535
 801429
 831944
 350051
 988370
 659522
 10695
 70142
 214271
 63577
 610338
 276421
 271206
 663482
 213497
 933660
 503713
 2425
 299831
 439709
 908838
 381642
 719491
 345311
 514870
 191325
 553499
 852747
 353402
 621797
 258644
 940274
 827001
 141255
 854595
 694032
 384407
 920282
 615293
 758171
 252100
 595839
 323258
 195460
 995471
 137302
 520520
 964897
 30956
 615519
 576894
 446823
 322036
 619352
 34907
 29375
 331611
 918164
 804683
 848192
 883355
 191223
 304964
 310061
 683336
 318712
 119533
 921258
 643527
 878260
 670103
 248337
 471610
 65126
 368843
 46808
 175381
 704268
 855791
 721679
 152134
 591732
 959431
 57673
 860259
 262931
 324835
 985559
 650822
 974730
 697157
 273517
 871109
 553154
 787781
 431712
 56660
 456635
 811908
 506435
 868435
 756168
 312849
 536026
 350145
 686919
 920197
 567254
 573165
 873730
 135453
 657855
 644905
 19354
 562676
 44247
 526566
 161113
 925110
 574841
 662016
 168831
 95428
 665033
 574078
 550335
 683257
 94354
 185086
 559322
 366176
 577349
 966718
 143976
 307206
 380655
 911213
 772285
 454990
 681498
 576937
 463247
 169889
 970550
 995708
 622260
 994341
 962996
 123123
 588041
 31271
 805486
 944352
 117875
 370906
 738101
 677402
 831681
 142142
 655168
 450250
 844226
 158675
 994780
 2384
 656990
 841230
 860884
 18656
 834190
 247996
 91017
 686637
 555560
 651037
 939815
 101543
 154206
 606965
 251183
 585534
 449553
 58300
 263349
 878777
 818058
 322986
 375057
 805883
 643952
 635367
 255014
 948186
 311338
 75558
 84090
 691553
 697321
 889400
 34205
 568304
 18300
 317769
 123552
 316168
 753216
 10825
 129302
 956283
 432760
 66177
 709957
 124938
 631419
 474887
 119292
 473536
 726793
 649006
 630174
 160784
 728576
 238263
 988772
 795982
 636126
 660594
 88111
 190802
 264322
 281375
 537475
 289779
 813228
 810873
 373821
 753846
 238145
 15525
 253118
 104452
 851403
 397493
 669434
 866259
 781506
 525456
 668584
 810806
 124740
 965517
 734704
 368114
 606934
 81784
 716632
 660731
 766851
 67262
 832370
 918343
 307122
 278065
 288297
 319058
 753482
 267585
 893537
 997487
 731367
 255776
 22872
 543955
 491377
 431761
 711999
 774308
 661016
 41569
 491525
 421487
 622464
 549442
 18443
 975764
 752983
 425272
 374123
 135519
 300330
 581042
 270669
 344103
 512106
 73426
 954039
 47620
 300027
 477573
 103609
 403243
 33926
 58475
 498654
 618943
 53989
 595660
 264323
 115527
 990753
 286277
 124928
 658767
 826464
 529178
 568564
 776711
 904933
 235204
 125813
 765928
 687
 354895
 512615
 646239
 915806
 417806
 902216
 379713
 55280
 845288
 66899
 593999
 894531
 572453
 964935
 459370
 313459
 784713
 629570
 205047
 154958
 638382
 159606
 158273
 582725
 827254
 696987
 711841
 227315
 473562
 762225
 838107
 541181
 773031
 876282
 170288
 305045
 574654
 280856
 81336
 884742
 37711
 792818
 254481
 114132
 206184
 737296
 211005
 321995
 108813
 534117
 550376
 422966
 517147
 233923
 769652
 521646
 751566
 874396
 598053
 580340
 622507
 28514
 597002
 295720
 600112
 903369
 811223
 961330
 629070
 368756
 134330
 453755
 526486
 107092
 727398
 435029
 613168
 511908
 210838
 102247
 865275
 263611
 294785
 224130
 708607
 134436
 605932
 582728
 267450
 874830
 528682
 441542
 27132
 925866
 2489
 281765
 350199
 164319
 707946
 544810
 420564
 489120
 154639
 589642
 420261
 868033
 855022
 911290
 766290
 901082
 656179
 839168
 149863
 65613
 29131
 108166
 933120
 955307
 216911
 533557
 612188
 185264
 800000
 622548
 904317
 587409
 343994
 991665
 729095
 767244
 602441
 136829
 233542
 584532
 334840
 661631
 990123
 186814
 536681
 678450
 818535
 101763
 343495
 673582
 705175
 962412
 973997
 322476
 680579
 637015
 536840
 914914
 443002
 65618
 687603
 176911
 365614
 451224
 248499
 736434
 461924
 469895
 127098
 54566
 577554
 46314
 561480
 589114
 159334
 53137
 475483
 246759
 493836
 404406
 496493
 206563
 438960
 301587
 226710
 904436
 976615
 660273
 992541
 39535
 36363
 14336
 991486
 766965
 456896
 208787
 927667
 745222
 497449
 372803
 905311
 426131
 80921
 947306
 83563
 509010
 537572
 318084
 488564
 345406
 960773
 664036
 918971
 795067
 379990
 115199
 439882
 892004
 68060
 1311
 827056
 692311
 294440
 81501
 13129
 619955
 26025
 133777
 119971
 27027
 416993
 161128
 757725
 370697
 173183
 885284
 839694
 569895
 856783
 154757
 705202
 630134
 361487
 649600
 240068
 712272
 339535
 749829
 78423
 153815
 661978
 816358
 531047
 820163
 231926
 978768
 436313
 554533
 708352
 561328
 701655
 498190
 504585
 222360
 748123
 778005
 627308
 148894
 493053
 234891
 790823
 419709
 617304
 262468
 64098
 783575
 742262
 782057
 977879
 329623
 505709
 853095
 723614
 441281
 987641
 381878
 339298
 321492
 173222
 358897
 255926
 893336
 968101
 978856
 482868
 821322
 827347
 112682
 98990
 349272
 274861
 931174
 266320
 827466
 286962
 151965
 33532
 506295
 127912
 767224
 363827
 204325
 776193
 756075
 944662
 786372
 382674
 660082
 823210
 78374
 200797
 235909
 987687
 189374
 437860
 823216
 675599
 172767
 26486
 221824
 9236
 162146
 198110
 680431
 26783
 220489
 126198
 551952
 353027
 6020
 22933
 371967
 332737
 589512
 112240
 965996
 551749
 642187
 275770
 792876
 57361
 962600
 259630
 339288
 903867
 720067
 836324
 55913
 277057
 175413
 642377
 435430
 880794
 77520
 821142
 310146
 563832
 38479
 911989
 408717
 160812
 906599
 2299
 439734
 170343
 467820
 553398
 906900
 588076
 346470
 815173
 152970
 125868
 8490
 885445
 827956
 781798
 929138
 778124
 321622
 179452
 348555
 892221
 438851
 696750
 703743
 312455
 87964
 393258
 269851
 638982
 832579
 743552
 663573
 815591
 639183
 353881
 196482
 79855
 586750
 66818
 192842
 460433
 699075
 124994
 218576
 800689
 900335
 1186
 116578
 412994
 672564
 57043
 310621
 73550
 566644
 75168
 352449
 182897
 290907
 969206
 58243
 83358
 245585
 334198
 376759
 463097
 736633
 475208
 222582
 312361
 932895
 485166
 67939
 236252
 268426
 167264
 29010
 295740
 701854
 916417
 471850
 358936
 655395
 238622
 720352
 420439
 846354
 440993
 679813
 262937
 887518
 794742
 162404
 257299
 194560
 677457
 684075
 638846
 704016
 184523
 589300
 710318
 40266
 79693
 359196
 20477
 324838
 517509
 983459
 660333
 721111
 538477
 430077
 546024
 982296
 585274
 239828
 86141
 319012
 644795
 581040
 47554
 848331
 12278
 937883
 300134
 94233
 383977
 195175
 722684
 853420
 796391
 28931
 312906
 438935
 101952
 406242
 208017
 276140
 592384
 290115
 463672
 466967
 817217
 726839
 521923
 989660
 171212
 220187
 220666
 809717
 378475
 323205
 191204
 276677
 278571
 58522
 415213
 718520
 235713
 857269
 885449
 774694
 226696
 634985
 870008
 397106
 828742
 40268
 635239
 718907
 538520
 453271
 926650
 563362
 901335
 870361
 423376
 425731
 544125
 844534
 556728
 669635
 936775
 331376
 172413
 617737
 192017
 348147
 12134
 791262
 431180
 779221
 412482
 543396
 971295
 52443
 628037
 733964
 655607
 574284
 336457
 832260
 628992
 583887
 376429
 567347
 165821
 409993
 995045
 765596
 289855
 287325
 460624
 16319
 628061
 876588
 31843
 357482
 320626
 21470
 993239
 587854
 193702
 306082
 91722
 827847
 291526
 535102
 316222
 61779
 550307
 1246
 552331
 292042
 455412
 628619
 222222
 176633
 714492
 939849
 882004
 118606
 367632
 811610
 381914
 789898
 36269
 260427
 567265
 808669
 365829
 448777
 911885
 881043
 610993
 611320
 22083
 915017
 687367
 612955
 428107
 255203
 762233
 575270
 77890
 624561
 703857
 520412
 208621
 721663
 437004
 385745
 179801
 108903
 11606
 529580
 188405
 549800
 328484
 747927
 59297
 592345
 984572
 788753
 7668
 699546
 282497
 700840
 929973
 125223
 628231
 637080
 256146
 551120
 788835
 631285
 536995
 115629
 210267
 429805
 138001
 440377
 641565
 243962
 29110
 483698
 625197
 284536
 131206
 981242
 954579
 246163
 541656
 568434
 899968
 294803
 292204
 621940
 711377
 936594
 235142
 897101
 216319
 250670
 823796
 343776
 464503
 50775
 288588
 929089
 702580
 676458
 663314
 128312
 728966
 255632
 395612
 165929
 666937
 687968
 938371
 213793
 602830
 832978
 398402
 7770
 528055
 400806
 886494
 805010
 87434
 735082
 285084
 480158
 299253
 448374
 208987
 643206
 763651
 895324
 862746
 512797
 296296
 797052
 967381
 289435
 824563
 929512
 534934
 316973
 626826
 31759
 766402
 70804
 371876
 620817
 299664
 250782
 273614
 363131
 752017
 50203
 348479
 4453
 272361
 847899
 746955
 418621
 533401
 956443
 732860
 315854
 85106
 866334
 301175
 806591
 917737
 823994
 464428
 934581
 523675
 123965
 289558
 992561
 729071
 39696
 190476
 965774
 725450
 206514
 639319
 603851
 589484
 149824
 314811
 729107
 918199
 661967
 374814
 6114
 808528
 841318
 942640
 620635
 143073
 397475
 952583
 644293
 274899
 844678
 586592
 408341
 362798
 738207
 883325
 804983
 899586
 132786
 189503
 694317
 583661
 532548
 637026
 566508
 836757
 330473
 452331
 444987
 909090
 922955
 466071
 96184
 767806
 522116
 234455
 526662
 356809
 210113
 28599
 464493
 994593
 264255
 795063
 804397
 754292
 914804
 525793
 867829
 782852
 404677
 628193
 394199
 53708
 913695
 746831
 214530
 603601
 379959
 97024
 94098
 362748
 200632
 349433
 781990
 43469
 341597
 139851
 780585
 455250
 130980
 85234
 835205
 63089
 858559
 721766
 695740
 546993
 842824
 802271
 335037
 90854
 779538
 113114
 934117
 516353
 962178
 88137
 678098
 933581
 468615
 140845
 620179
 922923
 280403
 830452
 188457
 485130
 819941
 361194
 281585
 343217
 431871
 185158
 937597
 243777
 413853
 692488
 235991
 488828
 487870
 814484
 293649
 433154
 623542
 476464
 876527
 675469
 119261
 721088
 915102
 227980
 268857
 207323
 688922
 692473
 715928
 274066
 617188
 815307
 575113
 857947
 595744
 924148
 77539
 259668
 236084
 753568
 661513
 687435
 362643
 504065
 86354
 334391
 113522
 205374
 500976
 747278
 525665
 5481
 610093
 698640
 626673
 967918
 221374
 41982
 354512
 336159
 986670
 771184
 222471
 867749
 386808
 312002
 86882
 420701
 24975
 179193
 76260
 340963
 534522
 66416
 920892
 345323
 787307
 952865
 347925
 935575
 794721
 783943
 695355
 694886
 301187
 54450
 802040
 172684
 219858
 651233
 694566
 174731
 79257
 305539
 591098
 58412
 260366
 922377
 492289
 71958
 265493
 717877
 860395
 961275
 787151
 903981
 252670
 582332
 824142
 735747
 942009
 611501
 919748
 268608
 963265
 554752
 495213
 913259
 319080
 390780
 967241
 957317
 312806
 59125
 588596
 400625
 230769
 848945
 797452
 351667
 428214
 48240
 261955
 702908
 628235
 995378
 298691
 771965
 400311
 743715
 264850
 699890
 372447
 893691
 214740
 549171
 622436
 402194
 547068
 884353
 346958
 662737
 159362
 458952
 318987
 26912
 923197
 738137
 575626
 814249
 169668
 547731
 78020
 295758
 223081
 319064
 884955
 487216
 197487
 764927
 795028
 419370
 895405
 694136
 870028
 751117
 598826
 591386
 408057
 70635
 345958
 136103
 684960
 936362
 70460
 547047
 637039
 942086
 187511
 610486
 931150
 137211
 421848
 593220
 332146
 320008
 352954
 162162
 324894
 501997
 396601
 300505
 355745
 848074
 253936
 506644
 90812
 399288
 753681
 326102
 929855
 105597
 572151
 92100
 999647
 680907
 703823
 961048
 501149
 551224
 78062
 114462
 413583
 490057
 861751
 210916
 912560
 531253
 110814
 192546
 601542
 769580
 92030
 464276
 275530
 240092
 784208
 594283
 618565
 890664
 621827
 235356
 628737
 389319
 430167
 813371
 96122
 689762
 576836
 137040
 340144
 552835
 799202
 611313
 300746
 826067
 621879
 972819
 443423
 40705
 926760
 463217
 131867
 240883
 214604
 987367
 264999
 240911
 12679
 917489
 605389
 620787
 203862
 357181
 812089
 583254
 566177
 961832
 541984
 356390
 573420
 759617
 834609
 633356
 561809
 357576
 890303
 469841
 396923
 457298
 772464
 499204
 630368
 197233
 764830
 85336
 392332
 889082
 869193
 294248
 491960
 713746
 987678
 340011
 21999
 774368
 689112
 359301
 393382
 213389
 633777
 245180
 672581
 726311
 413787
 87944
 387430
 492631
 543692
 199999
 431280
 390129
 825212
 381318
 896156
 160306
 107830
 494260
 340764
 753136
 816480
 839799
 228756
 559961
 508092
 46556
 968926
 151232
 137888
 909968
 692421
 282128
 511861
 70141
 718349
 99999
 202258
 127652
 118663
 356129
 206027
 91162
 887021
 751214
 84840
 116129
 176721
 390448
 123612
 710680
 536904
 153642
 587830
 815569
 163758
 827762
 684131
 313493
 111351
 924789
 157465
 390467
 840162
 399381
 20026
 657285
 392701
 45680
 560427
 644262
 778556
 255766
 710059
 352018
 539792
 290839
 584940
 818613
 901273
 88095
 772371
 817167
 462664
 471647
 366360
 656759
 920966
 446708
 579158
 878896
 890772
 11819
 510389
 914940
 749741
 169050
 257200
 241936
 76792
 958882
 932551
 794375
 428242
 981315
 774623
 837613
 206211
 781836
 563434
 847391
 336610
 541006
 593763
 713201
 347404
 721735
 4184
 583547
 922641
 352095
 498710
 316935
 797324
 753454
 575744
 725696
 66011
 788921
 648220
 142886
 613411
 884852
 902344
 668542
 561249
 787834
 450549
 137186
 546233
 846272
 31137
 286442
 38656
 859452
 328027
 273790
 151500
 647969
 668205
 709180
 497964
 741463
 120913
 84743
 846359
 875743
 860785
 827426
 994892
 377332
 988465
 653780
 296394
 533455
 801166
 203493
 3462
 585669
 251794
 612858
 729064
 45142
 638471
 697537
 900709
 524525
 856164
 900249
 624909
 914406
 402957
 506947
 373209
 662522
 366150
 878215
 506358
 877239
 49959
 527870
 708910
 113314
 906091
 201721
 882485
 155687
 448695
 599999
 570764
 361814
 922691
 46192
 230181
 538729
 534165
 450704
 941093
 782675
 860224
 503605
 936794
 180322
 76360
 132268
 118285
 936679
 395273
 610113
 737683
 221936
 805576
 437591
 558026
 751979
 408329
 706182
 846499
 448133
 639620
 879002
 752395
 881100
 27827
 19047
 805854
 828709
 357021
 125092
 888233
 747567
 208198
 563784
 132473
 121849
 960040
 978984
 918083
 406993
 528976
 567799
 356893
 177876
 324989
 991603
 624132
 808452
 754188
 468224
 251667
 600988
 92792
 650266
 545911
 669663
 719656
 800118
 269550
 46978
 748935
 826047
 471544
 31250
 914248
 865988
 364885
 346386
 490621
 585737
 55966
 907389
 434442
 596915
 287406
 188911
 774391
 247371
 932567
 83006
 993688
 904565
 489844
 302782
 142701
 634787
 784777
 970308
 73974
 142715
 835616
 531204
 703127
 77192
 281022
 247999
 234308
 726006
 119676
 227836
 735075
 369155
 24323
 801864
 34722
 252681
 302649
 688151
 808454
 512977
 716523
 355790
 136518
 446042
 4899
 674096
 50191
 926770
 271542
 929157
 490464
 941342
 22094
 859284
 479429
 781225
 524372
 221576
 380701
 512159
 999554
 701332
 61692
 728469
 747330
 401433
 367465
 313083
 430018
 491647
 796552
 536742
 542056
 110066
 244619
 492918
 187658
 486872
 791951
 972934
 118172
 180663
 130733
 974658
 497027
 577522
 262696
 181348
 491289
 276458
 121054
 19241
 892478
 957392
 516050
 607900
 440485
 354198
 532620
 221702
 610164
 756255
 877303
 807049
 62957
 959710
 227658
 139298
 124835
 993120
 991006
 833323
 11733
 41055
 392169
 331810
 406451
 789792
 416457
 134559
 381283
 227431
 794948
 205054
 800159
 492108
 941288
 956409
 894736
 229691
 798764
 177168
 31309
 28640
 192727
 408060
 731013
 227444
 446356
 4633
 905857
 705767
 912889
 140134
 967126
 856108
 531112
 990952
 642578
 13010
 341383
 80766
 78213
 879934
 486761
 92371
 229728
 347197
 889798
 898197
 696745
 269077
 455347
 268502
 828825
 669144
 472727
 84175
 549966
 943206
 456692
 2603
 77250
 960993
 299269
 776112
 718563
 755825
 148348
 994153
 852243
 542692
 449429
 502876
 886387
 511811
 312346
 847988
 704339
 194640
 557779
 170624
 270129
 890052
 745508
 238183
 762140
 971471
 71508
 911098
 3436
 544787
 834752
 182415
 82577
 613907
 612941
 708581
 980305
 354670
 780360
 835400
 269737
 735843
 127957
 347953
 352314
 495558
 178339
 137096
 58758
 919660
 954224
 949705
 482515
 959731
 886525
 997045
 536682
 730090
 677904
 240740
 820590
 211039
 355316
 154573
 794350
 870967
 729498
 912379
 866173
 688186
 691743
 12487
 27893
 747252
 751861
 246166
 318592
 881325
 54850
 418430
 76997
 628995
 481333
 760021
 718190
 551959
 907330
 518681
 303995
 620736
 508315
 298777
 28212
 528741
 393700
 724534
 640098
 769230
 595178
 171450
 255178
 399541
 487373
 135073
 749716
 559276
 201589
 323139
 146906
 294484
 509189
 618690
 267519
 938058
 324650
 5343
 935268
 596500
 763252
 664643
 991869
 603442
 655055
 84174
 309571
 533738
 747168
 99862
 692268
 236483
 578686
 660194
 671906
 415221
 251167
 700048
 976339
 276529
 736894
 55335
 201585
 641079
 309298
 822342
 302255
 272318
 650914
 86364
 459195
 780028
 541388
 500863
 344023
 298572
 397184
 267564
 414204
 953243
 252514
 506951
 850427
 350880
 466040
 493795
 78571
 410501
 347452
 920980
 368135
 520746
 896553
 590163
 663228
 513031
 473956
 303727
 921943
 396805
 374452
 987281
 58461
 21895
 848517
 411598
 781707
 105429
 308512
 562698
 830911
 561181
 515318
 724527
 926116
 931497
 996681
 193010
 662898
 782950
 356427
 257374
 843782
 946727
 226092
 139824
 275426
 340404
 215097
 502109
 156538
 483312
 582202
 810500
 981652
 673151
 100401
 708335
 856691
 775143
 82355
 994536
 367205
 242798
 62418
 760702
 37274
 160456
 882343
 103155
 771756
 131208
 483257
 399853
 890670
 111716
 799772
 989776
 651396
 423728
 83814
 758797
 675991
 339103
 911393
 856294
 649979
 442876
 222152
 772975
 289681
 772478
 303225
 575869
 246478
 960660
 481795
 3201
 422009
 421741
 607561
 889358
 619118
 759172
 692307
 722023
 147698
 321790
 484732
 802908
 698128
 529760
 983214
 498980
 627666
 265282
 331759
 307889
 632058
 137536
 483534
 234189
 903974
 757247
 906158
 32473
 192702
 484336
 910116
 30149
 117024
 430232
 354077
 946276
 145898
 268228
 998970
 376271
 848172
 67885
 429957
 623386
 574178
 435870
 184688
 87945
 49879
 87652
 539703
 153232
 17726
 241136
 791760
 564237
 240637
 71394
 673579
 679138
 305099
 863402
 358227
 798586
 561310
 932130
 987654
 129649
 310180
 798624
 431669
 694573
 969738
 197255
 124621
 189993
 725576
 204384
 913931
 964946
 958993
 144001
 324553
 515243
 887608
 522124
 870748
 555555
 758054
 536955
 473994
 130676
 296041
 56237
 884393
 12395
 139450
 412406
 393603
 886611
 962962
 896678
 361030
 214689
 52100
 910203
 829424
 70408
 216891
 112736
 124053
 313294
 588695
 675740
 625623
 274561
 167043
 998297
 228414
 634098
 524734
 275528
 313191
 865041
 544225
 709097
 79111
 621081
 42250
 912106
 283340
 424390
 431490
 503772
 374288
 161315
 134400
 754500
 642988
 922728
 47619
 377424
 937052
 934902
 349730
 332899
 137652
 970666
 415882
 792752
 838131
 393294
 672167
 630276
 711542
 881129
 41230
 285371
 133072
 968253
 945046
 236309
 167724
 232082
 184609
 810871
 676292
 822476
 196418
 716685
 471323
 407446
 568454
 840321
 846625
 154402
 440560
 457253
 127947
 493893
 389356
 957663
 21474
 39200
 616679
 963454
 766123
 393988
 619447
 469087
 634613
 811648
 705024
 522918
 304125
 261502
 947335
 366174
 89226
 513153
 313070
 785674
 549830
 20918
 16646
 103448
 192105
 882634
 577482
 639455
 597384
 50021
 705149
 291518
 774914
 811429
 518571
 306021
 31926
 156355
 361385
 649717
 362173
 244498
 604446
 546178
 613555
 934794
 34333
 701624
 616844
 912520
 655037
 628898
 662658
 524810
 220781
 224963
 248884
 623665
 310079
 378436
 276306
 559375
 913251
 905062
 902550
 459816
 284601
 425979
 284102
 928716
 260745
 607763
 507244
 260703
 922581
 864111
 646898
 382810
 588337
 114736
 539588
 990954
 671043
 781658
 379709
 305210
 509095
 309517
 581622
 303289
 212771
 631896
 354810
 467114
 463655
 687315
 54549
 587511
 273502
 821304
 243806
 63186
 70749
 741237
 464372
 633826
 466130
 444866
 918380
 406626
 697513
 78154
 978702
 71435
 10359
 477880
 62740
 799608
 716782
 118594
 842943
 333901
 637583
 739736
 248845
 880009
 224749
 854700
 319145
 4485
 510818
 994139
 727661
 822274
 397818
 731558
 554233
 561103
 808507
 220031
 810011
 720000
 649508
 11028
 837894
 946951
 175251
 448978
 696113
 284698
 938806
 600614
 932012
 436079
 224646
 756457
 735093
 648019
 334913
 267166
 206192
 187660
 51972
 717046
 363630
 611820
 517434
 147393
 904273
 690609
 701244
 706405
 655765
 889283
 617706
 891872
 920969
 868876
 102431
 247893
 279557
 23430
 49942
 437500
 330271
 128990
 428078
 255653
 309485
 479764
 442970
 606779
 814813
 516473
 339184
 323942
 986586
 25641
 131508
 506622
 363408
 203763
 962864
 10040
 281853
 63075
 755085
 736118
 249462
 124748
 637972
 742364
 455407
 851851
 242796
 862973
 938489
 557651
 440271
 57225
 740334
 343580
 833234
 302067
 129464
 735185
 674153
 743909
 67623
 958934
 829021
 104110
 856515
 623080
 870234
 141697
 498159
 822362
 401355
 461042
 966871
 784485
 293023
 181360
 305172
 391994
 801980
 501773
 877064
 624398
 7190
 158056
 136054
 896739
 942532
 384913
 920823
 967420
 58589
 236168
 542663
 952932
 407693
 79985
 780089
 929036
 201218
 530720
 523068
 483721
 229063
 699830
 1496
 809641
 887713
 435649
 161685
 894903
 52511
 156414
 524472
 789984
 475480
 849693
 386536
 105836
 689118
 247240
 90589
 786161
 280839
 292786
 388888
 47591
 570192
 974204
 661764
 903403
 336212
 174180
 552517
 364250
 761703
 131059
 179358
 688740
 252217
 481138
 237528
 771057
 328847
 650336
 964325
 906422
 426827
 420880
 15341
 817550
 880204
 214177
 595085
 548344
 172901
 105609
 901782
 824949
 923076
 762267
 363541
 682926
 289593
 524980
 810061
 80001
 385800
 581825
 7504
 159149
 930667
 6173
 685130
 622126
 105804
 249124
 396350
 228442
 478882
 915323
 625264
 54532
 234569
 556937
 562389
 596791
 225932
 866242
 648089
 706363
 307165
 859671
 832217
 759004
 541674
 468438
 292376
 33917
 608665
 114982
 947115
 825545
 282776
 44523
 668266
 258369
 16586
 237958
 211792
 42816
 531686
 959999
 543859
 998746
 150418
 247041
 734631
 100399
 83819
 416040
 153374
 948060
 972872
 133756
 845365
 132770
 419774
 301981
 576844
 302260
 897822
 471016
 566192
 97159
 608445
 972064
 612197
 205882
 237665
 321739
 12207
 331149
 326805
 291881
 11364
 34423
 569251
 616381
 393038
 131487
 230900
 708525
 778708
 977174
 314387
 491100
 46707
 990027
 552895
 627737
 959794
 58833
 795660
 586164
 979661
 638711
 595990
 674844
 677914
 486842
 287319
 530435
 310123
 419627
 48784
 409274
 276475
 841675
 533333
 26093
 603608
 158914
 558397
 242941
 219429
 220791
 327836
 161904
 291025
 276151
 961918
 374508
 678831
 560527
 525239
 281243
 209331
 486943
 593339
 113674
 826175
 717273
 117797
 103863
 533118
 353571
 437892
 470790
 799900
 81219
 568539
 946761
 728210
 515351
 793872
 858238
 906717
 598273
 91439
 119114
 768058
 293706
 880508
 539240
 175988
 484851
 755108
 266947
 110779
 926782
 570611
 840512
 743338
 976958
 76537
 138191
 906606
 909868
 692355
 751203
 310848
 143718
 966855
 598071
 661410
 951295
 975544
 447158
 834180
 313996
 490069
 113708
 667661
 824773
 824789
 245009
 705876
 544284
 844838
 684246
 279514
 519100
 943168
 458191
 370684
 162710
 691975
 291968
 379836
 697180
 417818
 550526
 881722
 969072
 624680
 804322
 575866
 923725
 675908
 60792
 313620
 43478
 301530
 491691
 327229
 722931
 284011
 529141
 425835
 7485
 323342
 120573
 688556
 196233
 617014
 850974
 516531
 487883
 399341
 834806
 681033
 710370
 663414
 684083
 212772
 236220
 419692
 867605
 961451
 156665
 106410
 310179
 138463
 160405
 713744
 496836
 589539
 914060
 80675
 640746
 294527
 283362
 175115
 263314
 756282
 210606
 562179
 845245
 91503
 159916
 15083
 49230
 575406
 826879
 607169
 755810
 621083
 294534
 217605
 643923
 44294
 712978
 925488
 113826
 536695
 833016
 133422
 396716
 872272
 327808
 481870
 429510
 952017
 8458
 819487
 284508
 213647
 936603
 36732
 546198
 639410
 271260
 813359
 965827
 578658
 603012
 124512
 366744
 530684
 862216
 470728
 62696
 117463
 850012
 563156
 242324
 346560
 467417
 183805
 718762
 482002
 271399
 143062
 633873
 575451
 733786
 43087
 772992
 227637
 223406
 184073
 709435
 998772
 621809
 869125
 972949
 300825
 621409
 78825
 609020
 942171
 392338
 573757
 953356
 222605
 847913
 180058
 677107
 98108
 387394
 228446
 372633
 468086
 457854
 655550
 439099
 960447
 713526
 500271
 144736
 284529
 391715
 665698
 519814
 890114
 172642
 858899
 966236
 522629
 460603
 692645
 593558
 799409
 958722
 241715
 344172
 838825
 296196
 694531
 908834
 5975
 493019
 286042
 299340
 428246
 728794
 292682
 343769
 921529
 4686
 962676
 158284
 845283
 370542
 185129
 683314
 499718
 40782
 585532
 318423
 88948
 210719
 696526
 69695
 950509
 774690
 930401
 713559
 356321
 648931
 945755
 857142
 855935
 202078
 500640
 399905
 522181
 310803
 897330
 489925
 576494
 22154
 778658
 234899
 322268
 911477
 131310
 933321
 46431
 672644
 288372
 550703
 572740
 893583
 923195
 249270
 91568
 922236
 55057
 773835
 740820
 473375
 507620
 678940
 627204
 940708
 101712
 48434
 12048
 861154
 606000
 369040
 807133
 752152
 137014
 882553
 372945
 509994
 970420
 42348
 858789
 247699
 214169
 658373
 213512
 567871
 935483
 578617
 448063
 921643
 871917
 506818
 543300
 494835
 614548
 786769
 702645
 15650
 146512
 258581
 788555
 574940
 698642
 826015
 817757
 188314
 858348
 877946
 259974
 505261
 895063
 310344
 215614
 710278
 697625
 254841
 59593
 354492
 801411
 46453
 576485
 827139
 633062
 156710
 455101
 289363
 487948
 395036
 310328
 860357
 172090
 195851
 955751
 127813
 310408
 560444
 763683
 495510
 534932
 20215
 936291
 417404
 246351
 232823
 946471
 531960
 443550
 477679
 920124
 227884
 248800
 61507
 599134
 580049
 724137
 997824
 41938
 546021
 65833
 258010
 154939
 805040
 947440
 596711
 681953
 106382
 930635
 397490
 705368
 950946
 75935
 373125
 309698
 730195
 865405
 649446
 564880
 543368
 532481
 43536
 732967
 982390
 281586
 198142
 648153
 655328
 745098
 105967
 131580
 445149
 990705
 456153
 336099
 524532
 51709
 109019
 292040
 844522
 473684
 884517
 364133
 899795
 406939
 211764
 288070
 916928
 679274
 884379
 309865
 615298
 556364
 188990
 286079
 902838
 582917
 678380
 726804
 341539
 453237
 876309
 782567
 310496
 191457
 352272
 880574
 300286
 636636
 998886
 545918
 892348
 774678
 200580
 967259
 503916
 99411
 162205
 43081
 314759
 585545
 654430
 174051
 559617
 766546
 552176
 708321
 133192
 419699
 431356
 400293
 866924
 438787
 546981
 166930
 862456
 618466
 326797
 972110
 933773
 703601
 716601
 907445
 44969
 52013
 154970
 285052
 396461
 238448
 715094
 313630
 745185
 199806
 303010
 192879
 617100
 961086
 382930
 821282
 982282
 212048
 96826
 718534
 517775
 667883
 737151
 710357
 204426
 674605
 504197
 253215
 305570
 715224
 568627
 152017
 182896
 666738
 964401
 1567
 837592
 783364
 280002
 644181
 52813
 132812
 360906
 451949
 58521
 106486
 118569
 511674
 416362
 477315
 831892
 131409
 979190
 140841
 551241
 414255
 614887
 410638
 607476
 120140
 211227
 498316
 888081
 760040
 870452
 313937
 316619
 706039
 720381
 416833
 791487
 52651
 452093
 677563
 49900
 592852
 465071
 393867
 365154
 472140
 203004
 542705
 650030
 412474
 743263
 107991
 663101
 50980
 451483
 94373
 952905
 46573
 222096
 915995
 758492
 3555
 999246
 452437
 193042
 124426
 898919
 49093
 784806
 186272
 912030
 717913
 240886
 490001
 551758
 36130
 345822
 130322
 398484
 308583
 407154
 524036
 1148
 713310
 750204
 826707
 377220
 839366
 967257
 554744
 423503
 924355
 377202
 822855
 882758
 950355
 192756
 928742
 684267
 571405
 907451
 57967
 387145
 146172
 820958
 720652
 394644
 925419
 719056
 385499
 189368
 687028
 680813
 664670
 245551
 592638
 185067
 239728
 691271
 812781
 934975
 77684
 870249
 552853
 638154
 548262
 419598
 186101
 254535
 143872
 105555
 150974
 880915
 961523
 473456
 216763
 839249
 954983
 615550
 454127
 131630
 484313
 207028
 489998
 25074
 797719
 575607
 740659
 282325
 484138
 683260
 638376
 653795
 676121
 37384
 551477
 630832
 22140
 785079
 187201
 44510
 295022
 953815
 216988
 602020
 718910
 861566
 72490
 721940
 59243
 628650
 338250
 32628
 12844
 47169
 277023
 74568
 618528
 7662
 391062
 738374
 300527
 4319
 962268
 823260
 239929
 405709
 350443
 447017
 285617
 275313
 328512
 684419
 376485
 343956
 43109
 211845
 892700
 668233
 587195
 879276
 860056
 716216
 377517
 479552
 949384
 952269
 953666
 650188
 350034
 178579
 850762
 256617
 368421
 550148
 369390
 743834
 193428
 490320
 947159
 782327
 334816
 438950
 523961
 883748
 48324
 175662
 625219
 398373
 127558
 460427
 482511
 894888
 628398
 399787
 743621
 201057
 406982
 433436
 288907
 409163
 126873
 575661
 250840
 782854
 794977
 68181
 697348
 664677
 654633
 434385
 451381
 526994
 642577
 645427
 758347
 13588
 287534
 153713
 592582
 811510
 320954
 247509
 627936
 420993
 776772
 837758
 20019
 21289
 449699
 789224
 390453
 204982
 943980
 130879
 212927
 12145
 7753
 123851
 636952
 202055
 28653
 911435
 791139
 607655
 241560
 30811
 144376
 163014
 657836
 5000
 537462
 845193
 994453
 520140
 333223
 557602
 887943
 373673
 505639
 957390
 212193
 93174
 315662
 362939
 368482
 440726
 409406
 599229
 918992
 601660
 617916
 175312
 4418
 141012
 760752
 129375
 156243
 861249
 702463
 78401
 135020
 802642
 927143
 928606
 909269
 366120
 668158
 516757
 9421
 939205
 820782
 208790
 952303
 691498
 67435
 96963
 709227
 531817
 145391
 51724
 612743
 380910
 877822
 320188
 119367
 645040
 69953
 182015
 383100
 944908
 337479
 989974
 241331
 668780
 218309
 714888
 160583
 191249
 652594
 144397
 43138
 485940
 850920
 987012
 81643
 868901
 205516
 960411
 680196
 138496
 779058
 880595
 941882
 889852
 791263
 273454
 856034
 228732
 938294
 770817
 875995
 469075
 789622
 142852
 870495
 726000
 624972
 755213
 912291
 452728
 309234
 993884
 421790
 444642
 729917
 609167
 730236
 397979
 369858
 914851
 851775
 772487
 777634
 407303
 180323
 454668
 214027
 803617
 384078
 337254
 425994
 664016
 381710
 207410
 89123
 892859
 355237
 986301
 351047
 547303
 471160
 880084
 8356
 177857
 709383
 492043
 171688
 140086
 897080
 618744
 792831
 629596
 257903
 990510
 521978
 686981
 221601
 691927
 237422
 36340
 153697
 758250
 301497
 838820
 738219
 993659
 919863
 828726
 827640
 883485
 16620
 922693
 282367
 142654
 469556
 675269
 616062
 876000
 250689
 177240
 671813
 578549
 541822
 367690
 178756
 801952
 51927
 356505
 627069
 925181
 681972
 413705
 230390
 672366
 821782
 667774
 717497
 313623
 430452
 152826
 536068
 500125
 142835
 383648
 657228
 491989
 473701
 974891
 371910
 701135
 825286
 890277
 785934
 393842
 853289
 755223
 109604
 254403
 680851
 591492
 963020
 667964
 326389
 126887
 447857
 820093
 693163
 571917
 517035
 598546
 964912
 197561
 221770
 674067
 429738
 303821
 772697
 345577
 199245
 609563
 638161
 491394
 820804
 961490
 802325
 93266
 26692
 391371
 717248
 53159
 121632
 832198
 599118
 784390
 577540
 391852
 486545
 990916
 718927
 419460
 943107
 4690
 641597
 819454
 474576
 883439
 656645
 328140
 581349
 161988
 51776
 225749
 808996
 623785
 602270
 72305
 546119
 897348
 392504
 607398
 732544
 246073
 752368
 358672
 351732
 417736
 636674
 893232
 528681
 709712
 168644
 163924
 488829
 192107
 108248
 48673
 926940
 819575
 486928
 434782
 23668
 801670
 465899
 204588
 95238
 99787
 1934
 471910
 676669
 844458
 669506
 581141
 177045
 656934
 581274
 9588
 113060
 416363
 535833
 880800
 294082
 341048
 401826
 429615
 548109
 628062
 65352
 901460
 608734
 791693
 365765
 659811
 880073
 46688
 930143
 203809
 668625
 895735
 92177
 307610
 116234
 467464
 429591
 62082
 651794
 265016
 664188
 506047
 675039
 943245
 921947
 670396
 795269
 925152
 417659
 430010
 906349
 524437
 140581
 668303
 689226
 213834
 20338
 649856
 950728
 132990
 658186
 599530
 374614
 373717
 184470
 88737
 697761
 519163
 644677
 661059
 662274
 488773
 146224
 193174
 444109
 241941
 862071
 164485
 329306
 858651
 919307
 5489
 837578
 511705
 121215
 957942
 611417
 204061
 997863
 689182
 837132
 93996
 440688
 45265
 394805
 977528
 578319
 857332
 88793
 756680
 639438
 293765
 657915
 863330
 986852
 83731
 427441
 975363
 300876
 870373
 733802
 721756
 96374
 889526
 807170
 494327
 338671
 449157
 315118
 39270
 662251
 804286
 107063
 457544
 233044
 730082
 554374
 519543
 971512
 190529
 762835
 117647
 983727
 669211
 563990
 51282
 563030
 695871
 777956
 154200
 992890
 355572
 394895
 302211
 104669
 155343
 663313
 981273
 782615
 555831
 947497
 34227
 760828
 581797
 196819
 929830
 580142
 699613
 772635
 33765
 715199
 944548
 641703
 586754
 237078
 818664
 446390
 395164
 966763
 232876
 856443
 799031
 609270
 331782
 284675
 912524
 515837
 395149
 469761
 90344
 9580
 261896
 895248
 533693
 782792
 984941
 9242
 77746
 851485
 259841
 359381
 822917
 169219
 154158
 24052
 381427
 511230
 96418
 806997
 580297
 96952
 844087
 347074
 53634
 962512
 566205
 966424
 102402
 587514
 851279
 982540
 487475
 13056
 332110
 495430
 565065
 83644
 399234
 321888
 133350
 285470
 162000
 16840
 587284
 712733
 323957
 648239
 431457
 381985
 607808
 446914
 254489
 906790
 236921
 98016
 929286
 114135
 468112
 233391
 649802
 321791
 308795
 83014
 135935
 2348
 822691
 406091
 30876
 275045
 922957
 383651
 205895
 258634
 726294
 198247
 335278
 783273
 135746
 452415
 786367
 398233
 171882
 706544
 735801
 164227
 507301
 884440
 758479
 212186
 139730
 778689
 106673
 516980
 845921
 967737
 11585
 430370
 925971
 961697
 607786
 855912
 115281
 351508
 973172
 785656
 984803
 175412
 352578
 779968
 679584
 928354
 458607
 645555
 491006
 517545
 667702
 188755
 287440
 264929
 531920
 586666
 815809
 748792
 292524
 941307
 195781
 961082
 655183
 535426
 466431
 474766
 568241
 285714
 907649
 415114
 453405
 660473
 853018
 817439
 101373
 312094
 609332
 906820
 903806
 394855
 334049
 710622
 917635
 99898
 699
 821859
 347191
 405826
 352211
 226947
 391730
 802847
 365759
 860000
 947402
 400390
 219639
 571899
 468137
 237237
 639778
 279228
 309218
 496524
 423100
 355085
 369976
 362963
 267417
 657967
 955838
 71597
 570026
 508820
 869214
 652952
 114350
 118712
 975960
 564308
 872893
 620067
 143173
 335186
 84581
 813484
 719365
 39596
 820206
 970107
 801735
 319373
 479438
 641959
 954986
 521681
 776843
 827832
 611905
 332333
 359011
 886178
 499448
 95635
 35497
 900329
 90475
 210210
 370081
 2255
 363746
 399565
 344748
 906168
 904752
 20998
 275858
 896824
 161017
 965578
 9832
 463433
 869761
 610710
 80662
 526155
 698490
 698109
 415774
 517695
 927276
 139643
 756793
 818181
 945765
 522502
 940860
 641025
 345339
 659701
 300732
 381182
 909803
 538207
 990249
 235544
 902463
 49318
 476176
 230508
 610566
 721293
 939527
 761904
 95470
 595439
 826454
 988926
 827068
 433266
 479063
 187654
 59061
 203073
 933063
 292743
 206175
 411302
 727272
 613057
 306401
 590891
 360577
 676360
 967432
 756047
 739421
 651893
 823152
 805200
 814302
 576455
 996307
 596932
 307789
 153784
 765488
 434225
 896829
 752568
 417256
 670972
 571346
 174943
 677745
 871281
 112610
 211245
 451213
 778625
 134268
 737931
 261553
 362070
 578233
 312256
 351931
 300126
 539709
 362527
 882312
 648010
 973555
 983706
 2150
 693074
 269593
 989265
 96151
 929212
 600448
 673461
 616181
 620174
 804325
 815357
 47380
 493068
 807768
 959031
 837022
 930555
 34737
 488061
 428279
 359933
 876737
 132446
 797129
 361421
 654614
 275830
 643949
 326363
 336609
 928406
 22472
 838346
 535664
 351231
 936624
 462351
 459102
 56943
 254901
 466900
 993901
 87469
 654463
 727477
 656694
 545192
 527237
 807673
 637288
 390460
 54583
 681318
 377575
 460173
 96314
 736827
 688964
 306898
 439591
 664934
 816455
 263811
 203865
 132616
 456036
 179030
 368311
 62536
 193650
 964936
 252356
 643869
 503257
 437489
 938953
 532981
 557329
 499321
 745608
 384799
 416149
 334682
 336002
 167092
 6468
 931895
 621541
 546064
 516971
 480000
 682247
 27114
 319376
 727131
 785239
 597333
 665671
 855320
 327787
 126250
 615218
 450051
 493210
 243736
 467805
 200191
 626661
 56003
 751355
 721925
 270461
 4761
 436865
 341776
 393806
 468861
 625899
 130943
 305712
 549198
 714819
 891385
 670330
 693274
 697376
 573570
 764967
 357432
 513440
 63020
 974116
 639196
 213204
 642553
 546547
 81403
 160905
 181617
 933607
 468700
 977008
 568234
 10461
 475970
 751970
 458823
 112994
 475584
 139658
 809392
 261448
 762836
 368645
 895083
 650332
 403703
 200647
 582985
 388356
 779310
 893955
 593762
 314285
 788085
 208905
 531970
 70069
 212201
 412844
 106470
 890493
 546651
 165804
 523167
 70520
 113808
 335551
 687092
 99236
 97787
 757603
 826553
 205354
 508569
 25565
 701897
 906697
 425044
 794386
 82264
 665495
 300945
 599551
 966651
 699587
 250066
 937064
 709519
 973285
 975945
 424810
 60379
 278145
 2239
 777037
 911397
 155764
 938962
 714055
 628571
 238401
 602166
 505007
 969372
 337051
 581068
 486624
 983975
 849915
 948079
 174414
 18427
 332225
 386041
 36836
 425237
 616102
 18681
 134025
 65830
 705126
 541466
 554047
 383872
 652712
 759538
 439390
 83168
 830099
 167654
 671195
 896078
 550344
 293137
 226039
 96944
 843530
 213397
 343654
 762588
 748663
 235475
 438324
 332217
 250478
 485097
 510328
 283162
 467606
 437413
 970285
 416685
 679546
 456140
 315996
 607503
 842043
 69814
 617228
 650774
 5480
 541536
 751222
 76417
 224496
 683947
 339622
 835238
 186924
 962191
 603517
 122900
 818930
 694436
 26784
 750092
 998857
 259540
 450939
 547901
 990404
 926948
 593707
 931216
 889426
 418604
 875996
 737386
 184867
 51017
 872928
 165093
 679491
 405012
 563876
 845298
 988301
 789644
 81322
 155109
 570228
 30466
 94055
 934478
 184904
 795029
 783077
 28391
 327475
 167315
 786770
 670478
 205702
 137279
 12628
 160885
 528063
 867595
 164276
 702274
 359150
 871331
 848769
 515699
 758219
 619337
 351472
 712171
 546005
 458616
 950515
 409364
 463238
 715482
 392404
 74918
 551011
 98746
 139321
 451029
 539137
 172061
 90020
 900279
 668255
 304992
 961899
 526265
 682052
 811217
 255174
 323738
 201360
 354529
 113266
 734773
 741090
 657463
 220871
 183128
 56619
 228125
 573046
 462537
 112640
 746166
 293855
 662076
 818584
 681359
 851536
 125810
 386720
 275649
 595117
 257718
 357748
 538202
 661049
 275772
 985739
 667798
 448880
 242394
 548677
 670744
 956929
 296931
 244294
 968181
 644596
 836169
 202040
 424405
 726876
 533837
 182865
 587110
 847063
 632143
 20821
 9940
 481218
 637633
 196998
 596054
 259548
 890356
 107344
 245424
 512374
 758917
 620121
 968990
 812074
 375030
 421868
 455252
 799863
 395195
 868012
 89925
 916723
 736249
 221102
 703051
 472168
 926791
 950589
 585089
 696055
 293257
 105457
 210847
 195131
 374839
 700841
 599733
 213190
 758742
 50494
 403893
 738048
 135534
 288991
 431675
 589616
 710422
 210950
 248031
 858671
 804701
 269782
 849816
 206353
 895894
 751689
 153786
 277811
 686515
 865418
 768717
 200410
 366221
 368352
 800932
 441152
 854205
 659952
 347021
 223667
 318277
 210006
 881282
 236668
 938116
 344129
 238393
 286654
 806358
 183931
 466556
 793156
 41638
 103773
 521573
 358296
 880191
 344891
 206896
 559388
 811782
 350456
 716395
 847353
 759805
 259414
 693216
 642465
 895723
 309011
 700643
 107910
 602651
 297872
 84014
 853485
 89401
 516431
 761196
 763436
 402061
 486793
 222374
 355164
 35602
 57995
 36745
 68173
 5969
 371679
 145299
 164915
 809484
 634459
 680487
 555074
 164345
 646315
 775230
 7914
 208434
 747534
 435611
 800627
 625692
 298090
 180177
 409185
 804786
 197091
 685612
 567776
 742414
 369067
 347152
 644377
 213347
 484304
 745878
 795580
 831118
 50619
 230761
 801592
 312839
 184096
 72617
 818489
 641639
 707954
 707082
 260571
 329011
 430375
 125036
 143433
 95077
 756449
 455882
 635700
 417721
 416615
 361702
 497943
 12901
 989244
 756289
 387316
 26236
 970281
 252605
 785277
 59957
 433994
 583571
 203883
 123752
 748016
 494722
 547860
 278190
 80538
 708653
 383795
 582817
 920411
 694915
 311177
 748171
 831060
 696423
 926162
 480113
 155244
 333473
 199599
 303061
 137905
 855829
 616024
 736232
 822525
 730207
 410336
 197955
 33628
 134095
 541255
 939471
 824442
 229028
 856127
 773227
 694584
 700504
 854732
 282870
 196398
 968641
 644153
 763983
 777147
 129257
 321970
 231788
 487327
 525459
 299956
 427249
 90032
 42962
 198608
 447266
 472628
 156230
 270123
 5289
 50042
 439628
 266876
 108436
 129973
 760095
 601609
 261528
 101694
 764867
 82651
 664694
 738007
 865102
 115326
 517562
 501410
 5703
 511273
 169237
 293355
 768170
 571718
 242297
 649353
 738162
 997362
 372224
 638066
 764048
 363884
 680883
 850446
 545390
 816379
 70285
 336637
 855394
 786733
 144885
 282808
 344468
 27519
 400000
 189386
 25378
 635752
 861277
 624773
 822780
 478421
 873786
 249104
 703948
 856819
 15944
 441563
 693178
 311065
 504132
 376979
 32603
 97838
 838151
 297632
 66774
 96669
 908063
 866071
 336730
 344645
 459622
 51203
 791439
 553850
 45689
 911629
 895413
 560773
 348805
 518723
 377174
 218210
 853065
 59676
 38682
 876013
 636174
 86317
 669888
 265804
 897992
 790441
 112908
 14961
 188287
 965246
 744866
 480377
 984814
 23224
 354535
 156445
 12666
 419189
 527759
 644859
 976855
 437159
 721199
 42591
 349245
 957338
 123287
 268979
 965422
 687690
 487185
 887487
 160197
 300911
 106271
 122022
 849343
 373730
 155837
 748330
 963796
 296425
 381519
 663286
 496662
 856835
 801762
 518796
 980596
 736087
 78505
 288187
 185654
 515325
 435594
 240306
 856603
 218441
 496006
 962375
 107871
 377556
 831563
 415368
 158543
 262069
 366409
 564726
 465697
 536054
 950503
 731017
 668017
 752362
 268710
 941060
 672682
 905263
 91243
 703875
 782726
 946733
 735306
 752059
 968358
 88643
 714781
 553355
 743040
 916929
 168145
 964165
 107161
 186194
 581470
 72610
 657
 778320
 725184
 842693
 331269
 994202
 79037
 351664
 310750
 381026
 52347
 658204
 592047
 288537
 210423
 820895
 976126
 571568
 803535
 928994
 72415
 301369
 520000
 257733
 892060
 268122
 203307
 706253
 409069
 551632
 802540
 29025
 151898
 218904
 506987
 85600
 818393
 786436
 441633
 584362
 116318
 852959
 90994
 279503
 316864
 696591
 878844
 945249
 245410
 391112
 408645
 501495
 620993
 583263
 653366
 234557
 265672
 300677
 682406
 195484
 187801
 83893
 764034
 851205
 645951
 145946
 628948
 660596
 760760
 996974
 229209
 822320
 827820
 201128
 714841
 706123
 49976
 836682
 15346
 303793
 125062
 111592
 853870
 538916
 850104
 903183
 136449
 161883
 270211
 903554
 17712
 6985
 106995
 705337
 403008
 916807
 666129
 333140
 462213
 486782
 196400
 992024
 5979
 847018
 745950
 506116
 769502
 513173
 297701
 736242
 49279
 936440
 59803
 269379
 378084
 754457
 480333
 597938
 311221
 655938
 705851
 357989
 687988
 937791
 136219
 236583
 29856
 133309
 754716
 353639
 653617
 449378
 178224
 437598
 673511
 442011
 83531
 922783
 510686
 608254
 126735
 274077
 513704
 368122
 618579
 779230
 424851
 151116
 1556
 898620
 865887
 45724
 214196
 721311
 118935
 925537
 889219
 339566
 457172
 470847
 92480
 610966
 848672
 325404
 457943
 743922
 941496
 916233
 261151
 496584
 824727
 490489
 640668
 631532
 363781
 864823
 134164
 352303
 830837
 565294
 716302
 466306
 151996
 988547
 464769
 820674
 310136
 805986
 172105
 189162
 567765
 468716
 355040
 916152
 893976
 130371
 494825
 637911
 736510
 849192
 370174
 219383
 62831
 885864
 213213
 809353
 811892
 944243
 606771
 604245
 571937
 374701
 675634
 733220
 276450
 603337
 83452
 318809
 272531
 819567
 747860
 633898
 74816
 415716
 401479
 433129
 496288
 442315
 626128
 967120
 87669
 20283
 392097
 793811
 310025
 345103
 365652
 377128
 348903
 942546
 313081
 972263
 91470
 212236
 952870
 909061
 474335
 308373
 710640
 499475
 769075
 958614
 817727
 180237
 350408
 175824
 726046
 22975
 793367
 760491
 305392
 330166
 147930
 403991
 203930
 736950
 309262
 859416
 666996
 113697
 945394
 610822
 72929
 786614
 644154
 981078
 421307
 491002
 551072
 838559
 43308
 839523
 114650
 317456
 127619
 967586
 546577
 674840
 234720
 237979
 999402
 141557
 448362
 910010
 801255
 378671
 198970
 741263
 957402
 693384
 866865
 781088
 178893
 755551
 408331
 173221
 129418
 703903
 981623
 37320
 502232
 364527
 836317
 441884
 580272
 459911
 297828
 870559
 378437
 355882
 786787
 765867
 492316
 743741
 210867
 966194
 510371
 690562
 775541
 309703
 597289
 297924
 170539
 330105
 167203
 904422
 850399
 519813
 283196
 926806
 867943
 63291
 917889
 717380
 612741
 780688
 770186
 257306
 455621
 449641
 349753
 499235
 997275
 439567
 824591
 777245
 886608
 772257
 904290
 447434
 330292
 193580
 742558
 821788
 421847
 180813
 