27370
 24567
 31787
 14991
 34359
 23108
 29749
 34737
 8027
 38093
 31506
 3234
 9819
 18045
 35058
 38523
 17990
 33893
 7474
 18214
 41644
 43157
 2454
 18300
 48177
 10321
 35636
 46788
 44210
 37150
 39790
 7249
 10923
 16944
 24920
 12828
 11455
 35414
 22117
 27402
 42944
 22394
 26749
 4649
 9868
 29549
 21879
 49593
 19880
 20371
 17292
 34476
 1503
 24385
 43151
 21540
 41529
 11417
 20525
 21899
 24511
 16088
 22423
 43984
 32966
 32046
 9766
 39942
 15318
 34666
 438
 24163
 18055
 24240
 31865
 1080
 17577
 15687
 19216
 1686
 18218
 38233
 14509
 16664
 25732
 29655
 17206
 9714
 1225
 22250
 47406
 19748
 35882
 13113
 32460
 13166
 1198
 9275
 46116
 43890
 37609
 40107
 7594
 39544
 13895
 35128
 4312
 40943
 1154
 42506
 21968
 46389
 10044
 34770
 41571
 42012
 43697
 36249
 7562
 38516
 30205
 23157
 5144
 23819
 12519
 19592
 40168
 25846
 20498
 21070
 4861
 44236
 42130
 26338
 26059
 16331
 48031
 45678
 48041
 43054
 678
 32094
 8960
 39715
 45549
 25794
 9978
 13287
 38569
 30175
 31083
 12137
 26418
 33618
 42179
 8771
 34773
 10186
 45200
 19740
 49038
 21498
 20843
 34026
 12352
 37345
 37172
 12363
 39931
 31730
 3214
 32917
 6442
 32165
 35035
 1606
 33876
 9661
 27777
 32780
 21064
 24097
 11688
 33689
 28066
 22807
 34634
 33924
 18078
 30080
 27250
 32123
 2021
 20830
 15787
 40342
 2749
 33163
 17624
 12310
 15657
 26371
 46666
 4816
 37717
 569
 30798
 23341
 34064
 22708
 20453
 7909
 43512
 25806
 12675
 25559
 45022
 5122
 36005
 18392
 7369
 20836
 4365
 20533
 23899
 34243
 13255
 29070
 12075
 28080
 4641
 35194
 2513
 47263
 1610
 29742
 13985
 35199
 11954
 12345
 23892
 29163
 1267
 33914
 39228
 5768
 48075
 9516
 33333
 40264
 48468
 48225
 5992
 4326
 37334
 23209
 3862
 36369
 27844
 42848
 30660
 30119
 35408
 30532
 44772
 15638
 14749
 21648
 27231
 37063
 47591
 4577
 34449
 22856
 27526
 24104
 43398
 22814
 4532
 2391
 14689
 21260
 1976
 24435
 16594
 34708
 28193
 35341
 36168
 27534
 41870
 49621
 49344
 44459
 30532
 2825
 9127
 48995
 8345
 46896
 11849
 15313
 35094
 21771
 17245
 21297
 37252
 16174
 13754
 32383
 38025
 40921
 2266
 26927
 5859
 24881
 26935
 49787
 6820
 38945
 4158
 13678
 21065
 41102
 40237
 6418
 23761
 37184
 44749
 31897
 45405
 27706
 5523
 37776
 32143
 18606
 15555
 10597
 34454
 1250
 42181
 15491
 12023
 10069
 14221
 5371
 1096
 2699
 27059
 47628
 33527
 37034
 34688
 6657
 15165
 17596
 10412
 5129
 13195
 31415
 30690
 31384
 7006
 31382
 44935
 29369
 43117
 35806
 14560
 7381
 18044
 29964
 30206
 19998
 18987
 36500
 37062
 47831
 7803
 15924
 37061
 6735
 42053
 27132
 15994
 25377
 40531
 1326
 10183
 31758
 27288
 39002
 32456
 28258
 48290
 29599
 40698
 16576
 28530
 5472
 42839
 37236
 22807
 39675
 28817
 46335
 8567
 6397
 22456
 27738
 45335
 1547
 14677
 6234
 24349
 0
 34401
 43721
 42791
 5515
 26923
 1546
 46707
 38884
 33909
 17245
 14385
 38073
 5803
 12109
 15794
 49455
 3414
 33469
 29118
 39852
 15675
 2885
 3690
 2963
 6353
 3583
 31179
 19361
 14690
 36518
 7853
 33839
 33051
 14023
 8086
 41125
 7496
 3614
 10176
 5644
 9279
 42296
 49282
 5200
 11864
 18370
 7629
 17123
 45006
 855
 13272
 31230
 36486
 36471
 11377
 8391
 19848
 25213
 35491
 23427
 33448
 24986
 8674
 32653
 27239
 12783
 17536
 9514
 41457
 28111
 16098
 30012
 20546
 4425
 4169
 25530
 29173
 0
 1927
 46260
 37484
 39542
 20720
 1690
 