5803
 3158
 8212
 3999
 2912
 465
 1427
 2091
 191
 6536
 3877
 6966
 8059
 8407
 3410
 5411
 5754
 2975
 9772
 8619
 514
 8636
 6462
 3832
 7837
 7751
 8519
 6722
 7186
 2957
 2781
 3835
 7301
 9063
 5045
 8667
 3076
 6751
 1470
 8997
 6335
 5544
 3803
 4350
 5274
 5963
 2281
 6937
 141
 7124
 7955
 8472
 7354
 2862
 9
 5499
 7275
 8205
 2643
 4791
 2435
 7544
 4819
 6088
 1648
 4784
 9129
 8387
 6186
 7504
 4378
 1992
 8611
 6871
 8881
 7463
 7294
 9278
 6189
 682
 3364
 9520
 7273
 9702
 9182
 2324
 5440
 6427
 5316
 2967
 2760
 1339
 8076
 1190
 7827
 4895
 3166
 3692
 1751
 8392
 