978506
 801880
 579421
 702202
 956575
 273640
 828641
 445141
 396504
 547208
 906569
 805848
 784958
 628490
 217154
 620818
 921532
 106640
 117647
 957713
 48625
 206580
 656600
 440573
 624052
 315896
 365718
 401439
 53567
 510948
 933209
 809190
 661538
 507397
 726809
 328533
 153533
 146516
 572937
 837312
 814877
 459999
 343149
 708852
 996478
 602202
 989761
 172855
 144279
 914626
 855413
 442545
 799866
 118798
 226725
 823400
 399781
 849590
 737417
 171963
 636044
 495865
 766023
 794654
 163388
 289161
 178443
 896919
 694006
 868510
 624244
 5011
 954723
 641422
 82570
 444656
 716501
 537067
 834669
 872619
 935323
 540635
 287060
 584246
 71264
 377015
 370594
 885635
 627784
 289888
 545859
 547142
 652787
 812899
 302383
 540932
 309373
 924945
 310568
 355441
 334017
 729323
 64541
 238251
 103346
 330347
 442063
 908667
 488175
 956587
 212935
 30496
 192721
 747019
 294212
 122197
 682242
 520275
 250525
 272714
 338530
 226086
 849342
 964997
 33469
 846388
 646830
 235772
 541251
 816912
 666912
 390175
 915841
 864451
 59679
 941188
 394248
 860424
 153515
 595115
 52476
 886444
 707964
 398125
 397523
 164574
 444212
 555454
 774647
 694465
 40761
 378211
 531782
 954583
 381696
 356161
 9124
 864034
 598590
 883676
 219354
 826905
 493760
 323421
 943376
 173476
 725782
 904490
 487345
 279173
 187276
 651514
 264653
 547073
 359203
 125362
 838476
 330909
 533333
 715837
 996704
 946667
 786373
 173402
 482184
 374156
 513345
 442622
 716907
 962382
 770090
 208311
 56832
 227122
 932203
 22731
 230848
 475514
 135818
 907053
 55555
 802157
 836616
 442531
 522779
 485436
 644856
 897991
 901768
 815523
 411052
 509975
 456703
 176184
 606133
 366450
 91828
 547770
 849445
 915480
 563694
 363163
 20131
 390164
 157126
 718674
 220455
 890308
 386591
 443079
 209083
 360701
 429834
 285844
 500373
 602115
 774039
 158429
 577117
 559548
 542837
 845333
 608905
 958541
 829516
 459922
 538621
 787403
 703276
 697399
 915006
 161492
 764729
 437799
 340895
 986661
 391876
 847796
 127515
 10238
 946963
 442265
 891919
 976605
 35620
 175562
 894913
 617189
 0
 467073
 485495
 841022
 363774
 537102
 717393
 570851
 378493
 876640
 727341
 35720
 619263
 556224
 114943
 316035
 669279
 94890
 667147
 576928
 748932
 778495
 282588
 493387
 476244
 915051
 859813
 293613
 537215
 958477
 411676
 491307
 789384
 36601
 503426
 723636
 496621
 424963
 443232
 782075
 912918
 639221
 759118
 377217
 434240
 64615
 768556
 893647
 21897
 441225
 183501
 750828
 453873
 205044
 744766
 453397
 35548
 644737
 448378
 246913
 110198
 236404
 768863
 630733
 131649
 227543
 495587
 379679
 739572
 468171
 700160
 378625
 497812
 727342
 709110
 674933
 956998
 895475
 88125
 589947
 28444
 513090
 540492
 923076
 644091
 637314
 807754
 654347
 944014
 184162
 516510
 505606
 657786
 470884
 566866
 535893
 641810
 89734
 541991
 929381
 442418
 585122
 920427
 646363
 674934
 172735
 888888
 510368
 21652
 148063
 473410
 488017
 512060
 488562
 121077
 123890
 839505
 629084
 948925
 483374
 195984
 593176
 621752
 235074
 810401
 845569
 160252
 946058
 886979
 815496
 308364
 962056
 683366
 364653
 426342
 254033
 811475
 121567
 356241
 636599
 787450
 855491
 259848
 389835
 291529
 760439
 158698
 973441
 209230
 210307
 824398
 217140
 553930
 874847
 911806
 535242
 63903
 272424
 724848
 271541
 588565
 362008
 928654
 487501
 362389
 624553
 490156
 818015
 305105
 807766
 461963
 936143
 577348
 720535
 695469
 276201
 292707
 56830
 685563
 533941
 710191
 826834
 512472
 517281
 1002
 490531
 855001
 644013
 841540
 293729
 981249
 983480
 29321
 579036
 741823
 989903
 401795
 433735
 755187
 191460
 202447
 487650
 582033
 289745
 204774
 64312
 425056
 315081
 471984
 421123
 330108
 869234
 695970
 697782
 305279
 205699
 683229
 12195
 78407
 731588
 41332
 781174
 582895
 243031
 944338
 379562
 214405
 395296
 147081
 541472
 385948
 797625
 113344
 490394
 952053
 752520
 757642
 572955
 204273
 265598
 521077
 177407
 828802
 206122
 693549
 883450
 72611
 935597
 506787
 277880
 678087
 850977
 43181
 376275
 902904
 810678
 693944
 18433
 67521
 369966
 566726
 218133
 253438
 153039
 644883
 238975
 771203
 917234
 807552
 585443
 657579
 49213
 515511
 208673
 52829
 103567
 295272
 350807
 398989
 912087
 28018
 974375
 765299
 335035
 235443
 322613
 34639
 83969
 265910
 324207
 81588
 537609
 608752
 314152
 473984
 720495
 213887
 395476
 438577
 10995
 252341
 789309
 211212
 470554
 98780
 302926
 387540
 878780
 236714
 609022
 501256
 76997
 661713
 728405
 496672
 823509
 912045
 560489
 650256
 444166
 719988
 414634
 250727
 761565
 609564
 570946
 14021
 845244
 247420
 693227
 310117
 659128
 879643
 810445
 401243
 711774
 333178
 354086
 979709
 747407
 579519
 330184
 945449
 106729
 890042
 471131
 175438
 849552
 376470
 977575
 961584
 696568
 616156
 546061
 979120
 665128
 870403
 895277
 234042
 493641
 513174
 915212
 652473
 881199
 626104
 150197
 447372
 663920
 466460
 586819
 933939
 262926
 503128
 285825
 275395
 406108
 888413
 700075
 262437
 947938
 870967
 157044
 487883
 280160
 294117
 493233
 136057
 204334
 466978
 243150
 413583
 33588
 229963
 42701
 563685
 775314
 63655
 992486
 475295
 207812
 79757
 318372
 647056
 742483
 527941
 878621
 881821
 525682
 826097
 890793
 174903
 92866
 918897
 172450
 528166
 952057
 721839
 619793
 815637
 788765
 1233
 663619
 470588
 461434
 210676
 615837
 445276
 32263
 937437
 92274
 565433
 17393
 846292
 935208
 398544
 433714
 278506
 861010
 799746
 480251
 889172
 674011
 177634
 260339
 229739
 820468
 645488
 958885
 289156
 258215
 377874
 51063
 917336
 78770
 827911
 982570
 202034
 110091
 5858
 753329
 701577
 398033
 376736
 643620
 297484
 165581
 945290
 245186
 128039
 459634
 846153
 481195
 620267
 466606
 886765
 701935
 548258
 90566
 157622
 264663
 290088
 825780
 29508
 983425
 50829
 322488
 720722
 611839
 130676
 490815
 840253
 379935
 949328
 603977
 280354
 549057
 907074
 588425
 188357
 425806
 495669
 639202
 898247
 633195
 997921
 824576
 717218
 461538
 524196
 244085
 942386
 198952
 985845
 990128
 654924
 259701
 997989
 191389
 901614
 356687
 776699
 941886
 96118
 41436
 760598
 781111
 106460
 549901
 111212
 701735
 470651
 318862
 838573
 307308
 990141
 68088
 547881
 53379
 36632
 380757
 551040
 621553
 337643
 424807
 164118
 926349
 683361
 159533
 514396
 185931
 590622
 211606
 896720
 386107
 213791
 483146
 470193
 956532
 0
 527918
 400000
 70023
 443665
 191816
 695327
 517388
 633274
 636544
 761290
 323706
 739645
 423319
 379312
 352059
 822991
 806085
 245425
 736677
 894023
 466739
 582009
 508851
 58416
 198813
 83291
 590163
 464936
 520000
 174032
 564574
 534707
 118431
 970675
 993823
 476923
 506735
 900904
 563318
 817564
 747343
 711164
 448722
 123361
 250566
 249837
 34355
 918611
 25776
 721153
 840653
 31124
 30001
 761829
 523608
 517468
 375926
 760962
 841806
 246996
 464707
 966123
 537477
 855218
 62074
 543338
 745338
 381426
 967313
 960235
 606450
 551155
 248109
 165291
 632867
 307487
 411504
 209332
 32271
 857727
 578206
 299032
 683592
 330537
 121437
 551409
 699736
 432814
 363742
 714921
 17686
 575847
 355111
 596112
 941312
 427434
 934807
 990869
 437543
 589768
 814683
 444969
 584569
 488852
 778186
 335279
 840631
 246946
 160920
 17054
 706461
 6067
 63547
 981684
 996978
 345672
 452600
 500085
 125595
 656736
 372504
 586482
 803331
 588191
 306457
 531130
 649527
 875407
 63182
 780000
 284023
 197379
 323139
 186956
 973116
 765568
 953550
 165143
 833674
 432466
 537882
 602299
 931878
 19873
 452183
 329457
 571351
 662664
 313576
 21894
 865979
 201038
 649675
 652790
 775231
 851273
 59711
 167812
 300898
 748198
 100307
 824859
 449056
 2706
 222312
 679330
 959067
 922150
 184077
 603174
 703662
 535003
 863572
 24731
 685192
 256434
 982608
 187060
 619187
 169738
 603462
 833952
 437263
 636308
 456188
 23634
 347826
 347207
 651443
 273282
 9130
 687384
 754910
 511631
 765147
 892925
 565115
 481465
 55808
 682331
 693735
 126905
 643629
 793892
 158573
 126039
 59631
 636039
 425546
 342590
 432327
 747271
 485714
 333333
 69759
 255211
 929341
 705365
 778475
 252850
 177719
 799637
 856901
 287922
 696994
 669129
 754016
 461339
 246053
 19854
 326414
 319617
 138125
 786248
 683848
 598123
 413112
 59690
 255108
 690307
 821378
 62497
 766019
 966337
 888337
 856966
 877697
 863492
 684803
 413590
 941663
 245150
 885025
 540540
 325003
 512756
 863385
 677898
 823834
 841975
 773244
 751548
 525331
 801238
 576750
 791443
 689719
 877546
 389790
 454632
 970876
 593111
 785606
 165093
 129506
 593663
 509472
 944702
 45237
 387032
 125237
 72394
 738012
 419751
 475186
 12898
 539983
 326876
 305236
 940622
 939929
 99341
 4632
 789800
 97797
 455419
 634023
 751812
 160125
 399474
 700306
 654707
 134283
 135819
 392885
 10928
 893101
 5167
 784388
 783948
 325581
 592922
 27623
 430045
 413555
 231646
 447105
 65572
 724409
 145557
 882352
 214515
 229810
 76639
 764057
 408910
 547871
 667113
 378922
 992420
 653005
 828513
 272812
 80591
 233000
 311793
 396117
 923319
 340401
 524593
 694445
 221054
 658890
 293652
 774390
 996610
 79316
 336468
 256012
 755801
 780797
 251565
 797505
 459346
 298562
 764355
 136506
 992119
 0
 919455
 911187
 330218
 177266
 210029
 425194
 511013
 692867
 629787
 909992
 455649
 784172
 890298
 828361
 592592
 558308
 790382
 409752
 581325
 311287
 306635
 900870
 36182
 617934
 895385
 590381
 356572
 898736
 817932
 858558
 94910
 626989
 541316
 76923
 535537
 779237
 683788
 787999
 262343
 416902
 486088
 862184
 305758
 559404
 360763
 35971
 120592
 575093
 822534
 690271
 915345
 572392
 330696
 447837
 185511
 528816
 438746
 394786
 217216
 127642
 844221
 446685
 623365
 56737
 909523
 361425
 282830
 461891
 989810
 300613
 633832
 93234
 588591
 399910
 699857
 459137
 996403
 788377
 734081
 673795
 350726
 601660
 902445
 265665
 634810
 273883
 532445
 197817
 257611
 752308
 933404
 196600
 6949
 530033
 145825
 38176
 41350
 611002
 671902
 626885
 203641
 633187
 535456
 403219
 477815
 252616
 384708
 26709
 866551
 807443
 226703
 506145
 620485
 365444
 255720
 132609
 305325
 956981
 915984
 467961
 920972
 749150
 709814
 61251
 333333
 352144
 566566
 984817
 760146
 169274
 661208
 788697
 493254
 966793
 711079
 12700
 904934
 586797
 225932
 113122
 823329
 848321
 671271
 901157
 461718
 242179
 912998
 4474
 667412
 760154
 435289
 682583
 546051
 412090
 963800
 511116
 457931
 913873
 794816
 539233
 193518
 522183
 383767
 599232
 148229
 654081
 721800
 526762
 499363
 862066
 356681
 300190
 452824
 75479
 882866
 886885
 113924
 62330
 923151
 501602
 415078
 171027
 886758
 910194
 385827
 651500
 675496
 425440
 870102
 291645
 440097
 954337
 794782
 381162
 949493
 425484
 879413
 68275
 206994
 442468
 949391
 788320
 996411
 417003
 616508
 687733
 277790
 853338
 732109
 39497
 172970
 979475
 210888
 984815
 82026
 732419
 490483
 873913
 146041
 95332
 314195
 273771
 788561
 641348
 731343
 451152
 191783
 488216
 882364
 495538
 198731
 169250
 468070
 662347
 19020
 639967
 977277
 25697
 86702
 199385
 536005
 378355
 793716
 440330
 120953
 432881
 24316
 885234
 134452
 169621
 989385
 535260
 121348
 755288
 321406
 269619
 681590
 584767
 314586
 508881
 77504
 10502
 912769
 310612
 225652
 392469
 121673
 720279
 605424
 490149
 705206
 927617
 472685
 919806
 153106
 767458
 229205
 119923
 322202
 483575
 960932
 981388
 2115
 571063
 236865
 839745
 407306
 492301
 915545
 690455
 736536
 82030
 861758
 773488
 579765
 43088
 754405
 230313
 525381
 925454
 687843
 984666
 434622
 772113
 625748
 94129
 672169
 646880
 418457
 260043
 55239
 524938
 986023
 732309
 464362
 333333
 542867
 995980
 179483
 20196
 628571
 910257
 944872
 594329
 291975
 230368
 943372
 183840
 499586
 168490
 95693
 831969
 517339
 831489
 635086
 827690
 762311
 966700
 328843
 944377
 695327
 605234
 758487
 920820
 62423
 479741
 88337
 809399
 18001
 298426
 978952
 275193
 759701
 566505
 137170
 4674
 210441
 915296
 534470
 979100
 99327
 686842
 775318
 698435
 249917
 193526
 140169
 451551
 420490
 386595
 166193
 514715
 615415
 722659
 850155
 940711
 705987
 412698
 565232
 943883
 453690
 488303
 364006
 553065
 139400
 227530
 694505
 192723
 854157
 913592
 755771
 390066
 245836
 390277
 553687
 354960
 649947
 306013
 636228
 788343
 294640
 737983
 155488
 241785
 494781
 730772
 569526
 428129
 297228
 520643
 819499
 878533
 476055
 516355
 221643
 180759
 662321
 536958
 260731
 255403
 643661
 798357
 167672
 8288
 887920
 384550
 106054
 163784
 57154
 995420
 827012
 849819
 337609
 663656
 148867
 630685
 238815
 766424
 419889
 495095
 606159
 769465
 766096
 793945
 397815
 483283
 553836
 761349
 450303
 621521
 947820
 998550
 913458
 688898
 875083
 873010
 185989
 60993
 432265
 81691
 843588
 888596
 819067
 731101
 907136
 806981
 191643
 345834
 505736
 713326
 196086
 94462
 105507
 770788
 848332
 140298
 930662
 831552
 835427
 743605
 811259
 90830
 645909
 645488
 442599
 533589
 94364
 796109
 555347
 531750
 7447
 511695
 0
 165686
 718583
 301115
 21017
 641925
 17439
 71698
 199174
 664175
 798080
 224125
 803024
 209937
 135234
 496011
 185634
 465789
 158649
 414058
 568923
 308342
 541691
 600572
 23072
 577268
 270712
 693511
 4126
 375957
 216165
 548455
 416690
 36478
 350114
 968212
 949315
 977205
 220563
 680019
 354798
 250435
 724261
 991075
 266666
 209324
 658341
 813551
 508422
 328168
 185785
 979040
 637195
 500663
 976650
 345935
 902392
 536886
 541567
 474175
 618179
 232615
 862158
 287991
 510327
 190549
 12497
 26048
 8039
 997793
 766167
 965116
 522707
 213478
 355062
 371832
 188200
 215384
 856874
 240383
 773064
 918929
 432673
 608519
 446831
 209147
 373889
 291956
 831227
 938377
 267484
 736973
 597016
 776916
 672361
 263792
 728366
 445345
 961852
 781476
 237946
 672017
 814887
 936049
 509689
 618141
 38487
 995857
 126533
 409991
 320121
 881034
 362473
 814814
 130707
 712608
 642950
 522043
 165448
 103154
 416129
 3255
 676068
 931217
 361470
 747713
 459856
 946872
 706792
 613764
 338491
 43528
 885642
 720283
 407507
 62330
 450047
 950622
 775945
 69198
 871180
 809773
 801976
 957112
 482116
 528436
 344827
 799221
 204021
 713115
 71024
 428413
 747588
 790190
 224296
 877940
 776019
 504359
 344900
 877803
 275412
 575489
 244576
 318276
 677709
 208084
 333578
 563530
 415502
 923269
 266960
 7957
 921256
 275
 438884
 813042
 984682
 350509
 233294
 192354
 720294
 747343
 261279
 528582
 456109
 391702
 701440
 813222
 589719
 740131
 735133
 775236
 999702
 71767
 293651
 845303
 265848
 462137
 761948
 890086
 630474
 950965
 435175
 432432
 394531
 980666
 787692
 964720
 54950
 967222
 288589
 276471
 903381
 781609
 786764
 206243
 873307
 699675
 908163
 363021
 320118
 93148
 781281
 949033
 692164
 28897
 138663
 955274
 288581
 757138
 360336
 269452
 645307
 394367
 416179
 331336
 411717
 122789
 442524
 885451
 757146
 88575
 202523
 838929
 172625
 991187
 523109
 130253
 609084
 836599
 149524
 875912
 732239
 445547
 665837
 515437
 858093
 549005
 750790
 118299
 455565
 734849
 378758
 304150
 978751
 14559
 126827
 748344
 908330
 816404
 906603
 938223
 518380
 425650
 862503
 552209
 631059
 862467
 913464
 765906
 332315
 113285
 111240
 636130
 832248
 964285
 235717
 129812
 548530
 495386
 824209
 725435
 216494
 139103
 404306
 793381
 367816
 19385
 853942
 261525
 455259
 514005
 11980
 298173
 796015
 901328
 626257
 434668
 622308
 727895
 549267
 189890
 960706
 911736
 557933
 306271
 200629
 906792
 330485
 62387
 726698
 504265
 202892
 373906
 241938
 604667
 156709
 245027
 622380
 511732
 895486
 861230
 837293
 802105
 1787
 674037
 769506
 549942
 28834
 217024
 728601
 854277
 292183
 630699
 433356
 10033
 76631
 138576
 578505
 85267
 822468
 200000
 921672
 995127
 861563
 20739
 330541
 430752
 132731
 313788
 335389
 223910
 765877
 506507
 693009
 235916
 870113
 294803
 665973
 571840
 221457
 946694
 7225
 115140
 768430
 486609
 956878
 381676
 894114
 788975
 938593
 766000
 713180
 256840
 957533
 290201
 313131
 434225
 313908
 280356
 714544
 968875
 2426
 202396
 371237
 433819
 72231
 742571
 673102
 724368
 374257
 754922
 633478
 105407
 739800
 232901
 668896
 162752
 674923
 284890
 149364
 20179
 141332
 107981
 418410
 427551
 288384
 793406
 839932
 679734
 947198
 199512
 315565
 590368
 232318
 278094
 126183
 683325
 31232
 395300
 143160
 122178
 548833
 63618
 953488
 659722
 210152
 398165
 588471
 340508
 900838
 849842
 197114
 290556
 738095
 257281
 592403
 176892
 202007
 124463
 138229
 827998
 571213
 635193
 340237
 165170
 705050
 293490
 557727
 18321
 741168
 654060
 380943
 216253
 165535
 25039
 801410
 275623
 28061
 963906
 720858
 451105
 105643
 950673
 646156
 94055
 481619
 844110
 586407
 372093
 437275
 707538
 251763
 51335
 789802
 324501
 939868
 191722
 744637
 550308
 497716
 735271
 653992
 40536
 621621
 762376
 790976
 622202
 518057
 162824
 409171
 564325
 773161
 551864
 225000
 93286
 291678
 849068
 603586
 234798
 784794
 369586
 882444
 597780
 271237
 807877
 865703
 972300
 768083
 212246
 621289
 976036
 485121
 208410
 575402
 671243
 748002
 625739
 36374
 988527
 692354
 135068
 292390
 954873
 771303
 233418
 745331
 804665
 375485
 34342
 898425
 146175
 823529
 757575
 989169
 372235
 241967
 845602
 630525
 11760
 922751
 42797
 400784
 654074
 186587
 265826
 127395
 976140
 850164
 404237
 372581
 521827
 859994
 346305
 900274
 406130
 846153
 388918
 948626
 268611
 34149
 215704
 473143
 225695
 891536
 850378
 566338
 201791
 825284
 801631
 701484
 927435
 672309
 676288
 810413
 397515
 987520
 40699
 839124
 303022
 303683
 47588
 374152
 124627
 876261
 10857
 299990
 343294
 437757
 376610
 14998
 690735
 833833
 78100
 60050
 484517
 86460
 142395
 640752
 777398
 30899
 442063
 165195
 460387
 855493
 639489
 73405
 786002
 795536
 761660
 910439
 697661
 254970
 186048
 644444
 765376
 898698
 577849
 30465
 474918
 858599
 571294
 146823
 119862
 436655
 753119
 450110
 334804
 866666
 197852
 84894
 791139
 214709
 551241
 445934
 2739
 251194
 842589
 561291
 688800
 254640
 873498
 709356
 748005
 332978
 759392
 584926
 894474
 628705
 827011
 102604
 899749
 814163
 528670
 114031
 685005
 480505
 395348
 877257
 173913
 982290
 689062
 746333
 981935
 104277
 175926
 179879
 548420
 888295
 300952
 45477
 684210
 50218
 257668
 883071
 161066
 630475
 718309
 247766
 100672
 706940
 869885
 338579
 299154
 171528
 545237
 389589
 323110
 275862
 866703
 494765
 132000
 713567
 980186
 950721
 793856
 534098
 384881
 798020
 387504
 885632
 206311
 591453
 493875
 842517
 983916
 976470
 241968
 486003
 150488
 132446
 15076
 393610
 879434
 189159
 544
 271844
 545267
 485624
 506909
 969261
 903493
 920227
 877301
 254623
 63157
 340429
 796819
 94057
 268157
 946717
 250960
 949197
 710456
 101512
 252638
 591727
 990141
 72305
 931802
 711219
 366932
 557859
 981478
 1405
 600103
 661670
 155304
 445718
 891135
 447755
 296340
 486486
 616077
 132591
 136752
 594552
 32147
 654443
 201139
 919168
 281150
 651730
 834108
 262771
 184822
 618891
 482340
 543745
 714270
 431466
 547840
 584528
 334829
 837720
 638575
 359108
 662153
 796890
 156026
 261145
 600146
 175269
 567931
 239959
 27183
 177570
 680433
 62793
 176199
 197593
 457264
 676029
 612015
 128188
 615384
 193465
 389852
 274740
 196667
 769998
 53184
 412004
 497967
 124509
 807329
 611295
 51050
 847130
 696893
 540907
 755512
 340456
 464840
 845316
 627374
 840114
 452872
 779105
 501433
 607069
 210083
 530124
 224429
 64046
 128090
 489770
 776040
 923935
 12720
 726037
 284267
 33747
 474705
 970244
 256229
 867064
 233521
 435382
 785727
 735548
 876985
 327748
 188217
 954507
 788445
 284061
 64542
 58996
 707848
 455985
 268227
 982621
 643232
 27421
 410476
 427086
 697820
 22786
 939279
 582866
 50609
 829035
 145184
 162624
 437732
 402982
 690431
 876262
 664455
 504792
 765513
 486611
 713140
 381249
 806068
 627390
 689415
 431000
 551975
 915288
 418383
 540838
 187299
 694402
 843579
 689245
 811188
 53287
 464222
 758258
 906394
 841943
 331337
 547849
 493704
 389739
 519969
 520971
 276468
 569477
 915171
 586578
 778872
 963321
 248213
 842286
 614612
 128061
 278461
 67935
 601362
 291158
 693254
 189487
 503866
 372322
 979797
 190476
 600802
 983474
 691756
 516278
 202564
 163895
 176870
 45994
 636924
 42099
 98414
 68248
 625954
 297310
 523684
 141454
 88163
 882921
 131421
 577231
 650209
 758101
 346636
 896489
 894573
 509734
 607023
 945398
 742354
 967251
 335990
 671096
 768534
 135586
 877866
 209333
 373338
 667656
 396825
 593207
 205047
 934818
 222980
 186928
 953961
 208638
 37844
 675264
 626560
 803222
 641733
 702517
 534860
 105977
 822829
 725285
 299831
 263129
 220069
 169184
 153385
 0
 318001
 253244
 190114
 113470
 32270
 125792
 2568
 134009
 313949
 757571
 530691
 593548
 885607
 252015
 935483
 609699
 935968
 591647
 80111
 181210
 527229
 323197
 450761
 912771
 292527
 515708
 857255
 784916
 722354
 735766
 130117
 666299
 743612
 81967
 224519
 821900
 425117
 471804
 144347
 605690
 135490
 550082
 530810
 505213
 605921
 789214
 411656
 320727
 118839
 516825
 457606
 358799
 524012
 78921
 432390
 544768
 485953
 277988
 886036
 476774
 87069
 504273
 781291
 871197
 755996
 990679
 308245
 33546
 599099
 938765
 376303
 832804
 614816
 972759
 582062
 90507
 423247
 981290
 901270
 361323
 388661
 749568
 68560
 740051
 464586
 222689
 613115
 400000
 510859
 372043
 227118
 243331
 441658
 418549
 835401
 448252
 345662
 340136
 847328
 60199
 724756
 181968
 631229
 7685
 291321
 826651
 16706
 646017
 981717
 306384
 642115
 279412
 886050
 127088
 693553
 456418
 379029
 82907
 366688
 596810
 125153
 146134
 127539
 944645
 234839
 736112
 471261
 783300
 205039
 382764
 102215
 114343
 843677
 823382
 71703
 871549
 573785
 958751
 193313
 517260
 479463
 456026
 874299
 23966
 929802
 43489
 868577
 361079
 214797
 913160
 849772
 221505
 213942
 706933
 425354
 928473
 359497
 341853
 844913
 229300
 199877
 894977
 857142
 852016
 156827
 145069
 579266
 462114
 283367
 898727
 289569
 552470
 925796
 980325
 904505
 737703
 359832
 200561
 750490
 181431
 100919
 930813
 746475
 478636
 560401
 408263
 314060
 477996
 552238
 848936
 797255
 979026
 616351
 329029
 989216
 512910
 514036
 749262
 982692
 755614
 601187
 517045
 446234
 746195
 199167
 701426
 170731
 751402
 453030
 328748
 911111
 817304
 852348
 658515
 341114
 563964
 772219
 426903
 102633
 388938
 926093
 259060
 558234
 148019
 995480
 148371
 441371
 363505
 62616
 708045
 182976
 214171
 783854
 609782
 712438
 292955
 130099
 802264
 820684
 463587
 402055
 773869
 867683
 520716
 971064
 604486
 519729
 404634
 587982
 957922
 381339
 130898
 369981
 394139
 400842
 968638
 555508
 966836
 57085
 620158
 439487
 19923
 28974
 810218
 603096
 944322
 219307
 385393
 108797
 429848
 204081
 367378
 0
 213037
 247531
 376433
 318566
 884507
 985201
 882808
 451225
 363664
 374278
 677367
 77298
 132345
 28553
 174887
 997722
 932777
 661249
 211759
 456575
 742435
 119270
 528927
 40156
 335036
 430539
 36261
 91142
 820072
 661681
 276636
 618595
 688302
 776079
 739034
 627906
 81833
 360021
 849780
 747624
 286693
 479643
 254512
 303209
 299610
 983473
 627547
 792525
 927937
 932582
 138856
 553470
 959375
 401613
 137330
 581937
 76841
 932419
 554269
 904548
 600292
 875218
 130240
 619445
 112061
 973371
 708503
 627866
 346331
 384842
 530928
 548636
 595456
 110280
 527412
 730257
 912688
 985636
 674346
 233883
 405246
 600136
 553969
 717796
 172308
 908887
 84452
 795947
 304019
 652851
 39828
 556276
 114033
 666293
 314943
 516246
 371592
 509883
 255319
 405435
 949830
 575397
 622013
 781426
 618101
 993123
 793824
 633019
 948238
 541711
 123697
 397366
 308207
 773635
 154910
 273786
 169349
 152099
 599999
 40891
 246647
 824615
 269861
 355905
 989592
 6334
 285953
 494450
 390396
 933195
 482080
 872841
 752434
 278302
 389111
 985361
 325544
 187513
 567006
 672817
 90909
 253333
 767524
 587876
 295925
 178207
 471982
 37899
 53916
 775912
 781304
 364912
 200522
 228907
 214371
 157215
 209407
 844101
 169107
 12088
 781276
 25723
 704710
 175928
 867181
 466314
 811579
 347484
 202531
 860108
 588094
 88717
 77838
 143884
 266094
 809750
 998234
 755102
 673475
 412423
 40528
 788116
 194491
 774866
 913580
 596048
 56822
 909829
 775024
 153699
 130950
 544672
 578267
 874931
 653319
 495299
 314058
 377435
 414853
 27545
 310982
 278261
 357116
 778162
 969151
 346133
 666159
 920447
 647887
 76153
 759564
 895634
 555193
 414141
 619663
 143162
 806509
 585637
 556184
 855808
 149589
 969505
 332393
 639553
 888946
 45566
 160726
 844219
 903725
 241321
 670913
 812374
 175141
 899092
 51894
 11376
 343336
 304189
 726432
 146920
 930358
 823826
 323868
 662946
 555399
 362297
 320788
 749280
 84995
 776825
 577716
 383712
 314139
 472369
 920320
 809345
 347793
 963611
 27625
 146627
 563654
 756097
 573133
 525908
 409857
 941281
 982371
 721848
 250100
 140405
 754704
 168420
 890512
 995784
 688812
 180236
 238990
 10283
 770273
 156450
 313583
 724361
 667376
 517631
 234473
 758044
 447602
 568636
 300022
 372716
 906856
 547472
 361161
 279069
 740306
 790845
 906784
 69450
 947118
 283422
 733169
 987502
 640161
 386719
 964169
 280202
 493915
 313025
 854276
 846586
 660757
 695456
 117606
 72236
 418609
 443794
 555555
 75370
 916666
 702575
 67729
 349565
 697385
 42207
 346038
 630387
 73370
 206020
 90225
 667511
 185704
 998595
 790871
 741680
 206282
 788218
 678584
 920912
 148489
 29682
 504133
 770179
 538226
 462477
 705894
 781250
 340248
 6947
 293146
 572467
 695708
 476438
 659358
 254943
 224634
 406883
 559890
 213433
 152963
 696128
 147031
 436727
 398182
 806649
 186824
 363903
 197770
 695060
 959150
 170313
 422763
 933954
 514839
 0
 371742
 178861
 868180
 825915
 801862
 94964
 636009
 454208
 73181
 753708
 586799
 477944
 294117
 60097
 966823
 520158
 771036
 564406
 776518
 475481
 333507
 49949
 230494
 447664
 640312
 853111
 160020
 809219
 166666
 683321
 302475
 35505
 126047
 941229
 546361
 520855
 183055
 680964
 750601
 322094
 897622
 354633
 49503
 586062
 859792
 479444
 20297
 549983
 162167
 943059
 905748
 674245
 376855
 682959
 158168
 858379
 779425
 782040
 699239
 903948
 201540
 832929
 778427
 473482
 278656
 885011
 434034
 605722
 310088
 814005
 511549
 461009
 339561
 431028
 491935
 854388
 434300
 71719
 145861
 736975
 879720
 269189
 280164
 404119
 895009
 129168
 131521
 373160
 407253
 779685
 209322
 641906
 701846
 765480
 572294
 982713
 11051
 577041
 95866
 513461
 733898
 989812
 415943
 155250
 567306
 924874
 528650
 143219
 315789
 312395
 552783
 454296
 569411
 752795
 255411
 542755
 891642
 141383
 645593
 993573
 418254
 888183
 895458
 339177
 42056
 420893
 286059
 296631
 497877
 929387
 328879
 316549
 573740
 100996
 903367
 265486
 874417
 676377
 961227
 330185
 480620
 764659
 820356
 567805
 203187
 65992
 662447
 138503
 342854
 290360
 791345
 264647
 520752
 645325
 201448
 286076
 684
 979910
 440426
 362712
 190785
 488546
 794669
 695753
 831172
 284007
 437618
 843465
 677010
 683984
 810735
 724563
 307165
 144094
 434434
 453256
 828409
 653251
 225503
 513483
 790353
 622950
 693245
 566105
 628571
 36943
 307756
 137384
 928806
 899659
 904280
 553079
 575440
 32672
 670148
 486779
 362666
 949602
 518120
 515513
 443533
 212421
 242057
 796624
 216610
 400196
 495560
 44943
 373448
 132492
 148993
 258790
 180452
 544055
 218628
 595677
 923369
 747341
 932738
 418439
 699845
 768202
 145065
 684316
 915703
 694173
 123794
 703863
 726475
 903499
 176817
 235428
 601512
 871845
 84517
 853627
 27799
 365030
 861502
 604977
 39781
 759095
 132255
 85360
 132437
 45077
 707614
 174963
 755506
 569329
 299533
 808565
 246304
 232558
 36986
 975438
 569105
 226013
 640438
 518080
 188408
 674410
 803758
 346134
 882271
 97116
 296725
 969484
 964429
 365368
 287948
 935448
 186790
 100070
 257290
 338266
 477599
 249602
 485322
 483109
 693955
 71366
 758874
 694433
 729136
 587991
 485716
 737154
 105699
 390022
 363571
 434503
 905660
 198547
 90637
 303445
 942448
 637595
 399063
 791086
 279069
 982978
 579539
 731888
 23342
 459620
 34688
 476389
 861039
 689270
 898271
 649422
 230282
 783046
 608089
 849084
 103542
 732458
 396194
 132407
 763961
 700043
 658887
 682635
 893048
 733647
 32113
 734430
 818181
 479078
 795201
 138989
 669980
 277798
 680054
 939120
 975151
 459016
 115375
 151543
 226415
 673007
 22690
 361713
 310731
 905418
 585306
 451067
 447594
 517443
 612578
 646517
 876878
 44469
 328119
 362704
 558779
 717265
 910806
 814516
 662347
 648121
 875459
 228900
 75471
 68535
 763064
 322834
 544855
 209525
 850306
 675869
 775166
 422456
 546165
 173556
 302204
 508863
 701860
 873423
 798377
 59203
 92911
 957205
 816901
 830690
 849467
 384890
 386021
 838420
 770470
 329608
 175715
 475895
 19738
 237463
 656761
 4524
 632173
 866631
 276037
 647087
 463711
 368294
 757575
 8971
 984716
 733443
 47244
 584639
 137769
 873336
 886319
 913911
 661826
 215630
 52418
 611924
 653552
 738338
 130165
 527722
 930601
 899167
 136004
 860335
 394725
 751167
 735975
 375359
 103250
 190397
 838080
 27282
 733607
 778856
 866666
 996213
 626974
 680457
 454423
 200032
 578213
 659517
 483438
 607956
 808178
 690023
 549717
 910953
 761538
 195442
 357062
 910958
 8164
 141939
 562292
 978003
 699983
 553621
 145659
 291367
 434250
 734366
 706362
 620856
 518250
 946303
 5182
 611761
 760252
 603828
 68909
 729536
 258064
 830897
 98643
 862068
 560410
 876421
 254901
 742556
 538826
 532160
 679078
 365268
 769070
 472634
 545515
 509061
 828131
 98815
 176468
 825969
 811264
 743828
 863252
 973997
 771029
 728697
 804429
 754716
 603519
 816803
 660499
 104314
 742166
 206626
 635678
 816269
 756910
 768505
 462027
 430125
 487975
 138405
 901903
 802813
 401150
 286524
 339450
 976261
 997748
 938358
 783017
 952028
 323899
 8644
 909045
 112906
 433933
 995519
 801658
 237796
 532677
 307167
 471715
 295839
 259493
 956331
 107342
 431025
 453753
 807339
 817632
 476244
 65942
 2164
 734308
 441554
 190774
 660026
 954396
 114127
 342582
 604980
 129897
 5159
 763147
 16767
 273206
 872823
 943323
 508021
 233319
 149362
 882841
 312160
 817031
 498413
 441265
 364604
 221095
 78746
 681844
 302925
 828708
 593869
 821318
 976512
 290772
 965281
 619986
 700000
 135577
 264196
 912498
 742756
 414159
 565110
 708791
 370751
 548321
 628852
 796373
 235825
 254919
 484993
 422976
 746793
 870397
 651525
 133007
 187261
 168389
 472036
 851228
 100517
 699220
 534932
 385936
 359732
 526181
 182735
 781927
 845015
 557501
 482194
 376509
 635182
 853211
 987841
 870142
 170292
 850279
 772339
 17543
 693037
 835820
 599830
 168987
 246548
 570156
 307587
 883449
 889734
 370189
 896981
 9264
 42329
 877778
 254410
 612358
 684323
 764384
 438546
 911556
 245161
 396478
 177800
 61500
 929636
 137349
 680267
 784010
 380686
 984750
 483083
 770430
 645439
 353117
 485600
 184900
 739597
 740523
 189630
 275984
 301322
 668157
 153877
 971151
 669605
 500099
 861446
 329493
 429745
 259461
 577194
 975304
 748977
 502412
 788918
 620267
 908024
 407481
 711648
 52184
 591899
 798940
 802469
 406790
 616537
 854244
 639597
 445030
 277912
 242916
 877440
 156740
 489290
 98617
 986301
 657195
 797639
 681698
 771526
 674290
 653038
 806545
 392259
 122065
 345706
 864900
 477419
 753191
 529051
 883111
 252475
 910977
 318177
 859492
 610792
 686313
 850110
 40033
 53884
 322144
 420516
 296807
 148511
 682016
 892078
 96444
 58033
 529646
 806745
 598031
 346220
 485751
 431465
 782288
 439448
 291403
 228016
 398694
 51750
 865856
 543416
 865597
 561709
 184114
 354282
 586902
 29579
 775481
 235708
 829254
 554004
 780429
 608355
 581871
 551049
 354227
 304227
 35203
 359037
 306855
 91963
 110173
 84908
 754050
 918135
 609342
 897401
 702301
 902600
 224123
 891145
 829126
 694592
 735783
 846708
 520235
 672929
 762011
 436151
 989717
 438461
 903285
 448736
 585703
 577639
 113828
 837814
 10724
 62500
 166437
 784502
 401406
 653875
 457457
 242163
 457652
 971428
 97940
 632728
 946175
 352798
 100831
 721854
 911199
 666711
 168168
 542926
 219029
 35344
 195137
 728627
 7148
 318845
 428026
 734834
 120253
 542697
 837587
 787079
 150750
 279128
 603251
 360839
 715048
 460608
 961122
 360453
 882352
 787291
 687454
 165048
 21154
 333867
 119585
 521467
 294881
 587786
 157236
 489820
 599150
 470588
 164160
 696164
 875040
 221032
 506326
 515502
 405405
 912105
 976638
 231501
 67638
 366213
 7269
 930389
 76321
 248521
 147404
 799178
 532364
 382565
 511643
 66201
 747399
 144706
 920560
 593564
 276839
 973262
 747716
 432776
 349875
 253787
 395475
 26470
 479075
 672437
 255109
 350828
 721320
 426266
 886481
 973264
 73064
 442316
 159542
 296748
 605818
 719258
 640513
 393104
 3889
 232857
 769711
 991268
 125645
 457455
 130702
 606872
 106843
 903593
 932102
 807265
 448805
 603072
 221538
 654265
 883692
 953420
 107668
 653613
 588640
 255046
 387764
 377161
 894557
 733581
 196299
 516667
 928642
 847226
 383819
 552028
 402777
 376758
 197007
 390261
 734345
 986058
 500431
 752439
 910447
 965726
 282824
 33937
 870919
 335877
 158112
 668698
 525706
 715118
 491959
 95035
 771305
 461708
 385779
 53921
 263616
 563902
 607915
 882295
 349178
 264621
 225177
 379099
 609217
 839736
 908383
 186185
 927023
 636126
 589147
 854341
 872515
 97518
 253431
 637681
 982608
 357635
 31363
 915742
 653244
 724137
 517984
 225326
 489347
 936580
 281304
 12743
 963164
 718002
 485278
 960732
 364090
 393252
 81260
 687687
 904643
 986899
 656151
 979557
 103532
 730304
 655037
 977614
 11147
 311827
 626419
 0
 23918
 528668
 481613
 529738
 664939
 161759
 197132
 704191
 440412
 923964
 508303
 60863
 373929
 349399
 106747
 41411
 428487
 262890
 376344
 42415
 306741
 583547
 408710
 64498
 481873
 312709
 395496
 182476
 816649
 349070
 929925
 161174
 694009
 249872
 840959
 888471
 645867
 743677
 262927
 253553
 95774
 823287
 249801
 188770
 632831
 200123
 529614
 887419
 196165
 83916
 320024
 937414
 448818
 735740
 664199
 924242
 121365
 452780
 674497
 515787
 283499
 863917
 441991
 520136
 582836
 478770
 831742
 464325
 688579
 701647
 619858
 644484
 774219
 84345
 290436
 364328
 60063
 550062
 837436
 760060
 837977
 429154
 924519
 166666
 500759
 973779
 594864
 636414
 366524
 400524
 965989
 69318
 684564
 294034
 970381
 188732
 771523
 991127
 56841
 362135
 257719
 221928
 314213
 987903
 462660
 543043
 604395
 910775
 956273
 622490
 925011
 857735
 33346
 347024
 193689
 532630
 243293
 632988
 746359
 945643
 585250
 574370
 566883
 661372
 808423
 506249
 778731
 888013
 756180
 72222
 198119
 652420
 572139
 394408
 890756
 163733
 501325
 447084
 650133
 998196
 757037
 176619
 635170
 831325
 208029
 660401
 350639
 327478
 422205
 991379
 642717
 898008
 389351
 314965
 593704
 937295
 102893
 456868
 568978
 941869
 731192
 3338
 35165
 665615
 236230
 448317
 736060
 890308
 676593
 662668
 53992
 244897
 66101
 860421
 425897
 430080
 410247
 360416
 135200
 12838
 529778
 241338
 496263
 114480
 286160
 691183
 336453
 89447
 6278
 76256
 790199
 104624
 493602
 718788
 901256
 738683
 217608
 360527
 58995
 400718
 128034
 611251
 43806
 972698
 960704
 644989
 302820
 498683
 462117
 222128
 792786
 940689
 700321
 554109
 753069
 272569
 945693
 437817
 549469
 429439
 119113
 671585
 207401
 771696
 618030
 636877
 930151
 562558
 669545
 859450
 356826
 953314
 584745
 304294
 115951
 615970
 269461
 809290
 851302
 453539
 235294
 675728
 405207
 658981
 823410
 263431
 450519
 435723
 803274
 420623
 390482
 357523
 167862
 730068
 447024
 125663
 278499
 622068
 975298
 566540
 675432
 920121
 847051
 665871
 167938
 808383
 699763
 658902
 313640
 474471
 422165
 625502
 974414
 857922
 779866
 23246
 321623
 239999
 611053
 277474
 891156
 224956
 236248
 175869
 164603
 799523
 219146
 993162
 639075
 598758
 471239
 153430
 193370
 479195
 180138
 861803
 829623
 7779
 878278
 802816
 618679
 764154
 745852
 163003
 560478
 248371
 749022
 39381
 648867
 58482
 613408
 225295
 583506
 66465
 654432
 868914
 822621
 746373
 277292
 352931
 158203
 197500
 334327
 791846
 197913
 597089
 646922
 665810
 226211
 31509
 185389
 341701
 536131
 546443
 750028
 286598
 861769
 818197
 584444
 542401
 564922
 709279
 316333
 270568
 941415
 505748
 388804
 754683
 153284
 407905
 989690
 933333
 516290
 467508
 955384
 149269
 672830
 334142
 30161
 217936
 176727
 347822
 449734
 237347
 445284
 33223
 941176
 516675
 213998
 821333
 366541
 24054
 211630
 522850
 92478
 408541
 34894
 650376
 377327
 625531
 468376
 289279
 103814
 921251
 28700
 950819
 430658
 228680
 196869
 400072
 511627
 107974
 799410
 70333
 916538
 696263
 780510
 176470
 574728
 83765
 176306
 36625
 488118
 650468
 34708
 434057
 915732
 588112
 97785
 536845
 239793
 176697
 101062
 780147
 730953
 960064
 59291
 152902
 917534
 695487
 466234
 804868
 152727
 666496
 70748
 941989
 108899
 686818
 53204
 463637
 708705
 913332
 692981
 551839
 956024
 909141
 818205
 985413
 792166
 205012
 883797
 339352
 861252
 673269
 372487
 334057
 161458
 226869
 361885
 110617
 996670
 171468
 95701
 750039
 594657
 872442
 396941
 608045
 648121
 202043
 120889
 456755
 230931
 873964
 600498
 229085
 198947
 771452
 416474
 184316
 510633
 662889
 787583
 612919
 318064
 111103
 31262
 289039
 968887
 799288
 775862
 42339
 532116
 146945
 420648
 392146
 929663
 290117
 55922
 311116
 843189
 589099
 68310
 128259
 19868
 159584
 322822
 408388
 610828
 786361
 107924
 675390
 471279
 710600
 54707
 665175
 913972
 203146
 627856
 65155
 141420
 324324
 217591
 109283
 599666
 574944
 543956
 742541
 276489
 185879
 53475
 71556
 534292
 833709
 125956
 468248
 592130
 412658
 775170
 116392
 208092
 13033
 502196
 824409
 486284
 862313
 749887
 929774
 535780
 386473
 283464
 30544
 882132
 209959
 108345
 411494
 907378
 18987
 918066
 252718
 996776
 159085
 93788
 86670
 460317
 497233
 570961
 526397
 633468
 37037
 76932
 88122
 238186
 446901
 809954
 386093
 825875
 243596
 55822
 797722
 484814
 758042
 577870
 201046
 286145
 166075
 294647
 193583
 332591
 889531
 900155
 58009
 961504
 454018
 615137
 659305
 547843
 454399
 787145
 221756
 829820
 817504
 641999
 357917
 17185
 497206
 334712
 282842
 558754
 229972
 275292
 630889
 997171
 515631
 458478
 762187
 653117
 398048
 825402
 33296
 219093
 738351
 300053
 537872
 903945
 124292
 768768
 258976
 511811
 839530
 185766
 205648
 835270
 158470
 836244
 867572
 133169
 938018
 313398
 148115
 425283
 616894
 150110
 267898
 20979
 471657
 874092
 154729
 330347
 771881
 868647
 206334
 759989
 712339
 971674
 192357
 944345
 569830
 583540
 881910
 610063
 868521
 164346
 399627
 973507
 988495
 842547
 394929
 293292
 879427
 808801
 733441
 129870
 34560
 752869
 760176
 638655
 902293
 225783
 765670
 521379
 260760
 454529
 985093
 376940
 504160
 970436
 408076
 528398
 946206
 822294
 532646
 867992
 643817
 742732
 616531
 872373
 193689
 624350
 612842
 861445
 720074
 51776
 243069
 557285
 574504
 277889
 456434
 504792
 998722
 287179
 622399
 511744
 592044
 439939
 90855
 466165
 431354
 377119
 919464
 748096
 999540
 809632
 946151
 657891
 958505
 111932
 40432
 226079
 261036
 22983
 912347
 355396
 526615
 92660
 177725
 184582
 437262
 380075
 938828
 257873
 298942
 870901
 593630
 412328
 767183
 466712
 245920
 179114
 589970
 405762
 227579
 566557
 5753
 242390
 910768
 20954
 334433
 16142
 361157
 586720
 626734
 436416
 545327
 636570
 634828
 103766
 290817
 161425
 532870
 313752
 822485
 331356
 347544
 854251
 933466
 202208
 68656
 915403
 513685
 150208
 761845
 639187
 306173
 181693
 725376
 688433
 167234
 765156
 960013
 455043
 884783
 705206
 68841
 649718
 262626
 97426
 281508
 155631
 797795
 728891
 664510
 534095
 42317
 884559
 795008
 727034
 952907
 49785
 358024
 668905
 478872
 4493
 415183
 796549
 819942
 43092
 203577
 234332
 142091
 927798
 619848
 988879
 508026
 14231
 911056
 631578
 560581
 142106
 995424
 822291
 27241
 899188
 848871
 935779
 568416
 628989
 867956
 503734
 968351
 405977
 7681
 104751
 228041
 26086
 80213
 531939
 467886
 41847
 209027
 685516
 874781
 699207
 309771
 696425
 210157
 778086
 497622
 756283
 58423
 865191
 688517
 592613
 75074
 374201
 340819
 705275
 199783
 319900
 234028
 40681
 387679
 267522
 367993
 992481
 157894
 507917
 99190
 756538
 674285
 902808
 63992
 263162
 828521
 965117
 939564
 280369
 227344
 957808
 302252
 773149
 810151
 872471
 590762
 738301
 138181
 528593
 421822
 264197
 736645
 528084
 151304
 988380
 356911
 757120
 273098
 984164
 392490
 80459
 459730
 621595
 358280
 858314
 363599
 493771
 334716
 48147
 378729
 389603
 79768
 58059
 787981
 642007
 252646
 772978
 899309
 353841
 506266
 658326
 628631
 973365
 733137
 286063
 327380
 800990
 210202
 275221
 551700
 530911
 578291
 463640
 705726
 997966
 211353
 232959
 401330
 750927
 140530
 296896
 91735
 697871
 39316
 230991
 493538
 773407
 37102
 491892
 627036
 256764
 39139
 301443
 817428
 319603
 168648
 325607
 151491
 983884
 20907
 443243
 104311
 46991
 593791
 410015
 501777
 976363
 431693
 533512
 709729
 625814
 915536
 544397
 305460
 779653
 809711
 759884
 379503
 17119
 165754
 559726
 172463
 828043
 715930
 209234
 570816
 610645
 177497
 477124
 659249
 90829
 888993
 750364
 111745
 42804
 605741
 360798
 634601
 7219
 945391
 59351
 205726
 615133
 773162
 315289
 957523
 674812
 862328
 224827
 588141
 694303
 850295
 649701
 140715
 957814
 890097
 315094
 84510
 730258
 80131
 94339
 793160
 691977
 35401
 999101
 108737
 649572
 410599
 270507
 298362
 419308
 255709
 722268
 169957
 957532
 15852
 168395
 40367
 33196
 85465
 631477
 590044
 88527
 288237
 627074
 142857
 127719
 309764
 43557
 602204
 613006
 179552
 769558
 922164
 906719
 460438
 367546
 511562
 704914
 341356
 506921
 950151
 799415
 846153
 973117
 313180
 748908
 853104
 894293
 553623
 954340
 134272
 728603
 704272
 804003
 511621
 723356
 393850
 980206
 689874
 545091
 777124
 536836
 84182
 666666
 785040
 26525
 646544
 794790
 24064
 346968
 510948
 740532
 316005
 251158
 566529
 791008
 142974
 11453
 959826
 658715
 425373
 899447
 587084
 838696
 356492
 997568
 919877
 482178
 315978
 325250
 850467
 34416
 652450
 309926
 180706
 617414
 75888
 970459
 684201
 724737
 821564
 890018
 635486
 633644
 176384
 132695
 44223
 609840
 183136
 452501
 483171
 504210
 242646
 300442
 508586
 468909
 973708
 45180
 478308
 953313
 650098
 768641
 632398
 965176
 769811
 998703
 55358
 927625
 251054
 118539
 444728
 946511
 708652
 893205
 249371
 603811
 102346
 593774
 195804
 918867
 828865
 972797
 509511
 42609
 186162
 656848
 870660
 185185
 98372
 467935
 365578
 613120
 747909
 520695
 477085
 181845
 67247
 269646
 259177
 335489
 181956
 676058
 677709
 277635
 597458
 443027
 148291
 428571
 786919
 752075
 745739
 743952
 465212
 900120
 344655
 670759
 8752
 510003
 566146
 612399
 897959
 611498
 112189
 678016
 713741
 619298
 519493
 596424
 535267
 731531
 367744
 300943
 763353
 985010
 428878
 735195
 317537
 265690
 436484
 385677
 419964
 271634
 980473
 116261
 116216
 508960
 896783
 109062
 626503
 380191
 667519
 296684
 712477
 682060
 586475
 725986
 243405
 216606
 371790
 894185
 100252
 314368
 208955
 58577
 421052
 607329
 201274
 450170
 50632
 480608
 942761
 484130
 475195
 368953
 663394
 779484
 750170
 354141
 488726
 265306
 492706
 208753
 905192
 703035
 999707
 516083
 463932
 119155
 137191
 191001
 282707
 879086
 685370
 197950
 128971
 921348
 985986
 46681
 679514
 645823
 675062
 784500
 185792
 652980
 612119
 733333
 793900
 608324
 792086
 544566
 103332
 691476
 667164
 351662
 669743
 775290
 372368
 946611
 278445
 524667
 761773
 162368
 118062
 798017
 656160
 746571
 921809
 996125
 96095
 434267
 861362
 611306
 631398
 382812
 105263
 734589
 862711
 395693
 145511
 980011
 78651
 345454
 50651
 955911
 285845
 744809
 231220
 982608
 748261
 663340
 831870
 140195
 598105
 787795
 835704
 206743
 748305
 895663
 752706
 774425
 362273
 908772
 8873
 340838
 397992
 998329
 936925
 400236
 402640
 182161
 743913
 242906
 819545
 184202
 512272
 41885
 315039
 668288
 265999
 252337
 736551
 717956
 938349
 526930
 867673
 127746
 373550
 515735
 794400
 20953
 768239
 43196
 296806
 462771
 506771
 353928
 744335
 403707
 959681
 40201
 163554
 227926
 36807
 515356
 348837
 95868
 522226
 707387
 975670
 979066
 835904
 587473
 155958
 105084
 890749
 690373
 323721
 546179
 270321
 600000
 823393
 775040
 630402
 552925
 559404
 125629
 575743
 711036
 707499
 912883
 840000
 576317
 841001
 987572
 66178
 163548
 551779
 196323
 298876
 979662
 730526
 724549
 629744
 630143
 707006
 344315
 996317
 324616
 586351
 71918
 796880
 409137
 999446
 179224
 244137
 778005
 418852
 172282
 724486
 596126
 982533
 587760
 664388
 712273
 636584
 667063
 48836
 244401
 211707
 670945
 616683
 645842
 788391
 387205
 975843
 32826
 267853
 848334
 217
 238626
 377993
 284065
 630054
 280184
 767218
 562058
 726547
 331881
 702616
 433005
 720517
 149365
 866918
 961501
 349549
 722797
 519101
 434619
 243282
 146058
 840044
 959213
 705369
 499002
 994654
 708629
 602658
 762872
 683834
 397305
 621395
 57344
 169025
 775174
 123076
 133164
 81042
 490668
 274474
 11789
 347921
 628007
 376001
 276932
 412470
 646892
 474117
 510798
 174569
 219568
 169814
 677897
 561190
 531828
 720420
 757350
 694648
 658169
 224905
 880994
 178096
 712193
 838709
 54664
 2084
 94963
 759851
 733254
 832332
 37018
 85114
 764183
 76297
 717834
 851674
 935522
 242588
 312510
 616868
 454293
 260869
 555224
 467484
 897959
 638848
 916913
 483015
 346467
 687583
 468769
 895741
 829836
 959211
 218860
 266541
 101969
 885369
 830412
 437231
 888337
 858159
 750673
 667265
 488952
 793259
 39247
 648723
 154423
 642509
 778979
 537586
 655571
 223350
 813679
 432689
 467648
 709026
 482958
 18165
 821669
 795540
 326403
 90138
 907983
 279015
 817200
 736813
 505782
 21466
 70460
 524344
 691931
 849669
 830566
 285714
 577350
 468201
 889715
 253047
 988329
 453804
 582008
 900596
 517549
 676612
 66787
 501967
 45607
 561827
 847649
 518105
 778158
 635163
 133557
 236472
 636644
 417641
 369698
 726162
 589273
 865046
 280656
 153862
 521983
 460391
 290909
 57572
 114715
 661643
 981050
 266455
 876060
 984719
 611398
 883413
 199635
 416828
 482225
 874308
 36215
 313768
 868642
 401779
 627218
 313882
 910957
 778109
 18989
 688181
 152886
 32086
 342685
 400115
 544858
 516431
 357081
 456486
 645815
 756385
 944489
 129263
 73394
 927796
 416797
 276094
 58151
 737260
 250325
 389228
 487288
 439226
 485327
 259395
 560925
 983417
 741026
 283020
 63882
 908994
 256143
 947287
 538356
 80565
 113587
 54843
 479452
 166284
 372720
 937267
 27939
 439917
 437008
 250614
 857501
 26731
 450059
 822151
 206572
 604324
 508535
 262523
 446680
 441613
 492389
 860102
 987525
 643807
 572871
 237068
 720430
 741130
 531598
 320021
 698199
 26363
 434311
 739249
 197446
 749067
 46700
 749625
 79057
 52782
 557059
 625255
 111690
 450747
 853707
 804933
 898351
 820023
 255489
 570719
 379212
 623343
 499299
 280927
 386691
 678729
 213180
 150163
 895318
 195420
 1452
 790323
 640152
 605146
 870843
 192598
 638905
 467769
 329186
 55689
 663373
 660902
 119778
 460062
 5424
 549667
 600191
 793667
 566265
 129686
 408279
 191530
 563427
 527667
 617346
 398302
 38123
 142963
 530362
 881275
 474466
 197971
 101796
 67513
 705069
 593300
 785588
 751910
 263101
 384970
 142459
 18877
 463052
 926834
 126438
 471845
 515585
 459555
 678559
 253414
 252469
 941176
 18348
 837060
 892995
 85258
 164777
 744180
 382037
 736842
 818854
 296823
 123948
 480015
 967201
 87309
 205825
 551798
 174384
 700990
 380411
 422583
 582716
 71790
 59100
 986324
 533813
 973890
 778435
 132219
 82891
 874428
 861825
 651794
 178485
 491820
 363339
 586772
 333333
 924569
 667144
 890951
 670620
 539979
 532183
 511341
 617070
 280368
 232232
 260762
 655222
 49277
 316526
 290725
 954802
 599172
 639324
 751722
 665109
 870795
 150762
 449197
 512408
 934481
 325427
 570274
 212364
 588151
 926270
 35936
 955133
 271455
 736325
 304808
 515160
 111774
 860139
 918597
 139726
 145848
 654909
 22765
 256267
 28939
 937178
 153177
 251908
 560411
 240456
 843810
 954418
 262926
 907085
 372308
 161747
 467928
 437349
 306227
 147627
 949821
 189213
 808444
 26794
 561099
 341556
 140233
 140785
 107033
 376197
 73809
 290785
 391821
 549386
 113821
 940116
 270186
 464006
 232945
 353152
 637776
 40741
 98130
 333333
 200195
 985183
 788174
 518456
 938895
 328464
 60972
 39548
 412275
 898903
 126188
 121976
 356483
 766772
 519240
 93040
 113510
 471373
 811359
 220528
 742820
 965517
 638376
 397644
 236275
 267804
 701637
 453069
 131268
 210191
 226853
 568427
 499447
 856635
 886497
 243698
 544704
 725929
 191873
 678252
 372353
 77701
 631768
 297953
 891156
 632150
 595707
 853354
 348109
 362361
 780779
 26809
 825419
 665247
 683774
 591876
 381707
 512161
 441469
 480526
 172945
 696180
 438554
 125902
 865481
 138169
 80473
 380396
 26209
 681799
 851783
 809160
 421686
 691516
 63791
 980392
 295899
 165888
 155594
 534687
 37218
 756341
 95647
 901589
 224473
 267515
 627840
 902040
 77051
 98237
 497046
 908133
 330411
 566683
 545801
 809061
 722663
 154083
 22735
 246664
 950827
 169526
 279614
 799999
 510084
 901369
 125823
 868247
 470236
 787922
 878841
 777372
 997222
 518243
 804503
 664661
 623383
 975435
 823143
 979978
 372301
 482029
 510751
 89053
 178962
 144097
 27888
 83640
 0
 172083
 868413
 97456
 426251
 67928
 116301
 659272
 802067
 696005
 287420
 94743
 695461
 410465
 437749
 923982
 196622
 122697
 576933
 64005
 698281
 825170
 18843
 307625
 51070
 107698
 895953
 459028
 823376
 133381
 971643
 473494
 185847
 969704
 450643
 389281
 652131
 509696
 995272
 738098
 87309
 11207
 366313
 390264
 872202
 497339
 495136
 113671
 175578
 456532
 492851
 227940
 907048
 313544
 80878
 565701
 342773
 783587
 276517
 457447
 119647
 241373
 926598
 597989
 933183
 501127
 227159
 515270
 504778
 286727
 139171
 731700
 84199
 564123
 152937
 860103
 750699
 633081
 781509
 379897
 418137
 436467
 345031
 685566
 242026
 553459
 707138
 487774
 264894
 930782
 314124
 690208
 670042
 148102
 511422
 185614
 531236
 575084
 20908
 354624
 26844
 24902
 707769
 503458
 260231
 991001
 162830
 21312
 386872
 420021
 873172
 421413
 853871
 985534
 692307
 342108
 465292
 427131
 83508
 25006
 451219
 758031
 369076
 416124
 246518
 660934
 327201
 784439
 404828
 674173
 660809
 586204
 320771
 718438
 575751
 747126
 405445
 354399
 511571
 842417
 341392
 748344
 557501
 470279
 616306
 964068
 544700
 885516
 82107
 482174
 118238
 950786
 985007
 656133
 242293
 709996
 879864
 716278
 29286
 909824
 729752
 340722
 197882
 448102
 898648
 991064
 196690
 192437
 537741
 306219
 318446
 220084
 523988
 881812
 217699
 240550
 329280
 342791
 82670
 290548
 65376
 697056
 773021
 983052
 362249
 348665
 109148
 156706
 679314
 131948
 831309
 831183
 624758
 98388
 403284
 631940
 164290
 709248
 736215
 297971
 702772
 920588
 803111
 760164
 486559
 263775
 925999
 839060
 366885
 977700
 45156
 804398
 393525
 866625
 634453
 630769
 559859
 240298
 97047
 585442
 884210
 493468
 589369
 661583
 462096
 414941
 587310
 638090
 457588
 790971
 733436
 258031
 537027
 869911
 53644
 918886
 485842
 565822
 188818
 737304
 344367
 784172
 841949
 591581
 800000
 118498
 529477
 994527
 147294
 624499
 832022
 954073
 998633
 783937
 436363
 738779
 734939
 16561
 570227
 389462
 740275
 599999
 506452
 250627
 388148
 86687
 486235
 206027
 975803
 122613
 414701
 525064
 33277
 167150
 106514
 666812
 95381
 732036
 493055
 215311
 934435
 791126
 506833
 152440
 273855
 566462
 223440
 873129
 534636
 179332
 178988
 569021
 993130
 274968
 929344
 340888
 319089
 513932
 993031
 544354
 719353
 348595
 53347
 41113
 935448
 188817
 254826
 896234
 996782
 417322
 607214
 956781
 236779
 161643
 255620
 345393
 83601
 964285
 435479
 14851
 497606
 788293
 306501
 53843
 631761
 300161
 737373
 139342
 310043
 38036
 930666
 851791
 567385
 213276
 13144
 459033
 775795
 552202
 695152
 324801
 864919
 741358
 179702
 876615
 115264
 605878
 158475
 874772
 640847
 606597
 661252
 120946
 146447
 90105
 580852
 404334
 787096
 619372
 668786
 327070
 319669
 320306
 742028
 509850
 711131
 348151
 256625
 643336
 683718
 399396
 909676
 137181
 383576
 470939
 763720
 285863
 422823
 535724
 611592
 476118
 236446
 995184
 548156
 462649
 553081
 878495
 263688
 178270
 701749
 423089
 311565
 674401
 457586
 592430
 374938
 923570
 692189
 634487
 847104
 967757
 649191
 199042
 817425
 804584
 107603
 498602
 660550
 48827
 470752
 577813
 639351
 316439
 904426
 199508
 341213
 882041
 524133
 297817
 464157
 215931
 890356
 398405
 572379
 967617
 143976
 772151
 960002
 985831
 396417
 942156
 937761
 328485
 449921
 296178
 340405
 72590
 748448
 604760
 93606
 588501
 658866
 846315
 830344
 645967
 375475
 102988
 560397
 616498
 968304
 353396
 654026
 91403
 939883
 626642
 737677
 642402
 340802
 889052
 788783
 873811
 784944
 83532
 929478
 426874
 268220
 521026
 422315
 972649
 873418
 548845
 409281
 694633
 52837
 772867
 834967
 752978
 276114
 237311
 976302
 201385
 571360
 34154
 660438
 130181
 865539
 946665
 657320
 4750
 442225
 430518
 653554
 483088
 193772
 26868
 961201
 761769
 514296
 415503
 915661
 670783
 568989
 382856
 343795
 252556
 542168
 437722
 500225
 559585
 425078
 634994
 136235
 813591
 336692
 108146
 590238
 430729
 282667
 913771
 58792
 961290
 935599
 404225
 931253
 466512
 206474
 266776
 422464
 713530
 61145
 979674
 161851
 873042
 81416
 470831
 159004
 875681
 129653
 956511
 982565
 68147
 32727
 727797
 87861
 301
 390027
 593130
 774592
 8293
 983433
 51902
 777592
 953582
 605557
 99112
 819740
 490882
 665158
 41952
 236251
 233664
 648452
 48274
 305481
 300313
 221779
 790672
 565031
 399939
 983723
 820227
 762506
 618574
 479031
 232692
 941322
 447204
 407745
 789023
 933499
 881088
 362315
 954624
 841637
 896748
 435945
 246717
 288493
 23371
 456790
 794011
 923995
 89357
 711476
 299935
 701451
 633116
 739314
 76182
 681131
 649387
 259390
 826168
 645736
 413455
 735607
 362083
 672322
 322383
 63606
 87163
 999580
 453153
 63606
 754146
 881369
 179029
 428689
 82565
 38650
 312227
 917115
 967508
 50283
 747488
 123434
 793046
 165605
 736011
 711091
 452241
 521889
 10768
 881434
 197729
 348499
 260447
 487359
 867042
 720496
 126679
 94222
 864914
 323220
 741460
 623296
 546698
 175310
 153846
 163490
 792677
 690238
 790862
 665542
 233040
 674748
 906227
 84135
 242961
 896523
 462390
 448074
 865443
 645723
 765040
 80213
 788515
 443744
 0
 56022
 550086
 22471
 956904
 510606
 799729
 194525
 258762
 854837
 169803
 74901
 568914
 350882
 887592
 566079
 209134
 667384
 553028
 688520
 72791
 725056
 45053
 461780
 543272
 324784
 179856
 255600
 468005
 277277
 453420
 459287
 3389
 787865
 689303
 817641
 475963
 47656
 177771
 152165
 50085
 104885
 382836
 351780
 430860
 190149
 518061
 464
 132879
 996469
 992000
 782045
 573308
 32167
 19050
 525963
 90649
 456880
 409528
 724997
 85883
 456577
 144164
 95031
 875591
 122436
 570216
 816351
 830752
 837154
 46802
 429562
 792520
 966740
 454859
 642514
 203229
 849911
 113621
 710469
 525979
 951087
 432528
 715650
 18800
 633081
 150195
 90936
 733740
 864290
 526335
 747446
 82084
 385594
 840350
 232833
 686380
 766537
 458763
 680622
 254745
 651539
 654486
 609030
 994465
 313748
 318508
 240673
 991960
 488516
 757287
 168103
 787169
 986734
 954731
 334236
 302375
 124853
 423454
 298701
 804484
 347785
 0
 575637
 157066
 1802
 164654
 154188
 989712
 541837
 586029
 889609
 180534
 280879
 643312
 792567
 40339
 785261
 381223
 807134
 947442
 524522
 777777
 784360
 249638
 554305
 762510
 147172
 829413
 475257
 761029
 609635
 333881
 583333
 114852
 588150
 916102
 816232
 844947
 227925
 835486
 725714
 642503
 816832
 647044
 795640
 39315
 74957
 389217
 733742
 202849
 204155
 782449
 456829
 490501
 157359
 839868
 42170
 543674
 572649
 153236
 922588
 596149
 526870
 406768
 484182
 139252
 916420
 226874
 509018
 745493
 982350
 958886
 219052
 113513
 887703
 56572
 111772
 500917
 99222
 245858
 875201
 644524
 885389
 661705
 921844
 870706
 533839
 895196
 314539
 297878
 854792
 8094
 142180
 70942
 610275
 576248
 74870
 449781
 865315
 350929
 415880
 986031
 305886
 382876
 987898
 752577
 201156
 657319
 323403
 245305
 762315
 135437
 759612
 211965
 748811
 616046
 591587
 40273
 123845
 346115
 876496
 71774
 904790
 415873
 844209
 883633
 683817
 599147
 503984
 547662
 151269
 562298
 623781
 730075
 98360
 216608
 306852
 903330
 770253
 113924
 720383
 733654
 947042
 926328
 746325
 249565
 244293
 689820
 48601
 285844
 499241
 405590
 712532
 616015
 825490
 128688
 516393
 809654
 755711
 722543
 899678
 192543
 744496
 404687
 415115
 389070
 97493
 381289
 953105
 807548
 62068
 496066
 47779
 527371
 182697
 555153
 818341
 353406
 796687
 30391
 230366
 921708
 630022
 432834
 901436
 64685
 943251
 954607
 715103
 836756
 88967
 409189
 307209
 310655
 375809
 855400
 287632
 762567
 716981
 185554
 106069
 805687
 384156
 260365
 548485
 282677
 587155
 270553
 492746
 357660
 668213
 751207
 439759
 967231
 555555
 23661
 953761
 562001
 469898
 754735
 106301
 648186
 17074
 309107
 451733
 642980
 425970
 343578
 603833
 474112
 296146
 30507
 687374
 87066
 886839
 206559
 979683
 962466
 993548
 675012
 661008
 881614
 786982
 945298
 783182
 601474
 559210
 203260
 219399
 94093
 938799
 570961
 989604
 868990
 735361
 485629
 195270
 349063
 440677
 298582
 432305
 241256
 825740
 910905
 445074
 951596
 786870
 603076
 547826
 704158
 709600
 646840
 872479
 767041
 517616
 837082
 442056
 900722
 229850
 80328
 294411
 191887
 738112
 389454
 876364
 291389
 854196
 449846
 300136
 616982
 158706
 762797
 373486
 756123
 307347
 454265
 705246
 303788
 15568
 193814
 873873
 218802
 563630
 792281
 13159
 818941
 320544
 330288
 696542
 456753
 805555
 805605
 382558
 643701
 675261
 992918
 664866
 248848
 678293
 525305
 994613
 583546
 610389
 466708
 396414
 541306
 18923
 491017
 331596
 288821
 885615
 469706
 193005
 354037
 740441
 549663
 379090
 181487
 432159
 380999
 354464
 362220
 615929
 376015
 323280
 693115
 536878
 260921
 9204
 878252
 358294
 571450
 382367
 812601
 762584
 121165
 461838
 719904
 360803
 976044
 681107
 51153
 613264
 159878
 984025
 991352
 286265
 889291
 602920
 832805
 18666
 704005
 283127
 736842
 242990
 260679
 239959
 161645
 949435
 938284
 294692
 59486
 463558
 328754
 502542
 872509
 973923
 634379
 596736
 402034
 425728
 191420
 515921
 945440
 871347
 626820
 973162
 153386
 987357
 5785
 628398
 404907
 551626
 253868
 446062
 600624
 166084
 925204
 946914
 745482
 646367
 413328
 898917
 77341
 281820
 540309
 739236
 476769
 860171
 529853
 21842
 650282
 906296
 0
 693307
 164876
 381818
 914050
 72055
 390395
 649869
 226212
 498271
 306980
 543478
 6568
 416057
 825843
 436845
 551846
 146627
 801392
 89871
 109829
 23331
 665724
 628520
 942636
 406270
 857114
 466395
 526742
 488406
 475322
 183873
 678856
 968624
 775731
 943725
 143775
 94527
 758745
 167233
 747822
 157053
 119625
 248774
 213072
 643330
 400959
 307934
 325533
 629094
 248194
 690824
 314600
 956616
 852658
 693207
 355375
 127682
 80914
 653409
 217598
 514014
 328922
 706339
 751246
 254414
 469729
 799636
 432509
 353415
 144664
 154718
 511122
 502755
 49963
 145310
 635561
 649506
 259385
 850944
 36805
 807275
 838594
 87093
 437365
 134299
 682576
 183931
 183600
 530394
 950721
 826403
 67743
 103891
 892281
 550878
 129793
 14746
 482375
 328003
 800904
 235680
 684359
 228584
 141391
 301711
 942194
 226654
 379368
 228874
 80845
 674571
 902940
 384236
 440195
 171722
 944836
 171439
 992980
 1645
 65963
 183016
 920716
 302252
 162962
 865010
 542117
 726984
 304209
 288503
 550342
 449460
 789103
 53555
 16444
 731343
 718602
 580178
 861344
 141328
 823354
 518030
 544265
 97790
 119076
 44452
 776224
 305310
 355731
 279547
 744618
 684031
 566151
 540124
 647581
 606524
 300086
 738484
 886406
 839308
 129251
 934171
 295470
 761023
 525423
 807404
 805773
 832263
 371206
 281922
 970115
 794991
 778424
 451895
 9966
 989671
 609740
 724249
 308678
 809879
 956521
 887880
 62873
 578678
 686761
 472914
 840148
 86058
 221808
 129398
 35836
 830857
 470308
 868901
 861833
 309337
 280585
 639909
 431818
 130029
 900989
 307982
 424479
 380389
 720002
 253828
 111582
 885964
 326343
 166642
 600579
 528894
 723907
 474673
 739419
 51248
 102774
 851524
 210571
 211558
 342383
 116941
 952677
 34122
 524424
 232979
 732264
 483672
 456510
 379465
 537677
 703024
 724867
 762237
 823803
 56960
 42652
 824988
 637643
 510886
 394957
 264305
 480620
 49845
 799999
 156269
 800000
 701480
 235631
 480686
 699806
 775189
 395313
 123706
 773649
 933166
 534004
 240111
 224916
 726255
 156802
 270020
 576938
 475504
 336148
 698412
 435483
 120349
 276654
 413908
 903779
 411786
 860473
 286925
 773422
 426039
 127979
 462264
 435726
 346316
 258085
 778056
 951834
 244591
 52792
 624951
 69459
 691716
 850115
 151088
 941549
 137543
 536440
 174994
 878564
 774366
 55241
 233663
 587622
 790669
 974747
 965334
 887323
 837844
 23283
 52889
 167272
 730179
 29628
 172061
 256422
 820241
 629421
 872548
 631909
 293033
 748868
 832050
 59007
 198113
 498603
 543079
 522490
 903450
 944036
 483100
 616300
 939597
 788870
 346949
 237310
 219596
 636672
 805801
 283885
 411937
 663174
 745992
 860152
 456802
 984633
 170230
 478591
 198041
 802192
 607855
 961340
 141430
 264255
 788153
 423014
 611374
 324167
 652317
 402985
 236327
 750567
 375953
 322113
 966126
 420495
 301192
 29261
 860622
 150684
 666577
 759485
 443882
 853465
 276641
 460759
 688938
 724137
 821311
 472258
 952337
 506234
 651925
 259351
 229941
 190000
 517593
 310797
 201204
 818043
 603588
 991831
 420128
 723561
 758354
 852579
 88040
 944177
 29945
 203117
 161027
 86845
 898856
 48562
 593474
 814719
 261018
 317757
 642667
 934172
 773243
 869114
 729939
 735905
 365315
 866910
 503420
 968725
 650884
 586589
 121809
 307983
 31150
 549662
 770135
 421970
 779036
 105903
 974697
 696132
 441091
 713372
 189986
 773
 231246
 228950
 446223
 377079
 554598
 923580
 48715
 731052
 14035
 331842
 505286
 340425
 848712
 393121
 404565
 133282
 102170
 573787
 860973
 110859
 665242
 418433
 438095
 198595
 984058
 413082
 796592
 961579
 944570
 832470
 955859
 579999
 113186
 793736
 542272
 68246
 996680
 619421
 598179
 866713
 282828
 446246
 497691
 527586
 70218
 590046
 423472
 50583
 564360
 497233
 452723
 776446
 489229
 945955
 700760
 651951
 813534
 113973
 369661
 252152
 498624
 244018
 235750
 274380
 243858
 828636
 46148
 387975
 111003
 108928
 570662
 302766
 168658
 649420
 485241
 827766
 219570
 985287
 230155
 301255
 896047
 751736
 645415
 786785
 713107
 270270
 684377
 715496
 564959
 212099
 123409
 850216
 221693
 958215
 842088
 713210
 986617
 981091
 968895
 163302
 340138
 331131
 534198
 554447
 261315
 259234
 889051
 172477
 650512
 370786
 880634
 348901
 491271
 67240
 732696
 871145
 394622
 490156
 908697
 24664
 133873
 923822
 249499
 897559
 743849
 830412
 980259
 482646
 968713
 447978
 136917
 464044
 6156
 126935
 390463
 443476
 192419
 303079
 236619
 302495
 236926
 772126
 133671
 374848
 113126
 268381
 450593
 463004
 275789
 156640
 719337
 956006
 176345
 945408
 24989
 77759
 529509
 428787
 627166
 743061
 794537
 508940
 42589
 750682
 123650
 631661
 271164
 681097
 147320
 358420
 334581
 869318
 316465
 736687
 239735
 489216
 213692
 8849
 186563
 828823
 914594
 995377
 494315
 782025
 70689
 431973
 706979
 226826
 242905
 42416
 14827
 780151
 337340
 448902
 678202
 577324
 518389
 892535
 474005
 156243
 247179
 361438
 186645
 224182
 270351
 934618
 662873
 147554
 90114
 850526
 783021
 959999
 43952
 767467
 776322
 500642
 76853
 487253
 261428
 456386
 387196
 721264
 831302
 878351
 0
 373864
 166354
 661558
 492743
 51761
 26749
 870391
 442340
 906145
 93540
 202085
 633428
 278688
 28233
 576498
 474418
 241941
 841903
 606509
 466763
 435618
 280129
 879853
 518315
 904550
 612877
 685299
 280930
 701903
 180847
 544447
 644542
 362936
 56949
 404241
 957276
 674769
 734417
 497091
 413211
 628813
 491351
 351995
 252465
 799848
 36406
 631608
 209302
 19729
 668952
 12787
 782841
 762666
 68574
 537323
 561820
 282636
 812770
 232688
 37495
 368377
 756032
 425376
 659639
 594384
 97408
 931989
 567558
 902003
 409701
 284181
 120984
 950603
 887818
 395663
 592592
 254952
 215321
 285066
 931892
 719770
 500480
 912516
 546626
 727479
 988040
 201034
 631241
 609707
 479131
 464837
 311751
 358591
 422159
 270556
 394369
 264601
 980372
 354431
 960577
 429218
 857662
 702860
 92052
 714208
 368756
 673569
 999733
 400264
 2050
 930109
 333776
 494265
 893891
 969960
 810319
 540656
 114382
 469575
 998654
 895961
 992492
 666917
 746813
 80309
 759244
 661821
 355223
 661501
 970529
 980180
 897588
 227301
 428145
 247809
 377548
 411425
 984688
 79887
 5125
 308669
 197838
 10915
 371392
 223665
 496364
 652827
 854648
 433495
 415408
 948653
 760720
 514152
 671516
 142251
 932940
 610252
 392586
 902302
 437325
 619442
 295981
 993126
 352332
 940264
 337362
 389663
 855368
 833529
 893373
 483072
 922924
 844316
 294209
 329467
 699941
 200236
 236852
 941554
 577342
 149119
 322969
 577133
 474288
 493826
 139390
 386502
 316427
 929797
 651111
 920315
 615128
 652320
 481023
 908689
 648979
 775851
 957591
 343275
 534986
 495701
 276752
 104799
 40114
 781534
 966213
 321859
 604183
 351239
 388522
 282664
 886493
 132745
 629510
 732788
 604836
 252196
 625901
 592526
 871216
 210424
 820793
 154929
 927602
 412912
 810585
 760328
 975596
 470284
 685236
 837030
 517616
 166666
 327249
 271987
 891126
 54171
 258750
 263240
 741235
 549889
 443923
 364359
 127580
 47982
 865842
 37058
 785938
 475997
 890663
 69928
 751778
 909598
 452125
 318107
 119941
 808313
 827286
 908570
 655743
 768434
 817086
 738426
 658215
 49866
 474758
 144979
 981192
 191075
 466326
 253213
 519234
 774189
 428954
 192189
 262182
 18280
 332264
 785623
 473449
 435805
 535399
 454470
 992508
 866643
 516257
 602094
 473170
 654991
 957581
 70382
 623160
 674392
 759664
 219772
 739717
 459189
 698036
 34482
 742242
 202541
 139636
 739048
 888766
 814148
 875100
 492116
 912698
 678710
 131943
 870358
 721132
 859905
 79308
 899550
 363157
 998440
 732509
 972900
 195619
 618649
 67852
 180417
 316894
 285655
 558237
 457287
 181712
 439084
 451860
 578393
 919441
 484062
 184648
 998529
 699539
 110724
 700133
 118607
 427420
 183908
 837398
 322698
 74807
 552581
 789098
 457462
 617334
 49289
 723025
 56432
 342653
 578269
 444271
 923694
 640742
 553252
 901960
 782664
 200063
 410562
 268786
 313597
 177801
 444980
 348951
 233022
 714285
 183925
 148190
 133978
 911514
 559018
 210452
 914285
 619216
 650499
 576973
 805442
 904412
 873764
 733882
 521682
 275071
 871706
 344769
 488220
 287785
 607002
 646857
 866301
 360441
 581341
 87475
 751345
 946830
 149632
 639524
 667908
 381607
 675295
 324480
 150616
 50351
 739788
 434094
 121241
 852579
 139589
 831257
 357717
 887010
 850516
 37074
 918132
 188834
 127392
 156553
 850348
 29819
 218604
 243445
 741130
 85194
 9999
 429876
 761290
 197481
 727366
 174383
 788985
 942019
 837377
 79283
 419149
 312932
 231238
 318158
 581395
 565873
 635359
 695090
 997224
 127314
 766070
 679793
 583937
 698944
 592242
 250051
 878576
 722301
 356627
 634615
 331733
 238114
 8844
 779907
 162616
 969382
 703281
 164998
 985185
 349389
 267903
 760672
 418162
 67021
 348095
 458141
 144679
 763748
 181656
 543456
 453668
 230263
 809401
 776508
 708377
 228180
 993393
 134065
 901552
 100917
 913297
 264920
 720324
 864305
 95643
 952385
 362598
 906245
 328480
 628691
 885301
 462163
 670133
 868381
 217402
 393381
 745168
 358120
 123532
 904521
 916317
 652586
 966778
 669272
 301587
 594322
 492063
 951873
 990430
 458437
 906706
 648188
 784800
 941541
 386124
 652562
 830376
 678683
 383382
 131954
 402816
 128183
 202299
 311514
 885099
 417588
 392980
 143983
 545176
 593607
 963660
 502290
 106161
 797985
 12624
 528109
 226957
 694378
 982101
 542366
 446134
 734834
 705158
 324102
 679259
 612518
 945030
 401167
 828683
 791469
 523409
 695531
 372351
 897074
 276482
 901982
 889150
 548909
 9555
 517055
 394210
 993206
 253782
 959149
 428571
 852507
 690330
 846846
 146391
 529731
 37178
 922107
 942456
 853321
 786971
 600330
 85836
 635686
 101520
 133333
 20238
 962886
 98660
 187633
 46003
 880997
 442804
 461159
 924301
 626407
 789565
 957063
 298615
 641909
 411034
 810642
 896551
 2832
 837571
 17626
 671368
 315465
 337759
 411829
 377925
 58879
 32545
 609827
 358133
 384615
 483088
 20343
 846605
 54089
 9523
 164658
 875000
 904890
 630991
 948529
 670129
 885428
 861309
 899587
 115360
 946202
 182259
 475924
 453054
 615384
 194997
 892422
 857405
 92917
 962241
 813574
 7744
 410586
 674999
 783471
 469716
 959116
 914553
 202625
 354234
 88105
 939139
 427705
 913819
 579362
 679961
 281807
 608503
 76184
 666666
 721119
 396821
 312481
 741882
 168000
 563088
 621241
 860413
 512165
 317262
 605385
 354399
 569795
 957562
 939969
 691338
 482030
 144107
 271391
 426426
 297821
 205627
 527363
 912250
 380691
 309890
 327748
 45676
 809220
 835109
 272151
 541142
 319750
 653590
 244996
 717935
 182109
 354444
 26863
 758387
 893712
 242339
 633147
 790762
 221556
 375378
 600245
 955555
 318163
 300688
 804263
 258862
 91114
 609179
 173299
 990841
 735052
 156352
 180534
 207017
 464561
 597145
 600985
 344206
 967989
 694750
 742890
 283116
 557605
 467673
 1159
 306895
 999316
 508003
 134726
 221729
 33999
 497023
 915804
 70484
 394255
 65690
 969308
 105907
 535252
 426726
 308242
 492280
 186598
 4014
 918175
 947330
 480697
 849740
 654300
 672136
 736049
 532878
 819809
 606977
 828264
 677426
 675924
 596321
 827370
 437390
 751531
 853890
 490976
 155254
 749737
 282002
 486423
 826513
 971735
 127612
 569191
 294478
 545454
 321454
 207155
 882943
 392050
 635628
 195923
 114631
 694428
 946529
 316179
 973980
 675626
 220666
 839535
 518311
 895664
 789224
 873359
 807662
 338718
 0
 842068
 630781
 788053
 908976
 261081
 834749
 699758
 164062
 391375
 354582
 252103
 29388
 326062
 771274
 30506
 179854
 835705
 411206
 846031
 847262
 670284
 178402
 684153
 729613
 546063
 43920
 78816
 743455
 180509
 518559
 18492
 858932
 442480
 987838
 342323
 366429
 93026
 157367
 910484
 699494
 99542
 465733
 165233
 369372
 959828
 745983
 895373
 165640
 961447
 376438
 985353
 578480
 617593
 617021
 113846
 409862
 121181
 9364
 996774
 613821
 76383
 336203
 1705
 566572
 649538
 243422
 513700
 494317
 93027
 327549
 998872
 857727
 780253
 968647
 447930
 508925
 415986
 529386
 780952
 47207
 891281
 993995
 370580
 269449
 373327
 706370
 506406
 568072
 656066
 262996
 996425
 766119
 837513
 301091
 259084
 419268
 425840
 891979
 677294
 632099
 118049
 452998
 715516
 131605
 360215
 948088
 477974
 617373
 447234
 931855
 282314
 15365
 279382
 900476
 794520
 121951
 59810
 935630
 879652
 54054
 715720
 240297
 690794
 199555
 576273
 551891
 792982
 603870
 212956
 95386
 556543
 431522
 719337
 934990
 527865
 374289
 85408
 732779
 622237
 410988
 763990
 948374
 516856
 851461
 233770
 66877
 246055
 733990
 954619
 789549
 99382
 502262
 659128
 666822
 537947
 581185
 368146
 549690
 561959
 177192
 864625
 750409
 395748
 379643
 434824
 482517
 970157
 911369
 429118
 411419
 790573
 64183
 34493
 794609
 278674
 77996
 645276
 788416
 710618
 919041
 274019
 682231
 394546
 716664
 619000
 462394
 195082
 750589
 972780
 80670
 948798
 303833
 944303
 960705
 678438
 289299
 822222
 303285
 923849
 649742
 611124
 950531
 471625
 265226
 274832
 643394
 216940
 153598
 651178
 400640
 713288
 812734
 364757
 193762
 411418
 933386
 899833
 187977
 169283
 533317
 726083
 693480
 639668
 72702
 125914
 102390
 917562
 598745
 365132
 228529
 459240
 127357
 429109
 256820
 168724
 939084
 793129
 43180
 959224
 361177
 645747
 669629
 979470
 887924
 945518
 499670
 484660
 266800
 909895
 496371
 945656
 172713
 98735
 18688
 88060
 138540
 431055
 798069
 938730
 463306
 874762
 212817
 619007
 208622
 726168
 210036
 90494
 269826
 123058
 978136
 120544
 132020
 286713
 492844
 985134
 19799
 42573
 195016
 331364
 422051
 965354
 675658
 624644
 800147
 985802
 310964
 465886
 391234
 985318
 840743
 738539
 51466
 72523
 458386
 267873
 254635
 494354
 899572
 280038
 88370
 363083
 179413
 487632
 406421
 783107
 29608
 237623
 242456
 213317
 623537
 829904
 338520
 166599
 545509
 823791
 481618
 584911
 519555
 541709
 57351
 467132
 953155
 435151
 153512
 49397
 786832
 552427
 221319
 209816
 670847
 51176
 179730
 159281
 501891
 571439
 160314
 845959
 570321
 775810
 115534
 222900
 997598
 552491
 886822
 630610
 920508
 838605
 105689
 498371
 912071
 715858
 875104
 616113
 453839
 732995
 921606
 257010
 896442
 436841
 922734
 87607
 414965
 283492
 176084
 791396
 242298
 933925
 21411
 31961
 433490
 52388
 843137
 305599
 352211
 271947
 832689
 439985
 279204
 436528
 630607
 398701
 897804
 402267
 725912
 774946
 117264
 533207
 495146
 511075
 577431
 254120
 651068
 943228
 58823
 773044
 566649
 647058
 434180
 891730
 973708
 706645
 848734
 103530
 486193
 568971
 662210
 814632
 477485
 262843
 317750
 870175
 716850
 840232
 485301
 981667
 161688
 823635
 896034
 558385
 741041
 139150
 898062
 847753
 877538
 81472
 8206
 706214
 269938
 609527
 630252
 524115
 494818
 907103
 601441
 163971
 95175
 818976
 224861
 647099
 22913
 149831
 43528
 218905
 925170
 559970
 843558
 907117
 726054
 174474
 148780
 287925
 722778
 463350
 795051
 328434
 921763
 810962
 965683
 384364
 201354
 766550
 230378
 888155
 378698
 571075
 597402
 608443
 374139
 366705
 274052
 724480
 303921
 457860
 835699
 217431
 691466
 327004
 583373
 171822
 252585
 876033
 622754
 921956
 111810
 160048
 807063
 891925
 726773
 463930
 327675
 938149
 665879
 448088
 877024
 68661
 192043
 711121
 317796
 398808
 262078
 925262
 174695
 185073
 534482
 144030
 234322
 776878
 2713
 314330
 3935
 528934
 381443
 857055
 118518
 880075
 877647
 545677
 596244
 424280
 722489
 244419
 371780
 39748
 874849
 848153
 316781
 38282
 464067
 760635
 289069
 397388
 600649
 101017
 941970
 169084
 332026
 352486
 708364
 9896
 383182
 111359
 906470
 73070
 376053
 19873
 542634
 741653
 368742
 46448
 252524
 687106
 934497
 998415
 243914
 903886
 861866
 44869
 115327
 793632
 496831
 35447
 887569
 323589
 316344
 327118
 797958
 448818
 29331
 376096
 824754
 616393
 590689
 875930
 553044
 689030
 698982
 535341
 796587
 600758
 690713
 35741
 148952
 341897
 21430
 210777
 248454
 25769
 954745
 425092
 977745
 243987
 540967
 728953
 212833
 903169
 593375
 864379
 916533
 318316
 594748
 507422
 446794
 286760
 7114
 530694
 594794
 986084
 781896
 19801
 130186
 417433
 942283
 166519
 246292
 849574
 739869
 442218
 619655
 828098
 740756
 989176
 949284
 303060
 657153
 231616
 230966
 49850
 374168
 245861
 874010
 246632
 300092
 271501
 172961
 644958
 546073
 765905
 945942
 248826
 608676
 312783
 695122
 597947
 180323
 61292
 129811
 426079
 700425
 344840
 170412
 585253
 846004
 917127
 73232
 386296
 652333
 129258
 35302
 734757
 479863
 652475
 690671
 937909
 950719
 142950
 622816
 764875
 927868
 761345
 205543
 194226
 132504
 786246
 926742
 288041
 524691
 237169
 473053
 642881
 324979
 249013
 673632
 782708
 601841
 199923
 957804
 850381
 224966
 299695
 497247
 402946
 784547
 869828
 350113
 302414
 836660
 211598
 42513
 695855
 266603
 115337
 568689
 57867
 279623
 842158
 181217
 815920
 678919
 398849
 671565
 222567
 715623
 391090
 379204
 383697
 500989
 411430
 538590
 266348
 916141
 686056
 442055
 539989
 979518
 661550
 147478
 32258
 43275
 718624
 233647
 728615
 590296
 972248
 297102
 919830
 492647
 153303
 6330
 100856
 81072
 771929
 27752
 493114
 837128
 461081
 646435
 952118
 770981
 979792
 796836
 12925
 604523
 727899
 543260
 801194
 1708
 940560
 764634
 116620
 590509
 559227
 271469
 354629
 570643
 943799
 930027
 42452
 864103
 514449
 730478
 527029
 913257
 242618
 580736
 907257
 231128
 49912
 946378
 439024
 963446
 972591
 503699
 439999
 954668
 456497
 378915
 208796
 314360
 798301
 448071
 194238
 285898
 149315
 732647
 958179
 242539
 889746
 386377
 924305
 25906
 173012
 699407
 632890
 608856
 983356
 165363
 0
 896631
 888823
 449239
 797238
 180583
 387364
 226052
 548117
 68482
 844498
 609913
 583926
 939696
 692822
 887573
 534864
 2658
 772038
 547994
 732215
 685304
 817586
 583193
 716763
 10621
 842696
 248068
 115022
 319446
 323062
 602975
 42715
 996692
 540850
 525030
 647635
 770836
 612335
 889888
 878755
 66626
 441882
 383287
 40652
 14208
 289710
 769052
 103313
 885127
 350092
 574827
 698420
 833144
 676125
 218297
 879050
 106831
 17751
 773377
 498347
 144755
 877493
 195992
 571697
 625666
 872288
 397582
 559267
 42763
 794158
 776021
 271851
 950958
 62398
 474868
 579802
 255159
 21179
 305740
 236168
 236984
 489856
 533373
 845375
 688954
 7963
 352325
 355097
 170220
 140883
 267867
 30231
 154562
 602665
 233560
 359369
 184599
 544820
 901960
 629038
 137121
 3394
 755342
 515376
 542495
 810279
 3729
 852371
 976320
 999908
 755249
 809960
 758810
 669463
 564011
 210160
 342152
 729143
 276812
 212353
 250871
 783647
 44066
 916635
 69653
 483648
 344578
 288599
 853523
 16528
 532354
 425942
 48686
 8029
 870286
 318832
 520757
 978307
 443155
 620515
 980180
 597801
 633251
 948463
 656744
 915428
 891316
 969213
 347222
 42652
 280593
 775474
 960503
 114190
 977186
 46691
 44975
 986866
 843107
 721021
 311971
 915850
 96804
 447389
 