6515
 51899
 81080
 33682
 67568
 47542
 97162
 44444
 59079
 14934
 96944
 70595
 1089
 29100
 43635
 50127
 92412
 1221
 29359
 37592
 34233
 87007
 26157
 10239
 40452
 63752
 80171
 15021
 17647
 50906
 99029
 86619
 84714
 51993
 99287
 77853
 75991
 56072
 11521
 98805
 88813
 58431
 92984
 32004
 73473
 637
 19115
 94232
 7398
 76667
 84110
 28703
 79368
 90714
 79659
 95648
 41117
 5667
 46762
 74396
 7797
 13423
 11342
 95880
 62528
 93682
 27753
 89511
 56219
 84875
 7337
 46132
 9479
 51871
 37367
 5451
 91836
 84149
 88895
 84478
 21161
 18232
 66391
 21205
 68490
 71236
 26266
 28377
 73835
 9993
 40806
 264
 4431
 45295
 31659
 88444
 87264
 19276
 81578
 93496
 31371
 22031
 65209
 51341
 79720
 8244
 73076
 95580
 64993
 5751
 43332
 53406
 91312
 55709
 99343
 98755
 8706
 10850
 18437
 0
 24915
 91343
 75452
 2439
 63420
 9021
 78499
 53319
 47169
 51860
 80492
 34592
 28413
 33744
 86669
 93220
 55157
 86085
 14020
 60498
 64223
 5888
 12957
 52154
 90075
 93268
 29329
 26238
 43371
 65285
 46526
 22425
 79297
 74099
 22032
 1619
 94729
 64057
 22335
 97939
 80411
 69230
 97453
 70926
 99622
 10835
 88006
 3745
 18349
 51979
 70286
 69970
 97069
 76040
 25298
 28231
 91750
 47893
 5417
 69172
 35714
 95494
 49918
 38923
 430
 27426
 75950
 89068
 11607
 81855
 20057
 37763
 85068
 31913
 6446
 25943
 76084
 19959
 81377
 61916
 11419
 76635
 38008
 26136
 42184
 36069
 44969
 91589
 98353
 36628
 52809
 72905
 50209
 25447
 95187
 2530
 21588
 81587
 27168
 99721
 29579
 87656
 20852
 25401
 61792
 23901
 15685
 40940
 39904
 70457
 12925
 46285
 53540
 81996
 2057
 61851
 95584
 3887
 40183
 63026
 41841
 73390
 67238
 27272
 87399
 57806
 98419
 36837
 39334
 48159
 26712
 30197
 10432
 67202
 69515
 80625
 56838
 80540
 38014
 37316
 24916
 59271
 79087
 56733
 82701
 27059
 81061
 92308
 59187
 60288
 42278
 85900
 48404
 48522
 75255
 18213
 54173
 47430
 95881
 27872
 17771
 42527
 62225
 73251
 40944
 12446
 91999
 51482
 69648
 50602
 11987
 25367
 59050
 10963
 49509
 96376
 41043
 43916
 25635
 62468
 99744
 52225
 90411
 85984
 68838
 52060
 61209
 86355
 39715
 73044
 92714
 85300
 33054
 38574
 61565
 52628
 57586
 78847
 3118
 54706
 12726
 82926
 7625
 72602
 512
 15791
 8312
 89185
 90621
 88051
 71481
 34003
 66449
 66101
 19057
 60955
 82681
 62597
 63869
 45346
 99603
 67807
 83965
 48139
 26935
 36308
 33878
 33802
 34138
 93980
 29305
 59595
 22624
 45159
 58201
 93783
 23619
 76362
 47830
 15399
 83458
 18134
 94943
 62140
 2670
 1467
 46864
 80349
 65183
 91555
 98348
 35207
 42675
 33890
 86102
 40255
 67979
 19749
 99616
 93982
 65862
 57348
 64284
 25599
 55222
 13256
 99209
 49449
 4315
 66266
 82758
 67776
 87732
 79554
 91103
 60335
 47211
 18956
 50402
 91308
 64578
 46038
 10902
 97059
 53957
 78484
 43422
 85207
 66024
 56279
 5861
 40551
 41286
 84913
 4068
 27143
 4525
 61675
 22596
 28437
 20630
 84688
 45623
 14666
 98608
 15925
 73160
 61424
 12718
 42760
 84283
 11123
 79665
 75494
 50210
 68125
 38533
 63746
 4146
 88841
 24473
 88214
 11578
 4493
 84459
 25110
 96213
 79322
 67650
 68966
 5882
 1719
 71428
 71163
 4299
 1645
 6157
 67403
 62481
 2887
 67441
 54386
 45783
 59088
 80502
 76401
 4253
 61455
 64069
 54183
 46176
 84102
 39955
 42754
 92996
 53290
 56001
 49596
 73785
 82976
 40927
 72421
 24372
 59686
 66835
 39738
 18476
 58768
 66451
 54593
 8948
 28472
 96421
 98039
 40980
 68949
 62766
 60727
 18595
 43389
 39508
 50496
 79166
 7274
 16647
 45248
 88294
 42846
 9920
 90078
 83631
 11713
 67383
 64001
 53966
 6211
 26315
 45266
 13967
 99855
 21781
 51753
 73783
 19292
 69366
 69205
 46298
 64908
 79125
 34857
 48947
 98597
 83185
 47822
 2938
 86127
 38677
 20155
 55031
 96735
 63720
 83337
 7204
 46090
 38111
 62572
 14580
 58261
 17899
 67234
 76614
 23117
 27783
 73111
 49076
 58657
 24611
 57080
 50381
 57024
 96841
 15702
 27796
 19167
 49298
 44475
 21993
 6635
 47423
 328
 46715
 26071
 25709
 3926
 11704
 44670
 12067
 47539
 63520
 52585
 66336
 48355
 91515
 7140
 90205
 35412
 1669
 71508
 86192
 91099
 16870
 48779
 50474
 37769
 20737
 70217
 66023
 89496
 16353
 68340
 81021
 63614
 92867
 92784
 58055
 57982
 36515
 90286
 77223
 20623
 40650
 83591
 35294
 28502
 81590
 31480
 65252
 78783
 29927
 95021
 95877
 57639
 26374
 55346
 49778
 33653
 32308
 28946
 8157
 33285
 64520
 21026
 47462
 33620
 32061
 19310
 18559
 92665
 7865
 2077
 5267
 37178
 6071
 58220
 74924
 76593
 28959
 46588
 30626
 3100
 1767
 33124
 72044
 59550
 24089
 37136
 57921
 72888
 40305
 93495
 26018
 63534
 53723
 25150
 86169
 64356
 76476
 54946
 68399
 12834
 46497
 66839
 90157
 65565
 17391
 68586
 82960
 61397
 53836
 47305
 64221
 74209
 48322
 40592
 77713
 85416
 59022
 54117
 18219
 98512
 9090
 61742
 31929
 63234
 21507
 85736
 84739
 25080
 28891
 58563
 84210
 84744
 93877
 92018
 60538
 595
 51558
 48887
 12349
 58736
 60380
 50679
 63005
 23702
 71886
 75726
 13194
 66750
 63532
 17815
 96779
 3254
 39313
 80489
 36098
 1030
 62889
 83951
 65829
 65220
 84138
 82504
 97774
 71317
 37202
 85857
 58276
 74793
 94725
 9582
 74622
 14325
 73489
 34419
 36983
 36882
 18074
 8953
 52007
 46055
 51036
 84537
 89392
 81081
 28302
 91783
 83960
 35883
 11640
 78366
 79834
 9961
 87153
 8309
 82419
 20164
 30384
 17197
 54680
 20022
 4920
 61788
 74126
 53666
 99763
 77427
 49598
 56971
 33757
 28954
 66425
 14697
 64306
 3935
 24224
 28772
 80369
 21151
 23151
 84989
 27956
 1639
 54337
 27055
 94777
 35322
 56599
 28290
 27832
 7748
 95936
 89858
 20636
 96336
 2737
 47588
 17629
 7344
 21361
 14914
 66301
 52036
 2928
 92213
 7596
 7482
 26918
 59851
 50733
 19051
 84418
 8023
 31593
 95813
 91748
 88870
 17937
 11080
 35128
 51379
 57378
 84717
 3045
 69622
 71424
 25015
 32071
 71291
 81317
 27559
 89715
 8134
 60642
 10013
 70970
 60028
 61818
 58850
 36212
 48315
 8907
 30860
 79617
 54218
 84337
 81044
 8985
 95418
 29457
 1489
 26823
 54082
 41307
 18988
 36868
 61805
 50230
 4468
 35915
 52067
 48115
 6215
 44214
 58729
 45732
 55835
 38242
 37411
 82200
 87319
 43425
 97043
 55375
 46482
 46365
 31121
 71310
 68735
 47019
 60071
 87293
 79306
 97373
 55396
 38090
 96449
 18570
 42521
 19269
 1175
 40165
 90323
 51245
 97200
 77418
 45517
 15515
 40151
 30408
 30013
 97470
 69460
 58383
 980
 87385
 80552
 72485
 98713
 32189
 24711
 96910
 70221
 2975
 78050
 20285
 32321
 79691
 72580
 62894
 11531
 71604
 84745
 80160
 79979
 84746
 72623
 47480
 85976
 96892
 50844
 25809
 31654
 13025
 75944
 31268
 77332
 91990
 83338
 20012
 44881
 42095
 1002
 32006
 89800
 28177
 13053
 80999
 54228
 6093
 33333
 56246
 3423
 73091
 55507
 75335
 94220
 75170
 55889
 46610
 86092
 58875
 98613
 26307
 4511
 45998
 97679
 61378
 66948
 49265
 62100
 27502
 80530
 15550
 30855
 96577
 32369
 569
 43226
 74198
 10619
 3986
 20994
 46656
 91357
 40569
 29016
 48854
 80458
 38863
 81946
 