317180
 42015
 139577
 327636
 381004
 256880
 5013
 415515
 131647
 352270
 115174
 56061
 301158
 451621
 82089
 266535
 214316
 180726
 12992
 399999
 361990
 169895
 219274
 98644
 330960
 233299
 57219
 243154
 265768
 122399
 191282
 326305
 24719
 472450
 79720
 408088
 487513
 490808
 12048
 21727
 474845
 71817
 371760
 319709
 418440
 246060
 413134
 271849
 186417
 301973
 409801
 463201
 29865
 425200
 297552
 459407
 130520
 426238
 369096
 341666
 497307
 186609
 200359
 139594
 394823
 78301
 407424
 261422
 253953
 348494
 333062
 290181
 84933
 44257
 166234
 431651
 289935
 356828
 314620
 15500
 185005
 227059
 354549
 186420
 381662
 487707
 89849
 32467
 50751
 123306
 39941
 387256
 20051
 285225
 156449
 47261
 131386
 4058
 27721
 416864
 351822
 276514
 280319
 97442
 196506
 282779
 255937
 229259
 487863
 14547
 250673
 64023
 79328
 98610
 11972
 260978
 457644
 432313
 146556
 361475
 91796
 326645
 107132
 433231
 478170
 257135
 5072
 69686
 152332
 147379
 245625
 262527
 109985
 362346
 106824
 325621
 463667
 333333
 442212
 275569
 412524
 120488
 367096
 43472
 225413
 432960
 127366
 296902
 296598
 80692
 180158
 354687
 170485
 381753
 355818
 6008
 388055
 26510
 56795
 332222
 436513
 118705
 430023
 11453
 17384
 115074
 111830
 50468
 484768
 58818
 410584
 340943
 468390
 470774
 263811
 487455
 342357
 199063
 80577
 111111
 138268
 190539
 177054
 9454
 26078
 21097
 226940
 454114
 230046
 178481
 265144
 162640
 319047
 57477
 110441
 321843
 408674
 18738
 437078
 109718
 159918
 21411
 425200
 167875
 460911
 254625
 411547
 229736
 155647
 405930
 129343
 485416
 429855
 406495
 171393
 179836
 34253
 240144
 414840
 49057
 67245
 294339
 6788
 397593
 287739
 149153
 395818
 344138
 278083
 361838
 100282
 222079
 114085
 243959
 495708
 306513
 422178
 279459
 33158
 381025
 138305
 498998
 424308
 282714
 3631
 185107
 263635
 479640
 153766
 296468
 128319
 246655
 392358
 309955
 121025
 437597
 163963
 88055
 55683
 195680
 357267
 315571
 271232
 244897
 466890
 52789
 278640
 197990
 433458
 117647
 183955
 460660
 33926
 399157
 79165
 411411
 417330
 47351
 373158
 225798
 178756
 226190
 23166
 86830
 380035
 158701
 258814
 460742
 209052
 40113
 427498
 212765
 75879
 106629
 173212
 353762
 357331
 121234
 226965
 393995
 31044
 173228
 460951
 13974
 28279
 497873
 50117
 154248
 23068
 225133
 79695
 14218
 435211
 478747
 186694
 458168
 230089
 42517
 116354
 272028
 233201
 310137
 263255
 262497
 452380
 154545
 480344
 44647
 308823
 78034
 66666
 321472
 31066
 454358
 52892
 303685
 39862
 329552
 205537
 17673
 198166
 21542
 341489
 150635
 344938
 113439
 50514
 366912
 183389
 69609
 56199
 425790
 259928
 207194
 346246
 154079
 164835
 413111
 142782
 426509
 174519
 143858
 320946
 388329
 264544
 114579
 356459
 348337
 290807
 211686
 288925
 130018
 254517
 499063
 103594
 425641
 395843
 380454
 496903
 37962
 179935
 252688
 182404
 258124
 334904
 279036
 77554
 473601
 361925
 450945
 33496
 219412
 135619
 172278
 171978
 456779
 14607
 441221
 3685
 257651
 369767
 340501
 400191
 247730
 150150
 466526
 419194
 133364
 199751
 346714
 278882
 331910
 448600
 393327
 254727
 179183
 289617
 251931
 302691
 45673
 84937
 117886
 362745
 48366
 447130
 396003
 355045
 338380
 377365
 189472
 232919
 200040
 264636
 394736
 264208
 47220
 299406
 309436
 396835
 460946
 80794
 81660
 188565
 329894
 404654
 237737
 355903
 78327
 329306
 177794
 415969
 60862
 57681
 447453
 183743
 197521
 232268
 495598
 264982
 6153
 304592
 494452
 92367
 346744
 204020
 262751
 495227
 117467
 346430
 395462
 397046
 241536
 354277
 239477
 36501
 341478
 65569
 123345
 432281
 312157
 25620
 348170
 467741
 239448
 26650
 135338
 393038
 377894
 370264
 156216
 136820
 121427
 427194
 489643
 73650
 258400
 422097
 25577
 205392
 453285
 6031
 5910
 113959
 342857
 284484
 153489
 404761
 327016
 68578
 1892
 287352
 64477
 487178
 327210
 357603
 471994
 87599
 210926
 477421
 231363
 59655
 446076
 110231
 381029
 173364
 67817
 44058
 379259
 230204
 351005
 234817
 161135
 359609
 194180
 483112
 357997
 306216
 257479
 364442
 247582
 85547
 375957
 459917
 135485
 325344
 452582
 0
 312266
 258397
 331047
 328866
 205402
 242978
 5188
 362992
 81143
 470357
 282310
 362220
 339376
 99441
 428708
 464827
 124550
 137863
 425438
 83528
 384466
 197213
 274234
 155732
 58336
 400877
 492153
 214477
 341954
 254901
 138110
 480209
 122969
 64397
 389792
 151122
 378290
 427575
 422958
 171994
 412793
 361719
 120258
 236206
 438228
 452834
 46398
 49819
 474714
 360831
 196647
 400458
 297297
 262109
 282415
 264847
 484621
 366347
 467029
 105743
 283569
 480246
 23700
 282159
 226305
 401720
 490474
 461286
 51823
 199403
 228470
 220382
 436406
 274324
 76116
 268974
 462151
 290649
 276983
 289053
 111804
 48247
 128655
 364810
 238955
 216917
 3149
 111843
 177661
 134769
 267191
 174152
 320548
 72348
 7400
 375846
 1479
 481556
 372930
 75154
 463136
 223071
 310877
 62981
 114197
 60735
 57847
 163474
 437974
 495176
 235004
 327918
 153427
 87134
 342710
 89440
 342449
 157522
 230971
 286757
 121358
 32905
 329383
 164992
 498975
 328467
 404658
 387895
 219708
 480100
 362271
 221739
 46284
 167469
 393064
 270992
 253913
 144181
 109348
 175681
 223760
 471987
 389137
 292593
 172768
 248108
 304149
 257040
 205970
 371703
 119568
 469160
 375000
 479583
 55576
 241645
 154768
 194229
 390862
 76378
 58658
 482950
 337920
 299787
 124573
 358572
 369580
 467232
 275531
 108629
 452320
 171932
 114157
 490634
 228556
 357353
 226560
 305051
 175488
 401175
 214775
 455270
 0
 88194
 272459
 462020
 63492
 68910
 432509
 148702
 352014
 126774
 305063
 189071
 455769
 386989
 492336
 291022
 51834
 364099
 14594
 6235
 100941
 385209
 36589
 77749
 8119
 222456
 290491
 135406
 60588
 391813
 84088
 303706
 32576
 462627
 400550
 141438
 202548
 110857
 264806
 401816
 247838
 239884
 2774
 296554
 415555
 209522
 265813
 173919
 84089
 325196
 440497
 87837
 49110
 140751
 172221
 324854
 395506
 103541
 361665
 44835
 316770
 104745
 466448
 499126
 455310
 211462
 246612
 295656
 192768
 197321
 450230
 0
 487131
 252147
 85717
 114864
 307692
 183510
 493398
 33413
 11224
 321378
 77504
 8308
 499004
 135632
 131344
 286372
 117204
 320435
 132879
 432835
 132866
 419874
 74585
 389484
 308255
 289780
 29877
 308436
 28343
 349491
 178833
 481392
 95465
 313799
 210374
 170900
 459855
 295253
 468824
 447355
 40242
 256770
 400404
 415776
 190647
 368278
 387756
 388201
 346302
 3528
 213986
 425694
 248056
 43334
 66394
 378568
 154996
 219424
 169981
 37350
 80815
 189008
 46811
 124027
 156134
 154520
 414843
 44012
 401602
 127745
 476705
 425613
 317967
 22664
 331121
 454203
 147532
 125956
 32702
 35655
 454413
 450971
 123135
 12658
 236682
 310455
 442787
 94060
 446201
 392862
 455215
 100000
 337314
 8009
 433333
 107940
 476269
 379200
 480045
 232939
 59160
 338541
 71177
 400065
 138384
 332986
 275202
 434535
 413327
 395818
 186697
 464613
 393396
 111296
 268508
 30290
 278440
 368832
 323716
 499312
 466496
 471908
 277037
 147401
 354346
 61991
 110600
 45718
 400461
 98477
 330786
 173004
 330516
 564
 122508
 310565
 331783
 156963
 314182
 282168
 239612
 342510
 240685
 15794
 117063
 212857
 158112
 292768
 306982
 166203
 96953
 278159
 413833
 307688
 9949
 323256
 87672
 426556
 351225
 298942
 322678
 358631
 499434
 223741
 206831
 289469
 69817
 201383
 193347
 449897
 340230
 299833
 235077
 467353
 141548
 280293
 375100
 9696
 224338
 317
 213821
 485959
 257500
 317653
 119465
 32733
 412445
 374483
 128061
 30389
 391610
 267296
 264518
 499617
 257276
 222574
 407366
 322459
 261290
 339160
 437275
 478771
 112151
 178060
 372387
 32062
 459302
 239854
 109492
 127316
 412179
 434599
 83999
 54925
 335315
 237623
 474078
 445879
 15421
 62914
 485679
 384524
 233661
 290384
 375769
 344497
 332514
 395840
 319324
 225869
 7936
 379489
 176230
 480702
 337289
 222721
 175209
 96753
 448275
 496177
 405690
 476860
 49006
 243741
 144807
 385073
 473309
 144560
 166686
 232663
 462585
 43833
 55018
 397959
 343240
 72024
 317666
 41899
 90064
 383419
 181305
 26375
 200255
 118448
 33174
 262429
 259377
 149518
 330552
 294372
 80110
 162149
 99411
 167479
 302955
 425596
 484255
 189195
 316093
 78655
 3539
 58650
 43712
 176385
 170854
 301045
 97727
 308670
 20240
 11891
 316172
 272807
 398555
 162192
 181717
 207064
 219915
 363563
 27065
 192113
 221172
 360188
 270831
 170691
 375359
 56513
 192398
 314852
 91442
 128649
 73315
 352561
 114097
 328489
 47390
 53811
 438966
 78234
 66465
 187024
 433273
 215464
 332556
 299937
 313725
 300173
 426542
 128096
 462113
 231917
 239132
 496945
 81701
 91100
 315541
 59497
 1995
 96680
 363848
 402961
 125674
 252659
 326086
 234947
 485502
 36809
 318681
 151356
 346182
 115051
 194670
 354151
 108165
 160728
 312220
 306557
 429278
 194537
 94745
 181638
 269156
 345969
 478693
 168873
 352509
 375884
 257717
 269639
 311606
 183002
 256993
 282701
 490675
 249576
 181579
 108938
 238771
 120171
 116326
 342563
 298411
 185699
 403663
 426708
 277004
 396703
 417797
 287640
 272019
 301105
 488500
 431771
 333065
 52664
 322989
 302727
 61240
 321151
 246347
 300577
 69948
 365584
 229323
 437709
 208045
 75204
 257516
 347328
 259515
 197722
 279819
 397632
 163969
 238512
 462843
 85104
 78899
 329723
 259887
 336890
 477826
 429561
 64448
 397590
 97918
 333057
 227665
 93942
 9530
 301535
 447368
 265692
 376271
 16277
 283419
 451007
 349089
 388262
 386276
 401416
 193111
 482607
 135499
 401657
 234060
 194882
 183071
 92139
 26968
 160838
 411488
 438535
 387321
 372595
 197653
 454838
 254130
 31574
 10931
 281105
 271601
 182240
 147261
 117395
 141138
 497400
 155598
 278106
 155497
 325702
 390035
 370131
 95124
 380700
 42132
 358336
 252496
 220951
 283929
 335681
 34322
 413497
 411883
 214931
 253672
 151589
 454350
 116657
 254421
 25673
 216910
 457754
 217235
 400844
 415463
 465651
 31259
 83475
 192797
 126289
 145216
 418958
 188049
 373649
 450629
 116290
 376369
 479352
 27384
 155046
 302416
 433333
 253427
 169577
 48689
 67382
 343750
 257417
 254612
 28805
 325452
 211515
 210735
 86926
 49338
 335919
 387331
 145318
 418645
 232383
 443589
 125920
 76054
 143159
 31011
 289297
 433085
 28435
 54191
 362259
 42568
 292264
 18745
 357051
 410989
 38556
 99539
 242215
 383335
 39432
 116541
 405854
 306676
 7558
 288553
 338499
 103448
 359156
 166835
 125368
 25876
 240731
 116685
 470018
 214927
 428533
 253869
 475044
 171232
 131312
 389166
 87320
 239472
 167056
 15827
 93750
 360147
 273224
 100632
 381015
 399611
 323491
 133649
 453699
 429171
 218840
 83414
 470479
 448547
 289057
 436663
 122241
 18106
 204202
 129424
 376697
 303851
 246375
 424089
 33270
 222190
 416222
 63236
 426631
 23134
 458434
 167152
 461323
 25942
 83542
 388949
 5285
 380301
 276880
 143792
 408871
 36376
 362194
 130017
 314917
 121669
 192525
 394047
 208687
 426703
 329709
 139099
 159864
 28281
 114980
 415641
 351277
 262089
 114521
 380113
 262135
 426382
 358791
 271526
 345552
 64938
 397814
 98797
 447544
 358700
 43040
 168075
 21288
 481454
 340632
 240864
 237008
 329193
 143661
 455134
 248981
 442410
 72861
 84685
 436997
 265369
 114754
 78037
 442865
 319595
 78558
 59536
 478411
 241496
 289174
 269241
 172655
 55624
 136836
 130101
 460081
 25114
 215028
 181339
 108681
 71230
 327661
 431483
 438800
 241929
 6791
 22073
 8407
 174068
 210046
 168799
 339464
 174755
 214283
 140415
 206349
 327678
 259536
 320610
 339818
 371998
 437261
 367751
 432162
 61455
 376549
 59669
 177817
 214909
 71793
 413627
 167468
 232828
 35435
 56708
 294836
 55470
 305821
 3175
 9136
 305810
 396078
 240711
 400826
 486894
 52601
 380790
 39243
 303868
 179388
 335118
 458382
 242096
 10526
 276138
 350112
 369414
 178587
 376807
 128491
 357128
 202668
 393282
 413433
 327586
 41934
 149415
 140454
 299759
 246294
 110356
 292468
 442509
 495297
 34228
 402948
 209856
 373732
 106141
 490576
 394119
 349999
 145468
 335285
 220163
 229314
 71111
 228650
 225126
 395562
 499339
 307339
 101364
 414985
 300380
 422297
 93461
 332860
 421808
 479076
 298338
 457000
 125453
 325717
 212492
 0
 299741
 76185
 122257
 456873
 276000
 431058
 452751
 349010
 330308
 199100
 160343
 312314
 3957
 165426
 304964
 65578
 161742
 228181
 74086
 377964
 125000
 81132
 469817
 405109
 291255
 9399
 456169
 471352
 13081
 353961
 348518
 490859
 237321
 151336
 281332
 100480
 3519
 250611
 338846
 137977
 82489
 401431
 150669
 80160
 283937
 496485
 356940
 451427
 428521
 237365
 277426
 187843
 286435
 139978
 128055
 403330
 286982
 286060
 282770
 401531
 365502
 373678
 149370
 245253
 108291
 469702
 228230
 469725
 426778
 375629
 314851
 441378
 112941
 452013
 224064
 182569
 139977
 179458
 273972
 242236
 53459
 241842
 417849
 8238
 263782
 349146
 473509
 73127
 349619
 100478
 101931
 416643
 249922
 467475
 478111
 157800
 161101
 332219
 137309
 54318
 296566
 227219
 402394
 330927
 76314
 479680
 167076
 350994
 313955
 78345
 406636
 21042
 474977
 83928
 155847
 259627
 261775
 213311
 346121
 43986
 412342
 482662
 141487
 161046
 485259
 160957
 38438
 69754
 254021
 76825
 199460
 95177
 217800
 363838
 315492
 225726
 10041
 423094
 46224
 268224
 349375
 60698
 18097
 157866
 263636
 332504
 293892
 80922
 462788
 119631
 206370
 464880
 178206
 442127
 177683
 19041
 308843
 277912
 103156
 447852
 167151
 467460
 342710
 164390
 259328
 93397
 43422
 95905
 239051
 108521
 258122
 399147
 297172
 139667
 390161
 135457
 271133
 402132
 204796
 300000
 35841
 400810
 482093
 19735
 404746
 401131
 299643
 89968
 193548
 398484
 36352
 414800
 219815
 475982
 271317
 277967
 245167
 114726
 433969
 4630
 323529
 211665
 371825
 322612
 472807
 374218
 17827
 389535
 324607
 449343
 84748
 226175
 273380
 60127
 187836
 117360
 158
 158850
 68075
 134073
 330478
 497603
 123250
 131112
 362825
 219113
 155694
 240701
 7403
 192779
 430516
 374493
 288331
 261935
 218533
 75038
 46766
 38229
 305231
 441529
 448419
 144060
 33736
 231081
 443478
 108087
 479769
 490576
 233967
 52892
 122883
 149332
 47724
 264634
 258711
 452396
 399139
 40165
 72463
 59693
 111599
 94972
 124094
 261174
 388216
 299600
 241046
 225872
 208549
 420490
 411382
 146586
 324544
 358534
 21311
 44279
 221577
 28019
 82597
 368273
 36960
 4284
 262514
 358614
 175649
 465488
 394661
 93795
 498070
 221698
 435701
 50869
 214655
 179230
 341428
 166037
 190021
 40932
 307476
 256695
 256917
 464217
 351141
 75620
 216737
 296837
 359164
 29055
 473338
 324516
 298759
 498829
 414896
 410652
 304810
 425651
 25136
 292266
 435944
 75790
 314236
 138637
 429840
 449317
 268820
 444643
 199311
 165447
 411931
 221543
 303636
 322226
 19390
 359011
 384615
 239079
 24690
 196699
 446014
 12808
 178163
 45512
 84337
 494202
 351274
 348131
 373082
 64853
 248992
 258574
 376220
 296583
 247430
 160475
 450685
 285087
 120715
 487176
 467532
 92304
 27377
 372818
 455957
 257023
 325333
 228414
 314427
 129448
 378065
 62749
 411326
 199947
 156644
 407760
 274993
 450475
 260347
 45232
 245780
 51352
 340579
 411382
 399483
 361190
 272727
 270467
 76951
 439140
 494252
 375983
 432595
 57896
 469101
 176397
 179454
 343332
 472511
 181818
 25833
 446648
 493772
 246456
 233965
 345091
 294694
 479300
 26431
 393101
 240000
 486803
 462867
 455746
 190698
 169555
 299619
 416842
 187495
 266437
 483116
 464582
 377245
 211737
 418735
 50844
 470246
 293129
 352133
 252280
 468916
 263844
 440693
 308302
 325780
 490606
 44078
 159327
 351612
 29926
 492592
 245637
 287519
 184162
 346113
 366904
 187751
 443683
 391649
 411001
 68107
 58436
 345881
 290886
 227850
 271919
 445887
 392387
 480482
 266197
 427201
 495100
 483844
 12693
 187842
 418146
 407370
 384036
 137053
 182678
 1870
 479381
 461919
 16717
 258745
 75457
 110942
 203903
 464349
 183212
 270252
 116147
 448711
 65140
 443440
 447896
 75042
 460862
 188888
 313965
 490665
 409692
 10711
 262056
 481353
 207476
 331775
 134995
 781
 367534
 309409
 436175
 476385
 375427
 103095
 98525
 0
 415207
 121890
 147058
 419654
 102214
 169064
 486042
 498159
 374216
 346876
 175409
 177557
 159208
 339340
 82557
 383207
 422996
 352967
 462742
 76106
 170720
 424834
 442565
 68298
 484399
 185208
 175733
 80754
 154629
 276843
 327237
 434136
 311924
 273519
 279686
 220409
 124965
 374518
 470640
 136111
 179859
 87821
 347079
 471742
 382414
 210229
 365060
 199101
 213894
 294596
 416125
 35402
 84866
 311768
 65573
 54500
 321330
 58119
 26631
 10566
 400735
 493575
 153402
 337932
 255707
 164396
 428798
 347122
 322582
 339757
 94178
 394237
 132841
 162822
 462693
 57865
 244399
 244141
 328458
 481602
 99928
 387746
 64400
 104088
 80646
 466061
 206829
 259821
 44821
 408749
 73056
 276559
 79707
 385615
 476089
 239130
 172882
 219878
 472682
 173251
 277196
 103484
 317702
 315717
 168266
 39542
 5704
 23283
 176023
 453576
 325624
 304235
 410545
 345235
 425172
 66467
 475
 52352
 192261
 255341
 396326
 307038
 117503
 294966
 89693
 71313
 328341
 108929
 358613
 216843
 38461
 36443
 135899
 375041
 464203
 105877
 270349
 56156
 452355
 54274
 427918
 158323
 467154
 145789
 328351
 340211
 28549
 458249
 256695
 484412
 454324
 303100
 166185
 37269
 132173
 124215
 4836
 328341
 1503
 280100
 222036
 408849
 412944
 435359
 406976
 391721
 183107
 221672
 320524
 226084
 222848
 98086
 420773
 68205
 431665
 218643
 334609
 461895
 14839
 226058
 468470
 138670
 292568
 95320
 305867
 338877
 245706
 194338
 414039
 335650
 356942
 307336
 198481
 212655
 189258
 3209
 189701
 283241
 29809
 102452
 212606
 132898
 132915
 463177
 420343
 83302
 438754
 470604
 5388
 425324
 480652
 119152
 422501
 290778
 242145
 43635
 256286
 233067
 131305
 385136
 189759
 340155
 199255
 140568
 107452
 183953
 415207
 285032
 78652
 251823
 239571
 287502
 362515
 170043
 308751
 244824
 257511
 311807
 330043
 329503
 268104
 338920
 151837
 55851
 195684
 365959
 469143
 363903
 337084
 492307
 163230
 54031
 499835
 119567
 167223
 341428
 103258
 362868
 30050
 483919
 121601
 197012
 73399
 6224
 113176
 463266
 185615
 394338
 33101
 355263
 278421
 334526
 285847
 191854
 272531
 266951
 497716
 16450
 367845
 71274
 243569
 192348
 217410
 298843
 328468
 41720
 467139
 28332
 122632
 459833
 455163
 155172
 165335
 461813
 130580
 282919
 223598
 12646
 281497
 98085
 32055
 238983
 80892
 107909
 138728
 83391
 201183
 90718
 461429
 97738
 111546
 43287
 5018
 460322
 337471
 387062
 425713
 429403
 98732
 142055
 279908
 451000
 400285
 282117
 357789
 308489
 259702
 323453
 322092
 364721
 420422
 369957
 312363
 399675
 298306
 339890
 359189
 190402
 142525
 347608
 239089
 357779
 18125
 424376
 43046
 366878
 195876
 293991
 468220
 447761
 309348
 97697
 476300
 16814
 34070
 189691
 309586
 428791
 443838
 52151
 302596
 272384
 122804
 268848
 418811
 130510
 482019
 362146
 424006
 306228
 459684
 105043
 349569
 173021
 247970
 23339
 166956
 238243
 65078
 254410
 140705
 233808
 23602
 157865
 474399
 372731
 44573
 438822
 285274
 447679
 117836
 384714
 269402
 255555
 131687
 90826
 295892
 297292
 430138
 80058
 112742
 203894
 479919
 321843
 47588
 166047
 84210
 92583
 91754
 274617
 396755
 208190
 34228
 331105
 434039
 417502
 419206
 1046
 474570
 392663
 155062
 265534
 61257
 228158
 55280
 391886
 265504
 17633
 169982
 201918
 194348
 41317
 271587
 222717
 40649
 39494
 191504
 275204
 297179
 30737
 445190
 208615
 368060
 303914
 44129
 303276
 253506
 5546
 245225
 63855
 47940
 256534
 364298
 162039
 438692
 397305
 470518
 328249
 34329
 234155
 360553
 448431
 393229
 442803
 48057
 229817
 106051
 27196
 454775
 40857
 51152
 457178
 173745
 390793
 218158
 459350
 444066
 139416
 286150
 384967
 137109
 12643
 104750
 444635
 50237
 262137
 439521
 360299
 218125
 178565
 376847
 242431
 353914
 178541
 474489
 196089
 276621
 471660
 85169
 442022
 38378
 491745
 43286
 179519
 432942
 473640
 18602
 280130
 373864
 279520
 247539
 437752
 440839
 160642
 420613
 16629
 81807
 283609
 44863
 184470
 108468
 29661
 157209
 424942
 360888
 349111
 282344
 480931
 430236
 215137
 207741
 336641
 323405
 494070
 237428
 260653
 65973
 233065
 9410
 129182
 243940
 483605
 54215
 465025
 436593
 19389
 417159
 84223
 69767
 28140
 248577
 399806
 306446
 119350
 40164
 388345
 76607
 59300
 98246
 399942
 472980
 35425
 36729
 484178
 110953
 151126
 431053
 128421
 156532
 439774
 209176
 484247
 101694
 321592
 290274
 384240
 454966
 385867
 438492
 118064
 294152
 488498
 183771
 251498
 95293
 479807
 362920
 284696
 67335
 74659
 19999
 399999
 10695
 455710
 202633
 21526
 52321
 110908
 88245
 362928
 60903
 80262
 229404
 200459
 22244
 321674
 152835
 375206
 350995
 384309
 69065
 45197
 166246
 13632
 74468
 103812
 286157
 404104
 356101
 51268
 228100
 408130
 158643
 266399
 447108
 343997
 149324
 400737
 303176
 218915
 135546
 113370
 180566
 29255
 159936
 270226
 14815
 48124
 469023
 227331
 392682
 416182
 349021
 448711
 139698
 291840
 87800
 221892
 377666
 143720
 444034
 140518
 401619
 228289
 469470
 301324
 278057
 265846
 433751
 445159
 173387
 183055
 18605
 123526
 187110
 461538
 238834
 382597
 293297
 455294
 416991
 328480
 464768
 45172
 118261
 437451
 322399
 71986
 205931
 314471
 69641
 390974
 6617
 214424
 343743
 217965
 102910
 405890
 421553
 397961
 163744
 268183
 101446
 181662
 327278
 56633
 422169
 199646
 416204
 319084
 203072
 182792
 117455
 203386
 270623
 67304
 22049
 259590
 333947
 464070
 254985
 339274
 281229
 171428
 388754
 222555
 468905
 372981
 154437
 95676
 35282
 337903
 400446
 119918
 142925
 381787
 435747
 369590
 282511
 353473
 394996
 372448
 264464
 120004
 97691
 32540
 321486
 185282
 316670
 268503
 240317
 45092
 376908
 88134
 363056
 131131
 169642
 44960
 445230
 100295
 308708
 425009
 357070
 492342
 40396
 378032
 170820
 40297
 268193
 109901
 225750
 174460
 472480
 89974
 432546
 344232
 105588
 116699
 185277
 235919
 118005
 256128
 2101
 465137
 2592
 194009
 87278
 118772
 31616
 259419
 416
 364358
 65069
 438609
 298864
 32104
 152229
 143141
 15358
 254849
 163573
 450967
 74823
 487522
 14395
 408305
 483318
 367848
 177700
 230038
 19369
 81967
 119775
 460668
 373958
 398848
 380000
 84710
 457737
 81687
 444799
 171361
 276269
 307068
 380380
 225948
 182920
 259675
 383771
 451552
 482101
 493640
 5734
 210898
 361921
 54674
 399071
 451175
 419780
 111111
 106169
 291369
 377726
 236460
 453880
 115035
 47916
 400959
 146555
 136288
 411816
 92075
 347617
 260644
 201001
 428571
 174178
 197054
 299291
 113772
 70609
 31258
 409298
 182348
 6274
 51519
 404553
 11349
 456812
 441624
 422099
 464998
 241773
 417918
 375801
 209780
 116923
 54297
 78197
 432446
 345914
 20290
 129476
 107854
 298701
 497685
 141029
 286532
 44763
 143702
 265465
 203476
 210656
 6124
 265972
 40706
 388390
 387947
 334788
 339548
 473417
 492343
 272626
 231813
 448994
 477777
 477517
 36095
 95103
 65639
 325856
 478138
 139603
 417588
 53152
 232051
 300785
 253080
 451597
 120552
 64569
 381099
 209086
 357720
 421400
 154347
 340005
 428905
 495881
 283579
 164119
 32935
 300000
 102347
 486352
 458360
 339716
 252914
 53191
 430803
 353710
 347526
 199934
 311804
 240831
 336054
 411758
 367092
 332873
 403406
 135119
 352619
 125018
 312482
 268791
 16509
 158186
 105757
 224111
 105968
 114348
 481085
 495283
 158280
 280991
 83593
 369222
 268170
 153840
 3765
 190012
 359715
 164441
 379247
 471217
 318823
 51212
 215517
 347162
 191343
 236246
 169966
 173446
 461223
 396689
 46149
 260651
 395701
 165095
 198373
 306860
 241072
 333333
 372614
 25821
 454464
 288882
 318814
 474904
 312216
 219334
 234734
 83633
 200129
 335682
 51492
 441748
 100616
 261011
 185208
 312983
 392226
 41899
 262514
 407561
 14926
 446715
 280042
 177831
 112214
 91325
 280845
 367906
 281299
 161825
 198221
 146319
 387593
 362912
 285966
 478330
 181528
 101534
 2802
 469987
 454983
 112465
 267073
 359187
 364231
 493894
 350286
 479181
 334010
 28092
 333322
 317743
 306690
 405990
 188465
 318430
 49602
 193368
 279230
 462058
 251407
 485677
 311034
 399879
 73635
 153043
 267543
 223068
 225251
 391126
 2747
 52631
 263080
 219322
 252957
 318456
 160476
 25676
 455281
 318510
 316975
 39849
 359733
 120423
 394237
 99669
 115469
 320817
 497251
 157535
 213077
 74634
 101281
 223514
 43160
 329449
 333513
 428711
 218533
 308870
 116776
 264705
 365291
 141030
 492736
 71194
 363061
 477550
 17587
 200645
 92390
 63699
 476261
 68590
 331687
 328931
 430974
 95975
 166666
 52030
 208053
 68657
 37557
 492125
 398899
 189313
 44602
 260505
 472837
 440066
 316947
 458218
 72786
 96904
 388762
 276545
 161091
 334459
 91905
 482206
 98332
 217304
 493367
 225739
 118468
 22089
 421247
 254858
 339108
 160620
 256670
 299645
 339931
 417191
 274956
 366967
 270103
 270075
 230070
 67391
 337292
 316793
 127838
 203984
 427770
 348876
 433566
 356640
 308164
 443912
 264839
 34192
 487138
 378983
 280312
 452834
 375295
 221274
 213806
 433033
 255244
 52439
 368317
 281332
 127491
 114745
 461414
 313005
 290116
 183533
 379056
 126213
 33725
 434162
 267975
 144123
 93374
 54286
 123821
 104732
 497263
 209876
 204194
 44611
 13027
 444190
 216129
 250021
 92582
 27027
 489850
 193451
 414980
 44304
 88139
 18316
 469186
 225158
 184332
 146992
 236716
 43710
 273016
 312593
 136297
 224587
 171320
 461768
 379835
 451435
 450759
 299516
 203647
 318381
 394144
 95698
 280334
 65131
 397590
 266508
 465286
 402753
 316536
 228617
 311244
 13865
 168620
 80867
 303077
 108640
 433582
 153102
 123089
 14822
 249700
 65435
 283863
 418294
 56042
 235157
 154916
 243499
 149856
 170626
 408221
 377281
 274401
 459183
 489345
 96652
 336156
 261247
 460039
 41353
 396248
 247685
 242902
 266343
 416034
 51031
 113169
 494929
 100369
 193794
 489446
 401763
 164593
 318789
 30334
 183976
 356694
 346241
 69783
 360404
 236652
 382395
 489172
 99751
 71233
 451486
 484462
 287186
 214028
 455515
 144150
 213405
 288674
 382430
 341604
 157863
 124955
 165688
 479159
 462473
 183631
 163283
 325171
 193226
 440656
 291538
 222831
 135170
 137707
 267396
 171485
 294210
 82382
 296574
 164239
 342042
 244803
 103574
 298105
 25277
 30349
 209932
 262952
 2905
 190525
 77949
 103589
 181303
 218577
 240747
 269067
 25026
 287433
 275005
 65155
 543
 153335
 319125
 247145
 161301
 87534
 449288
 303709
 25449
 323681
 326940
 68743
 307244
 488627
 365543
 109832
 58403
 248809
 498949
 374335
 157249
 455156
 123036
 293785
 465445
 488731
 468205
 156457
 496296
 392274
 227156
 338921
 17667
 95668
 465865
 446611
 359268
 168632
 102950
 18293
 460767
 250056
 395939
 48248
 261504
 172069
 18479
 456743
 466165
 266760
 84664
 473117
 402883
 263092
 325786
 166028
 454250
 102641
 390117
 260200
 272668
 372734
 417180
 137230
 330223
 124523
 282183
 250000
 367415
 459391
 258953
 193774
 257550
 123182
 385824
 385237
 372270
 128368
 164454
 309346
 468767
 213080
 20417
 364970
 334836
 108928
 431880
 21383
 182171
 176510
 273006
 224052
 464846
 312211
 394973
 318244
 328631
 75650
 350076
 13005
 52530
 363225
 22189
 107187
 435528
 276167
 250258
 198007
 339539
 79472
 483844
 116815
 183804
 25786
 207803
 246806
 489703
 309203
 482935
 479256
 65972
 9686
 329380
 109700
 30897
 396932
 494969
 218146
 73707
 239652
 80005
 431639
 303205
 489753
 449414
 423074
 487043
 475004
 173228
 165272
 237617
 46807
 140184
 312426
 449603
 405530
 349395
 254829
 15809
 233515
 134939
 170383
 30077
 373360
 340049
 201517
 406407
 303638
 219148
 321839
 387103
 317865
 293865
 426319
 483769
 491432
 398760
 132077
 360953
 443670
 191085
 328541
 257377
 466494
 238727
 281102
 275852
 474664
 404757
 71710
 50846
 305150
 84601
 482566
 329218
 388535
 92356
 389953
 84466
 344383
 186069
 321247
 470783
 216940
 67578
 24560
 365464
 156668
 472105
 388320
 242568
 8100
 458483
 39572
 89743
 37782
 295873
 225648
 187648
 446837
 85626
 154986
 79073
 165991
 326526
 53760
 225809
 376697
 208256
 225002
 277168
 114310
 41860
 233934
 197231
 193860
 214598
 257102
 40640
 298760
 298946
 420902
 380748
 68707
 188387
 463864
 282663
 171899
 40816
 416162
 484187
 60849
 316458
 13894
 225201
 499542
 456734
 109706
 395348
 269064
 120130
 357107
 397049
 345420
 369276
 469841
 222586
 324193
 477957
 400820
 441307
 350524
 30303
 338526
 279913
 283887
 336543
 302493
 477999
 151967
 124620
 326047
 283464
 465050
 161381
 303766
 473999
 66359
 2764
 126588
 178884
 75646
 49057
 124032
 189886
 440790
 265047
 315223
 142205
 169731
 170568
 376745
 438022
 336119
 223183
 94684
 227690
 378716
 499491
 205703
 40642
 256178
 319528
 147450
 66920
 234592
 339604
 7339
 195055
 219024
 58016
 33583
 271694
 469268
 148569
 153163
 368696
 120554
 224373
 212773
 396348
 265949
 498325
 293899
 152650
 178253
 372068
 493684
 54431
 491313
 53834
 119503
 486784
 475840
 114965
 178613
 300475
 454838
 420877
 265910
 152570
 458042
 176326
 276396
 384569
 18391
 80175
 304428
 230450
 223106
 152974
 468198
 82446
 462773
 71806
 359622
 490517
 265048
 11831
 85377
 197025
 127637
 257295
 13984
 340319
 295295
 14050
 488076
 426467
 314244
 273740
 218112
 212312
 359718
 263322
 182224
 294501
 236180
 216417
 242433
 436834
 490268
 335804
 422637
 151724
 302867
 487584
 124148
 363205
 126847
 274089
 261014
 56976
 82416
 297721
 285214
 368627
 432287
 365393
 147295
 9980
 364689
 436637
 355488
 119266
 320655
 414949
 127412
 413172
 341637
 328486
 113171
 33529
 166813
 265289
 14000
 446915
 195968
 152641
 19161
 207239
 342957
 275245
 469863
 121646
 19869
 498623
 363140
 427988
 465266
 357647
 105204
 145168
 28134
 469050
 321462
 450157
 485232
 438376
 51366
 345101
 450241
 401896
 173476
 253420
 40154
 206667
 33716
 234580
 158072
 274819
 184466
 459950
 352842
 320909
 79106
 35519
 444977
 422885
 329403
 359176
 419043
 187116
 357918
 375322
 146249
 36440
 278348
 250024
 355746
 387538
 133063
 483150
 220957
 266022
 149635
 433315
 209931
 171861
 340106
 248119
 438876
 116248
 293315
 58823
 406887
 278677
 18465
 426829
 75945
 473212
 352320
 216585
 39952
 142397
 463202
 269486
 10637
 405236
 341359
 490557
 231308
 226015
 293356
 93841
 357769
 189991
 346051
 412480
 248377
 289093
 427470
 432952
 240588
 217114
 94679
 373783
 13440
 236850
 73278
 175243
 104007
 61722
 109009
 110533
 123796
 3627
 404578
 249141
 415814
 202992
 13100
 200021
 474647
 174325
 400000
 432835
 430402
 269368
 227440
 491270
 113037
 457563
 445631
 341836
 322222
 465119
 199184
 368613
 73642
 280730
 93144
 358127
 351590
 330866
 404293
 8650
 39464
 33614
 17537
 486379
 103058
 168670
 302918
 63780
 55701
 383091
 418918
 132156
 87585
 397449
 375111
 197710
 265294
 111832
 141858
 194347
 412042
 161362
 301930
 146013
 284829
 126005
 210122
 373705
 443995
 425077
 84245
 48203
 195238
 128501
 14131
 54284
 218586
 166992
 124784
 286774
 405114
 411772
 367041
 87546
 392947
 211406
 30892
 424059
 111777
 297634
 207757
 460856
 354936
 182147
 411634
 57296
 137499
 136634
 29449
 390323
 248295
 245607
 362519
 423587
 430181
 345164
 470095
 452430
 225656
 137573
 297706
 108550
 198717
 35192
 329202
 332630
 50687
 376712
 323315
 228601
 122442
 112055
 152937
 284902
 100988
 373075
 434889
 230360
 213089
 482621
 257054
 231999
 201298
 485611
 198924
 395868
 105762
 146048
 172447
 90568
 23085
 388662
 476014
 160112
 254271
 457023
 450731
 248306
 281693
 274234
 272978
 286689
 126046
 332637
 463754
 325809
 256952
 194207
 234653
 50190
 166265
 269368
 300417
 78350
 280419
 330005
 338686
 26107
 174031
 40556
 439494
 100345
 117755
 200719
 42023
 178177
 460251
 404914
 338667
 467684
 159511
 251681
 486053
 55367
 199479
 464429
 169548
 433748
 130690
 203440
 273873
 348523
 99923
 273381
 424256
 306841
 98476
 14084
 17115
 162287
 492729
 167254
 335964
 398171
 267186
 40788
 74530
 117614
 351920
 495496
 230120
 367081
 440890
 86761
 92817
 199315
 307909
 431707
 405959
 396342
 234617
 410336
 139691
 231503
 249741
 406576
 109470
 123212
 170139
 42091
 231059
 187584
 476000
 438266
 348033
 304511
 132443
 460473
 210242
 119114
 422882
 335873
 428135
 423682
 19677
 364862
 3873
 93816
 114121
 304244
 71866
 92198
 373015
 39523
 217457
 312171
 478717
 231927
 134230
 168049
 29806
 311792
 393175
 348264
 388320
 282169
 8813
 205914
 377205
 494915
 273676
 390288
 493909
 333484
 468819
 39639
 17051
 153044
 96099
 52650
 380288
 372921
 391916
 41290
 333713
 231000
 123931
 299536
 337010
 464465
 120898
 354320
 344948
 299999
 309829
 467370
 378643
 342797
 130192
 74336
 363811
 47289
 27089
 489991
 299163
 447496
 437818
 372631
 437797
 486030
 334900
 48266
 104094
 418028
 435623
 477827
 2632
 346153
 430904
 457149
 179046
 104491
 374453
 99201
 295873
 239469
 350041
 416254
 277521
 95881
 333719
 238115
 71998
 339542
 454012
 352941
 328873
 167803
 314674
 255778
 163342
 418360
 486038
 125006
 174273
 444134
 182428
 384796
 56468
 72511
 355918
 445256
 95738
 255373
 178954
 37721
 203130
 497674
 461254
 55821
 122365
 124279
 99201
 93292
 82429
 322840
 98321
 125760
 469296
 369570
 365411
 171207
 62262
 302909
 358248
 191529
 209956
 225208
 231749
 147607
 229775
 419197
 107662
 398915
 461551
 331757
 121208
 235955
 14669
 69847
 206297
 68655
 139265
 139837
 480520
 225120
 437023
 92954
 246989
 246310
 417191
 147085
 61776
 383136
 83394
 76064
 231360
 51441
 147217
 160771
 372167
 37117
 362495
 439631
 10668
 202811
 142472
 230621
 278017
 428728
 232365
 81107
 33140
 382984
 356004
 108700
 30252
 185746
 244085
 200270
 213799
 285595
 287729
 467514
 146423
 280014
 24443
 293127
 403671
 480733
 196449
 225680
 160682
 275603
 458815
 380683
 12278
 205976
 239557
 134013
 193273
 328118
 117486
 199848
 387856
 232396
 367888
 9687
 260219
 335134
 168543
 270475
 314280
 37525
 26399
 42242
 201624
 41501
 262376
 297108
 220519
 132758
 327027
 22763
 341513
 299981
 331127
 287152
 322771
 126678
 448978
 467951
 274556
 352941
 168053
 387784
 170915
 486842
 474700
 90881
 101534
 93726
 114035
 40221
 395805
 70400
 2599
 217403
 212363
 354792
 80275
 74153
 389732
 198040
 448094
 108120
 76448
 293170
 205250
 244201
 101194
 222796
 438060
 452543
 302036
 84337
 368726
 398873
 371168
 166971
 239752
 58216
 440655
 171063
 386002
 29411
 468007
 171063
 101410
 418183
 242313
 396741
 429513
 200146
 263874
 23164
 159758
 9214
 468519
 407202
 487041
 377006
 245634
 45227
 433145
 497423
 334062
 29032
 457967
 207850
 114202
 35535
 164192
 319873
 492591
 306592
 81375
 216945
 334583
 255720
 132964
 459215
 477259
 450605
 304323
 25368
 7722
 144980
 122821
 454936
 285022
 54315
 383061
 426731
 401515
 58525
 36585
 158657
 90165
 430040
 108216
 498991
 127906
 414174
 272469
 361458
 417965
 238858
 105783
 170961
 394317
 402600
 197707
 173699
 290815
 327715
 143372
 90828
 2702
 306938
 426209
 216375
 484638
 352547
 439657
 304203
 168136
 470685
 372242
 135579
 143116
 290493
 40521
 43957
 26304
 4198
 369262
 290666
 399510
 479241
 224120
 413592
 29742
 218844
 344110
 382820
 350423
 290511
 155476
 331479
 219037
 170451
 440557
 360985
 9886
 308808
 9080
 368622
 46153
 403379
 422698
 87892
 463620
 147208
 387492
 450669
 334065
 146043
 198438
 337444
 212111
 35263
 72895
 33422
 353027
 460620
 346787
 5810
 322631
 431827
 292640
 434785
 369029
 237083
 297356
 391161
 262242
 126939
 343417
 168940
 9505
 174622
 152001
 163883
 101918
 117455
 210601
 433595
 309808
 466853
 370632
 352941
 411433
 410547
 486279
 293474
 139473
 206201
 66703
 115097
 416199
 131730
 245989
 177809
 422692
 42553
 495933
 450406
 236575
 306401
 164616
 450920
 251479
 13192
 417055
 27248
 247062
 480412
 451672
 288280
 196528
 472150
 140969
 212928
 238639
 279400
 258078
 277450
 316235
 432534
 51279
 344425
 227499
 418395
 96449
 32217
 265172
 137580
 33691
 53252
 358932
 487486
 91018
 263742
 68237
 200689
 325141
 181734
 173446
 225423
 12734
 87813
 35991
 307689
 445214
 207795
 410287
 372469
 347616
 465428
 43341
 308128
 112954
 87712
 211355
 144247
 435698
 259593
 426234
 293851
 484321
 448514
 235610
 263220
 24916
 376884
 135261
 422415
 64016
 8809
 6646
 485418
 224009
 101922
 177124
 495799
 83000
 309187
 471736
 88695
 447513
 96911
 267597
 201421
 104135
 80099
 158683
 238770
 255741
 499041
 262146
 66450
 318337
 251813
 207187
 187725
 271323
 81668
 236862
 142675
 163452
 100568
 362089
 203153
 31397
 50814
 253539
 280505
 436255
 448772
 107081
 166477
 158924
 30341
 90097
 181006
 436552
 142120
 170046
 425441
 293237
 336398
 374299
 422186
 429843
 30509
 390251
 238095
 382860
 263755
 13070
 216719
 412868
 96405
 22156
 353299
 272258
 150528
 240894
 387510
 158975
 318181
 41968
 135614
 484075
 498657
 238021
 81356
 18773
 20799
 94140
 172683
 103800
 103929
 399100
 102254
 45769
 327572
 84561
 111384
 191035
 388712
 261525
 266158
 421847
 51639
 38882
 199113
 112783
 26574
 140195
 145262
 119047
 365684
 54779
 115193
 64356
 398050
 485163
 388638
 71936
 199139
 69973
 276716
 93860
 215635
 208607
 384053
 489778
 176329
 414399
 469339
 407422
 55612
 401044
 359577
 203792
 176373
 437717
 427787
 370952
 246788
 157046
 364197
 286979
 362376
 451092
 29721
 265975
 58196
 94045
 203199
 422824
 104882
 340967
 283104
 350309
 435037
 89872
 424530
 32962
 320133
 291096
 139315
 407450
 9338
 467098
 216417
 420144
 407421
 498747
 234322
 7080
 153579
 20449
 434130
 341687
 47645
 191338
 153185
 323700
 35245
 370816
 374932
 130224
 258410
 334951
 101240
 340707
 499120
 43279
 164983
 301793
 314323
 467367
 256032
 488772
 12551
 443692
 201702
 181428
 395633
 344404
 457488
 399098
 493903
 236660
 218272
 287644
 381176
 27624
 461417
 344677
 177555
 370086
 292193
 69621
 328125
 344775
 104578
 360307
 290279
 282241
 53740
 206411
 447593
 411220
 59930
 210889
 228589
 32683
 182821
 15370
 106806
 220800
 415641
 185472
 264927
 46629
 146968
 191057
 87188
 261832
 450946
 327708
 49938
 378549
 210529
 320936
 76844
 41364
 198495
 418040
 449161
 48927
 143649
 68434
 225927
 310344
 398280
 171892
 2152
 259999
 136454
 252187
 396626
 161408
 13884
 259805
 194157
 365767
 472366
 312518
 174262
 286052
 396129
 36058
 302006
 6263
 212909
 239794
 383015
 300000
 194009
 260649
 400854
 85085
 270491
 298976
 74613
 357960
 104319
 170885
 191606
 34904
 255524
 316062
 