263771
 58532
 446125
 441457
 39693
 332639
 326098
 407801
 305146
 13098
 417110
 405175
 385048
 447706
 247614
 170977
 472796
 219376
 219027
 336424
 247191
 195581
 474729
 338325
 87351
 261617
 483998
 65040
 309227
 382538
 274855
 279952
 419957
 336290
 391446
 19812
 310090
 28503
 175279
 298507
 493138
 473219
 453858
 199999
 463615
 443898
 247223
 363031
 182866
 299035
 135811
 430649
 297512
 14033
 460008
 360854
 67039
 227309
 402619
 419091
 185950
 33034
 280026
 401528
 287595
 259649
 268708
 50822
 255352
 363228
 297693
 272146
 284170
 45875
 421485
 423930
 391816
 358410
 484640
 45527
 425325
 256455
 203844
 106490
 280651
 377146
 282868
 75564
 166905
 402276
 428665
 294621
 224843
 193394
 363254
 273880
 70401
 245607
 457603
 51157
 94721
 108061
 29186
 216584
 429159
 67243
 179564
 456900
 75851
 254468
 61319
 268561
 281680
 284871
 456623
 151626
 167152
 372001
 167618
 58580
 420899
 61823
 140898
 232887
 261674
 497983
 324262
 17480
 228145
 70449
 470464
 319411
 406848
 245159
 299319
 379441
 76204
 309682
 189497
 212702
 70050
 76353
 201075
 385113
 451114
 97794
 24675
 97584
 331491
 318992
 332085
 375645
 250562
 75409
 346086
 146140
 155897
 428483
 41306
 415486
 180851
 293127
 306251
 250952
 106936
 488191
 67094
 113333
 55806
 196317
 139200
 89141
 464521
 46265
 372660
 230950
 146288
 226547
 487916
 53418
 83942
 27492
 215872
 105199
 218385
 430575
 95394
 476656
 420825
 364795
 423076
 71181
 419687
 466190
 454976
 196539
 290917
 283865
 81484
 3911
 113920
 203767
 335907
 423461
 425825
 329714
 405640
 159951
 22911
 168063
 403604
 153852
 94755
 394270
 407202
 7380
 368995
 194701
 493037
 24857
 57967
 273844
 107227
 55504
 189196
 259276
 418361
 254385
 484071
 38361
 282325
 224969
 320067
 205714
 179487
 444160
 24703
 418638
 254123
 106080
 266074
 5375
 118181
 316420
 87316
 279112
 465291
 446103
 385586
 240278
 368862
 276155
 139929
 162980
 36757
 341488
 181154
 93229
 177119
 22550
 388888
 290735
 201498
 92607
 78911
 393098
 274991
 134979
 470164
 237888
 318510
 16494
 61762
 4847
 271016
 88235
 213012
 176309
 75397
 177910
 325094
 424240
 5187
 212384
 92130
 66989
 13883
 384045
 44426
 366334
 280648
 161665
 168926
 125777
 207547
 358212
 87900
 318341
 86925
 239234
 304111
 97728
 20923
 249787
 174805
 316932
 328767
 407783
 217814
 449562
 230739
 290464
 420738
 35211
 402221
 94655
 400847
 113254
 158626
 497711
 85494
 494541
 64160
 304351
 348274
 402132
 75878
 256812
 325279
 249306
 44482
 71658
 336260
 183842
 456227
 31750
 226206
 114635
 363698
 297388
 284209
 162297
 218192
 70603
 252148
 117333
 444054
 157094
 167217
 361978
 254981
 254509
 112676
 399179
 435315
 271069
 367148
 322304
 353757
 194160
 379649
 295808
 147000
 100745
 386689
 271425
 440471
 447115
 102954
 239255
 155686
 57405
 181458
 374208
 32525
 467429
 461538
 352191
 261387
 332157
 365381
 362133
 1032
 208539
 79616
 114014
 436781
 381072
 119168
 87284
 246631
 444275
 350082
 373217
 39527
 114987
 242335
 171350
 199717
 333874
 205546
 44225
 389697
 53336
 195789
 14708
 308452
 476076
 90529
 23340
 56350
 473687
 221025
 144691
 86791
 39130
 411707
 18758
 272450
 281303
 195981
 444801
 489513
 25340
 185217
 210326
 212127
 116042
 267632
 241054
 165955
 12257
 65249
 447372
 482163
 44937
 50387
 111409
 296296
 405996
 210995
 234190
 167357
 277740
 7489
 362097
 391561
 220282
 243946
 466113
 103485
 306466
 429629
 495068
 490677
 328358
 131051
 450964
 213000
 193413
 495735
 240622
 278266
 85036
 336575
 165396
 231407
 437282
 114766
 453019
 218938
 330041
 373765
 311560
 286037
 12941
 477825
 46554
 473309
 217812
 329139
 86849
 462677
 274848
 88552
 346018
 332225
 386458
 216374
 184807
 75808
 132140
 334873
 103970
 153594
 173359
 225366
 459612
 327631
 472984
 264551
 287516
 130867
 414605
 113762
 265838
 230690
 66152
 65822
 325729
 56338
 54384
 423132
 264551
 164614
 431638
 228490
 396879
 470416
 252678
 249098
 378922
 135010
 228563
 215143
 77776
 178659
 497450
 454043
 101492
 313197
 60007
 497347
 135211
 227367
 125566
 381730
 213391
 412441
 307114
 460464
 7052
 12882
 250053
 224319
 496548
 318933
 418746
 43478
 400893
 438434
 43269
 377188
 372901
 139788
 345963
 102154
 251943
 313130
 316414
 403643
 182939
 439981
 214701
 383048
 391027
 341864
 35384
 488403
 365714
 22222
 747
 347695
 227994
 1185
 27406
 329813
 382733
 355471
 462487
 4892
 303784
 332882
 113492
 397709
 205351
 422250
 139421
 477771
 489018
 87012
 439791
 142480
 261322
 409926
 3075
 198270
 429357
 149311
 95784
 6725
 199356
 319669
 133183
 353590
 326070
 218987
 477454
 145157
 52275
 401458
 430045
 139345
 496788
 124779
 26776
 50954
 299340
 13419
 268736
 479555
 249859
 420072
 412788
 334847
 260916
 354123
 32515
 447439
 115552
 198920
 393142
 428952
 79852
 462406
 289073
 132941
 245308
 428441
 150266
 222728
 445072
 169797
 27476
 190970
 438925
 416911
 186022
 161163
 410842
 490890
 54680
 491053
 168468
 403911
 7407
 432278
 415773
 58429
 213
 446117
 447196
 470514
 127173
 496301
 468710
 216733
 282541
 188643
 441798
 106142
 167126
 120714
 418483
 333529
 163425
 373979
 255017
 335249
 456504
 336201
 448228
 199729
 436235
 92408
 198029
 366878
 319127
 152823
 16949
 34813
 42098
 84463
 419687
 312664
 137911
 94171
 328999
 132065
 161869
 57604
 311111
 164058
 445491
 69886
 493970
 61094
 265701
 164976
 368385
 120201
 190312
 285650
 66672
 357768
 275862
 254181
 318930
 136526
 54598
 296632
 423270
 418678
 183180
 227272
 250477
 155409
 93220
 259557
 314230
 396851
 157538
 419643
 215499
 423563
 77737
 444919
 262258
 371280
 155096
 169774
 457473
 259780
 124833
 199747
 396326
 252896
 395735
 353098
 275686
 69420
 376208
 442825
 29596
 207907
 406377
 469673
 38873
 186547
 60767
 207112
 392886
 313432
 279975
 385197
 391706
 313326
 307787
 377163
 390243
 477047
 386863
 16866
 453067
 367925
 234264
 294575
 452755
 361271
 168688
 394762
 476974
 474084
 460000
 330744
 201561
 109523
 278130
 178683
 443189
 112221
 192278
 9803
 123360
 313117
 100989
 480473
 408096
 88008
 380682
 2255
 478540
 372680
 267441
 343176
 315308
 358509
 430562
 451061
 4020
 336283
 392616
 391647
 288790
 164103
 447985
 123146
 436704
 109818
 447657
 88479
 427356
 317663
 370964
 91962
 75531
 24008
 481200
 450821
 208837
 318956
 18201
 152538
 62189
 92872
 28106
 390318
 332192
 468983
 142180
 374444
 277777
 59381
 19929
 65720
 1680
 289473
 152431
 480371
 135585
 289930
 478603
 393034
 220245
 226205
 312233
 73218
 70842
 332113
 482785
 318844
 223903
 177511
 73612
 403840
 332095
 223946
 126784
 95939
 384819
 464485
 443867
 386127
 134988
 167256
 22450
 33681
 310667
 431429
 177177
 179001
 95137
 231985
 155401
 419769
 481294
 24309
 0
 452054
 189557
 82661
 189977
 199155
 438190
 380614
 444960
 355926
 451114
 195348
 21978
 439900
 202013
 151658
 70674
 91815
 326496
 276746
 61205
 51310
 319664
 427533
 288640
 171520
 480198
 395918
 35658
 212752
 131394
 322282
 205882
 371224
 441903
 424393
 442748
 196379
 138568
 221673
 172714
 266238
 27940
 148780
 172763
 25353
 82069
 276396
 261890
 376895
 329601
 170040
 214169
 15341
 277078
 86061
 136307
 226466
 342722
 294988
 245817
 440007
 495778
 42745
 30122
 66916
 479041
 144000
 203389
 287941
 64230
 309685
 220398
 80812
 258837
 192288
 493801
 86041
 464607
 62027
 186052
 238984
 485910
 368196
 455277
 185804
 150463
 216520
 10187
 432580
 116728
 298624
 281267
 61507
 295566
 140060
 484003
 177375
 113100
 331003
 350150
 350009
 269190
 483811
 470658
 170563
 450696
 76988
 285492
 176642
 322614
 176758
 405459
 312610
 100558
 243423
 65004
 342105
 318629
 299751
 266214
 223355
 113120
 251990
 308261
 435577
 83101
 98935
 475107
 312341
 55899
 476562
 135567
 424870
 46728
 420271
 199755
 295339
 373450
 306238
 194852
 367982
 170253
 34348
 389963
 314574
 72
 359037
 45104
 450630
 439044
 368902
 390043
 351172
 155139
 319163
 385477
 17742
 452805
 366999
 191080
 54429
 39560
 181211
 309110
 5555
 366475
 24341
 467060
 484460
 130244
 493934
 279052
 158869
 257133
 210256
 396496
 160700
 60526
 419033
 370741
 279534
 432539
 291788
 377922
 402890
 173886
 430127
 487394
 100121
 20859
 300995
 255690
 298826
 267563
 84232
 418658
 81684
 253074
 370352
 238313
 355599
 496262
 482912
 171966
 441217
 285097
 365291
 319127
 415227
 75004
 457551
 407430
 474170
 81231
 263245
 246556
 24855
 111935
 281645
 15359
 242239
 311223
 94425
 480160
 448748
 458081
 481159
 169972
 363215
 322088
 138412
 412737
 272156
 68164
 259194
 9398
 384885
 132913
 451726
 214508
 288430
 323628
 8808
 165580
 469939
 166307
 385776
 256722
 62334
 392368
 417316
 498899
 437947
 355189
 445751
 499173
 79762
 385483
 79720
 484933
 230356
 437412
 225419
 265330
 87772
 317652
 113672
 335411
 170658
 381544
 175124
 88041
 215269
 438164
 220507
 464863
 477262
 65446
 424008
 203224
 315005
 498447
 132917
 447187
 317973
 305073
 71105
 136672
 349718
 302482
 231511
 126656
 266076
 196371
 372424
 6156
 388697
 357983
 433263
 194045
 221228
 216065
 355603
 315089
 16419
 360824
 450455
 427715
 323134
 137222
 290477
 91075
 68512
 379831
 83333
 115187
 127802
 255592
 4543
 265041
 201188
 269959
 632
 488644
 379648
 248726
 298840
 256901
 394860
 56042
 139839
 325586
 320259
 1967
 191219
 61904
 214173
 79281
 243805
 258616
 317433
 16759
 187931
 243243
 480519
 63897
 247512
 263444
 3069
 248052
 200781
 315718
 221008
 305138
 57332
 490484
 48329
 186359
 379213
 276789
 496231
 132476
 358277
 476221
 169809
 241553
 200072
 394835
 197925
 197545
 78714
 335446
 236884
 178886
 361086
 201799
 104411
 95170
 441464
 73037
 281212
 367655
 79402
 335306
 372306
 421905
 167730
 252938
 259153
 118487
 315408
 90555
 270399
 70084
 324829
 497906
 147331
 432663
 10948
 94393
 215329
 438148
 448216
 208424
 152681
 477812
 491682
 373611
 212391
 252103
 125201
 453594
 69646
 183845
 142311
 18663
 223753
 252499
 179641
 405986
 399821
 478666
 261231
 317225
 480733
 298957
 444565
 50434
 185639
 289771
 279532
 489325
 388438
 47493
 245067
 146379
 318534
 406043
 396466
 226440
 328617
 274771
 324824
 132627
 268549
 240258
 324619
 330894
 91366
 455607
 71761
 361598
 489842
 442975
 72936
 272870
 308176
 405100
 63661
 259503
 181250
 307618
 107522
 120668
 46396
 468267
 14108
 399520
 393336
 225082
 309808
 387749
 427340
 226347
 330477
 276628
 210101
 150991
 107975
 365889
 104643
 168440
 205022
 254036
 397870
 195558
 16689
 355465
 248670
 270879
 460150
 178423
 383961
 419382
 45917
 56126
 382536
 434059
 276517
 360536
 214992
 96139
 218693
 410948
 489811
 146666
 186832
 27653
 152132
 93262
 255564
 79138
 137715
 70035
 85176
 339178
 57537
 115761
 64176
 24958
 203837
 44194
 76280
 295635
 418527
 182201
 341092
 471131
 227264
 177439
 97689
 28270
 272015
 268240
 80455
 376116
 245853
 73579
 338250
 313028
 427515
 451930
 402398
 387607
 41623
 170655
 275825
 3728
 106389
 100627
 123320
 425301
 252351
 106870
 78453
 248345
 273231
 329211
 251715
 138050
 316862
 417454
 135767
 79011
 163854
 297812
 478628
 234366
 442706
 386978
 186317
 349633
 217019
 183950
 164316
 40898
 132157
 251263
 254881
 16634
 258322
 324042
 149522
 491715
 400905
 33039
 213487
 405507
 422435
 370685
 75481
 379379
 341873
 34924
 114022
 482565
 91359
 110593
 383377
 372950
 231751
 267840
 194426
 374516
 328074
 282276
 12282
 59574
 226983
 470588
 283432
 194110
 290449
 159468
 141592
 312500
 333745
 302837
 250078
 236212
 329989
 10986
 402467
 387804
 375471
 221811
 268838
 63859
 119205
 65718
 486460
 473840
 303751
 475214
 141476
 354918
 37136
 486666
 206540
 476246
 442244
 215025
 109023
 0
 82323
 473700
 388753
 108739
 44220
 279248
 195980
 8587
 287478
 363861
 464766
 63647
 317019
 60196
 117840
 358499
 121347
 449604
 127456
 258742
 27447
 292487
 148082
 121729
 355255
 217795
 216698
 260978
 33356
 271467
 465970
 166219
 182268
 470954
 58621
 243736
 206874
 255498
 6391
 256532
 124253
 445929
 249466
 77183
 129698
 92725
 483648
 14076
 395266
 321270
 441176
 48133
 145161
 349163
 455694
 364643
 82562
 357575
 404761
 94677
 437263
 282008
 343232
 91323
 356756
 433287
 303650
 158075
 427350
 84797
 9470
 378750
 414075
 41554
 199841
 173579
 203040
 78819
 432106
 460147
 45391
 193336
 383612
 396951
 475039
 156318
 137984
 335302
 430717
 475537
 394507
 223702
 458761
 156528
 365617
 337651
 372188
 234457
 495187
 247968
 186039
 241328
 292125
 375119
 38864
 21725
 473972
 178174
 353455
 62312
 220158
 369475
 365573
 75785
 436547
 421842
 150807
 378177
 370976
 303565
 479727
 345191
 58883
 298700
 22129
 487951
 11368
 469586
 6359
 357193
 459459
 316409
 255138
 363331
 485041
 172511
 105680
 206349
 423773
 471244
 452201
 160700
 307225
 447914
 371667
 81949
 33390
 200426
 499557
 478063
 497590
 307468
 135238
 455902
 4604
 131279
 212772
 290967
 144353
 479188
 120772
 8523
 307376
 498174
 311282
 261420
 309933
 156688
 231404
 292699
 396373
 39763
 34382
 202083
 418239
 129753
 207686
 317083
 273871
 196553
 329105
 247989
 222784
 385945
 494022
 394398
 384403
 494946
 106364
 119052
 105329
 285825
 263190
 279859
 274758
 399278
 83987
 111584
 222733
 171295
 289115
 456815
 361429
 476135
 51732
 67479
 385248
 167870
 344082
 173587
 365448
 134775
 310403
 452034
 293721
 434407
 447078
 272205
 214658
 442734
 259346
 491879
 178205
 268844
 482798
 364172
 176062
 258814
 239069
 307850
 121443
 275664
 411417
 111932
 22487
 305650
 188302
 392735
 237540
 102345
 187602
 310395
 18979
 466378
 97023
 59880
 42392
 391129
 169147
 135341
 188002
 338243
 73802
 155545
 472993
 151586
 453251
 290220
 161989
 61764
 472972
 433719
 381119
 331465
 181577
 25646
 417423
 113009
 19954
 187025
 179924
 442650
 351095
 380952
 11671
 496762
 287759
 451367
 412519
 7112
 14678
 167987
 95620
 357405
 242403
 217114
 281081
 280107
 92095
 327425
 156992
 415884
 109746
 398729
 220674
 384141
 232645
 149646
 189181
 119861
 442580
 274851
 283130
 224029
 373769
 15872
 364349
 73602
 215544
 1607
 331461
 73558
 325467
 191020
 12159
 209786
 130881
 306300
 122541
 336429
 305903
 106417
 457140
 69830
 314683
 84791
 350279
 254498
 406318
 137988
 143164
 366144
 118993
 355922
 32506
 187592
 213296
 492390
 138992
 434409
 263834
 359675
 95200
 462487
 365954
 144618
 497375
 369811
 445740
 69897
 180200
 27808
 361653
 101811
 369534
 406053
 489334
 23698
 444424
 206232
 294166
 212427
 359591
 370476
 2086
 259267
 417792
 382453
 102202
 83677
 349250
 382352
 128526
 162038
 211269
 183181
 9183
 314618
 334063
 342551
 293381
 71092
 211956
 451276
 254385
 203616
 490636
 381918
 444481
 186578
 272436
 479553
 443799
 438937
 486039
 421561
 164519
 451887
 389100
 232866
 268887
 391531
 358699
 91734
 360096
 409649
 46547
 444759
 356696
 422953
 188841
 497678
 378063
 482613
 454800
 19613
 203999
 382010
 357142
 173153
 168905
 233764
 67812
 217889
 461057
 417874
 90012
 83141
 378640
 199053
 412280
 20000
 339986
 413741
 210980
 20695
 191644
 190900
 337158
 443548
 471644
 213958
 71255
 451788
 272337
 387277
 362660
 230379
 347083
 221162
 334173
 322440
 308379
 164226
 495706
 466289
 492293
 192913
 328947
 45801
 447168
 168362
 265609
 422001
 79270
 414378
 243826
 161941
 454808
 181818
 262049
 145709
 381646
 161719
 270179
 305272
 241946
 228394
 397004
 253227
 55071
 453425
 163869
 106669
 33333
 433976
 455707
 351774
 45454
 405263
 119968
 494773
 135933
 444524
 321290
 119211
 453105
 204078
 107965
 390531
 384380
 425657
 411845
 99134
 434146
 54339
 4187
 436800
 106321
 289589
 268893
 198132
 186720
 8635
 430287
 453574
 70652
 110947
 368256
 417245
 214285
 211786
 433652
 79606
 293069
 199646
 383333
 285890
 428130
 179188
 286551
 57275
 73673
 208737
 434647
 479810
 260416
 250902
 89768
 218233
 106131
 159548
 37381
 327885
 172418
 456022
 75757
 326143
 219264
 103282
 441091
 174228
 312952
 39432
 336275
 271285
 437610
 469418
 283025
 145182
 212510
 179775
 343031
 187431
 140027
 48526
 434727
 250132
 340395
 305114
 473358
 37458
 483096
 45337
 412232
 263157
 326908
 416784
 240102
 156486
 204618
 280884
 486696
 195711
 295509
 414604
 49012
 145390
 444336
 414927
 300319
 284206
 113077
 267189
 223888
 290495
 450652
 220101
 180327
 49881
 2425
 431095
 241060
 354977
 22037
 240704
 65217
 347012
 257876
 260539
 329779
 230948
 199786
 201967
 291366
 106808
 169614
 19408
 60284
 472386
 444254
 395267
 404848
 77461
 89494
 360547
 392116
 363209
 422285
 321405
 156377
 439760
 24384
 299538
 93922
 233410
 280522
 241811
 470938
 287260
 81632
 66445
 218981
 307635
 372471
 351407
 358619
 185185
 74918
 68733
 64449
 162793
 182530
 82221
 732
 262038
 125197
 482439
 484348
 488310
 425784
 351854
 153567
 183702
 129203
 107294
 384610
 226856
 129242
 362818
 345634
 84017
 80842
 92404
 21284
 287698
 130339
 425027
 107926
 180802
 99456
 253420
 306684
 35314
 457889
 106063
 287286
 411299
 195009
 76876
 413640
 297297
 50319
 230528
 416324
 213590
 476008
 473532
 322869
 169467
 255297
 276517
 453553
 210327
 204313
 387092
 95670
 96447
 178704
 53607
 236678
 260000
 327664
 189827
 61396
 451755
 373824
 69599
 400977
 245877
 404369
 360450
 117797
 317748
 370673
 15334
 30899
 15199
 431372
 365544
 314342
 220664
 159095
 146768
 23239
 261306
 142150
 341578
 486163
 74817
 422069
 259538
 344290
 70507
 347659
 168264
 207430
 165870
 277383
 43044
 406152
 64909
 99174
 252475
 128064
 413019
 251385
 57585
 265306
 81273
 80875
 164181
 373995
 411764
 392247
 364657
 131040
 349062
 171236
 459683
 46692
 282332
 206016
 240829
 237465
 142158
 198744
 215770
 499675
 68531
 130801
 478087
 280258
 136818
 95682
 374786
 174067
 373423
 220896
 469447
 264285
 424012
 202725
 7322
 100698
 116666
 87040
 422369
 318397
 393366
 253954
 297311
 214312
 475862
 280253
 242179
 392965
 262866
 60955
 263285
 406149
 349892
 339615
 445723
 302362
 379175
 158323
 151682
 63386
 258609
 228936
 274939
 161505
 52169
 231402
 324590
 23523
 420039
 293825
 343664
 246452
 264820
 451449
 159810
 72435
 406166
 411522
 192873
 280674
 271796
 413461
 394758
 153141
 93790
 322922
 162438
 498186
 449924
 216519
 491649
 368455
 262133
 417032
 377694
 36578
 425575
 473770
 167778
 461238
 214871
 245206
 8159
 166024
 1535
 179891
 71526
 453060
 151519
 209515
 96477
 465683
 495509
 133369
 278504
 165516
 5117
 184160
 387404
 348997
 271336
 356088
 424539
 445423
 244441
 8549
 346829
 166666
 324727
 139405
 54439
 214156
 155405
 103712
 234074
 206086
 294977
 214342
 353387
 413454
 15544
 12451
 34769
 394534
 300430
 215288
 232673
 494056
 165828
 302166
 305170
 71522
 422706
 118225
 108767
 492098
 149219
 279508
 368795
 179487
 11249
 458738
 394568
 269970
 79257
 249870
 475247
 47970
 373516
 152587
 111652
 202120
 449666
 257533
 57514
 105582
 30584
 216075
 260286
 343761
 393596
 334248
 491368
 338686
 259680
 245634
 12825
 285125
 151016
 390417
 21294
 14835
 281049
 223269
 40633
 143499
 472509
 402517
 108674
 348443
 280104
 133061
 367751
 412789
 297108
 329043
 229526
 123567
 50059
 446530
 147852
 262396
 420950
 175126
 227272
 328072
 489341
 250000
 395647
 142041
 196203
 330665
 242665
 48684
 392543
 93410
 443526
 8474
 302626
 226625
 13461
 257897
 192929
 9945
 465163
 108932
 96045
 201035
 11691
 70982
 373027
 327681
 187051
 361051
 329148
 52715
 480483
 199616
 477618
 381596
 125534
 2588
 166545
 199747
 314686
 315116
 292585
 146893
 269430
 90686
 250696
 295450
 57599
 219781
 113425
 423043
 49549
 344171
 242629
 16106
 303527
 36366
 82901
 230783
 39843
 471061
 13262
 336031
 267677
 316443
 8798
 244548
 308881
 433190
 461060
 396211
 222348
 475977
 27970
 148310
 475430
 29253
 364197
 147756
 414570
 51040
 472422
 473342
 81647
 301714
 147757
 409907
 336018
 66666
 448044
 355342
 354830
 377642
 241975
 370839
 284669
 21783
 329605
 57382
 327569
 252816
 326248
 43663
 1549
 247428
 100692
 270330
 257762
 238762
 93654
 56848
 65182
 473669
 438741
 128189
 188861
 70559
 452426
 53972
 66148
 160484
 247702
 295599
 353951
 457364
 339646
 213135
 328377
 265827
 351910
 478676
 251695
 84803
 9690
 443219
 10156
 82741
 300227
 449290
 252014
 52974
 111111
 127639
 409594
 355359
 268741
 451455
 439704
 167883
 138042
 436116
 343181
 293944
 191955
 280136
 272650
 0
 246618
 473252
 231958
 272007
 462580
 176229
 186495
 262880
 389704
 219090
 211015
 334042
 268632
 348201
 418707
 229806
 499110
 494475
 464056
 476857
 198883
 281789
 250000
 63697
 322908
 423622
 57538
 96553
 260617
 303166
 378657
 141929
 23906
 64144
 369168
 75152
 492372
 182395
 160962
 261393
 455909
 876
 272550
 344324
 375389
 432898
 191980
 391622
 83186
 265685
 41445
 164006
 356392
 290184
 377551
 442274
 129151
 81027
 184018
 328228
 425833
 91268
 317494
 60060
 308387
 8826
 9575
 174863
 84045
 174645
 75823
 345360
 135758
 79832
 297452
 898
 241295
 191455
 462600
 290474
 134408
 105022
 337731
 184631
 163893
 143434
 450918
 275825
 135006
 432244
 222950
 320853
 475520
 79196
 443719
 298679
 325513
 90823
 329391
 381720
 60784
 158639
 460016
 465978
 142316
 276086
 88090
 226603
 224995
 139955
 370175
 274642
 95877
 159646
 244759
 263157
 410065
 370853
 357412
 46647
 232842
 236621
 223457
 174906
 341399
 34733
 311313
 45919
 437272
 234756
 117241
 300878
 312604
 475819
 357269
 188922
 299065
 315257
 310172
 302607
 129192
 256402
 99362
 211413
 435227
 394721
 459582
 452041
 301534
 422094
 269119
 170485
 7722
 173466
 60950
 344018
 149797
 430613
 21196
 478504
 7534
 349728
 199999
 359690
 387453
 255261
 124141
 371710
 23889
 332036
 16602
 472373
 427825
 396193
 455023
 367918
 315029
 111321
 364317
 156072
 340694
 491043
 326638
 99999
 18372
 347704
 379233
 231538
 31754
 145288
 177305
 425300
 139172
 310879
 63247
 423905
 382199
 412154
 414906
 100070
 395499
 216429
 386922
 313927
 34120
 77838
 423261
 84236
 419316
 334734
 292746
 254068
 410474
 157006
 175663
 403056
 346743
 133180
 422165
 271742
 491776
 345183
 438264
 95901
 499675
 423076
 440151
 492868
 217642
 278143
 7928
 229151
 132378
 491090
 115889
 285634
 435517
 154947
 97546
 347731
 80845
 308501
 458264
 239761
 259564
 7692
 31292
 158575
 302526
 161740
 132661
 265835
 359618
 484126
 311823
 406439
 272364
 332940
 165820
 105399
 142775
 375111
 16832
 45271
 217630
 435986
 218869
 449914
 445193
 494757
 158948
 225696
 83999
 34328
 115853
 280227
 175510
 26377
 433648
 167104
 28304
 145866
 249635
 108032
 67780
 89221
 109057
 283314
 133801
 68658
 212653
 440911
 77342
 83746
 105773
 208985
 490910
 411489
 338566
 144541
 251451
 135889
 197899
 166261
 70044
 308073
 486769
 447207
 143928
 453936
 13951
 269134
 453833
 265970
 259433
 337400
 445743
 71645
 257270
 384688
 425504
 330192
 97040
 36487
 269940
 83150
 442769
 307563
 482092
 165533
 157039
 310390
 436370
 89290
 351405
 314564
 56489
 374620
 328292
 439870
 323063
 95979
 221101
 116501
 154405
 491600
 5787
 246898
 97128
 275031
 25917
 348203
 340239
 271739
 41923
 139698
 323618
 366084
 200710
 241625
 386311
 73031
 116772
 157811
 309
 458980
 481311
 222071
 323811
 195867
 352553
 96035
 82759
 480534
 234130
 498557
 241479
 235035
 244156
 49389
 286752
 317407
 306505
 444911
 282131
 453545
 264570
 202397
 140858
 164562
 341675
 5235
 94448
 445949
 448253
 22859
 268229
 296377
 128538
 114656
 211685
 339593
 54587
 59351
 220988
 71209
 490956
 387959
 391984
 486718
 358150
 289996
 35973
 366830
 250063
 413028
 387814
 303235
 261676
 223475
 475521
 371497
 94964
 103424
 415722
 111111
 254261
 48092
 271048
 35265
 346557
 482160
 368021
 485251
 192704
 307134
 47804
 429381
 140362
 282625
 97833
 149609
 258122
 388756
 455105
 152173
 322653
 395913
 268332
 205814
 278155
 178190
 153229
 396191
 207909
 200785
 435426
 19918
 81081
 279974
 183625
 134351
 31913
 423069
 170900
 55540
 303418
 345772
 5849
 39291
 11957
 467255
 143953
 370106
 154800
 41466
 340814
 360384
 470910
 389516
 444428
 366894
 188307
 330985
 475231
 353148
 296093
 80790
 75449
 58052
 98341
 335991
 253015
 449251
 298865
 35385
 137614
 497933
 339274
 234378
 62288
 458259
 261756
 368131
 278452
 202604
 36538
 191387
 347713
 163162
 42170
 241195
 261952
 49623
 86590
 17814
 152229
 440684
 207916
 329901
 77107
 436376
 338095
 79680
 35269
 148269
 420180
 214161
 369520
 438820
 160701
 463038
 454426
 439678
 347360
 219284
 217025
 166340
 64648
 28994
 198966
 322082
 467647
 159723
 158766
 179850
 162383
 442182
 459597
 315090
 416998
 401180
 277006
 448992
 323606
 12429
 133315
 147350
 465647
 134309
 430903
 226146
 93728
 385291
 267325
 18170
 169527
 443317
 200514
 58823
 49721
 181236
 214801
 95351
 398157
 388724
 470194
 437448
 46798
 343061
 354422
 34308
 139841
 3244
 396655
 425976
 115865
 474080
 309943
 159564
 18744
 297514
 130574
 268335
 340471
 131749
 227881
 317279
 138077
 412299
 240496
 136336
 114707
 2336
 27916
 82468
 260325
 251793
 54811
 187983
 34776
 315570
 141277
 360103
 300649
 53507
 386206
 455028
 154956
 10739
 139177
 410345
 104866
 275462
 273830
 461082
 305191
 106695
 94934
 298969
 279967
 450506
 333500
 70429
 279754
 320992
 425080
 335476
 342839
 405652
 365196
 176499
 56868
 487912
 456351
 66396
 87141
 465361
 224561
 134920
 234769
 159827
 101012
 274546
 284816
 81405
 47790
 82884
 342282
 374122
 306283
 221925
 422500
 121718
 389927
 179843
 273238
 419911
 243899
 1587
 204342
 238846
 315494
 316850
 239920
 189710
 443168
 242751
 26940
 317854
 37649
 97927
 467788
 489063
 178021
 128355
 151257
 472686
 217197
 314285
 265545
 310610
 375829
 35078
 37193
 409589
 311702
 372743
 224913
 109631
 325193
 408163
 108095
 160017
 182290
 286145
 475340
 128808
 342343
 70454
 304469
 215847
 141375
 477116
 443652
 453052
 422094
 237885
 43097
 69213
 15665
 332360
 119047
 210915
 400526
 103687
 300136
 15168
 257107
 321320
 264044
 72731
 115956
 181493
 192753
 307994
 440455
 399661
 46759
 214719
 187203
 283901
 380282
 95770
 106149
 228297
 76368
 447534
 260316
 306243
 360916
 113278
 266418
 288804
 256159
 67223
 200519
 452316
 81063
 432233
 284756
 264874
 283880
 180027
 164058
 90090
 477265
 208338
 280860
 131777
 404718
 221203
 421521
 24407
 12772
 123904
 325380
 232142
 489918
 214285
 450484
 48782
 20202
 31283
 317337
 24461
 496789
 344402
 376081
 293015
 214285
 4651
 44381
 201781
 370528
 451577
 74129
 254385
 57529
 485567
 427330
 10459
 388667
 151890
 331577
 75723
 282763
 205061
 167142
 214643
 483030
 450779
 341145
 203633
 341496
 409479
 445472
 327183
 166640
 352296
 80342
 307853
 442970
 426585
 167390
 377380
 80306
 8790
 364978
 326416
 414325
 312545
 19269
 103985
 111111
 304205
 308810
 411173
 147150
 347104
 130189
 359504
 271832
 222372
 329201
 160876
 409124
 363720
 79128
 444934
 474037
 497971
 201507
 203399
 190548
 164400
 131078
 333565
 391872
 214027
 4060
 172246
 222516
 434817
 445851
 52697
 124547
 397483
 65500
 166407
 180638
 36661
 443929
 289646
 334225
 278215
 163180
 355634
 287587
 50416
 486274
 286017
 179901
 204560
 24021
 281252
 29959
 100603
 403790
 113023
 375243
 182818
 493084
 89714
 39793
 461355
 252817
 58588
 209584
 49439
 208645
 464770
 97221
 468478
 375234
 185088
 202110
 209484
 173366
 380843
 175109
 230798
 55631
 137724
 79926
 213187
 226660
 293725
 157671
 387575
 362709
 448950
 215525
 453690
 10089
 460594
 487769
 161901
 122418
 41690
 369675
 358522
 411551
 428104
 311349
 90173
 90382
 158105
 436664
 52488
 144492
 91881
 358108
 378343
 155354
 271149
 167818
 396733
 281867
 314610
 335560
 496583
 10118
 441244
 408489
 291357
 79420
 489555
 209702
 233068
 100664
 148561
 393813
 351603
 39624
 343971
 193321
 146772
 137476
 367576
 329705
 300079
 463811
 254539
 343620
 124874
 492768
 463957
 101154
 458816
 130739
 175594
 81314
 403782
 140372
 40876
 56864
 221311
 337291
 431788
 435652
 435735
 428109
 208637
 16312
 179923
 136483
 187564
 82185
 411188
 416473
 257789
 117598
 382058
 127635
 333372
 256744
 88307
 46218
 318631
 59044
 306569
 299737
 412378
 122050
 189081
 336988
 53831
 114405
 329525
 146678
 99005
 371194
 125676
 475331
 46611
 235507
 133957
 475122
 49030
 467895
 88707
 48633
 239972
 458942
 69702
 447073
 404673
 222784
 477272
 94527
 477468
 324593
 465461
 431268
 158227
 50804
 314442
 350165
 65074
 428261
 120175
 287915
 132865
 353227
 59195
 33368
 435408
 71016
 409390
 489894
 471776
 329740
 476113
 123315
 8554
 252136
 386294
 402840
 190589
 257794
 167570
 361812
 468005
 30447
 185651
 188385
 97926
 392030
 145442
 19431
 459587
 230844
 4428
 250513
 229212
 394562
 330687
 341442
 386776
 209003
 305705
 200818
 136199
 51473
 411881
 183086
 429012
 354653
 126136
 114020
 103403
 435387
 388457
 69784
 310672
 460896
 390438
 119175
 119634
 122190
 413958
 81219
 311691
 293918
 261647
 441884
 334159
 31147
 385559
 319887
 483834
 482447
 369547
 68966
 403218
 429166
 334105
 177469
 377133
 44770
 472888
 161412
 203399
 303749
 49744
 207803
 498729
 367540
 396120
 417716
 25303
 288099
 448875
 451695
 273039
 373890
 393935
 287859
 79626
 12978
 282901
 67664
 338582
 211426
 308611
 408756
 448088
 9498
 378491
 142354
 397689
 234433
 201339
 56024
 21852
 216595
 208001
 228416
 292709
 315367
 308904
 391089
 429402
 434632
 36129
 195749
 463874
 349511
 291449
 357451
 334577
 345368
 141136
 277735
 380583
 186203
 455625
 192543
 270143
 479821
 400262
 399999
 308300
 79777
 73004
 173481
 61204
 428818
 224982
 246080
 79326
 27880
 399399
 211944
 144884
 306184
 183816
 444367
 84731
 164709
 64691
 400906
 32991
 252242
 364932
 83203
 472564
 194976
 421968
 428067
 480326
 280219
 392116
 31740
 85865
 340968
 37043
 169219
 431212
 232556
 28360
 100916
 254632
 260515
 462121
 180821
 190188
 223293
 25565
 114160
 453622
 334884
 301038
 125318
 229618
 87038
 102125
 218442
 152643
 276766
 174327
 216723
 414141
 141519
 476122
 395199
 170516
 198453
 187426
 239378
 113146
 435860
 3679
 370722
 177569
 206303
 292474
 465829
 126726
 247810
 434899
 264493
 394301
 169630
 347997
 78072
 383309
 448502
 132286
 414050
 184737
 278735
 78032
 247307
 19480
 132816
 153151
 321593
 198062
 218292
 265448
 122556
 283314
 366364
 235547
 103532
 191470
 67786
 166666
 465751
 435983
 155288
 278545
 11830
 444220
 22320
 166499
 150665
 380853
 101280
 329038
 247651
 72780
 347176
 280338
 18173
 88207
 157629
 443661
 243886
 171502
 0
 129283
 189002
 483648
 33153
 312003
 23282
 235152
 213169
 194850
 475173
 262211
 489996
 381152
 18549
 61728
 301958
 96533
 53511
 355716
 12753
 28961
 211981
 350481
 252151
 135015
 444069
 186170
 295992
 98761
 446062
 294958
 229177
 71361
 306302
 293302
 279882
 450143
 106836
 252123
 137984
 366088
 274878
 39461
 303225
 34058
 208983
 196127
 488538
 57353
 380410
 331687
 280855
 465561
 421293
 59845
 214374
 204609
 352475
 301799
 221863
 329513
 220921
 107822
 62657
 173419
 134126
 460551
 0
 197757
 66554
 319857
 457533
 204534
 444023
 326763
 187542
 482664
 89108
 456057
 271681
 400701
 255636
 109875
 227078
 111855
 390264
 260885
 149179
 212575
 403689
 233343
 451543
 497414
 230853
 217411
 195919
 172628
 321893
 494065
 317239
 69217
 241625
 464587
 390342
 179704
 246135
 416311
 70539
 218120
 127340
 294568
 289930
 431026
 4524
 44007
 52569
 18461
 190476
 133006
 11458
 344353
 403273
 291695
 330188
 117178
 165298
 489743
 386657
 126044
 455640
 9612
 193789
 169721
 490654
 99792
 336246
 404813
 251614
 447820
 315161
 475156
 9109
 454357
 329501
 349999
 220330
 17050
 341412
 480118
 428307
 195509
 131071
 494245
 154445
 427630
 50827
 119336
 248659
 27027
 439034
 160679
 259959
 431431
 109606
 184435
 354231
 230637
 412115
 104899
 174631
 73977
 147123
 481726
 261028
 373855
 109320
 430000
 33825
 48192
 359305
 221454
 167586
 495269
 145512
 306912
 415857
 13392
 392148
 178342
 139015
 19480
 150604
 445391
 293582
 10921
 79127
 67045
 180516
 241688
 498760
 27258
 467329
 431047
 400972
 354630
 207256
 436278
 322918
 222541
 193524
 367426
 385324
 388932
 8263
 393404
 448882
 111177
 287600
 237453
 4608
 141600
 160697
 11325
 338368
 420668
 493726
 48219
 182393
 333457
 206676
 439557
 110276
 386452
 106747
 442577
 423662
 456838
 29093
 240259
 200234
 66433
 312056
 490847
 225706
 163487
 156450
 386362
 125627
 403150
 195231
 206036
 178187
 393565
 355428
 92946
 193215
 33840
 449651
 166913
 474885
 340546
 422567
 258748
 454699
 299733
 415789
 145557
 19316
 48799
 395195
 125808
 420186
 25849
 168449
 215366
 96082
 179925
 102763
 456126
 84153
 364303
 393036
 160082
 51804
 373767
 491913
 359832
 92390
 420768
 436586
 180861
 201878
 225594
 74831
 306121
 87276
 385905
 98961
 201603
 230990
 299179
 321328
 415038
 211855
 316735
 60794
 290166
 145142
 75566
 423501
 486335
 96068
 381005
 479948
 346707
 55780
 130390
 317322
 149141
 406962
 275748
 216926
 307593
 43196
 251994
 460182
 432229
 360895
 333261
 238871
 210749
 159543
 162991
 247357
 403546
 496710
 195634
 337272
 475710
 249848
 284464
 255266
 491270
 241745
 134137
 208379
 40404
 126176
 291294
 402990
 335514
 49114
 272911
 308940
 47378
 287485
 312186
 477504
 160647
 191941
 383705
 334862
 94359
 358869
 415553
 438882
 210443
 379816
 432362
 425426
 207627
 200573
 373697
 127027
 356211
 73436
 50125
 33655
 361975
 395501
 121293
 477141
 188464
 138068
 341165
 338368
 181171
 33845
 268303
 215981
 229842
 47860
 244254
 444738
 335075
 296080
 26621
 415794
 150676
 160754
 34387
 316431
 224803
 339511
 289586
 409615
 157528
 407780
 290435
 163460
 494402
 66054
 317741
 269074
 374181
 482820
 252575
 120034
 453812
 279348
 27637
 128281
 111277
 213462
 53522
 93792
 278109
 132538
 405184
 381526
 151124
 32096
 363715
 450232
 424206
 355440
 390496
 260912
 38040
 127892
 268750
 405369
 384320
 179373
 84252
 474358
 259777
 72480
 258118
 307800
 210713
 452231
 422790
 168346
 357585
 248172
 414232
 336605
 36777
 28822
 332825
 411032
 29335
 266940
 487272
 273051
 351063
 90222
 95250
 448584
 425916
 282343
 429327
 454649
 34972
 383008
 164498
 205073
 231838
 294861
 85270
 142095
 378227
 89336
 240963
 82477
 214143
 192602
 23800
 476179
 205138
 52862
 76937
 420418
 124951
 78825
 203009
 135734
 104484
 327116
 363702
 414175
 117208
 262109
 118584
 428608
 91977
 468094
 244752
 78020
 160902
 33112
 284331
 92391
 217940
 20561
 408466
 77010
 327550
 78637
 448561
 418604
 441837
 242596
 387878
 128508
 215749
 331366
 477987
 337621
 267092
 467311
 362366
 452060
 356906
 270077
 76797
 465746
 350192
 479632
 112980
 403751
 178008
 392053
 76758
 210347
 460366
 15754
 228252
 192405
 271795
 29221
 181009
 497230
 391309
 420147
 414881
 329294
 157813
 378927
 24108
 405211
 128200
 77419
 330985
 334806
 201970
 143545
 249588
 175823
 401459
 77056
 191877
 310397
 349830
 440968
 409182
 218073
 236186
 147351
 171554
 179292
 43601
 330008
 52532
 406008
 951
 10643
 317803
 39223
 7628
 413861
 386330
 459183
 243695
 156177
 196271
 346905
 301843
 161264
 357063
 473624
 23377
 418457
 226360
 22749
 464731
 238477
 393410
 198665
 437502
 43314
 419381
 424308
 27171
 343247
 249839
 299553
 478259
 457142
 278915
 143554
 108611
 156550
 408977
 440222
 85921
 208759
 24588
 192731
 9716
 335610
 148206
 63003
 233274
 157084
 472034
 319898
 74871
 451580
 473770
 477113
 125249
 413547
 86261
 182918
 67735
 101910
 114264
 203827
 149696
 152160
 27612
 132788
 254279
 180851
 127896
 141878
 485818
 471737
 338294
 195618
 147657
 339975
 32454
 251966
 382145
 365739
 17078
 435114
 220758
 297693
 92654
 566
 402920
 293020
 106960
 31824
 340649
 35633
 174920
 38055
 448946
 60559
 189860
 88314
 361198
 424982
 107242
 299773
 202779
 103110
 6054
 177522
 450217
 133934
 308803
 192297
 140722
 321840
 161717
 329638
 70471
 341050
 21387
 297255
 26845
 326329
 115150
 294091
 449554
 86552
 24265
 413922
 74280
 110281
 253777
 345919
 368300
 152331
 56043
 218018
 454263
 455001
 417176
 407231
 225838
 180865
 285733
 265408
 174055
 358274
 396437
 398540
 334921
 248510
 477872
 305701
 477928
 25701
 25968
 395216
 301273
 259999
 210144
 241532
 27035
 307422
 390061
 337139
 416073
 318984
 12187
 451838
 320380
 416301
 409961
 34106
 389159
 257922
 280696
 395312
 472022
 299449
 335284
 300293
 101154
 318293
 180720
 471182
 205786
 15683
 84410
 150875
 274574
 212382
 303901
 371155
 364856
 262033
 220813
 367390
 279847
 369932
 292079
 14959
 17868
 260905
 212488
 346104
 11864
 448385
 449617
 60173
 186950
 80568
 138063
 143533
 346285
 101818
 465522
 211711
 205599
 362620
 472602
 265056
 221042
 229915
 266131
 20655
 335555
 350322
 498840
 368598
 271472
 49238
 8544
 221957
 282874
 33295
 78991
 158175
 14047
 431280
 65846
 200839
 360797
 359642
 345982
 358006
 288968
 392058
 412202
 109072
 10486
 42488
 53216
 482583
 141858
 285853
 400277
 23829
 192461
 457879
 254253
 398925
 442036
 11715
 307343
 387190
 382659
 467415
 468674
 138334
 163934
 127708
 266260
 205017
 299399
 56164
 118082
 172122
 76619
 238533
 57663
 476180
 407404
 450769
 225100
 370382
 152538
 196889
 302936
 289848
 358536
 231116
 150030
 404399
 171633
 300925
 58521
 439633
 387043
 418176
 136293
 351558
 338894
 173177
 324442
 446958
 450933
 211698
 462598
 325015
 464033
 288118
 110731
 200174
 332635
 499198
 26578
 146864
 168415
 41522
 78073
 458209
 237
 274825
 478938
 272759
 41674
 40755
 314331
 343784
 279094
 67914
 394912
 1325
 498432
 385913
 485142
 493268
 30196
 244685
 69870
 187367
 412287
 343082
 45424
 447031
 450495
 115463
 37081
 32489
 241803
 134199
 101199
 39606
 112162
 207129
 292125
 160566
 223913
 75228
 464819
 224452
 73955
 344964
 65309
 404312
 442955
 422085
 118027
 400132
 366847
 428943
 477767
 349024
 226422
 252100
 409401
 68486
 163310
 298482
 420878
 30944
 192449
 193145
 218878
 109149
 377577
 30833
 65379
 468519
 237650
 83436
 251241
 429708
 335520
 69943
 478802
 70890
 149070
 221846
 358335
 446400
 398591
 211112
 168990
 194350
 210556
 177495
 69324
 121621
 59897
 489764
 454652
 425302
 405895
 488300
 251045
 430356
 5363
 404162
 131924
 493436
 380110
 358623
 193867
 13964
 5123
 357807
 348378
 136977
 