2127
 8004
 6881
 4694
 9172
 9003
 9854
 6943
 6769
 1670
 5724
 724
 3
 3568
 5393
 9939
 4160
 3935
 2669
 2038
 3154
 4271
 3219
 1362
 7282
 5785
 6630
 1374
 6695
 9216
 9102
 1093
 8973
 4912
 3115
 4468
 6843
 4051
 6319
 5217
 2104
 5622
 8512
 2399
 9599
 5982
 3799
 6332
 87
 3725
 3750
 6978
 3570
 9400
 4578
 1378
 2097
 2548
 950
 3175
 7100
 187
 4894
 6837
 7869
 2776
 8240
 910
 7293
 2547
 8839
 3422
 5506
 6553
 1325
 3499
 3729
 6338
 7460
 9619
 8318
 1399
 3311
 3031
 2590
 1528
 2885
 3065
 5038
 8409
 3116
 8139
 9388
 3074
 5896
 8872
 2520
 9868
 600
 4615
 