136
 515
 516
 813
 820
 827
 833
 844
 862
 884
 890
 1227
 1361
 1827
 1875
 1917
 1950
 2173
 2180
 2239
 2454
 2579
 2579
 2876
 2919
 3258
 3370
 3371
 3448
 3627
 3655
 3975
 4278
 4356
 4636
 4708
 4761
 4783
 4860
 4896
 5034
 5085
 5150
 5256
 5281
 5362
 5536
 5732
 5839
 6014
 6024
 6324
 6418
 6868
 7164
 7211
 7339
 7344
 7393
 7473
 7477
 7481
 7531
 7608
 7778
 8018
 8059
 8070
 8071
 8154
 8204
 8214
 8388
 8436
 8718
 8802
 8923
 9009
 9202
 9260
 9261
 9333
 9355
 9494
 9498
 9547
 9564
 9677
 9797
 9840
 9865
 9961
 10038
 10518
 10603
 10658
 10689
 10692
 10867
 10917
 11069
 11259
 11269
 11314
 11402
 11454
 11543
 11568
 11645
 11690
 11724
 11829
 11948
 12244
 12262
 12317
 12365
 12410
 12425
 12492
 12643
 12646
 12648
 12788
 12926
 13221
 13333
 13364
 13390
 13404
 13405
 13684
 13713
 13897
 14324
 14409
 14527
 14680
 14767
 14845
 14897
 14979
 15001
 15020
 15089
 15201
 15364
 15510
 15606
 15621
 15636
 15868
 15999
 16031
 16052
 16065
 16094
 16115
 16183
 16361
 16475
 16704
 16740
 16841
 16952
 17006
 17025
 17520
 17724
 17816
 17966
 18010
 18030
 18062
 18123
 18169
 18181
 18181
 18208
 18437
 18634
 18686
 18819
 18820
 18917
 19098
 19111
 19274
 19283
 19289
 19317
 19321
 19375
 19564
 19625
 19661
 19730
 19916
 19917
 19927
 20517
 20589
 20606
 20762
 20793
 20876
 20886
 21000
 21039
 21044
 21224
 21226
 21321
 21362
 21366
 21459
 21739
 21771
 21823
 21837
 21882
 21979
 22081
 22160
 22196
 22275
 22325
 22384
 22395
 22486
 22584
 22748
 22789
 22916
 23044
 23068
 23432
 23771
 23814
 23830
 23932
 23967
 24018
 24175
 24254
 24289
 24619
 24648
 24827
 24905
 25030
 25120
 25235
 25280
 25581
 25761
 25783
 25828
 26030
 26053
 26140
 26214
 26232
 26268
 26558
 26564
 26622
 26996
 27275
 27418
 27594
 27605
 27617
 27699
 27791
 27860
 28052
 28061
 28091
 28132
 28180
 28236
 28270
 28397
 28453
 28481
 28571
 28627
 28641
 28660
 28729
 29073
 29176
 29349
 29527
 29528
 29585
 29605
 29641
 29722
 29734
 29754
 29902
 29909
 29997
 30191
 30212
 30237
 30259
 30511
 30717
 31203
 31290
 31407
 31454
 31463
 31695
 31771
 31897
 31941
 31955
 32039
 32360
 32397
 32419
 32601
 32657
 32686
 32932
 33386
 33411
 33472
 33534
 33620
 33834
 33878
 33930
 33971
 33978
 34001
 34098
 34129
 34164
 34171
 34308
 34327
 34362
 34644
 34676
 34687
 34760
 34775
 34945
 34961
 35030
 35350
 35548
 35863
 35951
 35963
 36000
 36008
 36150
 36316
 36360
 36424
 36925
 37166
 37279
 37337
 37475
 37493
 37586
 37593
 37638
 37944
 37991
 38151
 38241
 38256
 38325
 38437
 38580
 38594
 38633
 38682
 38981
 39001
 39410
 39422
 39491
 39898
 40030
 40064
 40209
 40386
 40516
 40534
 40706
 40894
 40991
 41138
 41454
 41546
 41688
 41992
 41997
 42270
 42424
 42564
 42615
 42730
 42770
 42793
 42857
 42857
 42868
 42873
 43009
 43205
 43357
 43405
 43511
 43526
 43648
 43690
 43691
 43994
 44026
 44394
 44445
 44448
 44486
 44508
 44661
 44932
 45081
 45125
 45210
 45234
 45576
 45648
 45736
 45747
 45762
 45836
 45880
 45936
 45944
 46012
 46019
 46024
 46212
 46594
 46688
 46830
 46837
 46868
 46911
 46991
 47014
 47035
 47169
 47169
 47192
 47244
 47273
 47556
 47592
 47619
 47653
 47680
 47839
 47964
 48142
 48236
 48269
 48637
 48638
 48713
 48778
 48995
 49025
 49098
 49295
 49312
 49469
 49660
 49725
 49825
 50103
 50296
 50316
 50381
 50562
 50625
 50633
 50653
 50788
 50854
 50957
 51150
 51335
 51482
 51488
 51791
 51984
 52028
 52077
 52361
 52400
 52458
 52470
 52513
 52818
 53063
 53100
 53172
 53221
 53369
 53389
 53436
 53819
 53994
 54052
 54216
 54266
 54308
 54338
 54704
 54810
 54818
 55239
 55275
 55357
 55406
 55489
 55750
 55839
 55881
 55897
 55989
 56019
 56065
 56292
 56429
 56497
 56711
 56779
 56997
 57122
 57142
 57363
 57379
 57397
 57419
 57426
 57478
 57517
 57834
 58059
 58105
 58106
 58181
 58247
 58326
 58350
 58499
 58499
 58598
 58730
 58894
 59099
 59142
 59164
 59375
 59377
 59538
 59545
 59658
 59779
 59875
 60247
 60321
 60370
 60473
 60516
 60558
 60603
 60773
 60795
 61036
 61276
 61279
 61306
 61368
 61382
 61411
 61482
 61504
 61658
 61694
 61698
 61726
 61946
 62122
 62234
 62269
 62303
 62439
 62686
 62782
 62806
 62895
 63016
 63043
 63089
 63181
 63413
 63437
 63555
 63588
 63636
 63680
 63747
 63901
 64065
 64180
 64187
 64245
 64268
 64305
 64338
 64412
 64450
 64485
 64493
 64525
 64543
 64593
 64631
 64742
 64803
 64948
 65020
 65096
 65393
 65400
 65554
 65666
 65772
 65895
 65918
 66070
 66084
 66142
 66464
 66516
 66558
 66570
 66666
 66776
 66798
 66882
 66900
 67128
 67161
 67255
 67282
 67324
 67347
 67416
 67532
 67543
 67640
 67945
 68064
 68066
 68079
 68133
 68178
 68268
 68524
 68855
 68883
 68891
 68904
 68979
 69091
 69104
 69147
 69333
 69514
 69534
 69641
 69786
 69831
 70042
 70466
 70680
 70904
 71021
 71046
 71082
 71269
 71354
 71370
 71428
 71477
 71523
 71592
 71604
 71660
 71789
 71897
 72037
 72072
 72180
 72225
 72531
 72625
 72653
 72827
 72861
 72960
 72960
 72994
 73096
 73170
 73231
 73261
 73385
 73531
 73602
 73967
 73993
 74192
 74561
 74587
 74639
 74863
 74976
 75016
 75018
 75053
 75081
 75182
 75186
 75190
 75255
 75475
 75503
 75583
 75662
 75681
 75796
 75833
 75909
 76058
 76066
 76265
 76266
 76346
 76498
 76542
 76656
 77062
 77097
 77122
 77319
 77464
 77525
 77893
 78065
 78082
 78143
 78264
 78310
 78354
 78443
 78484
 78515
 78589
 79152
 79418
 79651
 79738
 79780
 79788
 79941
 79980
 79987
 79994
 80049
 80410
 80610
 80761
 80773
 80858
 80920
 80926
 80969
 80990
 81018
 81046
 81070
 81096
 81129
 81191
 81193
 81222
 81309
 81407
 81434
 81549
 81559
 81802
 81833
 81990
 82040
 82088
 82214
 82326
 82478
 82692
 82778
 82872
 83021
 83059
 83092
 83285
 83340
 83351
 83457
 83502
 83696
 84049
 84093
 84100
 84100
 84134
 84180
 84299
 84398
 84481
 84570
 84646
 84703
 84708
 84776
 84862
 84918
 84949
 84988
 85225
 85242
 85265
 85426
 85799
 86227
 86255
 86333
 86339
 86457
 86693
 86781
 86817
 87075
 87505
 87518
 87598
 87634
 87747
 87774
 87850
 88088
 88091
 88303
 88328
 88370
 88395
 88447
 88449
 88450
 88500
 88632
 88654
 88759
 88828
 89008
 89010
 89022
 89085
 89106
 89354
 89358
 89360
 89534
 90069
 90084
 90107
 90181
 90282
 90351
 90389
 90420
 90693
 90709
 90820
 90978
 91189
 91343
 91388
 91795
 91882
 92024
 92089
 92102
 92241
 92250
 92314
 92364
 92440
 92467
 92530
 92659
 92714
 92863
 92927
 92968
 92982
 93026
 93174
 93206
 93556
 93584
 93589
 93700
 93775
 93783
 93854
 93987
 94094
 94148
 94249
 94323
 94431
 94441
 94519
 94671
 94834
 94835
 95028
 95217
 95294
 95337
 95662
 95716
 96108
 96229
 96426
 96456
 96514
 96564
 96923
 97018
 97094
 97121
 97190
 97199
 97356
 97381
 97446
 97477
 97512
 97658
 98101
 98153
 98163
 98216
 98283
 98359
 98483
 98600
 98645
 98663
 98872
 98988
 99008
 99014
 99077
 99212
 99355
 99413
 99547
 99661
 99689
 99711
 99808
 99821
 