0
 326
 655
 658
 758
 826
 848
 867
 882
 888
 948
 1028
 1143
 1230
 1326
 1418
 1560
 1833
 1978
 2012
 2040
 2222
 2319
 2325
 2400
 2429
 2471
 2646
 2817
 2944
 3316
 3410
 3455
 3466
 3491
 3658
 3673
 3784
 3822
 3935
 4070
 4380
 4418
 4567
 4605
 4608
 4876
 4954
 5084
 5121
 5134
 5199
 5207
 5613
 5842
 5853
 5897
 5928
 6087
 6107
 6261
 6431
 6494
 6541
 6580
 6817
 6980
 7022
 7114
 7182
 7287
 7299
 7308
 7358
 7361
 7386
 7432
 7498
 7600
 7633
 7675
 7843
 7886
 7919
 8011
 8062
 8213
 8281
 8331
 8409
 8602
 8625
 8648
 8704
 8851
 8877
 9081
 9085
 9419
 9611
 10188
 10292
 10317
 10328
 10402
 10449
 10531
 10548
 10695
 11264
 11267
 11291
 11325
 11339
 11545
 11547
 11764
 11897
 12019
 12342
 12753
 12791
 12854
 12947
 12963
 13057
 13142
 13159
 13227
 13337
 13406
 13605
 13797
 14171
 14206
 14216
 14449
 14679
 14993
 15002
 15068
 15101
 15164
 15261
 15304
 15350
 15398
 15507
 15655
 15813
 15857
 15885
 15916
 16069
 16370
 16741
 16863
 16939
 16981
 16994
 17022
 17197
 17246
 17274
 17301
 17543
 17567
 17666
 17889
 17907
 17977
 18068
 18198
 18545
 18600
 18705
 18875
 19079
 19101
 19113
 19447
 20045
 20047
 20118
 20307
 20317
 20408
 20543
 20554
 20563
 20602
 20890
 21043
 21085
 21276
 21459
 21591
 21650
 21837
 21881
 21884
 22016
 22172
 22241
 22482
 22487
 22662
 22708
 22841
 22856
 22999
 23001
 23098
 23152
 23316
 23320
 23426
 23567
 23771
 23830
 24070
 24115
 24177
 24202
 24203
 24312
 24334
 24360
 24559
 24714
 24813
 24951
 25157
 25423
 25593
 25855
 25974
 26091
 26094
 26180
 26385
 26503
 26507
 26525
 26617
 26679
 26961
 27060
 27088
 27159
 27215
 27217
 27392
 27431
 27551
 27604
 27851
 27879
 27934
 28075
 28108
 28146
 28290
 28315
 28549
 28668
 28806
 29106
 29197
 29226
 29394
 29471
 29538
 29674
 29823
 29833
 29834
 29854
 30189
 30363
 30436
 30471
 30718
 30771
 30918
 31137
 31369
 31444
 31447
 31558
 31627
 31633
 31680
 31963
 32061
 32201
 32422
 32522
 32915
 32987
 33331
 33355
 33387
 33438
 33529
 33578
 33656
 33707
 33767
 33818
 34013
 34337
 34531
 34666
 34692
 34722
 34769
 34825
 35066
 35087
 35119
 35158
 35587
 35610
 35653
 35683
 35756
 35758
 35848
 35939
 36030
 36147
 36260
 36303
 36444
 36477
 36495
 36539
 36642
 36734
 36802
 36840
 36868
 37037
 37153
 37220
 37342
 37357
 37695
 37783
 37815
 38095
 38108
 38145
 38212
 38216
 38305
 38405
 38520
 38580
 38783
 38824
 38861
 38986
 39092
 39125
 39214
 39364
 39370
 39904
 40157
 40176
 40196
 40282
 40360
 40518
 40526
 40549
 40601
 40673
 40816
 40916
 41109
 41178
 41192
 41260
 41284
 41379
 41432
 41459
 41475
 41598
 41636
 41786
 41948
 42013
 42100
 42110
 42314
 42328
 42640
 42642
 42682
 42697
 42768
 42944
 42977
 42989
 43065
 43105
 43107
 43219
 43229
 43245
 43376
 43451
 43646
 43715
 43912
 43993
 44343
 44663
 44787
 44811
 44960
 45003
 45064
 45118
 45141
 45364
 45430
 45530
 45848
 45888
 45936
 45956
 46085
 46163
 46302
 46325
 46449
 46489
 46529
 46564
 46611
 46613
 46657
 46822
 46881
 46904
 47235
 47447
 47619
 47775
 47785
 47858
 47933
 48071
 48398
 48563
 48585
 48876
 48879
 48896
 49221
 49496
 49504
 49583
 49763
 49939
 50068
 50089
 50192
 50196
 50412
 50533
 50598
 50602
 50620
 50624
 50672
 50725
 50940
 51081
 51243
 51274
 51282
 51562
 51587
 51633
 51781
 52023
 52142
 52173
 52220
 52268
 52282
 52338
 52369
 52512
 52701
 53055
 53135
 53287
 53302
 53388
 53465
 53776
 53798
 53802
 53840
 53918
 53919
 54075
 54123
 54282
 54353
 54491
 54522
 54524
 54529
 54609
 54667
 54926
 54945
 55085
 55197
 55201
 55401
 55546
 55561
 55579
 55584
 55651
 55872
 56177
 56260
 56286
 56359
 56436
 56474
 56665
 56667
 56674
 57048
 57142
 57162
 57191
 57263
 57544
 57558
 57676
 57715
 57738
 57769
 57781
 57821
 57859
 57982
 58169
 58322
 58577
 58661
 58696
 58933
 58943
 59304
 59350
 59367
 59405
 59475
 59484
 59595
 59866
 60006
 60122
 60200
 60300
 60371
 60389
 60730
 60813
 61003
 61017
 61222
 61549
 61634
 62036
 62422
 62474
 62606
 62791
 62796
 62974
 62996
 63004
 63240
 63382
 63839
 64209
 64280
 64406
 64464
 64610
 64651
 64655
 64816
 64846
 64939
 65025
 65095
 65129
 65166
 65326
 65404
 65466
 65494
 65621
 65629
 65675
 65698
 65717
 65847
 66045
 66164
 66598
 66729
 66752
 66817
 66893
 67011
 67085
 67139
 67294
 67396
 67397
 67606
 67961
 67995
 67999
 68039
 68056
 68063
 68099
 68163
 68205
 68367
 68421
 68519
 68647
 68700
 68757
 69226
 69274
 69309
 69359
 69400
 69417
 69428
 69500
 69507
 69616
 69636
 69750
 69767
 69770
 69936
 69996
 70051
 70310
 70339
 70425
 70453
 70593
 70608
 70740
 70822
 70883
 71086
 71169
 71274
 71367
 71425
 71428
 71448
 71543
 71557
 71577
 71736
 71811
 72027
 72086
 72135
 72164
 72352
 72515
 72578
 72640
 72744
 72811
 73017
 73155
 73288
 73372
 73561
 73584
 73588
 73789
 74003
 74074
 74308
 74382
 74731
 74761
 74781
 74805
 75015
 75196
 75367
 75488
 75502
 75570
 75577
 75628
 75721
 75796
 75949
 76017
 76040
 76109
 76204
 76315
 76646
 76672
 76680
 76690
 76775
 77248
 77253
 77815
 78098
 78160
 78164
 78278
 78499
 78501
 78620
 78628
 78809
 78882
 79032
 79105
 79156
 79166
 79211
 79482
 79545
 79664
 79672
 79698
 79768
 79791
 79919
 79946
 79958
 80040
 80111
 80188
 80223
 80233
 80295
 80374
 80422
 80881
 80883
 80964
 81000
 81056
 81098
 81157
 81218
 81296
 81519
 81578
 81752
 81967
 81990
 82058
 82200
 82267
 82304
 82435
 82504
 82513
 82652
 82785
 82802
 82913
 82916
 82997
 83168
 83209
 83377
 83518
 83753
 83823
 83947
 84040
 84047
 84320
 84438
 84615
 84733
 84780
 85333
 85431
 85483
 85493
 85523
 85537
 85682
 85798
 86023
 86168
 86190
 86295
 86433
 86469
 86562
 86565
 86646
 86655
 86738
 87063
 87189
 87221
 87312
 87509
 87576
 87790
 87941
 88092
 88172
 88180
 88182
 88206
 88282
 88341
 88673
 88703
 88780
 88957
 89025
 89096
 89111
 89242
 89258
 89398
 89726
 89931
 90032
 90060
 90136
 90261
 90376
 90499
 90715
 90836
 90861
 90962
 91151
 91192
 91214
 91355
 91483
 91593
 91659
 91694
 91758
 92133
 92163
 92366
 92380
 92482
 92523
 92959
 93017
 93070
 93471
 93493
 93523
 93686
 93691
 93783
 93962
 94512
 94528
 94743
 95114
 95253
 95279
 95329
 95828
 96028
 96077
 96130
 96170
 96243
 96321
 96663
 96811
 96874
 97100
 97272
 97277
 97345
 97390
 97560
 97569
 97895
 97931
 97975
 97982
 98122
 98204
 98287
 98360
 98429
 98431
 98482
 98532
 98570
 98598
 98722
 98881
 99056
 99087
 99204
 99231
 99232
 99249
 99325
 99488
 99509
 99559
 99714
 99715
 99793
 100032
 100133
 100169
 100402
 100438
 100502
 100664
 100883
 100903
 101064
 101123
 101257
 101331
 101343
 101555
 101563
 101571
 101578
 101663
 101949
 102021
 102228
 102427
 102452
 102575
 102632
 102657
 102694
 102975
 103003
 103017
 103029
 103040
 103090
 103149
 103155
 103220
 103326
 103614
 103684
 103703
 103706
 103834
 104507
 104617
 104745
 104764
 104881
 104966
 105342
 105359
 105366
 105367
 105473
 105555
 105772
 105888
 105913
 106194
 106368
 106484
 106633
 106746
 106787
 106942
 107041
 107130
 107142
 107259
 107266
 107579
 107740
 107750
 107828
 108051
 108283
 108364
 108744
 108818
 108849
 108930
 108957
 108970
 109246
 109585
 109717
 109807
 109832
 109862
 110231
 110248
 110351
 110382
 110459
 110493
 110568
 110630
 110648
 110699
 110747
 110884
 110890
 111111
 111150
 111220
 111225
 111375
 111440
 111488
 111631
 111769
 111889
 111926
 112037
 112132
 112484
 112532
 112582
 112622
 112627
 112750
 112807
 112888
 112937
 113349
 113469
 113523
 113600
 113697
 113804
 113898
 113926
 113966
 114091
 114214
 114378
 114655
 114754
 114758
 114870
 114930
 114942
 115065
 115069
 115075
 115212
 115263
 115311
 115499
 115502
 115523
 115636
 115863
 115921
 115996
 116041
 116086
 116117
 116166
 116193
 116273
 116442
 116454
 116605
 116638
 116854
 116896
 117223
 117278
 117411
 117445
 117647
 117761
 117986
 118098
 118140
 118217
 118291
 118419
 118421
 118712
 118760
 118791
 118834
 118918
 118983
 119183
 119422
 119508
 119758
 119782
 119846
 119951
 120091
 120283
 120331
 120376
 120433
 120478
 120544
 120642
 120645
 120721
 121235
 121241
 121317
 121349
 121426
 121456
 121482
 121711
 121796
 121863
 121869
 122009
 122218
 122257
 122271
 122283
 122320
 122424
 122575
 122866
 122905
 122924
 122951
 122991
 123081
 123162
 123447
 123580
 123674
 123697
 123867
 123870
 124002
 124003
 124157
 124516
 124594
 124669
 124797
 124809
 124935
 125223
 125382
 125524
 125546
 125626
 125874
 125960
 126042
 126094
 126208
 126234
 126369
 126548
 126592
 126636
 126916
 127138
 127174
 127175
 127203
 127240
 127272
 127315
 127345
 127375
 127389
 127458
 127659
 127687
 128201
 128369
 128396
 128434
 128440
 128446
 128572
 128976
 128981
 129125
 129196
 129253
 129319
 129373
 129553
 129563
 129770
 129935
 129984
 130247
 130268
 130282
 130316
 130340
 130359
 130409
 130426
 130562
 130648
 130722
 130784
 130859
 130862
 130885
 130936
 131032
 131034
 131112
 131135
 131199
 131237
 131277
 131386
 131418
 131443
 131504
 131506
 131745
 131763
 131953
 132398
 132664
 132711
 132902
 133047
 133093
 133165
 133191
 133281
 133316
 133372
 133537
 133595
 133708
 133828
 133927
 133990
 134237
 134384
 134388
 134882
 134967
 135003
 135048
 135175
 135395
 135399
 135442
 135483
 135539
 135587
 135616
 135640
 135918
 135920
 136017
 136023
 136050
 136054
 136300
 136334
 136426
 136808
 136837
 136872
 137227
 137263
 137328
 137546
 137566
 137579
 137655
 137879
 138054
 138147
 138163
 138172
 138268
 138420
 138461
 138487
 138520
 138689
 138753
 138888
 138919
 139032
 139077
 139169
 139176
 139197
 139247
 139266
 139413
 139527
 139534
 139536
 139607
 139689
 139809
 139885
 139927
 139958
 140060
 140071
 140149
 140183
 140278
 140279
 140698
 140703
 140704
 140725
 140744
 141119
 141309
 141402
 141430
 141479
 141674
 141732
 141818
 141832
 141917
 141952
 142081
 142149
 142155
 142159
 142257
 142272
 142338
 142406
 142427
 142757
 142764
 142787
 142807
 142857
 143181
 143262
 143327
 143352
 143436
 143479
 143763
 143809
 143835
 143849
 143856
 144260
 144282
 144342
 144528
 144546
 144607
 144745
 144767
 144899
 144970
 144972
 145263
 145307
 145550
 145553
 145566
 145760
 145956
 146109
 146180
 146230
 146307
 146334
 146638
 146835
 146887
 146974
 147127
 147254
 147389
 147396
 147444
 147454
 147789
 147804
 147911
 148201
 148363
 148435
 148443
 148537
 148574
 148630
 148779
 148884
 148930
 148965
 149359
 149549
 149551
 149582
 149588
 149750
 149871
 150125
 150146
 150210
 150227
 150271
 150314
 150352
 150385
 150406
 150442
 150567
 150766
 150880
 150911
 151249
 151271
 151349
 151390
 151509
 151599
 151616
 151966
 152089
 152091
 152239
 152330
 152410
 152458
 152543
 152593
 152614
 152620
 152653
 152704
 152737
 152866
 152954
 152990
 153063
 153178
 153236
 153545
 153624
 153635
 153763
 153781
 153790
 153810
 153846
 154046
 154189
 154195
 154256
 154394
 154425
 154486
 154526
 154638
 154646
 154656
 154808
 154842
 154905
 154911
 155131
 155133
 155242
 155243
 155329
 155353
 155458
 155462
 155503
 155512
 155562
 155634
 155692
 156010
 156028
 156366
 156454
 156501
 156741
 156774
 156798
 156802
 156984
 157016
 157306
 157432
 157644
 157790
 157879
 157894
 158044
 158151
 158163
 158189
 158340
 158589
 158762
 158791
 158847
 159063
 159086
 159095
 159190
 159220
 159227
 159269
 159762
 159849
 159880
 159929
 159975
 160038
 160063
 160159
 160174
 160316
 160349
 160511
 160646
 160675
 160727
 160794
 160826
 160852
 161073
 161093
 161140
 161209
 161404
 161441
 161605
 161940
 161946
 162011
 162034
 162158
 162162
 162177
 162457
 162682
 162692
 162977
 163070
 163196
 163598
 163636
 164009
 164011
 164088
 164191
 164477
 164513
 164522
 164580
 164629
 164667
 164683
 164761
 164818
 164951
 165093
 165241
 165299
 165535
 165559
 165759
 165783
 165860
 165927
 165941
 165990
 166163
 166184
 166193
 166197
 166246
 166283
 166469
 166530
 166563
 166760
 166954
 167043
 167144
 167180
 167237
 167379
 167491
 167574
 167575
 167755
 168224
 168234
 168372
 168437
 168646
 168736
 168847
 168900
 168908
 168921
 169036
 169271
 169439
 169668
 169712
 169771
 169918
 170115
 170126
 170152
 170217
 170385
 170451
 170540
 170761
 170820
 170880
 170894
 171061
 171140
 171165
 171267
 171299
 171331
 171377
 171428
 171606
 171609
 171636
 171745
 172023
 172232
 172588
 172600
 172612
 172616
 172834
 172925
 172998
 173217
 173836
 173841
 173913
 173949
 174030
 174158
 174194
 174382
 174402
 174427
 174627
 174683
 174708
 174789
 174922
 175002
 175107
 175196
 175486
 175606
 175684
 175728
 175751
 175864
 175885
 175908
 176006
 176185
 176217
 176470
 176975
 177016
 177064
 177081
 177086
 177126
 177177
 177291
 177403
 177430
 177504
 177519
 177575
 177726
 177743
 178042
 178058
 178407
 178723
 178990
 179008
 179138
 179160
 179229
 179246
 179447
 179461
 179487
 179652
 179880
 179902
 180005
 180050
 180109
 180303
 180674
 180675
 180722
 180986
 181011
 181013
 181045
 181099
 181228
 181288
 181347
 181423
 181480
 181507
 181548
 181558
 181582
 181687
 181848
 181938
 181943
 182036
 182138
 182182
 182313
 182393
 182546
 182609
 182611
 182656
 182676
 182756
 182794
 182845
 182998
 183071
 183072
 183142
 183272
 183282
 183331
 183622
 183970
 184037
 184051
 184305
 184406
 184490
 184523
 184589
 184732
 184852
 184877
 185046
 185213
 185525
 185862
 185986
 185993
 186103
 186155
 186336
 186478
 186552
 186826
 186919
 186991
 187013
 187115
 187165
 187240
 187343
 187550
 187579
 187620
 187649
 187786
 187812
 187910
 187921
 188041
 188079
 188118
 188230
 188421
 188514
 188571
 188627
 188655
 188699
 188817
 188929
 189042
 189171
 189228
 189358
 189380
 189437
 189723
 189743
 189827
 189903
 190264
 190385
 190589
 190666
 190730
 190831
 190969
 191102
 191400
 191443
 191499
 191549
 191753
 192003
 192095
 192167
 192172
 192221
 192295
 192307
 192374
 192478
 192573
 192628
 192681
 192702
 192717
 192721
 192767
 192812
 192841
 193020
 193100
 193163
 193201
 193264
 193510
 193523
 193545
 193616
 193636
 193664
 193777
 193816
 193948
 193990
 194166
 194167
 194249
 194442
 194504
 194511
 194513
 194629
 194720
 194888
 194906
 194955
 195005
 195151
 195322
 195402
 195409
 195418
 195554
 195595
 195614
 195652
 195884
 196249
 196281
 196438
 196458
 196571
 196690
 196710
 196760
 196823
 196941
 197212
 197249
 197355
 197456
 197586
 197649
 197740
 197772
 197879
 197888
 198054
 198226
 198345
 198373
 198396
 198473
 198593
 198627
 198632
 198643
 198702
 198967
 199103
 199258
 199662
 199755
 199776
 199999
 200000
 200055
 200087
 200096
 200127
 200276
 200282
 200435
 200456
 200639
 200725
 200796
 200867
 200933
 201197
 201296
 201710
 202086
 202107
 202197
 202342
 202346
 202466
 202472
 202764
 202837
 203148
 203211
 203215
 203217
 203235
 203271
 203329
 203415
 203438
 203539
 203732
 203741
 203844
 203940
 203997
 204002
 204186
 204328
 204394
 204568
 204630
 204644
 204819
 205019
 205042
 205177
 205227
 205247
 205284
 205434
 205546
 205822
 205831
 205974
 205986
 206122
 206159
 206218
 206232
 206290
 206464
 206632
 206718
 206767
 206896
 206970
 207148
 207253
 207319
 207330
 207342
 207405
 207413
 207461
 207489
 207651
 207735
 207747
 207756
 207855
 207974
 208340
 208345
 208416
 208670
 208697
 208847
 208948
 209178
 209228
 209261
 209265
 209322
 209324
 209488
 209564
 209580
 209597
 209634
 209662
 209923
 210033
 210073
 210106
 210119
 210196
 210575
 210757
 210817
 210838
 210889
 210898
 210970
 211086
 211180
 211225
 211236
 211259
 211382
 211388
 211423
 211610
 211686
 211751
 211930
 211961
 212075
 212086
 212121
 212476
 212798
 212912
 212972
 213293
 213314
 213376
 213422
 213432
 213476
 213592
 213625
 213637
 213651
 213957
 213964
 213991
 214061
 214067
 214176
 214188
 214383
 214531
 214544
 214562
 214569
 214936
 215071
 215169
 215208
 215264
 215406
 215424
 215499
 215512
 215573
 215577
 215760
 215884
 216104
 216730
 216887
 216993
 217097
 217150
 217175
 217220
 217281
 217512
 217597
 217694
 217866
 217974
 217998
 218122
 218146
 218212
 218218
 218220
 218272
 218295
 218473
 218485
 218615
 218697
 218788
 218899
 218907
 218946
 219088
 219125
 219241
 219289
 219404
 219512
 219634
 219668
 219727
 219806
 220068
 220728
 220793
 220997
 221288
 221308
 221396
 221586
 221653
 221983
 221996
 222003
 222047
 222112
 222180
 222184
 222222
 222421
 222596
 222761
 222793
 222805
 222927
 222949
 223057
 223080
 223084
 223110
 223181
 223201
 223260
 223297
 223451
 223644
 223658
 223710
 223765
 223816
 223915
 223938
 223989
 224035
 224073
 224084
 224255
 224294
 224322
 224489
 224525
 224604
 224823
 224912
 225145
 225157
 225242
 225312
 225368
 225389
 225394
 225403
 225475
 225540
 225572
 225653
 225930
 226117
 226132
 226229
 226254
 226277
 226440
 226501
 226790
 226812
 226869
 226945
 226959
 227190
 227246
 227390
 227570
 227574
 227586
 227642
 227678
 227780
 227967
 227994
 228086
 228288
 228291
 228577
 228750
 228973
 228976
 229004
 229085
 229132
 229265
 229612
 229666
 229698
 229752
 229755
 229769
 229783
 229937
 230031
 230105
 230120
 230164
 230181
 230196
 230210
 230355
 230452
 230456
 230605
 230661
 230708
 230713
 230769
 230966
 231094
 231171
 231295
 231319
 231350
 231412
 231518
 231748
 231753
 231858
 231901
 231909
 232408
 232442
 232483
 232499
 232851
 232951
 233041
 233209
 233427
 233442
 233541
 233590
 233806
 234089
 234427
 234518
 234648
 234690
 234861
 234878
 235119
 235231
 235261
 235289
 235516
 235541
 235559
 235581
 235873
 235886
 236207
 236239
 236292
 236306
 236646
 236714
 236895
 236900
 236989
 236996
 237246
 237375
 237431
 237588
 237660
 237712
 237786
 237867
 238174
 238201
 238682
 238941
 238985
 239069
 239075
 239099
 239227
 239285
 239329
 239397
 239520
 239532
 239600
 240006
 240179
 240220
 240299
 240315
 240384
 240472
 240591
 240707
 240783
 240796
 240963
 240966
 241051
 241103
 241327
 241360
 241379
 241478
 241498
 241516
 241524
 241604
 241710
 241817
 241896
 242053
 242087
 242420
 242486
 242548
 242558
 242774
 242780
 242884
 243046
 243181
 243243
 243364
 243497
 243545
 243647
 243674
 243762
 243809
 243934
 243940
 244101
 244113
 244215
 244246
 244532
 244598
 244682
 244690
 244876
 244945
 244948
 245224
 245227
 245248
 245266
 245406
 245476
 245666
 245673
 245754
 245765
 245792
 245898
 245974
 245998
 246209
 246211
 246285
 246312
 246360
 246443
 246724
 246761
 247030
 247100
 247269
 247475
 247695
 247757
 247855
 247863
 247876
 247895
 247941
 248132
 248312
 248344
 248365
 248482
 248535
 248618
 248636
 248673
 248820
 248982
 249031
 249032
 249079
 249192
 249197
 249246
 249314
 249327
 249333
 249407
 249434
 249558
 249583
 249585
 249603
 249622
 249750
 249760
 249761
 249895
 249944
 249961
 249966
 250256
 250335
 250433
 250444
 250496
 250727
 250856
 250890
 251000
 251034
 251188
 251198
 251391
 251440
 251885
 251898
 252062
 252067
 252152
 252324
 252369
 252473
 252497
 252616
 252672
 252729
 252761
 252807
 252813
 252915
 252933
 252947
 253237
 253341
 253431
 253639
 253641
 253780
 253881
 254088
 254113
 254145
 254291
 254355
 254406
 254480
 254526
 254571
 254642
 254689
 254747
 254794
 254852
 254866
 254880
 255183
 255276
 255614
 255844
 255916
 255972
 255983
 256126
 256239
 256349
 256439
 256564
 256637
 256641
 256726
 256791
 256847
 256867
 256943
 257049
 257219
 257314
 257383
 257389
 257493
 257541
 257698
 258000
 258008
 258018
 258245
 258321
 258379
 258603
 258669
 258753
 258959
 259057
 259093
 259136
 259233
 259317
 259349
 259378
 259536
 259622
 259646
 259655
 259892
 259941
 260226
 260337
 260349
 260405
 260512
 260610
 260637
 260731
 260809
 260846
 261127
 261151
 261217
 261237
 261285
 261311
 261329
 261483
 261728
 261968
 262215
 262295
 262345
 262413
 262447
 262658
 262731
 262829
 262842
 263146
 263157
 263269
 263456
 263460
 263531
 263562
 263615
 263736
 263761
 264160
 264233
 264271
 264272
 264509
 264633
 264723
 264809
 264840
 265177
 265420
 265832
 265898
 265992
 266206
 266547
 266666
 266669
 266810
 267017
 267038
 267062
 267180
 267296
 267335
 267548
 267865
 267996
 268462
 268493
 268557
 268722
 268768
 268873
 268922
 268933
 268946
 268984
 269009
 269078
 269151
 269171
 269209
 269461
 269521
 269786
 269879
 269889
 270135
 270329
 270345
 270364
 270615
 270620
 270726
 270864
 270872
 270879
 271062
 271213
 271325
 271452
 271700
 271765
 271770
 271805
 271963
 272132
 272144
 272169
 272175
 272215
 272516
 272547
 272592
 272630
 272710
 272921
 272929
 272943
 273127
 273408
 273506
 273514
 273613
 273684
 273778
 273789
 273820
 273955
 273983
 274042
 274405
 274527
 274716
 274833
 274905
 274911
 274931
 275000
 275229
 275269
 275307
 275496
 275569
 275580
 275746
 275807
 275862
 275910
 275984
 276129
 276194
 276324
 276336
 276509
 276681
 276804
 276886
 276919
 276944
 276961
 277019
 277099
 277128
 277464
 277531
 277544
 277672
 277699
 277830
 277908
 277992
 278145
 278250
 278265
 278280
 278341
 278431
 278470
 278535
 278588
 278602
 278731
 278751
 278822
 278848
 278890
 278923
 279007
 279069
 279112
 279381
 279671
 279737
 279999
 280040
 280106
 280109
 280129
 280393
 280679
 280821
 280867
 280959
 281081
 281148
 281151
 281317
 281362
 281698
 281849
 281852
 281870
 282005
 282121
 282266
 282290
 282352
 282368
 282378
 282451
 282460
 282552
 282635
 282679
 282697
 282755
 282850
 282904
 282907
 283018
 283087
 283113
 283234
 283527
 283839
 284164
 284372
 284847
 284886
 284893
 284912
 284923
 284988
 285086
 285111
 285136
 285298
 285318
 285401
 285467
 285600
 285735
 285959
 285960
 286090
 286190
 286219
 286247
 286591
 286778
 286830
 286840
 286881
 286930
 286998
 286999
 287356
 287569
 287615
 287628
 287640
 287834
 287867
 287947
 288232
 288544
 288635
 288824
 289037
 289057
 289170
 289219
 289256
 289394
 289441
 289470
 289522
 289569
 289655
 289833
 289904
 289922
 289938
 290040
 290068
 290076
 290077
 290138
 290216
 290367
 290656
 290661
 290683
 290696
 290729
 290732
 290786
 290787
 290822
 290909
 290986
 291524
 291661
 291682
 291738
 291760
 291780
 291787
 291793
 291804
 291838
 291954
 292015
 292017
 292041
 292181
 292401
 292426
 292525
 292535
 292587
 292641
 292724
 292889
 293030
 293083
 293099
 293290
 293333
 293363
 293396
 293402
 293438
 293571
 293597
 293633
 293683
 293856
 293906
 293909
 293959
 294187
 294317
 294757
 294980
 295034
 295107
 295217
 295528
 295533
 295613
 295755
 295798
 295813
 296021
 296117
 296272
 296723
 296738
 296819
 296833
 297067
 297142
 297186
 297201
 297218
 297492
 297506
 297904
 298113
 298128
 298136
 298306
 298426
 298453
 298483
 298654
 299065
 299125
 299181
 299254
 299284
 299329
 299376
 299421
 299440
 299533
 299618
 299625
 299634
 299683
 299771
 299813
 299828
 299829
 299957
 300147
 300182
 300210
 300224
 300487
 300561
 300583
 300710
 300757
 300789
 300982
 301184
 301211
 301402
 301540
 301766
 301776
 301848
 301878
 302131
 302325
 302423
 302494
 302540
 302547
 302562
 302606
 302788
 302818
 302878
 303150
 303306
 303456
 303549
 303555
 303610
 303631
 303658
 303683
 303692
 303703
 303971
 304031
 304079
 304366
 304434
 304439
 304461
 304485
 304535
 304601
 304707
 304825
 304937
 305158
 305177
 305247
 305252
 305297
 305304
 305657
 305913
 305957
 306001
 306079
 306136
 306137
 306224
 306292
 306293
 306352
 306479
 306763
 306766
 306777
 306952
 306986
 307116
 307184
 307214
 307230
 307368
 307458
 307590
 307749
 307795
 307838
 307846
 308024
 308222
 308302
 308332
 308366
 308414
 308486
 308586
 308621
 308744
 308762
 308865
 309062
 309092
 309479
 309585
 309687
 310183
 310262
 310397
 310715
 310935
 311087
 311107
 311247
 311349
 311525
 311627
 311808
 311994
 312024
 312202
 312383
 312500
 312586
 312652
 313012
 313190
 313373
 313424
 313478
 313592
 313600
 313708
 313961
 314004
 314269
 314303
 314432
 314623
 314855
 314935
 315149
 315161
 315835
 315934
 315993
 316036
 316170
 316181
 316187
 316239
 316386
 316489
 316561
 316755
 317014
 317021
 317062
 317070
 317185
 317226
 317249
 317257
 317297
 317453
 317574
 317640
 317706
 317959
 318118
 318175
 318207
 318356
 318368
 318464
 318535
 318618
 318690
 318779
 318826
 318840
 318868
 318964
 319039
 319541
 319609
 319640
 319702
 319763
 319802
 320213
 320214
 320228
 320350
 320357
 320536
 320614
 320618
 320701
 320704
 320940
 321113
 321281
 321310
 321360
 321379
 321407
 321436
 321464
 321732
 321780
 321792
 321869
 321879
 322027
 322101
 322124
 322424
 322437
 322505
 322591
 322648
 322680
 322902
 322988
 323088
 323134
 323458
 323465
 323637
 323649
 323953
 323972
 324037
 324217
 324378
 324503
 324595
 324738
 324786
 324873
 325200
 325214
 325379
 325565
 325578
 325666
 325702
 325732
 325820
 325913
 325966
 325993
 326109
 326245
 326282
 326572
 326605
 326636
 326693
 326842
 326843
 326860
 327207
 327223
 327229
 327324
 327488
 327536
 327576
 327607
 327637
 327815
 327897
 327980
 328222
 328292
 328358
 328376
 328378
 328695
 328765
 328828
 328846
 328859
 328972
 329018
 329023
 329032
 329090
 329197
 329230
 329508
 329512
 329598
 329614
 329722
 329813
 329856
 329909
 330000
 330175
 330201
 330239
 330301
 330339
 330401
 330714
 330762
 330807
 330992
 331019
 331189
 331373
 331374
 331714
 331715
 331753
 331958
 332163
 332184
 332398
 332610
 332687
 332782
 332908
 332931
 332974
 332983
 333000
 333245
 333333
 333429
 333502
 333838
 333843
 333887
 334280
 334331
 334362
 334532
 334667
 334726
 334856
 334892
 334964
 334965
 334995
 335025
 335081
 335155
 335165
 335196
 335280
 335511
 335714
 335752
 336088
 336099
 336345
 336439
 336585
 336665
 336752
 336872
 336928
 336993
 337010
 337142
 337333
 337652
 337692
 337891
 337986
 338137
 338557
 338571
 338765
 338775
 338782
 338796
 338828
 338874
 338883
 338910
 338928
 338978
 338994
 339074
 339100
 339144
 339152
 339361
 339390
 339425
 339588
 339622
 339722
 339798
 339915
 339935
 339940
 339954
 340043
 340217
 340371
 340425
 340486
 340503
 340548
 340569
 340587
 340666
 340843
 340930
 340992
 341089
 341200
 341204
 341208
 341220
 341250
 341298
 341405
 341734
 341780
 341837
 341955
 342011
 342273
 342320
 342408
 342582
 343157
 343220
 343371
 343407
 343501
 343617
 343651
 343834
 343863
 343900
 343918
 343928
 343952
 344067
 344072
 344123
 344569
 344658
 344734
 344860
 345020
 345068
 345073
 345106
 345152
 345219
 345869
 345952
 346099
 346149
 346177
 346206
 346312
 346537
 346562
 346649
 346834
 346839
 346900
 346938
 347054
 347101
 347131
 347207
 347336
 347372
 347381
 347396
 347701
 347809
 347826
 347863
 348003
 348007
 348081
 348164
 348230
 348260
 348284
 348855
 348870
 348956
 348964
 349021
 349069
 349264
 349418
 349573
 349593
 349630
 349635
 349887
 350045
 350055
 350081
 350110
 350174
 350177
 350199
 350222
 350284
 350298
 350450
 350867
 350890
 350933
 351125
 351308
 351333
 351342
 351620
 351671
 352191
 352250
 352316
 352338
 352348
 352425
 352558
 352599
 352600
 352780
 352848
 352885
 352889
 352941
 353070
 353084
 353342
 353356
 353413
 353447
 353899
 354008
 354026
 354089
 354098
 354241
 354385
 354415
 354518
 354583
 354610
 354670
 354707
 354862
 354981
 355091
 355174
 355283
 355354
 355503
 355533
 355538
 355960
 356177
 356178
 356301
 356389
 356613
 356682
 356683
 356697
 356719
 356764
 356917
 357152
 357306
 357351
 357387
 357398
 357429
 357560
 357741
 357818
 357847
 357865
 357942
 358120
 358197
 358238
 358287
 358347
 358357
 358414
 358450
 358477
 358498
 358555
 358878
 359160
 359322
 359358
 359809
 359920
 359966
 360091
 360134
 360175
 360298
 360350
 360444
 360617
 360688
 360749
 360817
 361178
 361202
 361479
 361493
 361593
 361797
 361832
 361938
 362000
 362007
 362235
 362446
 362545
 362720
 362820
 362831
 362933
 363195
 363373
 363391
 363767
 363822
 363898
 364108
 364241
 364312
 364490
 364631
 364754
 364814
 364824
 364856
 364862
 365236
 365462
 365557
 365732
 365772
 365817
 365822
 365924
 366032
 366044
 366118
 366209
 366559
 366606
 366609
 366771
 366789
 366935
 367142
 367147
 367167
 367172
 367229
 367247
 367314
 367324
 367421
 367798
 367875
 368262
 368332
 368345
 368425
 368482
 368575
 368779
 369230
 369287
 369318
 369359
 369389
 369442
 369655
 369882
 370310
 370317
 370363
 370370
 370414
 370456
 370529
 370615
 370642
 370665
 370720
 370931
 371161
 371279
 371343
 371593
 371715
 371755
 371873
 371900
 371929
 372086
 372124
 372130
 372290
 372298
 372326
 372332
 372438
 372476
 372530
 372542
 372624
 373108
 373174
 373176
 373177
 373294
 373494
 373613
 373637
 373638
 373654
 373748
 373801
 373829
 373993
 374038
 374197
 374297
 374351
 374605
 375104
 375210
 375276
 375399
 375491
 375926
 376068
 376280
 376322
 376588
 376675
 377585
 377624
 377657
 378014
 378084
 378093
 378136
 378143
 378174
 378243
 378296
 378660
 378680
 378714
 378780
 378984
 379025
 379162
 379204
 379258
 379314
 379373
 379379
 379435
 379464
 379504
 379765
 379888
 380035
 380176
 380197
 380201
 380224
 380244
 380361
 380609
 380772
 380902
 380922
 380992
 381052
 381061
 381163
 381192
 381224
 381289
 381672
 381704
 381727
 381819
 382005
 382097
 382115
 382209
 382425
 382475
 382524
 382902
 382914
 382962
 383400
 383645
 383655
 383713
 383733
 383735
 383763
 383841
 383949
 383956
 383966
 384091
 384215
 384286
 384360
 384472
 384552
 384679
 384889
 384892
 384919
 384948
 384993
 385005
 385294
 385341
 385565
 385659
 385675
 385747
 385906
 385948
 386142
 386201
 386250
 386302
 386339
 386367
 386472
 386591
 386624
 386723
 386846
 386901
 386949
 387000
 387216
 387409
 387431
 387492
 387531
 387541
 387596
 387685
 387755
 387765
 387842
 387888
 387961
 388013
 388030
 388243
 388258
 388489
 388642
 388750
 388854
 388958
 389016
 389134
 389144
 389246
 389330
 389412
 389440
 389534
 389540
 389638
 389684
 389791
 389834
 389841
 389844
 389853
 390007
 390081
 390114
 390185
 390221
 390311
 390363
 390446
 390472
 390498
 390778
 390897
 390956
 390976
 391030
 391304
 391367
 391411
 391468
 391517
 391584
 392001
 392005
 392062
 392086
 392286
 392348
 392590
 392632
 392650
 392734
 392784
 392923
 392930
 392960
 393071
 393190
 393350
 393461
 393513
 393652
 393686
 393735
 393763
 393777
 394003
 394523
 394616
 394627
 394636
 394666
 394793
 394843
 395023
 395279
 395335
 395348
 395357
 395480
 395774
 395986
 395993
 396011
 396054
 396063
 396205
 396316
 396559
 396569
 396664
 396670
 396681
 396707
 396833
 396912
 397086
 397370
 397383
 397443
 397564
 397567
 397598
 397656
 397658
 397837
 397873
 397938
 398251
 398378
 398396
 398686
 398781
 398907
 399176
 399261
 399326
 399482
 399820
 399999
 400000
 400052
 400090
 400222
 400444
 400450
 400637
 400749
 400822
 400841
 400866
 400896
 400993
 401215
 401384
 401444
 401528
 401833
 401973
 402037
 402068
 402169
 402170
 402196
 402214
 402498
 402605
 402652
 402683
 402785
 402813
 402893
 403077
 403252
 403317
 403379
 403397
 403450
 403461
 403629
 403813
 403937
 403958
 404172
 404249
 404494
 404515
 404536
 404886
 404902
 405016
 405028
 405072
 405116
 405233
 405300
 405412
 405463
 405714
 405889
 405933
 406082
 406093
 406209
 406536
 406619
 406732
 406973
 406990
 407369
 407443
 407495
 407541
 407623
 407707
 407715
 407731
 407863
 408022
 408030
 408059
 408121
 408255
 408263
 408357
 408396
 408403
 408502
 408683
 408693
 408726
 408764
 408839
 408870
 409106
 409457
 409494
 409518
 409547
 409618
 409766
 409770
 409904
 410011
 410205
 410269
 410511
 410519
 410526
 410555
 410587
 410683
 410692
 410788
 410851
 410853
 410916
 411067
 411231
 411345
 411423
 411483
 411808
 411827
 411941
 411957
 412148
 412200
 412290
 412444
 412525
 412800
 412839
 412868
 412938
 412958
 413084
 413146
 413242
 413383
 413605
 413620
 413666
 413675
 413793
 413807
 413904
 413955
 414223
 414244
 414444
 414461
 414535
 414596
 414918
 414982
 415281
 415355
 415372
 415473
 415531
 415603
 415686
 415812
 415815
 415985
 416204
 416486
 416641
 416671
 416819
 417016
 417070
 417083
 417254
 417398
 417588
 417642
 417650
 417670
 417737
 417770
 417771
 417905
 417967
 418065
 418143
 418167
 418238
 418363
 418389
 418433
 418533
 418643
 418790
 418801
 418824
 418888
 418974
 419019
 419235
 419330
 419454
 419517
 419554
 419597
 419695
 419918
 420100
 420102
 420108
 420133
 420195
 420348
 420427
 420828
 420948
 421058
 421235
 421242
 421343
 421455
 421466
 421532
 421543
 421602
 421668
 421736
 421748
 422284
 422322
 422459
 422462
 422565
 422834
 423000
 423054
 423124
 423234
 423283
 423287
 423327
 423520
 423726
 423728
 423871
 423882
 423991
 424013
 424054
 424126
 424143
 424181
 424190
 424383
 424408
 424443
 424460
 424561
 424579
 424673
 424681
 425002
 425099
 425141
 425142
 425277
 425401
 425736
 425764
 426325
 426566
 426784
 427153
 427269
 427363
 427416
 427628
 427697
 428014
 428104
 428254
 428299
 428402
 428429
 428444
 428510
 428527
 428571
 428640
 428735
 428830
 428904
 428957
 428970
 429046
 429221
 429321
 429343
 429356
 429425
 429475
 429629
 429648
 429799
 429905
 429943
 429978
 430029
 430037
 430072
 430293
 430324
 430420
 430769
 430848
 430902
 430961
 431147
 431162
 431211
 431372
 431375
 431441
 431677
 431692
 431894
 432022
 432024
 432072
 432084
 432244
 432300
 432426
 432607
 432665
 432672
 432717
 432732
 433234
 433267
 433323
 433357
 433456
 433492
 433502
 433635
 433799
 433889
 433921
 434130
 434224
 434443
 434514
 434542
 434648
 434670
 434843
 435178
 435180
 435197
 435232
 435245
 435294
 435353
 435401
 435440
 435481
 435570
 435571
 435818
 435873
 435919
 436052
 436073
 436144
 436241
 436255
 436341
 436436
 436464
 436586
 436617
 436963
 437019
 437086
 437095
 437304
 437306
 437314
 437523
 437573
 437717
 437861
 437908
 438050
 438137
 438217
 438272
 438297
 438325
 438537
 438713
 438912
 439037
 439126
 439271
 439356
 439361
 439417
 439471
 439556
 439560
 439569
 439598
 439635
 439705
 439753
 439899
 439910
 439958
 439962
 440000
 440027
 440070
 440123
 440334
 440400
 440610
 440716
 440735
 440784
 441022
 441023
 441080
 441157
 441251
 441293
 441322
 441810
 441860
 441879
 441988
 442040
 442094
 442116
 442122
 442183
 442260
 442399
 442453
 442555
 442579
 442585
 442655
 442703
 442717
 442940
 442978
 443127
 443364
 443438
 443466
 443555
 443587
 443599
 443682
 443707
 443715
 443923
 443991
 444044
 444152
 444158
 444243
 444306
 444571
 444672
 444791
 444834
 445030
 445243
 445317
 445716
 445757
 445925
 445947
 445973
 446122
 446156
 446166
 446327
 446342
 446454
 446808
 446971
 447108
 447184
 447272
 447376
 447450
 447540
 447941
 447947
 448036
 448106
 448401
 448450
 448646
 448693
 448759
 448802
 448843
 449165
 449228
 449252
 449430
 449453
 449493
 449505
 449546
 449607
 449626
 449874
 449903
 450307
 450324
 450335
 450409
 450427
 450547
 450675
 450704
 450719
 450744
 450785
 450810
 450847
 450881
 451076
 451302
 451429
 451476
 451523
 451819
 451820
 451981
 452318
 452451
 452834
 452901
 452976
 452978
 453336
 453407
 453427
 453456
 453493
 453569
 453766
 453820
 453884
 454138
 454155
 454193
 454203
 454299
 454383
 454413
 454441
 454493
 454530
 454545
 454596
 454786
 454850
 454923
 454937
 455207
 455609
 455632
 455737
 455791
 455859
 455938
 455949
 456140
 456249
 456305
 456692
 456708
 456831
 456912
 457046
 457489
 457627
 457708
 457759
 457765
 457820
 457917
 458181
 458213
 458302
 458397
 458404
 458653
 458912
 458949
 459028
 459097
 459197
 459303
 459419
 459459
 459522
 459566
 459829
 459930
 459969
 460043
 460052
 460079
 460190
 460316
 460354
 460448
 460654
 460810
 460835
 460921
 461162
 461214
 461411
 461538
 461697
 461714
 461928
 461975
 462017
 462195
 462286
 462354
 462507
 462640
 462809
 462862
 462887
 462918
 462924
 462966
 463097
 463109
 463243
 463362
 463516
 463865
 463911
 463921
 463970
 464165
 464323
 464324
 464524
 464558
 464889
 465065
 465688
 465752
 466093
 466107
 466268
 466529
 466557
 466590
 466666
 466727
 466741
 466864
 466878
 467028
 467062
 467083
 467120
 467321
 467429
 467831
 468083
 468177
 468245
 468248
 468288
 468374
 468411
 468446
 468468
 468477
 468592
 468867
 469126
 469160
 469346
 469373
 469417
 469571
 469625
 469632
 469775
 469798
 469965
 470174
 470201
 470279
 470284
 470433
 470695
 470778
 471111
 471170
 471307
 471414
 471486
 471566
 471577
 471633
 471811
 471835
 471867
 471947
 471953
 472168
 472173
 472318
 472434
 472527
 472544
 472604
 472697
 472758
 472934
 473274
 473436
 473483
 473532
 473537
 473568
 473584
 473873
 473982
 474058
 474351
 474548
 474786
 474864
 474875
 474883
 474977
 475037
 475284
 475485
 475494
 475522
 475642
 475671
 475863
 475942
 475980
 476063
 476096
 476207
 476313
 476417
 476503
 476547
 476570
 476671
 476925
 477054
 477103
 477227
 477285
 477649
 477905
 478057
 478102
 478183
 478189
 478230
 478260
 478300
 478305
 478351
 478464
 478651
 478772
 478804
 479116
 479476
 479484
 479609
 479802
 479899
 479904
 479928
 480275
 480392
 480522
 480602
 480624
 480816
 480876
 480885
 481122
 481460
 481481
 481668
 481682
 481723
 481850
 481894
 481943
 481988
 482002
 482076
 482182
 482244
 482317
 482425
 482476
 482517
 482555
 482734
 482758
 482888
 482946
 483025
 483328
 483377
 483574
 483577
 483594
 483608
 483648
 483706
 483772
 483775
 483905
 483906
 483957
 484020
 484169
 484188
 484504
 484610
 484621
 484638
 484703
 484848
 485001
 485124
 485194
 485242
 485263
 485477
 485493
 485494
 485673
 485746
 485873
 485906
 486166
 486187
 486349
 486415
 486477
 486495
 486696
 486840
 486893
 486916
 487161
 487183
 487191
 487309
 487348
 487351
 487440
 487551
 487554
 487590
 487658
 487730
 487738
 487925
 487949
 488089
 488226
 488359
 488518
 488652
 488795
 488799
 488873
 488876
 488928
 489028
 489216
 489344
 489542
 489633
 489638
 489707
 489723
 489862
 489927
 490173
 490483
 490489
 490539
 490553
 490684
 490909
 491106
 491287
 491343
 491408
 491412
 491686
 491687
 491691
 491744
 491803
 491928
 491931
 491952
 492063
 492206
 492288
 492403
 492542
 492784
 492817
 493087
 493338
 493605
 493606
 493882
 493887
 493900
 493992
 494006
 494270
 494281
 494324
 494392
 494645
 494749
 494838
 494845
 494887
 494901
 494979
 495050
 495153
 495182
 495264
 495284
 495473
 495479
 495671
 495722
 496043
 496122
 496124
 496144
 496246
 496318
 496365
 496410
 496527
 496564
 496692
 497000
 497047
 497158
 497215
 497303
 497323
 497509
 497539
 497614
 497665
 497705
 497868
 497981
 498041
 498085
 498242
 498312
 498445
 498459
 498477
 498522
 498542
 498579
 498619
 498629
 498684
 498698
 499034
 499158
 499239
 499494
 499568
 499771
 499815
 500000
 500020
 500295
 500307
 500348
 500407
 500508
 500600
 500680
 500789
 500856
 501047
 501364
 501549
 501686
 501702
 501784
 501914
 502165
 502194
 502272
 502419
 502503
 502581
 502608
 502702
 503002
 503225
 503335
 503448
 503723
 503792
 503956
 504194
 504219
 504250
 504256
 504347
 504532
 504587
 504608
 504621
 504896
 504930
 505053
 505449
 505489
 505579
 505698
 505715
 505748
 505753
 505856
 505859
 505967
 506245
 506260
 506292
 506357
 506432
 506437
 506673
 506839
 506983
 507042
 507087
 507176
 507186
 507231
 507282
 507299
 507387
 507469
 507478
 507482
 507597
 507622
 507641
 508070
 508108
 508110
 508143
 508270
 508271
 508462
 508598
 508722
 508787
 508832
 508875
 508903
 508916
 508952
 508973
 508988
 509055
 509088
 509202
 509314
 509397
 509398
 509479
 509485
 509549
 509849
 509935
 509960
 510008
 510024
 510074
 510078
 510250
 510501
 510514
 510704
 510815
 510843
 510849
 510885
 510940
 511087
 511109
 511137
 511221
 511593
 511627
 511958
 511986
 512021
 512181
 512243
 512259
 512283
 512336
 512367
 512371
 512583
 512745
 512753
 512953
 512961
 513005
 513064
 513106
 513525
 513566
 513661
 513796
 513888
 513944
 514045
 514058
 514100
 514137
 514258
 514285
 514311
 514337
 514386
 514403
 514534
 514610
 514622
 514692
 514854
 514864
 514866
 514934
 515068
 515119
 515145
 515259
 515309
 515422
 515601
 515618
 515680
 515789
 515794
 515823
 515873
 515909
 515987
 516014
 516240
 516306
 516453
 516469
 516523
 516579
 516620
 516646
 516680
 516907
 517199
 517276
 517424
 517455
 517606
 517714
 517761
 517850
 517911
 518013
 518142
 518170
 518218
 518377
 518438
 518518
 518714
 518798
 518809
 518818
 518831
 519100
 519156
 519329
 519370
 519375
 519489
 519573
 519594
 519725
 519737
 519880
 519983
 520023
 520376
 520514
 520551
 520554
 520560
 520575
 520654
 520813
 520854
 521032
 521245
 521358
 521369
 521370
 521466
 521578
 521739
 522051
 522120
 522128
 522234
 522252
 522259
 522266
 522444
 522727
 522752
 522877
 523015
 523193
 523315
 523368
 523448
 523473
 523716
 523747
 524115
 524163
 524391
 524498
 524642
 524718
 524923
 525059
 525175
 525321
 525352
 525419
 525428
 525452
 525481
 525497
 525632
 525635
 525696
 525706
 525773
 525860
 526001
 526130
 526236
 526517
 526594
 526827
 526933
 527073
 527316
 527356
 527394
 527401
 527426
 527490
 527536
 527564
 527854
 527940
 528447
 528568
 528577
 528600
 528624
 528821
 528890
 528925
 529202
 529282
 529411
 529613
 529680
 529773
 529991
 530076
 530137
 530141
 530282
 530475
 530508
 530534
 530592
 530890
 530997
 531149
 531284
 531293
 531362
 531606
 531615
 531909
 532176
 532296
 532533
 532680
 532692
 532723
 532888
 532934
 533000
 533153
 533327
 533333
 533376
 533493
 533634
 533673
 533684
 533830
 533957
 534106
 534228
 534374
 534537
 534811
 534938
 534958
 535401
 535583
 535601
 535610
 535642
 535782
 535816
 535870
 536014
 536033
 536034
 536039
 536062
 536069
 536240
 536319
 536410
 536578
 536610
 536997
 537025
 537139
 537169
 537455
 537542
 537764
 537863
 538036
 538072
 538163
 538313
 538330
 538417
 538491
 538533
 538542
 538614
 539001
 539007
 539170
 539282
 539453
 539470
 539501
 539539
 539856
 539872
 540004
 540021
 540423
 540482
 540513
 540697
 540875
 540931
 541062
 541113
 541151
 541278
 541284
 541363
 541573
 541616
 541778
 542061
 542108
 542116
 542285
 542644
 542768
 542857
 542981
 543117
 543272
 543482
 543633
 543734
 543798
 543827
 544204
 544587
 544939
 544993
 545006
 545092
 545130
 545164
 545279
 545410
 545417
 545440
 545454
 545594
 545686
 545807
 545896
 546123
 546351
 546391
 546396
 546492
 546501
 546800
 546837
 546973
 547068
 547129
 547317
 547346
 547468
 547486
 547534
 547547
 547572
 547861
 547884
 547896
 547902
 547913
 548343
 548387
 548416
 548641
 548643
 548799
 548803
 548940
 549139
 549170
 549355
 549415
 549423
 549432
 549450
 549534
 549773
 550023
 550117
 550151
 550234
 550306
 550318
 550344
 550387
 550433
 550495
 550767
 550807
 550894
 550964
 551028
 551037
 551054
 551145
 551223
 551292
 551398
 551589
 551604
 551935
 551971
 552280
 552285
 552542
 552597
 552647
 552671
 552729
 552890
 552924
 553203
 553488
 553538
 553572
 554039
 554098
 554111
 554211
 554220
 554351
 554360
 554385
 554411
 554478
 554581
 554630
 554639
 554731
 555014
 555108
 555127
 555189
 555266
 555324
 555555
 555589
 555692
 555813
 555844
 556109
 556273
 556306
 556541
 556551
 556552
 556722
 556970
 557020
 557133
 557195
 557251
 557379
 557382
 557450
 557522
 557540
 557551
 557597
 557650
 557733
 557798
 557823
 557860
 558069
 558120
 558249
 558370
 558385
 558388
 558428
 558499
 558769
 559318
 559322
 559370
 559408
 559483
 559513
 559705
 559825
 560000
 560029
 560135
 560158
 560298
 560473
 560600
 560697
 561106
 561160
 561200
 561204
 561494
 561584
 561664
 561861
 562043
 562073
 562168
 562638
 562721
 562740
 562804
 562818
 562839
 562907
 562958
 563082
 563141
 563206
 563289
 563421
 563453
 563562
 563581
 563603
 563619
 563654
 563933
 563944
 563977
 564247
 564328
 564467
 564651
 564662
 564698
 564727
 564746
 564789
 564995
 565103
 565226
 565508
 565591
 565705
 566083
 566292
 566326
 566413
 566462
 566519
 566539
 566676
 566719
 566733
 567158
 567410
 567532
 567567
 567984
 568095
 568174
 568247
 568475
 568650
 568967
 569105
 569128
 569134
 569309
 569492
 569508
 569511
 569685
 570015
 570016
 570065
 570071
 570150
 570490
 570526
 570714
 570723
 570782
 570837
 570874
 570907
 571069
 571182
 571259
 571321
 571428
 571463
 571549
 571630
 571687
 571713
 571789
 571850
 571937
 572080
 572295
 572375
 572453
 572496
 572840
 572951
 572987
 573006
 573106
 573333
 573389
 573553
 573670
 573678
 573748
 573790
 573878
 573922
 573926
 573935
 574162
 574235
 574361
 574518
 574711
 574750
 574796
 574904
 575281
 575300
 575313
 575435
 575459
 575721
 575738
 575895
 576012
 576028
 576295
 576449
 576508
 576536
 576575
 576654
 576783
 577107
 577159
 577206
 577235
 577289
 577307
 577420
 577503
 577612
 577812
 577835
 577846
 578083
 578152
 578269
 578817
 578954
 579050
 579205
 579468
 579484
 579520
 579627
 579728
 579960
 579978
 580150
 580204
 580246
 580335
 580367
 580374
 580391
 580538
 580542
 580622
 580671
 580700
 580909
 581002
 581054
 581151
 581164
 581175
 581289
 581323
 581408
 581658
 581728
 581924
 581950
 582252
 582305
 582338
 582356
 582542
 582758
 582810
 582919
 583030
 583102
 583235
 583269
 583347
 583366
 583574
 583599
 583785
 583794
 583812
 583831
 584085
 584153
 584278
 584287
 584418
 584619
 584787
 585086
 585168
 585281
 585289
 585302
 585398
 585535
 585582
 585634
 585652
 585665
 585681
 585751
 586089
 586294
 586389
 586391
 586519
 586640
 586650
 586798
 586846
 587029
 587031
 587079
 587127
 587211
 587328
 587340
 587414
 587443
 587493
 587799
 587829
 587929
 588022
 588050
 588058
 588181
 588235
 588296
 588505
 588957
 589264
 589286
 589341
 589380
 589640
 589708
 589788
 589925
 589986
 589999
 590102
 590167
 590278
 590341
 590355
 590496
 590539
 590691
 590692
 590805
 590855
 590862
 590893
 590905
 591009
 591199
 591718
 591762
 591889
 591922
 591941
 592023
 592026
 592032
 592228
 592256
 592381
 592452
 592599
 592783
 592896
 592989
 593083
 593182
 593224
 593229
 593513
 593672
 593692
 594016
 594160
 594219
 594422
 594446
 594491
 594627
 594643
 594835
 594974
 594989
 595072
 595196
 595477
 595744
 595746
 595930
 595958
 596066
 596112
 596158
 596183
 596193
 596233
 596247
 596384
 596578
 596619
 596733
 596835
 596867
 596926
 596983
 597068
 597136
 597272
 597515
 597580
 597609
 597738
 597784
 597802
 597924
 597943
 597948
 598126
 598177
 598356
 598376
 598455
 598461
 598513
 598690
 598767
 598857
 598958
 598981
 598985
 599277
 599384
 599500
 599506
 599716
 599719
 600000
 600141
 600195
 600198
 600211
 600297
 600365
 600705
 600717
 600723
 600966
 600997
 601225
 601247
 601449
 601503
 601545
 601550
 601664
 601821
 601827
 602059
 602086
 602181
 602251
 602253
 602281
 602302
 602473
 602568
 602795
 602804
 602807
 602990
 603001
 603281
 603291
 603442
 603496
 603581
 603626
 603629
 603678
 603699
 603720
 603759
 603826
 603831
 603866
 603919
 603960
 604054
 604089
 604128
 604311
 604583
 604651
 605153
 605346
 605374
 605515
 605602
 605612
 605836
 605859
 605897
 605903
 606222
 606282
 606361
 606393
 606407
 606482
 606515
 606562
 606619
 606956
 607222
 607463
 607487
 607584
 607600
 608029
 608118
 608157
 608198
 608293
 608482
 608537
 608589
 608636
 608648
 608695
 608750
 608754
 608771
 608815
 608934
 608939
 608974
 609181
 609187
 609243
 609275
 609357
 609374
 609916
 610185
 610216
 610270
 610531
 610589
 610600
 610608
 610866
 611013
 611019
 611037
 611072
 611126
 611337
 611421
 611430
 611767
 611798
 611981
 612202
 612254
 612357
 612753
 613134
 613279
 613650
 613740
 613765
 613893
 613945
 614023
 614124
 614223
 614279
 614372
 614626
 614699
 614726
 614739
 614905
 614941
 615286
 615325
 615360
 615384
 615599
 615633
 615763
 615777
 615831
 616164
 616199
 616260
 616266
 616305
 616368
 616452
 616634
 616716
 616851
 616919
 617064
 617203
 617248
 617283
 617306
 617325
 617352
 617432
 617589
 617647
 617730
 617835
 617856
 618028
 618044
 618057
 618233
 618239
 618301
 618374
 618419
 618544
 618684
 618705
 618807
 619005
 619010
 619189
 619275
 619834
 619925
 620006
 620240
 620253
 620300
 620311
 620372
 620384
 620463
 620689
 620783
 620817
 620875
 620953
 621180
 621193
 621221
 621274
 621290
 621476
 621498
 621542
 621639
 621710
 621880
 621978
 621997
 622113
 622143
 622190
 622641
 622756
 622955
 623051
 623104
 623133
 623302
 623424
 623484
 623502
 623542
 623587
 623777
 623890
 623932
 624003
 624005
 624026
 624200
 624213
 624351
 624367
 624379
 624393
 624496
 624503
 624693
 624702
 625000
 625022
 625242
 625245
 625265
 625353
 625569
 625582
 625778
 625884
 625893
 625986
 626072
 626110
 626203
 626272
 626405
 626515
 626590
 626666
 626821
 627175
 627302
 627345
 627507
 627533
 627775
 627820
 627871
 627898
 628280
 628315
 628318
 628326
 628439
 628505
 628550
 628563
 628607
 628992
 629096
 629118
 629418
 629437
 629595
 629660
 629675
 629740
 629836
 629914
 630004
 630136
 630173
 630248
 630319
 630371
 630494
 630554
 630631
 630720
 630741
 630859
 630975
 631000
 631117
 631119
 631259
 631268
 631284
 631364
 631376
 631578
 631611
 631742
 631970
 632013
 632159
 632246
 632266
 632307
 632525
 632730
 632815
 632819
 632823
 632880
 632934
 633063
 633079
 633146
 633214
 633312
 633322
 633521
 633541
 633730
 633952
 633988
 634059
 634161
 634234
 634247
 634267
 634609
 634746
 634764
 635036
 635044
 635077
 635115
 635187
 635195
 635342
 635364
 635604
 635696
 635725
 635896
 635924
 635979
 636139
 636595
 636808
 636828
 636890
 636903
 636909
 636985
 636999
 637047
 637178
 637251
 637362
 637394
 637846
 637850
 637857
 638236
 638424
 638441
 638501
 638548
 638922
 638995
 639081
 639147
 639180
 639251
 639393
 639550
 639627
 639650
 639903
 640013
 640065
 640217
 640374
 640461
 640506
 640625
 640643
 640699
 640776
 640846
 640915
 640933
 641025
 641033
 641112
 641348
 641354
 641373
 641381
 641509
 641651
 641836
 641961
 642364
 642451
 642473
 642487
 642557
 642559
 642638
 642714
 642833
 643084
 643209
 643312
 643374
 643469
 643508
 643556
 643678
 643690
 643818
 644116
 644143
 644176
 644326
 644337
 644457
 644507
 644678
 644861
 644961
 645211
 645330
 645450
 645611
 645705
 645797
 646018
 646420
 646540
 646563
 646605
 646624
 646644
 646646
 646656
 646850
 646884
 646921
 646922
 646926
 646943
 647058
 647236
 647459
 647464
 647574
 647930
 648038
 648074
 648080
 648286
 648588
 649479
 649506
 649521
 649576
 649668
 649673
 649805
 650160
 650226
 650262
 650439
 650717
 650751
 650770
 650793
 650974
 651110
 651252
 651278
 651506
 651629
 651673
 651844
 651919
 651932
 651937
 651965
 652041
 652068
 652173
 652236
 652241
 652282
 652396
 652630
 652631
 652650
 652676
 652822
 652870
 652937
 652996
 653217
 653382
 653636
 653679
 653693
 653802
 653912
 653925
 654009
 654114
 654155
 654175
 654210
 654333
 654387
 654534
 654542
 654625
 654853
 654925
 655013
 655172
 655283
 655597
 655652
 655719
 655784
 655918
 656179
 656227
 656335
 656390
 656479
 656542
 656574
 656577
 656592
 656611
 656654
 656713
 656735
 656844
 656960
 657148
 657199
 657314
 657718
 657759
 657892
 658142
 658239
 658248
 658336
 658494
 658657
 658660
 658809
 658996
 659062
 659274
 659340
 659444
 659469
 659737
 659742
 659776
 659803
 660113
 660122
 660414
 660533
 660591
 660735
 660806
 660855
 660886
 661000
 661016
 661030
 661116
 661453
 661631
 661691
 661795
 662213
 662251
 662371
 662386
 662407
 662433
 662498
 662571
 662746
 662989
 663024
 663025
 663050
 663365
 663523
 663629
 663914
 663994
 664008
 664050
 664161
 664256
 664423
 664556
 664739
 664770
 664896
 665023
 665146
 665188
 665200
 665249
 665251
 665268
 665670
 665755
 666009
 666019
 666143
 666258
 666260
 666295
 666384
 666413
 666529
 666666
 666689
 666760
 666848
 667161
 667222
 667296
 667381
 667401
 667453
 667506
 667651
 667792
 667960
 668013
 668027
 668152
 668221
 668257
 668311
 668367
 668490
 668646
 668652
 668669
 668772
 668871
 669069
 669074
 669099
 669260
 669269
 669307
 669556
 669649
 669720
 669797
 669837
 669844
 670065
 670157
 670227
 670262
 670422
 670465
 670479
 670514
 670954
 671015
 671025
 671044
 671145
 671185
 671193
 671312
 671383
 671494
 671519
 671540
 671798
 671894
 671991
 672099
 672212
 672601
 672611
 673103
 673135
 673342
 673614
 673898
 673936
 673937
 673961
 674049
 674068
 674074
 674108
 674411
 674412
 674413
 674430
 674484
 674667
 674716
 674797
 675017
 675240
 675375
 675411
 675697
 675814
 675891
 675935
 675965
 675989
 676183
 676311
 676429
 676474
 676572
 676602
 676609
 676747
 676759
 676766
 676814
 676825
 676826
 676927
 677121
 677246
 677384
 677419
 677433
 677611
 677640
 677744
 677758
 677913
 678111
 678131
 678171
 678227
 678239
 678357
 678598
 678657
 678913
 678933
 679214
 679236
 679288
 679300
 679735
 679751
 679762
 679788
 679925
 680266
 680334
 680457
 680520
 680631
 680643
 680682
 680926
 680942
 680966
 681208
 681264
 681444
 681568
 681621
 681657
 681794
 681800
 681836
 681859
 681973
 682174
 682181
 682200
 682352
 682564
 682860
 683029
 683034
 683048
 683163
 683374
 683495
 683506
 683524
 683704
 683779
 683877
 683916
 684009
 684055
 684073
 684126
 684138
 684202
 684302
 684344
 684353
 684427
 684474
 684506
 684661
 684761
 684764
 684787
 684919
 685000
 685174
 685197
 685388
 685390
 685511
 685736
 685810
 686073
 686079
 686191
 686225
 686293
 686567
 686642
 686988
 687050
 687128
 687170
 687236
 687297
 687320
 687379
 687403
 687649
 687714
 687923
 688239
 688287
 688713
 688725
 688927
 688937
 688941
 689078
 689293
 689559
 689606
 689635
 689737
 689779
 689933
 690167
 690187
 690235
 690529
 690544
 690985
 691085
 691175
 691517
 691566
 691584
 691645
 691783
 691804
 691965
 692009
 692117
 692225
 692239
 692280
 692543
 692974
 693003
 693097
 693112
 693184
 693652
 693723
 693815
 693839
 693960
 694082
 694398
 694463
 694488
 694518
 694610
 694641
 694907
 695018
 695143
 695337
 695368
 695373
 695443
 695501
 695503
 695509
 695680
 695703
 695801
 695904
 696423
 696567
 696575
 696682
 696959
 696990
 696994
 697044
 697109
 697156
 697232
 697235
 697259
 697529
 697547
 697742
 697916
 697925
 698262
 698369
 698617
 698938
 699041
 699547
 699548
 699560
 699737
 699853
 699926
 700011
 700033
 700040
 700058
 700080
 700536
 700655
 701015
 701047
 701186
 701224
 701238
 701358
 701444
 701453
 701652
 701691
 701732
 702208
 702410
 702932
 702970
 703417
 703594
 703713
 703886
 703925
 703968
 704152
 704167
 704448
 704471
 704541
 704553
 704593
 704834
 704865
 704960
 705243
 705501
 705511
 705676
 705851
 705891
 706010
 706101
 706164
 706328
 706387
 706438
 706491
 706515
 706535
 706566
 706602
 706660
 706710
 707216
 707321
 707438
 707509
 707613
 707689
 707767
 707824
 708215
 708226
 708451
 708523
 708532
 708628
 708636
 708638
 708648
 708680
 708805
 708977
 708987
 708996
 709014
 709018
 709090
 709094
 709162
 709498
 709625
 709771
 709803
 709880
 709902
 709971
 709999
 710018
 710105
 710126
 710340
 710344
 710373
 710595
 710600
 710616
 710631
 710829
 710890
 710895
 710900
 710970
 711040
 711107
 711212
 711444
 711497
 711532
 711674
 711919
 711999
 712083
 712223
 712301
 712425
 712634
 712849
 712919
 713017
 713091
 713159
 713377
 713397
 713472
 713692
 713872
 713915
 713938
 713941
 713992
 714193
 714248
 714285
 714349
 714502
 714597
 714711
 714751
 714826
 715025
 715175
 715178
 715359
 715413
 715624
 715820
 715875
 715915
 715951
 716180
 716205
 716670
 716687
 716688
 716697
 716772
 716998
 717348
 717444
 717514
 717539
 717647
 717683
 717892
 717950
 718193
 718348
 718406
 718448
 718503
 718518
 718689
 718820
 718826
 718834
 718854
 718956
 718972
 719202
 719299
 719442
 719665
 719693
 719811
 719865
 719936
 720068
 720169
 720194
 720246
 720297
 720317
 720452
 720562
 720572
 720656
 720785
 720958
 721142
 721197
 721339
 721351
 721353
 721460
 721507
 721855
 722012
 722070
 722100
 722166
 722269
 722306
 722814
 722910
 723037
 723538
 723574
 723616
 723738
 723901
 724014
 724054
 724181
 724300
 724351
 724389
 724495
 724511
 724650
 724687
 724810
 724833
 725060
 725092
 725349
 725374
 725639
 725752
 725925
 725933
 725989
 726017
 726059
 726190
 726283
 726362
 726392
 726574
 726606
 726613
 726679
 726756
 726768
 726831
 727002
 727010
 727110
 727183
 727197
 727636
 727748
 727757
 728064
 728491
 728666
 728873
 729112
 729183
 729355
 729363
 729580
 729621
 729738
 729904
 730220
 730304
 730388
 730500
 730650
 730754
 730834
 731028
 731130
 731380
 731402
 731440
 731485
 731707
 731751
 731809
 731935
 732006
 732238
 732254
 732530
 732568
 733096
 733138
 733190
 733201
 733367
 733420
 733507
 733773
 734035
 734040
 734119
 734216
 734251
 734278
 734303
 734717
 734813
 734820
 734930
 735211
 735226
 735293
 735301
 735303
 735373
 735535
 735571
 735629
 735661
 735722
 735732
 735777
 735844
 735920
 736036
 736044
 736150
 736218
 736263
 736312
 736405
 736407
 736530
 736625
 736633
 736694
 736718
 736750
 736788
 736796
 736836
 736842
 736854
 736904
 737062
 737369
 737373
 737456
 737563
 737690
 737870
 737889
 737987
 738010
 738022
 738038
 738201
 738332
 738412
 738629
 738635
 738741
 738999
 739023
 739046
 739525
 739533
 739603
 739776
 740281
 740381
 740464
 740530
 740532
 740726
 740740
 740885
 740888
 740977
 741007
 741053
 741148
 741158
 741286
 741319
 741336
 741439
 741458
 741496
 741596
 741693
 741721
 741758
 741799
 741935
 741939
 742014
 742047
 742155
 742239
 742420
 742473
 742564
 742678
 742705
 742788
 742949
 743250
 743258
 743269
 743284
 743362
 743375
 743475
 743509
 743532
 743711
 743718
 743851
 743879
 744062
 744249
 744491
 744499
 744530
 744659
 745170
 745301
 745358
 745365
 745430
 745528
 746010
 746049
 746231
 746236
 746350
 746354
 746506
 746545
 746764
 746774
 747074
 747179
 747235
 747270
 747291
 747497
 747579
 747692
 747781
 747847
 747894
 747976
 747988
 748146
 748181
 748281
 748284
 748596
 748603
 748996
 749328
 749335
 749403
 749410
 749648
 749681
 749687
 749762
 749890
 750000
 750045
 750121
 750325
 750369
 750375
 750393
 750498
 750689
 750809
 750830
 750875
 750922
 751029
 751078
 751135
 751168
 751213
 751247
 751263
 751397
 751602
 751918
 751982
 751997
 752202
 752242
 752438
 752477
 752611
 752613
 752636
 752772
 753054
 753296
 753380
 753468
 754152
 754243
 754359
 754429
 754608
 754662
 754775
 754878
 754949
 755115
 755168
 755295
 755358
 755438
 755740
 755758
 755905
 755911
 755926
 755928
 755995
 756160
 756255
 756311
 756458
 756470
 756613
 756638
 756765
 756809
 756875
 756904
 756948
 757087
 757355
 757443
 757709
 757801
 757835
 758010
 758119
 758136
 758146
 758304
 758314
 758550
 758652
 758694
 758762
 758823
 758938
 758979
 759017
 759083
 759098
 759099
 759427
 759623
 759756
 759766
 759804
 759897
 759923
 760132
 760175
 760179
 760273
 760330
 760704
 760824
 760869
 760884
 760965
 760988
 761004
 761064
 761145
 761253
 761480
 761483
 761493
 761713
 761904
 761949
 761967
 762041
 762070
 762166
 762185
 762244
 762260
 762284
 762318
 762442
 762666
 762897
 763313
 763466
 763468
 763523
 763623
 763628
 763791
 763918
 763954
 764057
 764253
 764307
 764431
 764606
 764611
 764633
 764725
 764756
 765321
 765482
 765577
 765578
 765597
 765728
 765853
 765917
 765957
 766036
 766066
 766093
 766213
 766216
 766438
 766572
 766618
 766717
 766829
 766877
 767355
 767538
 767557
 767640
 767717
 767732
 767808
 767875
 767968
 767982
 767986
 767996
 767998
 768152
 768211
 768214
 768229
 768368
 768438
 768492
 768621
 768782
 768786
 768971
 769101
 769207
 769230
 769363
 769531
 769663
 769696
 769700
 769888
 769929
 769961
 770334
 770388
 770562
 770591
 770596
 770622
 770634
 770664
 770826
 770848
 770849
 770899
 771055
 771117
 771241
 771321
 771349
 771604
 771685
 771725
 771834
 772046
 772093
 772455
 772492
 772496
 772687
 773086
 773094
 773099
 773361
 773400
 773858
 773878
 774247
 774304
 774629
 774658
 774675
 775296
 775308
 775608
 775681
 775817
 775977
 776001
 776234
 776277
 776311
 776347
 776493
 776549
 776820
 776904
 777070
 777231
 777305
 777358
 777509
 777524
 777530
 777557
 778216
 778218
 778314
 778379
 778505
 778542
 778555
 778650
 778762
 778866
 778870
 778931
 779139
 779254
 779346
 779611
 779765
 779956
 779969
 779985
 780108
 780178
 780480
 780525
 780604
 780633
 780732
 780838
 781104
 781135
 781140
 781386
 781481
 781904
 782042
 782073
 782080
 782122
 782178
 782241
 782321
 782392
 782432
 782640
 782649
 782657
 782747
 782804
 782847
 783038
 783172
 783301
 783459
 783545
 783564
 783607
 783659
 783732
 783869
 783940
 784031
 784337
 784346
 784588
 784603
 784623
 784708
 784833
 784925
 785106
 785266
 785268
 785340
 785406
 785515
 785656
 785775
 786181
 786470
 786493
 786508
 786645
 786957
 787054
 787173
 787199
 787271
 787281
 787346
 787378
 787499
 787535
 787699
 787775
 787844
 787893
 787959
 788007
 788055
 788066
 788146
 788244
 788301
 788487
 788589
 788647
 788657
 788724
 788843
 788850
 789060
 789105
 789193
 789308
 789338
 789437
 789473
 789644
 789757
 789802
 789829
 789899
 789983
 790024
 790076
 790136
 790152
 790312
 790498
 790661
 790760
 790922
 790983
 791063
 791072
 791142
 791151
 791175
 791270
 791310
 791371
 791552
 791771
 791779
 791797
 791836
 791891
 791940
 791958
 791966
 792014
 792040
 792100
 792252
 792270
 792440
 792469
 792696
 792736
 792778
 792861
 792879
 792885
 792955
 793063
 793176
 793225
 793452
 793585
 793593
 793610
 793650
 793962
 793987
 794069
 794388
 794434
 794448
 794476
 794482
 794486
 794633
 794656
 794669
 794731
 795021
 795038
 795041
 795081
 795291
 795713
 795764
 795847
 795957
 795987
 795997
 796150
 796278
 796313
 796411
 796534
 796610
 796622
 796805
 796814
 796870
 796939
 797051
 797223
 797390
 797398
 797452
 797546
 797769
 797956
 797978
 798010
 798012
 798093
 798376
 798449
 798459
 798472
 798583
 798630
 798744
 798751
 799054
 799134
 799198
 799225
 799252
 799404
 799458
 799466
 799661
 799803
 799999
 800000
 800112
 800189
 800322
 800443
 800447
 800493
 800530
 800603
 800751
 800795
 800879
 800896
 800959
 800990
 801018
 801043
 801143
 801315
 801351
 801447
 801546
 801705
 801896
 802073
 802234
 802240
 802556
 802757
 802783
 802849
 803020
 803050
 803289
 803439
 803586
 803685
 803760
 803882
 803993
 804008
 804100
 804131
 804153
 804157
 804320
 804407
 804500
 804607
 804774
 804894
 805194
 805260
 805448
 805652
 805703
 805785
 805839
 806065
 806073
 806083
 806246
 806284
 806395
 806535
 806688
 806759
 806898
 806941
 807063
 807154
 807301
 807339
 807359
 807392
 807636
 807767
 807819
 807837
 807947
 808060
 808097
 808510
 808535
 808600
 808616
 808767
 808921
 809025
 809030
 809117
 809150
 809197
 809577
 809610
 809611
 809683
 809712
 809855
 809950
 809981
 810004
 810068
 810082
 810107
 810234
 810357
 810500
 810702
 810729
 810741
 810888
 810909
 810954
 811134
 811187
 811282
 811354
 811399
 811717
 811853
 812094
 812253
 812376
 812460
 812500
 812576
 812712
 813206
 813228
 813671
 813812
 814069
 814312
 814340
 814516
 814579
 814879
 814882
 814934
 814969
 815008
 815041
 815095
 815151
 815317
 815612
 815665
 815677
 815869
 815994
 816040
 816221
 816228
 816305
 816326
 816333
 816387
 816501
 816509
 816580
 816794
 816978
 817029
 817170
 817188
 817200
 817435
 817460
 817515
 817671
 817891
 817935
 818033
 818158
 818289
 818716
 818730
 818731
 818792
 818844
 819049
 819093
 819136
 819366
 819490
 819502
 819609
 819616
 819819
 820083
 820301
 820445
 820477
 820478
 820559
 820608
 820687
 820857
 820969
 821002
 821008
 821059
 821094
 821100
 821331
 821414
 821446
 821529
 821576
 821675
 821825
 821828
 821915
 821969
 822104
 822194
 822279
 822468
 822496
 822661
 822669
 822733
 822785
 822793
 822804
 822832
 823071
 823089
 823317
 823406
 823484
 823529
 823559
 823577
 823727
 823939
 823979
 823990
 824025
 824175
 824353
 824430
 824494
 824529
 824560
 824566
 824669
 824712
 824814
 824840
 824858
 824927
 824933
 824953
 825057
 825093
 825337
 825439
 825598
 825791
 825960
 826021
 826073
 826165
 826285
 826598
 826646
 826704
 826932
 827295
 827394
 827460
 827534
 827553
 827586
 827692
 828014
 828263
 828301
 828323
 828365
 828664
 828779
 828984
 829167
 829214
 829217
 829280
 829321
 829415
 829445
 829590
 829772
 829787
 829860
 829877
 829897
 830103
 830351
 830464
 830576
 830595
 830601
 830653
 830689
 830769
 830882
 830912
 831205
 831303
 831325
 831384
 831405
 831503
 831507
 831509
 831558
 831613
 831741
 831858
 832207
 832235
 832393
 832445
 832515
 832517
 832533
 832546
 832588
 832642
 832812
 832854
 832967
 832970
 832986
 833007
 833035
 833130
 833178
 833300
 833340
 833387
 833500
 833691
 833744
 834300
 834443
 834462
 834676
 834825
 835010
 835070
 835071
 835175
 835265
 835633
 835663
 835829
 835852
 835854
 835923
 836060
 836185
 836342
 836777
 837333
 837353
 837367
 837432
 837438
 837446
 837498
 837557
 837567
 837633
 837737
 837840
 837899
 837958
 838113
 838264
 838537
 838646
 838709
 838715
 838838
 838902
 839036
 839279
 839343
 839424
 839496
 839676
 839764
 839798
 839940
 840002
 840050
 840244
 840261
 840274
 840294
 840425
 840579
 840632
 840747
 840792
 840823
 840833
 840965
 841207
 841477
 841504
 841848
 841927
 842026
 842030
 842312
 842489
 842536
 842587
 842615
 842660
 842712
 842735
 842895
 842948
 843072
 843313
 843373
 843664
 843837
 843863
 843934
 843990
 844148
 844155
 844159
 844223
 844333
 844569
 844744
 844754
 844776
 844779
 844848
 844851
 844926
 844961
 845165
 845233
 845338
 845825
 845977
 846153
 846249
 846464
 846534
 846642
 846861
 846889
 847148
 847222
 847326
 847332
 847416
 847498
 847536
 847605
 847861
 847964
 847999
 848044
 848058
 848078
 848085
 848186
 848206
 848351
 848364
 848526
 848648
 848702
 848744
 848872
 848920
 849131
 849135
 849196
 849423
 849450
 849464
 849486
 849563
 849584
 849689
 849841
 849890
 849968
 850000
 850164
 850212
 850437
 850477
 850553
 850556
 850726
 850753
 850758
 850799
 850901
 850943
 851029
 851178
 851186
 851247
 851271
 851293
 851574
 851605
 851660
 851810
 852013
 852168
 852237
 852471
 852567
 852606
 852784
 852792
 852859
 853087
 853482
 853548
 853602
 853719
 853782
 853823
 853866
 853974
 854060
 854141
 854209
 854436
 854707
 854752
 854827
 854863
 854921
 855635
 855862
 856207
 856264
 856287
 856352
 856358
 856377
 856442
 856467
 856503
 856540
 856613
 856636
 856690
 856850
 856973
 857049
 857091
 857292
 857380
 857560
 857656
 857696
 857716
 857746
 857976
 858078
 858106
 858431
 858578
 858581
 858590
 858761
 858818
 858947
 859060
 859110
 859145
 859303
 859703
 859727
 859769
 859816
 860312
 860363
 860456
 860582
 860598
 860774
 860956
 861062
 861338
 861466
 861495
 861565
 861609
 861783
 861816
 861820
 861824
 861866
 861909
 861910
 861913
 861956
 862035
 862308
 862320
 862356
 862428
 862445
 862509
 862639
 862726
 862853
 863103
 863446
 863525
 863584
 863660
 863781
 863922
 864142
 864147
 864378
 864650
 864720
 864723
 864858
 864942
 864965
 865030
 865096
 865097
 865260
 865500
 865530
 865746
 865761
 865839
 865851
 865943
 865999
 866132
 866399
 866474
 866531
 866606
 866666
 866755
 866955
 866986
 867009
 867125
 867230
 867279
 867386
 867444
 867491
 867723
 867731
 867770
 867847
 867977
 868059
 868131
 868439
 868469
 868723
 868799
 868895
 869199
 869450
 869556
 869565
 869613
 869695
 869749
 869818
 869820
 869940
 870092
 870120
 870180
 870588
 870607
 870609
 870725
 870879
 870947
 871046
 871053
 871307
 871429
 871553
 871626
 871744
 871764
 871914
 872225
 872264
 872275
 872276
 872340
 872359
 872622
 872630
 872678
 872681
 872691
 872950
 872966
 873015
 873062
 873080
 873096
 873152
 873186
 873642
 873730
 873897
 873939
 873949
 874007
 874179
 874246
 874785
 874944
 874945
 875167
 875235
 875420
 875469
 875596
 875635
 875994
 876157
 876190
 876287
 876308
 876422
 876443
 876458
 876476
 876499
 876535
 876600
 876619
 876632
 876696
 876781
 876911
 877008
 877131
 877247
 877534
 877703
 877718
 877775
 877893
 878096
 878142
 878156
 878165
 878171
 878184
 878246
 878260
 878274
 878501
 878590
 878649
 878661
 878685
 878781
 878821
 878877
 878948
 879083
 879227
 879276
 879389
 879548
 879563
 879590
 879622
 879655
 879703
 879712
 879742
 879883
 879956
 880033
 880450
 880478
 880616
 880627
 880701
 880779
 880827
 880833
 880926
 881148
 881368
 881436
 881529
 881581
 881635
 881673
 881721
 881813
 881817
 881876
 882052
 882208
 882323
 882352
 882515
 882698
 882966
 883068
 883112
 883114
 883164
 883180
 883278
 883291
 883293
 883407
 883720
 883897
 883916
 883918
 883965
 883990
 884079
 884111
 884155
 884324
 884546
 884578
 884596
 884704
 884817
 885011
 885173
 885282
 885460
 885501
 885679
 885957
 886224
 886452
 886651
 886699
 886741
 886814
 886866
 886956
 886997
 887147
 887169
 887220
 887308
 887415
 887588
 887595
 887695
 887876
 887892
 888022
 888110
 888276
 888337
 888383
 888424
 888448
 888470
 888619
 888620
 888798
 888957
 889001
 889050
 889081
 889167
 889287
 889338
 889407
 889540
 889602
 889767
 890003
 890040
 890268
 890339
 890368
 890371
 890634
 890705
 890716
 891061
 891083
 891174
 891418
 891472
 891481
 891535
 891693
 891837
 891891
 891911
 891950
 892018
 892051
 892160
 892360
 892418
 892436
 892493
 892603
 892765
 892777
 892865
 893170
 893210
 893343
 893388
 893510
 893538
 893792
 893798
 893927
 893947
 894030
 894071
 894139
 894197
 894434
 894461
 894480
 894491
 894514
 894682
 894707
 894766
 894869
 894882
 894998
 895027
 895212
 895641
 895797
 895813
 895870
 895933
 895941
 896030
 896570
 896666
 896694
 896701
 896710
 896757
 896823
 896841
 896935
 897290
 897297
 897358
 897432
 897580
 897647
 897701
 897702
 897739
 897741
 897752
 897849
 897976
 898190
 898305
 898386
 898387
 898407
 898436
 898489
 898505
 898535
 898601
 898794
 898795
 898912
 899206
 899276
 899441
 899478
 899489
 899493
 899733
 899827
 899891
 899934
 900074
 900191
 900204
 900377
 900448
 900546
 900625
 900829
 901081
 901226
 901268
 901294
 901312
 901485
 901622
 901875
 901885
 902317
 902652
 902712
 902722
 902877
 903115
 903225
 903321
 903330
 903496
 903668
 903825
 903954
 903999
 904131
 904262
 904306
 904381
 904420
 904547
 904665
 904773
 904810
 904892
 904939
 905048
 905116
 905223
 905284
 905507
 905555
 905582
 905607
 905848
 905882
 906116
 906138
 906250
 906309
 906389
 906402
 906621
 906637
 906879
 906935
 906951
 907019
 907083
 907361
 907488
 907630
 907648
 907736
 907787
 907850
 907981
 908023
 908068
 908077
 908366
 908380
 908847
 908943
 909016
 909039
 909090
 909096
 909429
 909618
 909771
 909832
 910121
 910187
 910297
 910410
 910569
 910891
 911007
 911185
 911190
 911236
 911347
 911423
 911435
 911694
 911728
 911809
 911911
 912105
 912188
 912318
 912320
 912405
 912510
 912623
 912674
 912740
 912749
 913090
 913154
 913764
 913773
 914003
 914081
 914279
 914285
 914363
 914371
 914378
 914647
 914732
 914736
 914769
 914851
 914854
 914863
 915129
 915159
 915284
 915508
 915629
 915646
 915960
 916093
 916149
 916208
 916328
 916712
 916843
 917174
 917191
 917360
 917655
 917657
 917673
 917785
 918001
 918114
 918165
 918174
 918200
 918204
 918242
 918247
 918258
 918475
 918569
 918625
 918660
 918693
 918834
 918848
 918918
 918999
 919264
 919389
 919453
 919513
 919526
 919555
 919560
 919614
 919710
 919752
 919755
 919832
 920039
 920159
 920223
 920337
 920508
 920590
 920619
 920637
 920760
 920839
 920859
 920862
 920909
 920926
 920937
 921221
 921543
 921680
 921686
 921774
 921802
 921841
 921850
 921904
 921966
 922000
 922138
 922181
 922226
 922245
 922290
 922349
 922512
 922571
 922585
 922672
 922754
 922819
 922908
 922918
 922948
 923093
 923127
 923212
 923292
 923295
 923414
 923452
 923454
 923607
 923664
 923791
 923850
 923889
 924011
 924019
 924080
 924087
 924118
 924267
 924727
 924772
 924902
 924916
 925007
 925015
 925233
 925506
 925847
 926090
 926338
 926480
 926538
 926540
 926688
 926820
 926876
 926947
 926959
 927127
 927422
 927477
 927490
 927839
 927863
 927868
 927907
 927986
 928074
 928210
 928296
 928506
 928523
 928567
 928613
 928754
 928857
 929030
 929155
 929261
 929456
 929525
 929668
 930050
 930057
 930232
 930253
 930254
 930290
 930352
 930420
 930533
 930593
 930607
 930913
 930983
 931034
 931407
 931437
 931453
 931511
 931602
 931951
 931970
 932296
 932481
 932484
 932726
 932830
 932896
 933170
 933188
 933322
 933520
 933522
 933692
 933746
 933900
 933950
 933958
 934206
 934263
 934395
 934412
 934848
 934885
 934949
 935320
 935555
 935622
 935925
 935977
 936065
 936170
 936240
 936289
 936336
 936507
 936532
 936633
 936674
 936709
 936720
 936769
 936865
 937126
 937157
 937201
 937212
 937238
 937302
 937456
 937483
 937500
 937584
 937607
 937625
 937681
 937820
 937853
 938153
 938230
 938410
 938666
 938687
 938704
 938705
 939048
 939121
 939186
 939564
 939602
 939739
 940092
 940151
 940157
 940164
 940277
 940298
 940341
 940418
 940826
 940828
 940925
 940977
 940992
 940998
 941088
 941102
 941176
 941531
 941667
 941699
 941711
 941728
 941798
 941802
 942038
 942050
 942358
 942454
 942557
 942577
 942714
 942715
 942766
 942926
 943118
 943147
 943229
 943258
 943312
 943349
 943396
 943484
 943486
 943505
 943635
 943924
 943996
 944122
 944255
 944376
 944377
 944648
 944689
 944845
 944911
 945098
 945262
 945288
 945475
 945622
 945659
 945758
 945938
 946072
 946077
 946121
 946250
 946311
 946321
 946389
 946588
 946619
 946648
 946661
 946720
 946749
 946792
 946908
 946939
 946969
 946990
 946993
 947000
 947270
 947398
 947504
 947730
 947732
 947928
 948190
 948305
 948366
 948385
 948602
 949083
 949101
 949109
 949227
 949455
 949621
 949630
 949640
 949687
 949858
 949969
 950164
 950313
 950354
 950445
 950447
 950656
 950851
 950877
 950930
 950962
 951108
 951206
 951258
 951350
 951490
 951718
 951756
 951758
 951845
 952036
 952054
 952137
 952202
 952345
 952397
 952435
 952606
 952877
 953014
 953043
 953095
 953100
 953144
 953291
 953384
 953445
 953488
 953802
 953831
 953860
 953956
 954069
 954113
 954294
 954303
 954323
 954333
 954378
 954397
 954509
 954647
 954753
 954868
 954924
 954933
 954961
 955074
 955098
 955102
 955117
 955131
 955231
 955317
 955366
 955543
 955593
 955744
 955807
 956204
 956215
 956343
 956413
 956491
 956815
 956989
 957124
 957168
 957176
 957181
 957210
 957438
 957439
 957488
 957575
 957631
 957652
 957746
 958135
 958302
 958404
 958416
 958511
 958524
 958525
 958562
 958610
 958673
 958774
 959006
 959044
 959066
 959103
 959322
 959508
 959710
 959982
 960042
 960264
 960408
 960460
 960501
 960530
 960607
 960625
 960877
 960878
 960981
 961089
 961130
 961231
 961338
 961399
 961450
 961818
 962066
 962257
 962406
 962612
 962639
 962710
 962762
 962794
 963089
 963133
 963149
 963251
 963303
 963347
 963356
 963375
 963534
 963543
 963796
 963797
 963830
 963832
 964077
 964687
 964759
 965167
 965347
 965543
 965561
 965703
 965770
 965772
 965961
 966049
 966053
 966080
 966228
 966359
 966387
 966395
 966433
 966572
 966666
 966704
 966750
 966786
 966882
 966889
 967134
 967145
 967161
 967195
 967228
 967611
 967741
 967979
 967984
 968000
 968048
 968247
 968400
 968601
 968762
 968789
 968834
 968849
 968876
 969018
 969072
 969230
 969259
 969557
 969669
 969688
 969691
 969957
 970213
 970271
 970398
 970451
 970562
 970580
 970797
 970845
 970875
 970883
 970906
 970925
 970938
 970969
 971019
 971175
 971216
 971511
 971806
 971821
 971927
 972006
 972174
 972325
 972511
 972626
 972656
 972972
 973104
 973258
 973517
 973722
 973894
 973913
 973919
 973961
 974195
 974217
 974266
 974341
 974434
 974447
 974604
 974722
 974741
 974791
 974862
 974877
 974968
 975013
 975390
 975708
 975972
 976012
 976063
 976165
 976170
 976190
 976276
 976335
 976397
 976430
 976435
 976481
 976574
 976602
 976608
 976726
 976740
 976969
 977099
 977296
 977545
 977551
 977777
 977828
 977840
 977888
 977920
 978021
 978085
 978217
 978258
 978264
 978354
 978406
 978708
 978802
 979004
 979065
 979236
 979377
 979536
 979584
 979633
 979700
 979766
 979825
 980170
 980218
 980426
 980443
 980445
 980576
 980633
 980769
 980874
 981132
 981254
 981296
 981303
 981371
 981447
 981462
 981478
 981489
 981511
 981528
 981582
 981741
 981743
 981877
 981884
 981889
 981958
 982150
 982270
 982360
 982376
 982378
 982402
 982462
 982480
 982590
 982662
 982737
 982856
 982857
 982888
 983333
 983477
 983839
 983856
 983873
 983914
 984049
 984148
 984293
 984400
 984871
 984916
 985088
 985253
 985272
 985283
 985443
 985611
 986076
 986078
 986337
 986377
 986670
 986850
 986887
 987040
 987091
 987146
 987218
 987219
 987433
 987577
 987596
 987846
 988059
 988061
 988452
 988488
 988647
 988683
 988742
 988945
 988972
 988993
 989010
 989018
 989033
 989090
 989109
 989248
 989317
 989447
 989456
 989591
 989658
 989911
 989920
 990078
 990456
 990476
 990561
 990562
 990654
 990718
 990734
 990747
 990770
 990785
 990828
 990866
 990878
 990924
 991029
 991160
 991206
 991234
 991519
 991578
 991592
 991605
 991822
 991866
 992010
 992039
 992075
 992096
 992097
 992363
 992449
 992460
 992746
 992795
 993017
 993166
 993175
 993260
 993346
 993412
 993722
 993736
 993769
 994177
 994563
 994572
 994718
 994733
 994759
 994788
 994829
 995010
 995012
 995131
 995190
 995202
 995256
 995307
 995324
 995397
 995433
 995604
 995802
 995815
 995856
 995879
 995910
 995926
 995940
 996201
 996234
 996290
 996460
 996857
 996860
 997186
 997571
 997625
 997662
 997722
 997738
 997740
 997928
 998001
 998258
 998374
 998420
 998524
 998593
 998696
 998730
 998738
 998809
 998852
 998869
 998962
 998972
 998991
 999231
 999234
 999257
 999352
 999488
 999494
 