0
 0
 87
 293
 401
 515
 573
 597
 634
 742
 902
 955
 1131
 1336
 1345
 1462
 1512
 1536
 1539
 1557
 1569
 1577
 1607
 1680
 1686
 1845
 1849
 1943
 2100
 2435
 2444
 2670
 2722
 2958
 3060
 3205
 3340
 3342
 3426
 3480
 3954
 3976
 4084
 4096
 4112
 4163
 4278
 4383
 4422
 4504
 4594
 4635
 4777
 5000
 5047
 5129
 5386
 5551
 5603
 5642
 6064
 6201
 6268
 6309
 6384
 6388
 6453
 6535
 6542
 6676
 6736
 6753
 6763
 6847
 7091
 7126
 7166
 7446
 7490
 7496
 7601
 7616
 7685
 7689
 7706
 7712
 7786
 7929
 7947
 8033
 8044
 8205
 8259
 8542
 8625
 8683
 8706
 8716
 8782
 8863
 9065
 9289
 9327
 9353
 9459
 9941
 9951
 10069
 10133
 10143
 10144
 10209
 10774
 10803
 10904
 10937
 10994
 11350
 11376
 11502
 11655
 11815
 11934
 12215
 12244
 12291
 12305
 12691
 12816
 12859
 12918
 12975
 12996
 13026
 13116
 13120
 13530
 13663
 13725
 13754
 13760
 13936
 13974
 14004
 14236
 14245
 14561
 14564
 14605
 14663
 14674
 14814
 15199
 15328
 15350
 15363
 15452
 15535
 15788
 15804
 15873
 15927
 16013
 16072
 16093
 16142
 16155
 16198
 16208
 16218
 16263
 16264
 16425
 16497
 16983
 17014
 17037
 17216
 17441
 17659
 17774
 17904
 18045
 18475
 18561
 18598
 18711
 18834
 18847
 19009
 19024
 19058
 19489
 19492
 19550
 19620
 19626
 19929
 20040
 20048
 20194
 20495
 20543
 20600
 20694
 20768
 20932
 21159
 21283
 21293
 21295
 21311
 21370
 21465
 21505
 21520
 21523
 21658
 21741
 21910
 22068
 22200
 22313
 22338
 22605
 22609
 22695
 22806
 23013
 23101
 23210
 23251
 23323
 23572
 23719
 23805
 23825
 24038
 24336
 24405
 24422
 24559
 24669
 24743
 24841
 25098
 25249
 25325
 25383
 25614
 25634
 25732
 25954
 26007
 26115
 26734
 26895
 27012
 27067
 27071
 27197
 27303
 27397
 27468
 27613
 27710
 27725
 27749
 27767
 27826
 27876
 27939
 28023
 28051
 28141
 28174
 28194
 28287
 28330
 28399
 28533
 28555
 28687
 28719
 28832
 28833
 28896
 29023
 29243
 29479
 29668
 29672
 29694
 29850
 29873
 29916
 29984
 30111
 30145
 30211
 30745
 30882
 30939
 30949
 31010
 31047
 31130
 31176
 31193
 31205
 31207
 31209
 31228
 31319
 31343
 31431
 31509
 31700
 31762
 31790
 32001
 32064
 32080
 32508
 32512
 32520
 32526
 32602
 32708
 32714
 32915
 33215
 33333
 33385
 33446
 33571
 33672
 33851
 33920
 34032
 34163
 34214
 34332
 34333
 34579
 34593
 34678
 34735
 34743
 34792
 34875
 34889
 34921
 34995
 35186
 35196
 35447
 35473
 35573
 35650
 36194
 36236
 36271
 36438
 36578
 36600
 36697
 36713
 36786
 36830
 37052
 37138
 37240
 37288
 37330
 37340
 37409
 37447
 37686
 37781
 37869
 37947
 38032
 38041
 38057
 38082
 38120
 38255
 38255
 38312
 38387
 38559
 38793
 38795
 38870
 39146
 39215
 39400
 39868
 39978
 40017
 40078
 40080
 40111
 40145
 40157
 40250
 40305
 40437
 40907
 41125
 41257
 41333
 41393
 41499
 41562
 41596
 41597
 41622
 41638
 41740
 41856
 41970
 42046
 42094
 42119
 42173
 42319
 42349
 42403
 42436
 42447
 42491
 42603
 42673
 42698
 42709
 43015
 43083
 43259
 43268
 43372
 43415
 43526
 43559
 43610
 43618
 43799
 43867
 43874
 44037
 44070
 44151
 44219
 44305
 44326
 44404
 44511
 45076
 45210
 45370
 45391
 45538
 45711
 45755
 45775
 45914
 45994
 46047
 46177
 46208
 46215
 46266
 46310
 46371
 46478
 46487
 46542
 46592
 46769
 46790
 46963
 47013
 47272
 47462
 47611
 47916
 47984
 48319
 48416
 48466
 48795
 48827
 48850
 49188
 49218
 49228
 49269
 49784
 49837
 49862
 49893
 50126
 50206
 50481
 50531
 50560
 50582
 50672
 50725
 50773
 50909
 50921
 50943
 50984
 51437
 51477
 51509
 51808
 51829
 51975
 51983
 52034
 52199
 52432
 52446
 52450
 52451
 52480
 52653
 52841
 52843
 53072
 53313
 53328
 53422
 53650
 53734
 53846
 53869
 54045
 54068
 54121
 54312
 54348
 54573
 54723
 54793
 55083
 55327
 55616
 55643
 55652
 55889
 56300
 56487
 56511
 56775
 56813
 57086
 57243
 57353
 57675
 57685
 57777
 57800
 57978
 58604
 58639
 58754
 58798
 58823
 58830
 58847
 58940
 58950
 58965
 58978
 59259
 59319
 59387
 59406
 59480
 59971
 59971
 60063
 60125
 60303
 60464
 60544
 60640
 60672
 60863
 61302
 61335
 61850
 62053
 62054
 62219
 62304
 62527
 62646
 62662
 62759
 62788
 62844
 62900
 62932
 62958
 63046
 63159
 63309
 63338
 63349
 63524
 63667
 63731
 63799
 63811
 64033
 64162
 64176
 64180
 64199
 64309
 64313
 64428
 64677
 64775
 64775
 64779
 64901
 64923
 64988
 64999
 65029
 65123
 65259
 65280
 65341
 65373
 65549
 65693
 65791
 65797
 65871
 66091
 66401
 66567
 66689
 66794
 66873
 66961
 66979
 67088
 67277
 67322
 67669
 67834
 67916
 67988
 68179
 68192
 68326
 68424
 68461
 68537
 68812
 68842
 68900
 68947
 69122
 69138
 69185
 69201
 69338
 69362
 69454
 69463
 69560
 69673
 69694
 69724
 69871
 69878
 69967
 69972
 69994
 69994
 70058
 70157
 70194
 70321
 70613
 70641
 70984
 71129
 71147
 71231
 71250
 71368
 71494
 71501
 71799
 71800
 71820
 72068
 72193
 72222
 72375
 72587
 72588
 72920
 73152
 73171
 73183
 73184
 73617
 73624
 73624
 73660
 73820
 73846
 73857
 73934
 74129
 74217
 74272
 74307
 74386
 74505
 74542
 74567
 74638
 74882
 75030
 75096
 75119
 75275
 75300
 75534
 75538
 75557
 75625
 75685
 75778
 75941
 75949
 76041
 76084
 76584
 76683
 76819
 76960
 77030
 77072
 77169
 77219
 77219
 77273
 77288
 77471
 77478
 77492
 77717
 77820
 77903
 78029
 78247
 78595
 78732
 78812
 78890
 78899
 78937
 78991
 79245
 79277
 79362
 79486
 79581
 79594
 79617
 79672
 79731
 79822
 79863
 79926
 80124
 80235
 80287
 80393
 80407
 80555
 80722
 80836
 81114
 81125
 81373
 81407
 81527
 81790
 81888
 82057
 82108
 82182
 82204
 82206
 82273
 82335
 82441
 82584
 82607
 82623
 82638
 82687
 82691
 82831
 82926
 82949
 83035
 83035
 83141
 83174
 83185
 83335
 83589
 83869
 83988
 84040
 84119
 84301
 84413
 84511
 84563
 84568
 84630
 84740
 84849
 84929
 84962
 85004
 85156
 85160
 85207
 85208
 85211
 85264
 85520
 85554
 85568
 85714
 85778
 85788
 86160
 86562
 86636
 86733
 86756
 86875
 86974
 87000
 87036
 87047
 87073
 87210
 87215
 87242
 87611
 87672
 87682
 87942
 87984
 88025
 88036
 88037
 88228
 88271
 88524
 88553
 88571
 88590
 88626
 88691
 88782
 89273
 89402
 89466
 89573
 89603
 89655
 89700
 89802
 89887
 89952
 89982
 90020
 90084
 90092
 90381
 90400
 90438
 90471
 90544
 90784
 90800
 90942
 91061
 91136
 91340
 91395
 91452
 91537
 91747
 91864
 91868
 91942
 92012
 92336
 92381
 92524
 92680
 92815
 92967
 93143
 93330
 93376
 93408
 93408
 93497
 93586
 93597
 93600
 93628
 93694
 93832
 93905
 93976
 94090
 94443
 94466
 94533
 94805
 94915
 94922
 94946
 95105
 95106
 95159
 95180
 95184
 95202
 95402
 95625
 95773
 95819
 95844
 95930
 95978
 96021
 96087
 96232
 96511
 96687
 96829
 96905
 97057
 97083
 97169
 97180
 97198
 97324
 97457
 97488
 97496
 97560
 97668
 97676
 97717
 97735
 97828
 97955
 97971
 98220
 98226
 98463
 98595
 98628
 98649
 98692
 98917
 98944
 98970
 99080
 99100
 99154
 99221
 99836
 99889
 99935
 