95
 119
 183
 196
 224
 327
 350
 477
 551
 583
 604
 675
 821
 1104
 1240
 1272
 1450
 1461
 1499
 1653
 1674
 1701
 1740
 1798
 1929
 2111
 2147
 2159
 2259
 2613
 2697
 2715
 3157
 3436
 3554
 3655
 3661
 3931
 3949
 3956
 4095
 4414
 4575
 4672
 4700
 4726
 4961
 4964
 5336
 5452
 5598
 5662
 5669
 5699
 6035
 6126
 6165
 6186
 6216
 6290
 6342
 6480
 6721
 6791
 6860
 6875
 6947
 6969
 7121
 7333
 7336
 7338
 7448
 7452
 7598
 7770
 7812
 7874
 8105
 8208
 8403
 8630
 8698
 8782
 8884
 8956
 8975
 9036
 9067
 9085
 9100
 9173
 9261
 9279
 9413
 9434
 9493
 9780
 9836
 9950
 