112
 147
 385
 390
 562
 621
 708
 749
 819
 939
 1309
 1319
 1652
 1708
 1907
 1912
 2030
 2079
 2380
 2468
 2516
 2687
 2767
 2775
 2876
 2888
 2890
 3023
 3037
 3038
 3077
 3084
 3109
 3153
 3315
 3418
 3570
 3621
 3732
 3754
 3766
 3843
 3979
 4028
 4215
 4483
 4739
 4740
 4932
 5046
 5062
 5123
 5176
 5204
 5480
 5773
 5949
 5958
 6130
 6312
 6450
 6479
 6548
 6551
 6641
 6657
 6680
 6766
 6930
 7088
 7356
 7378
 7411
 7505
 7540
 7709
 7840
 7874
 7911
 7922
 8240
 8366
 8429
 8642
 8733
 8808
 8876
 8966
 9062
 9147
 9154
 9236
 9333
 9501
 9571
 9615
 9736
 9830
 9947
 9949
 