0
 294
 303
 414
 447
 574
 613
 682
 806
 851
 868
 902
 978
 1003
 1125
 1347
 1423
 1462
 1565
 1639
 1834
 1848
 1919
 2265
 2305
 2380
 2578
 2670
 2706
 2752
 3038
 3371
 3409
 3446
 3559
 3701
 3819
 3849
 3881
 3962
 4080
 4179
 4274
 4321
 4323
 4353
 4356
 4496
 4501
 4792
 4926
 5074
 5105
 5174
 5185
 5227
 5287
 5299
 5362
 5368
 5462
 5478
 5514
 5840
 5865
 5905
 5949
 5964
 6199
 6293
 6474
 6705
 6870
 6906
 6947
 7003
 7035
 7156
 7164
 7275
 7335
 7339
 7459
 7604
 7623
 7653
 7979
 8101
 8113
 8133
 8218
 8261
 8333
 8359
 8414
 8426
 8511
 8821
 8842
 8866
 8872
 9000
 9090
 9137
 9525
 9566
 9604
 9838
 9839
 9918
 9975
 10131
 10139
 10202
 10217
 10326
 10471
 10747
 10998
 11149
 11314
 11410
 11794
 11810
 11827
 11947
 12106
 12383
 12408
 12415
 12457
 12462
 12522
 12654
 12686
 12748
 12798
 12915
 12962
 13004
 13299
 13319
 13384
 13610
 13838
 14022
 14174
 14189
 14205
 14642
 14646
 14655
 14824
 14841
 14844
 14900
 15082
 15204
 15324
 15359
 15486
 15567
 15674
 15691
 15797
 15939
 16129
 16229
 16231
 16276
 16328
 16666
 16669
 16681
 16880
 16905
 17159
 17348
 17460
 17473
 17523
 17562
 17567
 17616
 17663
 17721
 17813
 18103
 18179
 18183
 18201
 18228
 18309
 18345
 18549
 18578
 18661
 18714
 18908
 18948
 19008
 19345
 20136
 20152
 20259
 20315
 20414
 20533
 20572
 20644
 20730
 21128
 21169
 21631
 21746
 21844
 21872
 21883
 21959
 21968
 22524
 22826
 22830
 22884
 22989
 23028
 23425
 23698
 23764
 23816
 23841
 23902
 24271
 24311
 24458
 24459
 24604
 24670
 24674
 24751
 24968
 25008
 25030
 25065
 25098
 25108
 25206
 25407
 25439
 25460
 25477
 25585
 25605
 25681
 25834
 25883
 26129
 26430
 26494
 26578
 27091
 27255
 27406
 27504
 27525
 27538
 27626
 27758
 27788
 27811
 28260
 28341
 28400
 28483
 28554
 28634
 28672
 28716
 28725
 28816
 29013
 29030
 29187
 29432
 30189
 30355
 30392
 30434
 30475
 30510
 30540
 30580
 30637
 30920
 31006
 31111
 31226
 31288
 31331
 31335
 31398
 31804
 31868
 31958
 32090
 32159
 32350
 32367
 32421
 32826
 33373
 33437
 33462
 33471
 33656
 33896
 33922
 33966
 34060
 34086
 34090
 34093
 34116
 34148
 34170
 34618
 34627
 34803
 35047
 35091
 35304
 35322
 35424
 35434
 35510
 35590
 35787
 35852
 35909
 35974
 35975
 36143
 36193
 36210
 36249
 36436
 36483
 36604
 36718
 36884
 36968
 36984
 37090
 37135
 37222
 37250
 37252
 37264
 37363
 37423
 37504
 37622
 37809
 38289
 38372
 38387
 38466
 38695
 38755
 38777
 38915
 39106
 39198
 39307
 39345
 39346
 39417
 39429
 39612
 39726
 39829
 39854
 39912
 40015
 40138
 40181
 40440
 40447
 40472
 40510
 40566
 40679
 40718
 40719
 40723
 40761
 40908
 40923
 41021
 41093
 41212
 41265
 41416
 41450
 41469
 41568
 41598
 41640
 41640
 41907
 41911
 41979
 42180
 42323
 42543
 42620
 42623
 42884
 43153
 43336
 43366
 43396
 43545
 43596
 43617
 43640
 43779
 43878
 43917
 44015
 44029
 44160
 44432
 44470
 44521
 44592
 44630
 44652
 44665
 44672
 44872
 45086
 45111
 45180
 45381
 45640
 45669
 45713
 45871
 45901
 45970
 46005
 46179
 46227
 46259
 46319
 46321
 46425
 46487
 46515
 46565
 46602
 46779
 46985
 47015
 47137
 47259
 47340
 47470
 47564
 47603
 47656
 47865
 47972
 47999
 48121
 48140
 48153
 48157
 48300
 48416
 48667
 48867
 48981
 49050
 49057
 49083
 49150
 49180
 49219
 49300
 49390
 49441
 49448
 49555
 49615
 49728
 49749
 49786
 49840
 