0
 0
 165
 180
 182
 221
 288
 444
 532
 665
 874
 1045
 1190
 1239
 1271
 1941
 1967
 2249
 2318
 2461
 2562
 2580
 2741
 2893
 2993
 3119
 3149
 3357
 3631
 3664
 3759
 3803
 3825
 3848
 4199
 4523
 4529
 4582
 4605
 4868
 5089
 5133
 5295
 5341
 5345
 5359
 5390
 5712
 5887
 5992
 6171
 6216
 6323
 6337
 6444
 6509
 6621
 6697
 6755
 6961
 7044
 7300
 7333
 7547
 7600
 7678
 7748
 7876
 7895
 7919
 7977
 8082
 8111
 8336
 8399
 8701
 8771
 8949
 9128
 9203
 9471
 9830
 9989
 10153
 10197
 10265
 10338
 10380
 10387
 10569
 10618
 10964
 10974
 10982
 10999
 11033
 11039
 11148
 11291
 11707
 11746
 11866
 12075
 12149
 12194
 12242
 12300
 12472
 12476
 12639
 12906
 13059
 13127
 13347
 13358
 13492
 13506
 13579
 13654
 13701
 13780
 13940
 14126
 14328
 14466
 14611
 14621
 14718
 14860
 14930
 15075
 15083
 15130
 15174
 15214
 15261
 15277
 15297
 15476
 15510
 15573
 15632
 15719
 15924
 16147
 16238
 16264
 16361
 16583
 16788
 17134
 17144
 17204
 17311
 17629
 17701
 17805
 17817
 17971
 18096
 18121
 18181
 18282
 18384
 18526
 18549
 18562
 18578
 18580
 18666
 18763
 18866
 18883
 18885
 18949
 18968
 19472
 19549
 19588
 19843
 19883
 20045
 20061
 20095
 20095
 20247
 20420
 20454
 20487
 20491
 20562
 20834
 20964
 20979
 21012
 21123
 21132
 21173
 21324
 21375
 21406
 21443
 21461
 21547
 22241
 22264
 22406
 22461
 22693
 22697
 22705
 22716
 22978
 23001
 23194
 23236
 23386
 23572
 23664
 23745
 23747
 23776
 23839
 24006
 24022
 24182
 24288
 24359
 24563
 24616
 24811
 25000
 25026
 25040
 25073
 25245
 25366
 25393
 25732
 25738
 25754
 25804
 26068
 26070
 26073
 26285
 26405
 26411
 26519
 26794
 26989
 27005
 27021
 27033
 27099
 27152
 27225
 27308
 27323
 27326
 27628
 27698
 27698
 27801
 27833
 27868
 28163
 28168
 28189
 28200
 28207
 28248
 28348
 28357
 28392
 28442
 28520
 28547
 28576
 28779
 28792
 28865
 28933
 29025
 29041
 29129
 29194
 29213
 29462
 29728
 29755
 29767
 29870
 29991
 29999
 30006
 30271
 30461
 30682
 30719
 30954
 30956
 31030
 31037
 31112
 31284
 31330
 31357
 31388
 31651
 31658
 31707
 31720
 31822
 31857
 32082
 32296
 32299
 32531
 32582
 32582
 32614
 32731
 32768
 32892
 32966
 33165
 33333
 33376
 33470
 33488
 33493
 33542
 33644
 33671
 33702
 33763
 34001
 34413
 34469
 34475
 34528
 34555
 34614
 34675
 34851
 34895
 35176
 35197
 35684
 35886
 36179
 36293
 36317
 36317
 36322
 36346
 36557
 36777
 36788
 36930
 36975
 37149
 37231
 37232
 37232
 37437
 37526
 37584
 37600
 37619
 37674
 37756
 37905
 37906
 37927
 38109
 38146
 38387
 38471
 38488
 38599
 38604
 38770
 38837
 38845
 38922
 39238
 39258
 39386
 39757
 39907
 40149
 40209
 40239
 40282
 40435
 40507
 40527
 40584
 40606
 40657
 40659
 40722
 40808
 40930
 41009
 41255
 41346
 41508
 41527
 41591
 41666
 41724
 41789
 41942
 42158
 42321
 42409
 42473
 42498
 42737
 43141
 43241
 43320
 43361
 43423
 43464
 43480
 43634
 44078
 44132
 44183
 44187
 44224
 44338
 44654
 44682
 44748
 44762
 44919
 44982
 45098
 45129
 45187
 45228
 45244
 45374
 45395
 45428
 45432
 45470
 45536
 45679
 45703
 45794
 45893
 45910
 46012
 46567
 46597
 46632
 46879
 47029
 47144
 47293
 47330
 47348
 47406
 47505
 47745
 47870
 47895
 47901
 47909
 47917
 48086
 48184
 48306
 48314
 48325
 48367
 48424
 48542
 48648
 48661
 49035
 49112
 49240
 49342
 49470
 49470
 49620
 49693
 49781
 49961
 50022
 50034
 50186
 50256
 50266
 50304
 50675
 50715
 50868
 51159
 51191
 51203
 51230
 51378
 51639
 51665
 51819
 51919
 51923
 51933
 51937
 52025
 52150
 52226
 52297
 52390
 52484
 52789
 52860
 53150
 53188
 53348
 53370
 53419
 53445
 53711
 53764
 53863
 53947
 53958
 54076
 54125
 54178
 54198
 54210
 54326
 54513
 54734
 54900
 54989
 55001
 55051
 55131
 55195
 55456
 55480
 55489
 55666
 55719
 55733
 55876
 55930
 55960
 56092
 56223
 56262
 56291
 56320
 56584
 56794
 56879
 56908
 56917
 57001
 57090
 57329
 57376
 57504
 57546
 57575
 57713
 57850
 57884
 57894
 58081
 58125
 58138
 58231
 58263
 58397
 58454
 58472
 58975
 59152
 59387
 59546
 59645
 59655
 59693
 59935
 60048
 60213
 60244
 60393
 60585
 60857
 60898
 60900
 61011
 61099
 61338
 61426
 61489
 61541
 61662
 61748
 61857
 62054
 62098
 62119
 62396
 62462
 62528
 62590
 62636
 62647
 62733
 62921
 63049
 63114
 63174
 63274
 63281
 63356
 63525
 63768
 63780
 63812
 63995
 64027
 64059
 64181
 64245
 64499
 64592
 64601
 64724
 65043
 65256
 65608
 65764
 65771
 65820
 65842
 65843
 65875
 65998
 66052
 66123
 66189
 66389
 66464
 66501
 66567
 66567
 66582
 66685
 66731
 66934
 66935
 66941
 67011
 67021
 67253
 67312
 67432
 67519
 67582
 67699
 67772
 67803
 68096
 68608
 68617
 68739
 68802
 68867
 68869
 68962
 68996
 68999
 69060
 69170
 69217
 69456
 69522
 69552
 69554
 69681
 69707
 69759
 69766
 69958
 70096
 70152
 70176
 70279
 70457
 70511
 70589
 70645
 70937
 70962
 70992
 71011
 71137
 71159
 71264
 71271
 71285
 71347
 71416
 71521
 71543
 71560
 71582
 71586
 71787
 71904
 71951
 72060
 72295
 72478
 72817
 72961
 73181
 73189
 73217
 73333
 73336
 73385
 73545
 73583
 73686
 73786
 73852
 73908
 73995
 74012
 74190
 74243
 74408
 74446
 74472
 74559
 74563
 74813
 74872
 75070
 75107
 75175
 75208
 75209
 75249
 75473
 75526
 75577
 75752
 75819
 75888
 75961
 75986
 76067
 76116
 76118
 76236
 76333
 76416
 76427
 76540
 76677
 76707
 76753
 77004
 77020
 77094
 77195
 77236
 77348
 77392
 77993
 78082
 78084
 78143
 78423
 78454
 78603
 78747
 78800
 78861
 78922
 79109
 79208
 79371
 79478
 79569
 79744
 79859
 79921
 79923
 79935
 80135
 80152
 80211
 80500
 80528
 80597
 80599
 80615
 80655
 80730
 80779
 81060
 81070
 81230
 81368
 81418
 81483
 81570
 81852
 81869
 81923
 81953
 82016
 82047
 82073
 82186
 82313
 82527
 82571
 82583
 82629
 82723
 82747
 82876
 83045
 83104
 83146
 83216
 83254
 83303
 83376
 83439
 83908
 84036
 84369
 84803
 84900
 85253
 85478
 85538
 85602
 85753
 85817
 85955
 86016
 86098
 86120
 86190
 86249
 86265
 86338
 86373
 86638
 86804
 86896
 87091
 87194
 87197
 87334
 87828
 87833
 87892
 87932
 87990
 88105
 88254
 88277
 88439
 88533
 88570
 88575
 88725
 89007
 89095
 89098
 89152
 89217
 89293
 89403
 89419
 89465
 89586
 89715
 89734
 89775
 90237
 90389
 90445
 90598
 90658
 90742
 90863
 90945
 91204
 91219
 91336
 91670
 91755
 91768
 92006
 92030
 92150
 92304
 92423
 92770
 93108
 93151
 93169
 93242
 93406
 93462
 93555
 93576
 93628
 93654
 93656
 93727
 93889
 93924
 93996
 94006
 94678
 94721
 94774
 94804
 94907
 95068
 95127
 95238
 95269
 95522
 95605
 95648
 95696
 95738
 95791
 96032
 96067
 96095
 96176
 96439
 96463
 96512
 96548
 96582
 96800
 96811
 96940
 96955
 96969
 97018
 97027
 97168
 97190
 97229
 97422
 97591
 97592
 97878
 97935
 97949
 97979
 97987
 98030
 98126
 98448
 98520
 98526
 98657
 98671
 99010
 99165
 99182
 99241
 99311
 99356
 99372
 99736
 99775
 99876
 99916
 99953
 99996
 