0
 310
 657
 687
 699
 819
 950
 1148
 1186
 1246
 1311
 1404
 1496
 1556
 1567
 1934
 1982
 2150
 2239
 2255
 2299
 2348
 2384
 2425
 2480
 2489
 2603
 2632
 2737
 3120
 3201
 3293
 3436
 3462
 3555
 3639
 4184
 4319
 4410
 4418
 4453
 4485
 4633
 4686
 4690
 4736
 4761
 4899
 4957
 5000
 5044
 5289
 5343
 5386
 5480
 5481
 5489
 5643
 5703
 5764
 5912
 5954
 5969
 5975
 5979
 6020
 6038
 6114
 6173
 6468
 6531
 6612
 6869
 6924
 6985
 7190
 7323
 7485
 7504
 7662
 7668
 7736
 7753
 7770
 7808
 7841
 7914
 8256
 8321
 8356
 8458
 8484
 8490
 9059
 9162
 9163
 9217
 9236
 9242
 9416
 9421
 9476
 9580
 9588
 9658
 9676
 9756
 9765
 9832
 9940
 10040
 10174
 10359
 10461
 10470
 10695
 10825
 10845
 10882
 10948
 11028
 11364
 11394
 11553
 11585
 11606
 11691
 11733
 11819
 11827
 11831
 11857
 11918
 12048
 12134
 12145
 12159
 12207
 12278
 12345
 12390
 12395
 12441
 12487
 12628
 12666
 12679
 12838
 12844
 12901
 13010
 13056
 13103
 13129
 13588
 13812
 14006
 14012
 14235
 14277
 14320
 14336
 14409
 14576
 14584
 14961
 15083
 15162
 15341
 15346
 15368
 15525
 15566
 15650
 15944
 16127
 16194
 16252
 16319
 16363
 16586
 16620
 16646
 16840
 16857
 17059
 17324
 17712
 17726
 18209
 18300
 18427
 18443
 18656
 18681
 19047
 19088
 19241
 19249
 19354
 19421
 19801
 20019
 20026
 20081
 20215
 20257
 20283
 20338
 20457
 20477
 20541
 20717
 20796
 20821
 20918
 20957
 20998
 21268
 21289
 21470
 21474
 21895
 21999
 22083
 22094
 22140
 22154
 22472
 22591
 22818
 22820
 22872
 22933
 22975
 23224
 23269
 23406
 23430
 23569
 23668
 24052
 24323
 24448
 24654
 24725
 24734
 24972
 24975
 25074
 25378
 25467
 25545
 25565
 25628
 25641
 25704
 25772
 25775
 25856
 25975
 26025
 26068
 26093
 26203
 26236
 26474
 26486
 26692
 26720
 26731
 26739
 26766
 26783
 26784
 26912
 27020
 27027
 27114
 27132
 27268
 27376
 27496
 27519
 27827
 27893
 27897
 28100
 28125
 28178
 28212
 28214
 28295
 28350
 28391
 28456
 28514
 28571
 28599
 28628
 28640
 28653
 28931
 29010
 29025
 29110
 29131
 29282
 29375
 29421
 29729
 29849
 29856
 30149
 30150
 30222
 30251
 30466
 30571
 30811
 30876
 30956
 31021
 31137
 31250
 31271
 31309
 31417
 31496
 31759
 31793
 31843
 31926
 32027
 32258
 32264
 32289
 32473
 32537
 32603
 32628
 32684
 32820
 33532
 33628
 33747
 33765
 33895
 33917
 33926
 33978
 34205
 34227
 34314
 34324
 34333
 34406
 34423
 34482
 34499
 34722
 34737
 34907
 34956
 35005
 35100
 35118
 35444
 35497
 35602
 35652
 35928
 36130
 36269
 36340
 36363
 36379
 36588
 36662
 36727
 36732
 36745
 36836
 36859
 37073
 37137
 37159
 37274
 37320
 37384
 37711
 38128
 38138
 38430
 38479
 38552
 38569
 38602
 38656
 38682
 38742
 38767
 38774
 38825
 38875
 39018
 39050
 39156
 39200
 39270
 39271
 39306
 39474
 39535
 39543
 39555
 39596
 39696
 39819
 40074
 40086
 40266
 40268
 40705
 40782
 40905
 41055
 41217
 41230
 41245
 41259
 41569
 41638
 41850
 41881
 41938
 41982
 42201
 42217
 42250
 42348
 42424
 42434
 42470
 42485
 42591
 42754
 42816
 42962
 42989
 43081
 43087
 43109
 43138
 43308
 43408
 43469
 43478
 43536
 43641
 44154
 44226
 44247
 44294
 44510
 44523
 44709
 44784
 44855
 44866
 44969
 45125
 45142
 45151
 45264
 45265
 45540
 45680
 45689
 45724
 45849
 46052
 46192
 46226
 46314
 46422
 46431
 46453
 46556
 46573
 46688
 46707
 46808
 46978
 47169
 47380
 47553
 47554
 47591
 47619
 47620
 47925
 48240
 48324
 48434
 48487
 48673
 48784
 49093
 49209
 49230
 49279
 49318
 49394
 49608
 49635
 49733
 49781
 49879
 49900
 49942
 49959
 49976
 49994
 50021
 50042
 50191
 50203
 50215
 50494
 50580
 50605
 50619
 50775
 50980
 51017
 51203
 51282
 51709
 51724
 51760
 51776
 51927
 51972
 52013
 52024
 52100
 52279
 52347
 52422
 52424
 52443
 52478
 52511
 52651
 52813
 52947
 52981
 53137
 53159
 53417
 53634
 53708
 53774
 53989
 54064
 54081
 54450
 54466
 54494
 54532
 54549
 54566
 54583
 54690
 54718
 54850
 55033
 55057
 55280
 55335
 55533
 55597
 55618
 55913
 55956
 55966
 56003
 56017
 56237
 56299
 56619
 56660
 56700
 56943
 57043
 57062
 57225
 57361
 57549
 57673
 57674
 57967
 57989
 57995
 58165
 58232
 58243
 58300
 58342
 58397
 58412
 58461
 58471
 58475
 58521
 58522
 58589
 58690
 58758
 58833
 58885
 58890
 58899
 58900
 59056
 59061
 59125
 59243
 59297
 59593
 59676
 59803
 59957
 60224
 60379
 60390
 60758
 60790
 60792
 60952
 61108
 61398
 61417
 61507
 61692
 61728
 61779
 61913
 61958
 62055
 62082
 62173
 62418
 62536
 62696
 62740
 62831
 62957
 63020
 63075
 63089
 63186
 63291
 63371
 63454
 63577
 63699
 64098
 64149
 64473
 64551
 64731
 64735
 64765
 64935
 65126
 65134
 65274
 65352
 65613
 65618
 65830
 65833
 65987
 66011
 66177
 66416
 66774
 66818
 66899
 66964
 67176
 67194
 67262
 67368
 67394
 67435
 67618
 67623
 67688
 67731
 67885
 67939
 68024
 68033
 68060
 68173
 68181
 68606
 69198
 69690
 69695
 69814
 69953
 70069
 70141
 70142
 70285
 70349
 70408
 70460
 70520
 70635
 70749
 70804
 71026
 71174
 71394
 71435
 71508
 71597
 71655
 71672
 71694
 71958
 72148
 72305
 72415
 72490
 72498
 72610
 72617
 72929
 73011
 73183
 73426
 73550
 73974
 74568
 74816
 74918
 74941
 75043
 75168
 75179
 75272
 75388
 75558
 75673
 75935
 76111
 76260
 76360
 76417
 76537
 76552
 76792
 76812
 76858
 76997
 77192
 77250
 77366
 77471
 77520
 77539
 77655
 77684
 77746
 77890
 78020
 78038
 78062
 78110
 78154
 78191
 78213
 78294
 78374
 78401
 78423
 78439
 78505
 78571
 78691
 78764
 78825
 79037
 79059
 79087
 79111
 79239
 79257
 79365
 79412
 79551
 79693
 79855
 79985
 80001
 80017
 80066
 80104
 80118
 80538
 80662
 80675
 80766
 80788
 80888
 80921
 81219
 81322
 81328
 81336
 81403
 81501
 81643
 81784
 82203
 82264
 82355
 82577
 82592
 82651
 82991
 83006
 83014
 83168
 83358
 83399
 83452
 83531
 83545
 83563
 83579
 83644
 83731
 83814
 83819
 83844
 83846
 83893
 83919
 84014
 84090
 84174
 84175
 84197
 84272
 84510
 84581
 84743
 84840
 85106
 85227
 85234
 85322
 85336
 85352
 85600
 85701
 86106
 86141
 86317
 86354
 86364
 86455
 86570
 86705
 86867
 86876
 86882
 87045
 87113
 87182
 87211
 87303
 87362
 87413
 87434
 87469
 87652
 87669
 87732
 87815
 87877
 87944
 87945
 87964
 88095
 88111
 88137
 88643
 88737
 88793
 88881
 88948
 89123
 89226
 89401
 89559
 89700
 89751
 89816
 89925
 90005
 90020
 90032
 90166
 90344
 90475
 90589
 90812
 90854
 90909
 90994
 91009
 91017
 91162
 91243
 91439
 91470
 91503
 91568
 91696
 91722
 91934
 92030
 92100
 92130
 92177
 92371
 92480
 92564
 92592
 92792
 92910
 93174
 93266
 93864
 93895
 93996
 94055
 94098
 94233
 94354
 94373
 94422
 94692
 94853
 94878
 94991
 95077
 95238
 95428
 95470
 95635
 95819
 96038
 96096
 96122
 96151
 96184
 96314
 96374
 96418
 96648
 96669
 96826
 96944
 96952
 96963
 97024
 97159
 97478
 97787
 97830
 97838
 98016
 98039
 98108
 98218
 98509
 98641
 98746
 98765
 98990
 99236
 99411
 99421
 99474
 99787
 99862
 99898
 99999
 100140
 100387
 100399
 100401
 100431
 100472
 100672
 100678
 101253
 101295
 101373
 101543
 101694
 101712
 101763
 101821
 101952
 102247
 102402
 102431
 102877
 103155
 103358
 103410
 103448
 103527
 103609
 103678
 103773
 103863
 103874
 103920
 104110
 104452
 104646
 104660
 104669
 104765
 105141
 105413
 105429
 105457
 105555
 105597
 105609
 105804
 105836
 105953
 105967
 106271
 106324
 106382
 106395
 106410
 106417
 106470
 106486
 106673
 106804
 106921
 106995
 107063
 107092
 107161
 107212
 107344
 107461
 107528
 107830
 107871
 107910
 107973
 107991
 108103
 108166
 108248
 108251
 108423
 108436
 108781
 108813
 108903
 109019
 109203
 109604
 109820
 110066
 110779
 110786
 110792
 110794
 110814
 110930
 110932
 111041
 111216
 111227
 111351
 111412
 111435
 111592
 111647
 111667
 111669
 111716
 111826
 112213
 112240
 112253
 112475
 112599
 112610
 112623
 112640
 112643
 112682
 112736
 112865
 112908
 112963
 112994
 113060
 113114
 113266
 113314
 113522
 113674
 113697
 113708
 113808
 113826
 113910
 113982
 114132
 114135
 114314
 114350
 114439
 114462
 114471
 114492
 114650
 114662
 114695
 114718
 114736
 114752
 114982
 115199
 115281
 115326
 115527
 115629
 116021
 116129
 116234
 116276
 116318
 116340
 116578
 117024
 117049
 117150
 117463
 117556
 117647
 117797
 117854
 117875
 117988
 118172
 118251
 118264
 118285
 118345
 118387
 118569
 118594
 118606
 118663
 118712
 118724
 118725
 118935
 119114
 119138
 119229
 119261
 119264
 119292
 119367
 119460
 119472
 119533
 119622
 119676
 119772
 119924
 119964
 119971
 120140
 120573
 120643
 120699
 120704
 120751
 120913
 120956
 121039
 121054
 121212
 121215
 121309
 121313
 121408
 121632
 121807
 121849
 122022
 122046
 122185
 122375
 122449
 122796
 122870
 122900
 123090
 123103
 123121
 123123
 123285
 123286
 123287
 123552
 123555
 123612
 123634
 123696
 123752
 123851
 123919
 123965
 124053
 124207
 124426
 124512
 124621
 124644
 124740
 124748
 124835
 124928
 124938
 124955
 124994
 125036
 125062
 125092
 125223
 125326
 125418
 125810
 125813
 125868
 125948
 126041
 126198
 126250
 126305
 126314
 126735
 126747
 126769
 126873
 126887
 127098
 127122
 127145
 127179
 127275
 127558
 127619
 127652
 127813
 127912
 127947
 127957
 128064
 128078
 128312
 128457
 128990
 129257
 129302
 129375
 129418
 129464
 129649
 129653
 129973
 130322
 130371
 130408
 130661
 130676
 130733
 130879
 130921
 130943
 130980
 131033
 131059
 131206
 131208
 131257
 131310
 131389
 131409
 131487
 131508
 131580
 131593
 131630
 131757
 131818
 131867
 132108
 132137
 132196
 132268
 132310
 132360
 132446
 132473
 132616
 132770
 132786
 132804
 132812
 132905
 132990
 133072
 133128
 133151
 133192
 133309
 133350
 133422
 133496
 133596
 133668
 133724
 133756
 133777
 133896
 134025
 134095
 134164
 134171
 134268
 134328
 134330
 134400
 134414
 134436
 134559
 134906
 135020
 135073
 135223
 135453
 135519
 135534
 135615
 135746
 135808
 135935
 135996
 135999
 136054
 136103
 136219
 136252
 136449
 136450
 136476
 136518
 136706
 136829
 136965
 137014
 137040
 137096
 137186
 137197
 137211
 137279
 137302
 137334
 137536
 137652
 137864
 137888
 137905
 138001
 138191
 138427
 138463
 138496
 138804
 138805
 138868
 138966
 139255
 139298
 139321
 139412
 139450
 139520
 139643
 139658
 139730
 139824
 139851
 139875
 140014
 140086
 140134
 140214
 140337
 140581
 140726
 140841
 140845
 141012
 141255
 141284
 141557
 141558
 141628
 141697
 141908
 142050
 142142
 142410
 142638
 142654
 142701
 142715
 142835
 142852
 142886
 143062
 143073
 143108
 143116
 143173
 143244
 143433
 143629
 143718
 143789
 143872
 143897
 143923
 143976
 144001
 144372
 144376
 144397
 144570
 144736
 144856
 144858
 144885
 145097
 145251
 145299
 145391
 145499
 145611
 145776
 145898
 145946
 146121
 146172
 146224
 146377
 146512
 146906
 147393
 147540
 147698
 147930
 148228
 148319
 148348
 148894
 149150
 149270
 149824
 149863
 150140
 150255
 150418
 150485
 150576
 150755
 150974
 151056
 151116
 151169
 151232
 151381
 151500
 151650
 151755
 151789
 151806
 151854
 151898
 151965
 151996
 152017
 152134
 152307
 152385
 152417
 152514
 152595
 152606
 152637
 152705
 152826
 152970
 153232
 153360
 153374
 153554
 153642
 153663
 153697
 153713
 153784
 153786
 153815
 153854
 154115
 154158
 154200
 154206
 154320
 154402
 154548
 154573
 154614
 154639
 154757
 154939
 154958
 154970
 155108
 155109
 155244
 155274
 155343
 155580
 155687
 155764
 155837
 155857
 156223
 156230
 156243
 156259
 156355
 156414
 156445
 156538
 156574
 156665
 156710
 156719
 157181
 157465
 157474
 157591
 157783
 157979
 158056
 158171
 158273
 158284
 158543
 158675
 158734
 158914
 159036
 159149
 159334
 159362
 159373
 159606
 159620
 159916
 160145
 160192
 160197
 160306
 160405
 160456
 160583
 160784
 160812
 160885
 160905
 161017
 161113
 161128
 161315
 161685
 161835
 161883
 161904
 161988
 162000
 162146
 162162
 162205
 162294
 162404
 162710
 163014
 163030
 163209
 163371
 163482
 163758
 163924
 164227
 164276
 164319
 164345
 164451
 164485
 164580
 164862
 164915
 164960
 165093
 165311
 165804
 165821
 165929
 166435
 166565
 166666
 166727
 166916
 166930
 167001
 167004
 167043
 167092
 167203
 167264
 167315
 167541
 167654
 167724
 167781
 167814
 167891
 168027
 168093
 168145
 168232
 168234
 168388
 168644
 168691
 168831
 168917
 168985
 169050
 169219
 169237
 169325
 169370
 169668
 169889
 169933
 169941
 170214
 170288
 170343
 170377
 170539
 170624
 170779
 171212
 171450
 171528
 171688
 171758
 171882
 171948
 171997
 172061
 172090
 172105
 172178
 172249
 172258
 172413
 172475
 172536
 172642
 172684
 172699
 172767
 172774
 172901
 173161
 173183
 173221
 173222
 173773
 174051
 174057
 174180
 174414
 174525
 174531
 174565
 174731
 174943
 175115
 175251
 175312
 175381
 175412
 175413
 175530
 175662
 175738
 175824
 175988
 176211
 176367
 176633
 176721
 176744
 176818
 176911
 176953
 177045
 177121
 177168
 177240
 177359
 177513
 177528
 177857
 177876
 178224
 178339
 178494
 178579
 178626
 178756
 178820
 178838
 178893
 178962
 179030
 179193
 179358
 179452
 179573
 179593
 179622
 179695
 179767
 179801
 179937
 179990
 179993
 180058
 180177
 180179
 180220
 180237
 180322
 180323
 180663
 180813
 180821
 180953
 181270
 181348
 181349
 181360
 181474
 181617
 181727
 182015
 182415
 182537
 182865
 182896
 182897
 182908
 182976
 183128
 183608
 183805
 183931
 184073
 184096
 184310
 184393
 184470
 184523
 184524
 184560
 184609
 184662
 184688
 184848
 184867
 184904
 185003
 185057
 185067
 185086
 185129
 185158
 185185
 185261
 185264
 185273
 185603
 185654
 185692
 185770
 185871
 186101
 186174
 186181
 186194
 186272
 186479
 186709
 186778
 186814
 186924
 186928
 186931
 187201
 187270
 187500
 187511
 187654
 187658
 187660
 187801
 187873
 188189
 188223
 188253
 188254
 188287
 188314
 188405
 188457
 188755
 188911
 188990
 189162
 189368
 189374
 189386
 189485
 189503
 189899
 189993
 190140
 190476
 190529
 190697
 190802
 191032
 191204
 191223
 191249
 191307
 191325
 191434
 191457
 191851
 192017
 192105
 192107
 192323
 192472
 192546
 192549
 192702
 192727
 192756
 192842
 192879
 192912
 192975
 193010
 193039
 193042
 193174
 193202
 193428
 193580
 193603
 193650
 193702
 193780
 193805
 194145
 194350
 194557
 194560
 194640
 194780
 194905
 194978
 195013
 195131
 195175
 195252
 195460
 195484
 195488
 195560
 195581
 195781
 195824
 195851
 195952
 196111
 196233
 196327
 196337
 196398
 196400
 196418
 196482
 196500
 196581
 196643
 196721
 196819
 196998
 197091
 197233
 197255
 197487
 197561
 197657
 197744
 197809
 197894
 197939
 197955
 197992
 198110
 198142
 198173
 198245
 198247
 198304
 198429
 198475
 198608
 198717
 198970
 199245
 199384
 199591
 199599
 199802
 199806
 199878
 199999
 200045
 200191
 200229
 200410
 200580
 200628
 200632
 200647
 200797
 201011
 201050
 201057
 201113
 201128
 201218
 201228
 201273
 201360
 201575
 201585
 201589
 201611
 201721
 201981
 202040
 202055
 202078
 202176
 202258
 202324
 202401
 202542
 202952
 203004
 203022
 203073
 203307
 203493
 203659
 203763
 203809
 203859
 203862
 203865
 203875
 203883
 203930
 204024
 204061
 204301
 204325
 204384
 204426
 204530
 204553
 204570
 204588
 204597
 204873
 204884
 204982
 205047
 205054
 205354
 205374
 205516
 205702
 205730
 205846
 205882
 205895
 205980
 206027
 206175
 206184
 206192
 206211
 206243
 206353
 206514
 206524
 206563
 206664
 206674
 206896
 206897
 206998
 207028
 207190
 207323
 207349
 207410
 207708
 207885
 208017
 208121
 208187
 208198
 208434
 208576
 208621
 208787
 208790
 208905
 208987
 209221
 209331
 210006
 210084
 210113
 210150
 210210
 210267
 210423
 210606
 210719
 210838
 210847
 210867
 210916
 210921
 210950
 211005
 211039
 211080
 211227
 211245
 211606
 211641
 211665
 211764
 211792
 211845
 212048
 212087
 212186
 212193
 212201
 212236
 212394
 212399
 212489
 212618
 212702
 212771
 212772
 212927
 213190
 213204
 213213
 213219
 213347
 213389
 213397
 213400
 213497
 213512
 213633
 213647
 213793
 213834
 213864
 214027
 214169
 214177
 214196
 214271
 214310
 214530
 214604
 214658
 214689
 214740
 214967
 215097
 215438
 215482
 215538
 215602
 215614
 215809
 216025
 216240
 216319
 216520
 216685
 216763
 216813
 216891
 216911
 216929
 216988
 217078
 217290
 217415
 217605
 218210
 218263
 218309
 218402
 218441
 218576
 218602
 218689
 218904
 219276
 219383
 219429
 219552
 219639
 219792
 219819
 219858
 220031
 220187
 220489
 220642
 220666
 220781
 220791
 220810
 220871
 221102
 221374
 221576
 221585
 221601
 221702
 221770
 221824
 221845
 221936
 222096
 222152
 222168
 222222
 222360
 222374
 222471
 222582
 222605
 222919
 223081
 223406
 223667
 223806
 224130
 224496
 224646
 224749
 224963
 225036
 225333
 225372
 225424
 225524
 225582
 225749
 225806
 225932
 226039
 226092
 226178
 226205
 226259
 226563
 226590
 226696
 226710
 226947
 227015
 227093
 227315
 227413
 227431
 227444
 227637
 227658
 227751
 227836
 227884
 227980
 228043
 228125
 228325
 228408
 228414
 228442
 228446
 228732
 228756
 228804
 229028
 229063
 229114
 229209
 229286
 229320
 229391
 229496
 229535
 229592
 229642
 229691
 229728
 229803
 229894
 230021
 230135
 230181
 230390
 230508
 230730
 230761
 230769
 230900
 231095
 231617
 231788
 231871
 231926
 232082
 232580
 232606
 232823
 232844
 232876
 233044
 233324
 233391
 233542
 233766
 233923
 233938
 233943
 234189
 234308
 234356
 234455
 234557
 234569
 234576
 234720
 234734
 234779
 234862
 234877
 234891
 234899
 234928
 235008
 235142
 235204
 235356
 235471
 235475
 235544
 235597
 235713
 235909
 235935
 235991
 236084
 236168
 236220
 236252
 236288
 236309
 236376
 236483
 236583
 236596
 236668
 236804
 236917
 236921
 236935
 237041
 237078
 237226
 237237
 237422
 237528
 237623
 237640
 237665
 237720
 237958
 237979
 238054
 238057
 238145
 238171
 238183
 238213
 238263
 238393
 238401
 238448
 238622
 238863
 238935
 238938
 239118
 239388
 239430
 239443
 239496
 239550
 239631
 239728
 239737
 239828
 239929
 239991
 240000
 240068
 240092
 240258
 240306
 240381
 240549
 240615
 240637
 240740
 240837
 240883
 240886
 240911
 241136
 241331
 241438
 241560
 241715
 241774
 241936
 241941
 242009
 242181
 242297
 242324
 242394
 242605
 242713
 242796
 242798
 242879
 242941
 243109
 243283
 243736
 243777
 243806
 243962
 244094
 244269
 244294
 244362
 244498
 244619
 244700
 244759
 245009
 245180
 245410
 245424
 245551
 245585
 245629
 245820
 245851
 245945
 246045
 246073
 246163
 246166
 246211
 246351
 246397
 246405
 246478
 246619
 246759
 247041
 247211
 247240
 247371
 247509
 247699
 247893
 247940
 247996
 247999
 248031
 248226
 248337
 248499
 248546
 248566
 248705
 248800
 248845
 248859
 248884
 249104
 249124
 249135
 249270
 249462
 249763
 249769
 250066
 250429
 250478
 250535
 250645
 250670
 250671
 250689
 250782
 250840
 250846
 250969
 251129
 251167
 251183
 251371
 251667
 251748
 251794
 251820
 251857
 251865
 252100
 252148
 252217
 252356
 252364
 252514
 252605
 252670
 252681
 253092
 253118
 253164
 253215
 253273
 253412
 253723
 253748
 253752
 253901
 253936
 254163
 254403
 254481
 254489
 254535
 254841
 254901
 254998
 255014
 255174
 255178
 255203
 255319
 255447
 255516
 255632
 255653
 255766
 255776
 255926
 256040
 256146
 256403
 256601
 256617
 256747
 256900
 257105
 257200
 257299
 257306
 257374
 257452
 257718
 257733
 257896
 257903
 257905
 258010
 258299
 258369
 258581
 258634
 258644
 258921
 259173
 259325
 259331
 259390
 259414
 259530
 259540
 259548
 259630
 259640
 259668
 259841
 259974
 260366
 260382
 260427
 260571
 260680
 260703
 260745
 261151
 261261
 261448
 261502
 261528
 261553
 261637
 261896
 261955
 262069
 262105
 262171
 262210
 262213
 262468
 262696
 262714
 262859
 262931
 262937
 262993
 263018
 263072
 263087
 263202
 263222
 263226
 263229
 263314
 263349
 263565
 263611
 263811
 263830
 264006
 264255
 264269
 264311
 264322
 264323
 264433
 264687
 264850
 264929
 264999
 265016
 265138
 265282
 265356
 265493
 265670
 265672
 265783
 265804
 266003
 266256
 266320
 266366
 266412
 266477
 266492
 266757
 266876
 266947
 267076
 267078
 267166
 267201
 267417
 267450
 267486
 267515
 267519
 267564
 267585
 268074
 268118
 268122
 268139
 268228
 268426
 268502
 268608
 268710
 268759
 268857
 268979
 269077
 269285
 269379
 269550
 269593
 269737
 269782
 269851
 269892
 269908
 269999
 270106
 270123
 270129
 270211
 270281
 270461
 270669
 271206
 271260
 271399
 271542
 272114
 272318
 272361
 272531
 272587
 272597
 272958
 272999
 273404
 273454
 273471
 273502
 273517
 273604
 273614
 273790
 273829
 274066
 274077
 274087
 274160
 274561
 274689
 274714
 274861
 274899
 275045
 275313
 275398
 275426
 275528
 275530
 275649
 275770
 275772
 275830
 275858
 275980
 275987
 276140
 276151
 276306
 276421
 276450
 276458
 276475
 276488
 276529
 276677
 276948
 277023
 277036
 277057
 277168
 277811
 278065
 278145
 278190
 278241
 278571
 278952
 279168
 279228
 279265
 279353
 279465
 279503
 279514
 279556
 279557
 279650
 280000
 280002
 280071
 280403
 280839
 280856
 281022
 281132
 281161
 281243
 281303
 281375
 281585
 281586
 281765
 281853
 282128
 282325
 282367
 282497
 282540
 282627
 282737
 282751
 282754
 282776
 282808
 282870
 283162
 283196
 283340
 283362
 283544
 283582
 283726
 283775
 283886
 284011
 284050
 284102
 284192
 284193
 284462
 284508
 284529
 284536
 284601
 284635
 284675
 284698
 284893
 285052
 285084
 285140
 285165
 285329
 285371
 285470
 285617
 285714
 285944
 286018
 286042
 286045
 286079
 286273
 286277
 286442
 286654
 286836
 286930
 286962
 287038
 287314
 287319
 287325
 287406
 287440
 287534
 287668
 287804
 288070
 288187
 288297
 288351
 288372
 288380
 288489
 288537
 288588
 288907
 288915
 288991
 288998
 289363
 289435
 289558
 289567
 289593
 289681
 289779
 289855
 289959
 290009
 290048
 290115
 290240
 290415
 290743
 290820
 290839
 290907
 291025
 291027
 291038
 291518
 291526
 291642
 291881
 291932
 291968
 292040
 292042
 292145
 292204
 292376
 292457
 292524
 292682
 292743
 292786
 292924
 293023
 293026
 293137
 293257
 293355
 293506
 293649
 293677
 293706
 293765
 293855
 293867
 293905
 294082
 294248
 294440
 294484
 294510
 294527
 294534
 294785
 294803
 294847
 294987
 295011
 295022
 295235
 295335
 295720
 295724
 295740
 295758
 295891
 295938
 296041
 296196
 296296
 296394
 296425
 296528
 296650
 296679
 296931
 297028
 297320
 297609
 297632
 297701
 297828
 297872
 297882
 297924
 298090
 298124
 298178
 298269
 298572
 298691
 298777
 298833
 298902
 299052
 299106
 299125
 299191
 299221
 299253
 299269
 299340
 299521
 299544
 299664
 299685
 299831
 299956
 299963
 300027
 300126
 300134
 300286
 300330
 300369
 300371
 300493
 300505
 300527
 300585
 300677
 300732
 300746
 300825
 300848
 300876
 300898
 300911
 300945
 300968
 301044
 301175
 301187
 301366
 301369
 301455
 301497
 301518
 301530
 301535
 301587
 301981
 301997
 302067
 302211
 302255
 302260
 302325
 302521
 302564
 302649
 302702
 302782
 302903
 302946
 303010
 303061
 303187
 303225
 303289
 303370
 303397
 303548
 303727
 303793
 303821
 303859
 303906
 303995
 304125
 304365
 304746
 304846
 304964
 304973
 304992
 305045
 305099
 305172
 305210
 305392
 305539
 305570
 305683
 305712
 305843
 306021
 306082
 306272
 306401
 306507
 306605
 306826
 306827
 306898
 307008
 307122
 307165
 307206
 307292
 307517
 307610
 307624
 307692
 307789
 307824
 307889
 308056
 308373
 308512
 308583
 308681
 308731
 308795
 309011
 309134
 309218
 309234
 309262
 309298
 309341
 309473
 309480
 309484
 309485
 309517
 309571
 309692
 309698
 309703
 309865
 309969
 310003
 310025
 310061
 310079
 310123
 310136
 310146
 310179
 310180
 310328
 310344
 310408
 310438
 310496
 310518
 310621
 310750
 310803
 310848
 310950
 311065
 311177
 311221
 311292
 311338
 311363
 311621
 311745
 312002
 312094
 312101
 312151
 312256
 312319
 312346
 312361
 312455
 312471
 312474
 312483
 312500
 312741
 312806
 312839
 312849
 312900
 312906
 313070
 313081
 313083
 313191
 313294
 313328
 313459
 313493
 313561
 313620
 313623
 313630
 313840
 313842
 313916
 313932
 313937
 313996
 314273
 314285
 314314
 314387
 314571
 314594
 314599
 314614
 314757
 314759
 314775
 314811
 314885
 315118
 315520
 315662
 315854
 315996
 316168
 316222
 316619
 316680
 316770
 316796
 316828
 316864
 316935
 316973
 317085
 317162
 317176
 317213
 317243
 317376
 317386
 317390
 317456
 317517
 317769
 317909
 318084
 318277
 318423
 318592
 318712
 318809
 318863
 318948
 318987
 319012
 319058
 319064
 319080
 319081
 319145
 319373
 319376
 319386
 319789
 320008
 320112
 320188
 320298
 320626
 320652
 320712
 320954
 321288
 321492
 321622
 321739
 321790
 321791
 321829
 321888
 321970
 321995
 322033
 322036
 322268
 322306
 322476
 322556
 322693
 322712
 322888
 322957
 322986
 323045
 323065
 323139
 323205
 323258
 323342
 323345
 323738
 323816
 323942
 323957
 324174
 324207
 324442
 324553
 324642
 324650
 324835
 324838
 324847
 324894
 324989
 325029
 325214
 325288
 325404
 325479
 325614
 326102
 326126
 326215
 326363
 326389
 326562
 326666
 326786
 326797
 326805
 326877
 327182
 327229
 327475
 327787
 327808
 327836
 327889
 327983
 328027
 328140
 328403
 328484
 328512
 328600
 328785
 328847
 328929
 329011
 329100
 329228
 329306
 329471
 329499
 329623
 329655
 330016
 330105
 330112
 330166
 330271
 330292
 330457
 330473
 330851
 330975
 331094
 331149
 331269
 331376
 331541
 331611
 331759
 331782
 331810
 332021
 332083
 332110
 332146
 332217
 332225
 332313
 332333
 332737
 332842
 332899
 332959
 333051
 333140
 333223
 333333
 333473
 333882
 333901
 334049
 334198
 334391
 334682
 334816
 334840
 334842
 334853
 334859
 334913
 335037
 335186
 335278
 335468
 335473
 335551
 335704
 335898
 336002
 336099
 336159
 336212
 336324
 336457
 336609
 336610
 336637
 336712
 336730
 336933
 337051
 337254
 337291
 337400
 337479
 337663
 337787
 337925
 338250
 338304
 338671
 338853
 338926
 339103
 339184
 339288
 339298
 339411
 339535
 339566
 339622
 339876
 339953
 340003
 340011
 340013
 340101
 340125
 340144
 340404
 340489
 340677
 340713
 340764
 340882
 340963
 341048
 341171
 341176
 341383
 341499
 341539
 341597
 341776
 342465
 342493
 342813
 342888
 342899
 342909
 343211
 343217
 343368
 343495
 343580
 343600
 343654
 343769
 343776
 343837
 343956
 343994
 344023
 344103
 344129
 344172
 344406
 344468
 344645
 344748
 344891
 344908
 345103
 345213
 345311
 345323
 345339
 345406
 345457
 345577
 345822
 345958
 346122
 346363
 346386
 346470
 346560
 346628
 346661
 346724
 346958
 347021
 347074
 347152
 347191
 347197
 347332
 347368
 347404
 347452
 347621
 347925
 347953
 348147
 348286
 348371
 348479
 348555
 348574
 348576
 348805
 348903
 349245
 349272
 349433
 349506
 349648
 349730
 349753
 349892
 349970
 350034
 350051
 350145
 350199
 350221
 350253
 350284
 350408
 350443
 350456
 350880
 350997
 351047
 351129
 351224
 351231
 351472
 351508
 351664
 351667
 351717
 351732
 351931
 352018
 352095
 352145
 352211
 352272
 352303
 352308
 352314
 352449
 352479
 352578
 352835
 352875
 352954
 353027
 353148
 353189
 353402
 353550
 353571
 353639
 353663
 353881
 353897
 354021
 354077
 354198
 354305
 354366
 354419
 354492
 354512
 354529
 354535
 354670
 354810
 354838
 354895
 355040
 355085
 355164
 355194
 355237
 355316
 355418
 355514
 355572
 355694
 355719
 355745
 355790
 355882
 356050
 356060
 356129
 356321
 356390
 356427
 356505
 356652
 356807
 356809
 356842
 356893
 356955
 357021
 357181
 357287
 357382
 357432
 357482
 357576
 357748
 357989
 358222
 358227
 358296
 358401
 358672
 358897
 358936
 359011
 359150
 359196
 359301
 359381
 359388
 359933
 359999
 360279
 360499
 360577
 360771
 360906
 361030
 361116
 361194
 361240
 361385
 361421
 361422
 361487
 361702
 361814
 362070
 362173
 362471
 362527
 362643
 362701
 362702
 362748
 362798
 362939
 362963
 362990
 363131
 363190
 363404
 363408
 363541
 363630
 363746
 363781
 363827
 363884
 364133
 364250
 364296
 364367
 364527
 364743
 364885
 365154
 365258
 365361
 365505
 365614
 365652
 365759
 365765
 365829
 365844
 365902
 366120
 366150
 366174
 366176
 366221
 366360
 366409
 366434
 366744
 366862
 367015
 367075
 367128
 367205
 367332
 367342
 367425
 367465
 367632
 367690
 367731
 368015
 368114
 368122
 368135
 368251
 368311
 368352
 368421
 368482
 368645
 368756
 368843
 369005
 369040
 369067
 369155
 369247
 369390
 369858
 369976
 370081
 370174
 370444
 370542
 370588
 370684
 370697
 370906
 371298
 371326
 371337
 371359
 371672
 371679
 371723
 371742
 371864
 371876
 371910
 371967
 372224
 372430
 372447
 372633
 372803
 372945
 373125
 373209
 373414
 373490
 373540
 373647
 373673
 373717
 373730
 373821
 374123
 374142
 374288
 374452
 374508
 374614
 374701
 374814
 374839
 374900
 375030
 375057
 375072
 375144
 375328
 375330
 375367
 375464
 375723
 376209
 376222
 376271
 376429
 376485
 376517
 376759
 376979
 377007
 377128
 377174
 377202
 377220
 377332
 377339
 377358
 377424
 377517
 377556
 377575
 377842
 378084
 378233
 378236
 378436
 378437
 378475
 378550
 378671
 379310
 379613
 379704
 379709
 379713
 379720
 379787
 379836
 379959
 379990
 380281
 380655
 380662
 380701
 380716
 380738
 380910
 381026
 381182
 381283
 381318
 381344
 381427
 381519
 381642
 381710
 381878
 381914
 381985
 382608
 382674
 382810
 382811
 382916
 382923
 382930
 382962
 382978
 383100
 383477
 383485
 383648
 383651
 383795
 383872
 383966
 383977
 384031
 384078
 384176
 384334
 384352
 384407
 384473
 384636
 384799
 384913
 385499
 385745
 385800
 386041
 386048
 386055
 386056
 386138
 386430
 386487
 386536
 386617
 386619
 386720
 386743
 386808
 386889
 387049
 387090
 387145
 387291
 387292
 387316
 387394
 387430
 387518
 387624
 388109
 388196
 388356
 388746
 388888
 389198
 389253
 389319
 389356
 389554
 389867
 389887
 390129
 390404
 390448
 390453
 390460
 390467
 390607
 390780
 390899
 391062
 391103
 391112
 391240
 391253
 391265
 391371
 391715
 391730
 391852
 391944
 391994
 392097
 392169
 392332
 392338
 392404
 392504
 392516
 392611
 392701
 392864
 393038
 393124
 393134
 393198
 393250
 393258
 393294
 393382
 393603
 393608
 393700
 393806
 393842
 393867
 393939
 393988
 394121
 394199
 394300
 394437
 394477
 394644
 394805
 394855
 394895
 394969
 395036
 395149
 395164
 395195
 395273
 395348
 395470
 395612
 395870
 395920
 396293
 396350
 396451
 396461
 396601
 396716
 396805
 396923
 397103
 397106
 397184
 397333
 397475
 397490
 397493
 397515
 397818
 397979
 398032
 398230
 398233
 398324
 398373
 398402
 398484
 398496
 399153
 399234
 399288
 399300
 399341
 399381
 399541
 399565
 399722
 399787
 399853
 399905
 400000
 400053
 400135
 400291
 400293
 400311
 400390
 400625
 400630
 400806
 401059
 401236
 401355
 401433
 401479
 401826
 401932
 402061
 402194
 402294
 402340
 402403
 402622
 402679
 402957
 402998
 403008
 403100
 403243
 403575
 403703
 403893
 403991
 404083
 404360
 404406
 404677
 405012
 405425
 405588
 405709
 405826
 405859
 406018
 406091
 406242
 406307
 406451
 406521
 406626
 406939
 406958
 406982
 406993
 407154
 407303
 407446
 407521
 407693
 407773
 407986
 408057
 408060
 408239
 408329
 408331
 408341
 408645
 408654
 408669
 408699
 408717
 408848
 408856
 409010
 409012
 409069
 409163
 409185
 409262
 409274
 409364
 409406
 409475
 409499
 409734
 409993
 410336
 410342
 410501
 410626
 410635
 410638
 410729
 410885
 410915
 411302
 411598
 411663
 411764
 411816
 412158
 412187
 412406
 412474
 412482
 412698
 412793
 412844
 412994
 413070
 413071
 413148
 413166
 413180
 413281
 413295
 413333
 413382
 413583
 413674
 413692
 413705
 413787
 413821
 413853
 414204
 414255
 414296
 414389
 414655
 414772
 414778
 415114
 415213
 415221
 415300
 415368
 415434
 415505
 415602
 415716
 415774
 415882
 415971
 416040
 416149
 416266
 416362
 416363
 416457
 416615
 416685
 416765
 416833
 416993
 417256
 417404
 417460
 417519
 417559
 417659
 417721
 417736
 417806
 417818
 417989
 417998
 418011
 418043
 418379
 418430
 418444
 418604
 418621
 419006
 419189
 419220
 419350
 419370
 419451
 419460
 419598
 419627
 419692
 419697
 419699
 419709
 419716
 419774
 419842
 420261
 420352
 420361
 420439
 420564
 420680
 420701
 420880
 420993
 421236
 421307
 421404
 421487
 421701
 421741
 421790
 421847
 421848
 421868
 421953
 422009
 422253
 422538
 422740
 422966
 423094
 423100
 423228
 423376
 423503
 423555
 423619
 423620
 423728
 423732
 423885
 423918
 423921
 424318
 424390
 424405
 424460
 424810
 424815
 424851
 424883
 424917
 425044
 425086
 425237
 425272
 425499
 425507
 425576
 425713
 425731
 425784
 425835
 425842
 425854
 425979
 425994
 426050
 426057
 426131
 426263
 426292
 426666
 426724
 426787
 426827
 426888
 427131
 427249
 427441
 427798
 427850
 428078
 428107
 428214
 428242
 428246
 428279
 428571
 429142
 429510
 429591
 429615
 429701
 429738
 429792
 429805
 429951
 429957
 430010
 430017
 430018
 430077
 430167
 430232
 430299
 430370
 430375
 430452
 430534
 430769
 431180
 431280
 431293
 431298
 431309
 431356
 431457
 431490
 431669
 431675
 431712
 431761
 431871
 432273
 432432
 432631
 432760
 432773
 432919
 433053
 433129
 433154
 433155
 433163
 433171
 433208
 433266
 433436
 433561
 433604
 433628
 433632
 433721
 433952
 433994
 434111
 434122
 434225
 434311
 434385
 434442
 434604
 434782
 435029
 435430
 435447
 435594
 435611
 435649
 435696
 435870
 435936
 436028
 436079
 436099
 436175
 436313
 436431
 436705
 436723
 436816
 436853
 436865
 437004
 437012
 437159
 437413
 437435
 437489
 437500
 437591
 437598
 437689
 437745
 437860
 437892
 437914
 437927
 438035
 438046
 438324
 438787
 438851
 438935
 438950
 438957
 438960
 439040
 439099
 439390
 439567
 439591
 439628
 439642
 439709
 439710
 439734
 439882
 440072
 440250
 440271
 440295
 440366
 440377
 440485
 440506
 440560
 440688
 440726
 440852
 440878
 440993
 441152
 441281
 441340
 441542
 441563
 441633
 441884
 441897
 441957
 442011
 442315
 442876
 442970
 443002
 443347
 443423
 443550
 443609
 443674
 443758
 443864
 443930
 443952
 444109
 444293
 444386
 444628
 444642
 444713
 444866
 444987
 445149
 445269
 445813
 445890
 446042
 446162
 446208
 446356
 446390
 446708
 446823
 446871
 446903
 446914
 447017
 447158
 447266
 447434
 447857
 448063
 448133
 448169
 448275
 448362
 448374
 448577
 448695
 448777
 448880
 448978
 449046
 449157
 449378
 449429
 449553
 449641
 449699
 450051
 450148
 450250
 450491
 450495
 450549
 450704
 450776
 450939
 450980
 450987
 451029
 451041
 451213
 451224
 451381
 451483
 451668
 451949
 452067
 452093
 452237
 452250
 452300
 452331
 452415
 452437
 452728
 452736
 452786
 452807
 452910
 453027
 453080
 453237
 453271
 453400
 453405
 453511
 453755
 454127
 454297
 454523
 454668
 454724
 454940
 454990
 455049
 455064
 455101
 455250
 455252
 455347
 455407
 455412
 455451
 455621
 455710
 455882
 455894
 456026
 456036
 456140
 456153
 456397
 456451
 456635
 456692
 456701
 456819
 456896
 456904
 457172
 457253
 457298
 457492
 457544
 457617
 457849
 457854
 457877
 457943
 457972
 458191
 458333
 458379
 458444
 458525
 458599
 458607
 458616
 458743
 458823
 458952
 459102
 459195
 459317
 459370
 459396
 459622
 459816
 459911
 460173
 460410
 460427
 460433
 460603
 460624
 461042
 461229
 461275
 461386
 461538
 461924
 462213
 462351
 462353
 462429
 462490
 462537
 462651
 462664
 462681
 462852
 463016
 463097
 463127
 463217
 463238
 463242
 463247
 463314
 463433
 463655
 463672
 463687
 464276
 464372
 464428
 464493
 464503
 464526
 464743
 464769
 465071
 465117
 465697
 465899
 466040
 466042
 466071
 466078
 466130
 466306
 466410
 466431
 466556
 466565
 466900
 466967
 466996
 467064
 467114
 467341
 467412
 467417
 467439
 467464
 467606
 467769
 467796
 467805
 467820
 467914
 468053
 468086
 468112
 468137
 468224
 468438
 468615
 468700
 468716
 468861
 468959
 469075
 469087
 469218
 469484
 469556
 469754
 469761
 469841
 469895
 470279
 470728
 470790
 470829
 470847
 470955
 471016
 471089
 471160
 471165
 471323
 471479
 471544
 471610
 471647
 471850
 471867
 471908
 471910
 472006
 472118
 472140
 472168
 472579
 472628
 472727
 472912
 473375
 473456
 473536
 473562
 473642
 473684
 473701
 473955
 473956
 473994
 474066
 474100
 474335
 474447
 474576
 474719
 474723
 474766
 474768
 474801
 474829
 474887
 474959
 474962
 475193
 475208
 475403
 475480
 475483
 475521
 475584
 475833
 475970
 476176
 476464
 476477
 476568
 476664
 477104
 477286
 477315
 477573
 477626
 477679
 477880
 478206
 478421
 478661
 478698
 478764
 478882
 479063
 479429
 479438
 479552
 479764
 479905
 480000
 480113
 480158
 480188
 480333
 480362
 480377
 481012
 481021
 481138
 481218
 481333
 481478
 481762
 481795
 481840
 481870
 482002
 482072
 482447
 482511
 482515
 482590
 482724
 482758
 482816
 482868
 482902
 483257
 483312
 483534
 483698
 483721
 484138
 484304
 484313
 484336
 484511
 484732
 484851
 485097
 485130
 485131
 485166
 485291
 485460
 485557
 485940
 486075
 486095
 486225
 486330
 486442
 486545
 486579
 486624
 486718
 486761
 486767
 486782
 486793
 486830
 486842
 486872
 486928
 486943
 487185
 487188
 487216
 487327
 487373
 487475
 487479
 487536
 487544
 487647
 487674
 487804
 487870
 487883
 487948
 488052
 488061
 488083
 488393
 488562
 488564
 488773
 488828
 488829
 488921
 488964
 489120
 489392
 489844
 489873
 489925
 489998
 490001
 490057
 490069
 490320
 490330
 490440
 490464
 490489
 490621
 490718
 490757
 491002
 491006
 491100
 491289
 491377
 491394
 491525
 491647
 491691
 491783
 491787
 491960
 491989
 492004
 492013
 492043
 492108
 492289
 492316
 492348
 492531
 492557
 492631
 492918
 493019
 493053
 493068
 493125
 493210
 493405
 493522
 493547
 493625
 493795
 493836
 493893
 493996
 494238
 494260
 494327
 494504
 494656
 494684
 494704
 494722
 494825
 494835
 494856
 494857
 495213
 495410
 495430
 495488
 495510
 495523
 495558
 495610
 495749
 495978
 496006
 496121
 496288
 496493
 496524
 496584
 496662
 496836
 496976
 496997
 497027
 497041
 497449
 497511
 497731
 497810
 497832
 497943
 497964
 498085
 498115
 498159
 498190
 498316
 498397
 498654
 498710
 498826
 498980
 499062
 499197
 499204
 499225
 499235
 499321
 499448
 499475
 499718
 500000
 500059
 500125
 500159
 500188
 500271
 500330
 500428
 500559
 500567
 500640
 500675
 500863
 500912
 500976
 501149
 501245
 501253
 501363
 501410
 501495
 501574
 501773
 501904
 501997
 502041
 502109
 502232
 502434
 502591
 502654
 502876
 503188
 503214
 503257
 503592
 503605
 503686
 503713
 503772
 503916
 503987
 504065
 504132
 504197
 504234
 504373
 504585
 504909
 505007
 505135
 505261
 505639
 505709
 506047
 506116
 506295
 506342
 506358
 506435
 506622
 506644
 506690
 506818
 506947
 506951
 506987
 506999
 507115
 507200
 507244
 507284
 507301
 507508
 507537
 507555
 507573
 507620
 507628
 507984
 508092
 508154
 508315
 508394
 508550
 508569
 508692
 508746
 508820
 509010
 509095
 509166
 509189
 509419
 509454
 509994
 510078
 510104
 510127
 510328
 510371
 510379
 510389
 510491
 510580
 510686
 510703
 510818
 511079
 511230
 511273
 511278
 511674
 511705
 511717
 511811
 511861
 511888
 511908
 512004
 512106
 512130
 512159
 512321
 512374
 512433
 512615
 512797
 512977
 513031
 513070
 513153
 513173
 513237
 513353
 513365
 513440
 513485
 513704
 514048
 514199
 514660
 514870
 514888
 514905
 514915
 514937
 515243
 515318
 515325
 515351
 515686
 515699
 515837
 516011
 516050
 516094
 516147
 516226
 516353
 516431
 516473
 516531
 516757
 516971
 516980
 516994
 517035
 517147
 517434
 517509
 517545
 517562
 517695
 517739
 517775
 517786
 517875
 518304
 518518
 518571
 518681
 518723
 518725
 518773
 518796
 519048
 519100
 519154
 519163
 519470
 519543
 519813
 519814
 519894
 520000
 520140
 520412
 520520
 520746
 520835
 520842
 520917
 521059
 521223
 521228
 521465
 521546
 521573
 521646
 521681
 521844
 521923
 521978
 522116
 522124
 522181
 522286
 522502
 522509
 522629
 522918
 523035
 523068
 523167
 523284
 523511
 523675
 523860
 523932
 523961
 524036
 524214
 524335
 524372
 524437
 524472
 524487
 524525
 524532
 524558
 524654
 524722
 524734
 524810
 524980
 525150
 525239
 525266
 525456
 525459
 525665
 525773
 525793
 525835
 526155
 526208
 526218
 526232
 526265
 526280
 526335
 526436
 526486
 526566
 526581
 526662
 526994
 527070
 527207
 527237
 527759
 527870
 527936
 527985
 528055
 528063
 528221
 528257
 528271
 528681
 528682
 528709
 528741
 528965
 528976
 529040
 529141
 529178
 529365
 529411
 529580
 529760
 530096
 530155
 530435
 530684
 530720
 530940
 531047
 531112
 531129
 531204
 531253
 531505
 531686
 531817
 531920
 531960
 531970
 532223
 532226
 532481
 532548
 532620
 532897
 532981
 533118
 533218
 533333
 533401
 533424
 533455
 533538
 533557
 533693
 533738
 533837
 534028
 534117
 534165
 534267
 534279
 534522
 534706
 534932
 534934
 535102
 535197
 535255
 535426
 535449
 535664
 535700
 535833
 536026
 536054
 536068
 536681
 536682
 536695
 536742
 536755
 536840
 536904
 536955
 536987
 536995
 537132
 537313
 537315
 537462
 537475
 537572
 538054
 538202
 538207
 538243
 538262
 538364
 538477
 538520
 538563
 538729
 538887
 538899
 538916
 539047
 539137
 539143
 539240
 539492
 539549
 539588
 539605
 539667
 539687
 539703
 539709
 539788
 539792
 540084
 540106
 540127
 541006
 541041
 541069
 541181
 541255
 541303
 541388
 541466
 541536
 541592
 541656
 541674
 541698
 541794
 541822
 541984
 542056
 542288
 542663
 542692
 542705
 543300
 543350
 543368
 543396
 543413
 543589
 543692
 543859
 543924
 543955
 544125
 544225
 544284
 544787
 544810
 544962
 544996
 545192
 545211
 545390
 545470
 545524
 545767
 545770
 545820
 545911
 545918
 546005
 546021
 546024
 546064
 546106
 546110
 546119
 546178
 546198
 546233
 546355
 546368
 546381
 546398
 546547
 546577
 546651
 546899
 546905
 546981
 546993
 547047
 547068
 547079
 547303
 547363
 547378
 547627
 547731
 547860
 547901
 548109
 548262
 548344
 548417
 548448
 548507
 548677
 548973
 549171
 549197
 549198
 549267
 549442
 549629
 549746
 549800
 549830
 549966
 550148
 550181
 550307
 550335
 550344
 550376
 550526
 550703
 551011
 551072
 551120
 551224
 551241
 551316
 551477
 551632
 551658
 551749
 551758
 551952
 551959
 552017
 552176
 552331
 552412
 552517
 552629
 552835
 552853
 552895
 553015
 553154
 553191
 553355
 553398
 553499
 553542
 553714
 553850
 553929
 553969
 554031
 554047
 554140
 554216
 554233
 554280
 554343
 554374
 554398
 554533
 554744
 554752
 555040
 555074
 555152
 555170
 555172
 555197
 555377
 555440
 555482
 555555
 555560
 555689
 555831
 555874
 556140
 556364
 556365
 556441
 556457
 556485
 556719
 556728
 556937
 557099
 557329
 557599
 557602
 557651
 557779
 557895
 557954
 558026
 558189
 558333
 558397
 558426
 558811
 558954
 559161
 559193
 559276
 559297
 559322
 559375
 559383
 559388
 559463
 559617
 559683
 559869
 559891
 559961
 559999
 560171
 560354
 560427
 560444
 560527
 560773
 560821
 561011
 561099
 561103
 561181
 561249
 561276
 561310
 561328
 561363
 561480
 561809
 562179
 562389
 562411
 562676
 562698
 563030
 563156
 563279
 563324
 563362
 563434
 563465
 563784
 563832
 563862
 563876
 563910
 563990
 564196
 564237
 564278
 564308
 564726
 564831
 564880
 565065
 565231
 565255
 565294
 565304
 565537
 566037
 566177
 566192
 566205
 566395
 566508
 566534
 566644
 567090
 567173
 567254
 567265
 567347
 567360
 567765
 567776
 567799
 567871
 568234
 568241
 568304
 568345
 568434
 568454
 568534
 568539
 568564
 568600
 568627
 568685
 568697
 568864
 569002
 569251
 569327
 569531
 569852
 569895
 570026
 570192
 570228
 570423
 570520
 570611
 570635
 570644
 570764
 570804
 571032
 571190
 571346
 571405
 571428
 571568
 571718
 571899
 571917
 571937
 571955
 572151
 572159
 572453
 572482
 572543
 572740
 573034
 573046
 573165
 573383
 573420
 573489
 573570
 573757
 573785
 573826
 574078
 574178
 574284
 574321
 574348
 574398
 574479
 574654
 574709
 574763
 574841
 574940
 575113
 575270
 575390
 575406
 575426
 575451
 575607
 575626
 575661
 575663
 575699
 575744
 575806
 575866
 575869
 576033
 576455
 576462
 576484
 576485
 576494
 576507
 576836
 576844
 576894
 576937
 577290
 577349
 577415
 577482
 577522
 577540
 577554
 577991
 578233
 578319
 578326
 578549
 578617
 578644
 578658
 578664
 578686
 579121
 579158
 579306
 579615
 579845
 580049
 580050
 580057
 580092
 580142
 580169
 580236
 580272
 580297
 580340
 580616
 580671
 580683
 580908
 581040
 581042
 581068
 581141
 581274
 581349
 581470
 581622
 581797
 581825
 582142
 582202
 582207
 582216
 582332
 582725
 582728
 582817
 582852
 582917
 582985
 583254
 583263
 583419
 583547
 583571
 583661
 583771
 583887
 583990
 584362
 584532
 584666
 584940
 585089
 585214
 585274
 585522
 585532
 585534
 585545
 585564
 585669
 585737
 585769
 585817
 585961
 586124
 586164
 586592
 586666
 586750
 586754
 587110
 587195
 587224
 587284
 587409
 587511
 587514
 587830
 587839
 587854
 587878
 588026
 588041
 588076
 588153
 588184
 588337
 588573
 588596
 588695
 588865
 588956
 589059
 589114
 589213
 589300
 589484
 589512
 589522
 589539
 589616
 589642
 589823
 590131
 590163
 590199
 590340
 590492
 590891
 591037
 591098
 591386
 591492
 591732
 591981
 592047
 592321
 592345
 592374
 592384
 592582
 592638
 592852
 593127
 593220
 593232
 593339
 593525
 593558
 593707
 593761
 593762
 593763
 593796
 593999
 594283
 594337
 594594
 595085
 595112
 595117
 595171
 595178
 595224
 595409
 595414
 595439
 595458
 595467
 595473
 595660
 595744
 595752
 595839
 595990
 596046
 596054
 596156
 596500
 596574
 596711
 596790
 596791
 596915
 596932
 596994
 597002
 597289
 597328
 597333
 597384
 597487
 597758
 597845
 597938
 598053
 598071
 598137
 598273
 598479
 598546
 598826
 598902
 598952
 599022
 599118
 599134
 599229
 599384
 599515
 599530
 599535
 599551
 599726
 599733
 599977
 599999
 600112
 600363
 600448
 600577
 600614
 600988
 601125
 601137
 601542
 601609
 601660
 601671
 601775
 601790
 601931
 602020
 602166
 602270
 602432
 602441
 602605
 602651
 602830
 602882
 602901
 603012
 603037
 603222
 603236
 603337
 603442
 603517
 603600
 603601
 603608
 603798
 603851
 603909
 603979
 604061
 604106
 604214
 604245
 604441
 604446
 604986
 605365
 605389
 605575
 605805
 605932
 605993
 606000
 606771
 606774
 606779
 606934
 606965
 607169
 607398
 607407
 607476
 607503
 607530
 607561
 607594
 607655
 607761
 607763
 607786
 607808
 607900
 607938
 608247
 608254
 608303
 608445
 608665
 608734
 608959
 609020
 609167
 609270
 609332
 609413
 609562
 609563
 609780
 609877
 609994
 610019
 610027
 610093
 610113
 610163
 610164
 610282
 610338
 610351
 610367
 610441
 610486
 610566
 610710
 610815
 610822
 610966
 610993
 611008
 611313
 611320
 611417
 611491
 611501
 611667
 611752
 611774
 611820
 611905
 612177
 612188
 612197
 612345
 612492
 612632
 612741
 612743
 612858
 612941
 612955
 613023
 613042
 613057
 613067
 613138
 613168
 613411
 613555
 613562
 613623
 613907
 614192
 614285
 614548
 614602
 614605
 614887
 615218
 615293
 615298
 615435
 615519
 615550
 615599
 615942
 616024
 616033
 616062
 616102
 616140
 616181
 616322
 616358
 616381
 616550
 616600
 616679
 616844
 616865
 616890
 616892
 617014
 617100
 617188
 617228
 617304
 617500
 617534
 617584
 617706
 617737
 617833
 617886
 617916
 618466
 618528
 618565
 618579
 618590
 618597
 618690
 618744
 618943
 618946
 619118
 619337
 619352
 619447
 619448
 619955
 620067
 620121
 620174
 620179
 620492
 620635
 620682
 620736
 620787
 620817
 620993
 621004
 621081
 621083
 621239
 621309
 621409
 621503
 621541
 621635
 621651
 621797
 621809
 621827
 621879
 621940
 622072
 622126
 622260
 622277
 622436
 622464
 622507
 622548
 622565
 622861
 622941
 623050
 623080
 623096
 623386
 623512
 623542
 623665
 623697
 623753
 623785
 623844
 624126
 624132
 624160
 624246
 624271
 624330
 624398
 624418
 624421
 624561
 624680
 624773
 624812
 624839
 624909
 624972
 624985
 625189
 625197
 625219
 625264
 625593
 625623
 625668
 625692
 625848
 625899
 626128
 626140
 626177
 626266
 626291
 626303
 626517
 626661
 626673
 626826
 627069
 627130
 627174
 627204
 627308
 627579
 627666
 627737
 627822
 627936
 628037
 628061
 628062
 628193
 628231
 628235
 628361
 628398
 628571
 628619
 628650
 628737
 628792
 628826
 628844
 628845
 628898
 628948
 628992
 628995
 629000
 629070
 629181
 629458
 629570
 629596
 630134
 630136
 630174
 630276
 630346
 630368
 630832
 631285
 631292
 631419
 631532
 631578
 631895
 631896
 631933
 632025
 632058
 632143
 632258
 632701
 632733
 633062
 633064
 633356
 633777
 633826
 633873
 633898
 634098
 634223
 634459
 634529
 634613
 634787
 634942
 634985
 635113
 635239
 635344
 635367
 635368
 635575
 635632
 635700
 635752
 635878
 635958
 635984
 636119
 636126
 636174
 636363
 636413
 636499
 636636
 636674
 636800
 636952
 637015
 637026
 637039
 637080
 637141
 637288
 637583
 637633
 637681
 637839
 637911
 637927
 637972
 638066
 638154
 638161
 638316
 638376
 638382
 638441
 638471
 638646
 638711
 638771
 638846
 638894
 638982
 639132
 639183
 639196
 639319
 639360
 639410
 639438
 639455
 639620
 639778
 640098
 640167
 640293
 640668
 640746
 640805
 641025
 641079
 641279
 641314
 641565
 641597
 641639
 641652
 641703
 641706
 641707
 641827
 641959
 642187
 642201
 642377
 642465
 642553
 642569
 642577
 642578
 642749
 642867
 642988
 643153
 643206
 643274
 643527
 643797
 643869
 643923
 643949
 643952
 644000
 644005
 644026
 644028
 644153
 644154
 644181
 644262
 644293
 644377
 644425
 644596
 644677
 644795
 644859
 644905
 645040
 645066
 645093
 645125
 645293
 645399
 645427
 645555
 645727
 645951
 646196
 646239
 646315
 646350
 646766
 646898
 647482
 647516
 647562
 647820
 647887
 647969
 648004
 648010
 648019
 648050
 648089
 648153
 648220
 648239
 648262
 648596
 648601
 648931
 649006
 649173
 649217
 649228
 649320
 649353
 649396
 649446
 649465
 649496
 649508
 649600
 649685
 649717
 649802
 649856
 649957
 649979
 650030
 650188
 650266
 650314
 650332
 650336
 650417
 650656
 650774
 650822
 650914
 651037
 651090
 651112
 651233
 651257
 651272
 651323
 651396
 651579
 651631
 651652
 651794
 651893
 651951
 652173
 652275
 652334
 652520
 652594
 652712
 652866
 652952
 653366
 653531
 653617
 653780
 653795
 653807
 653929
 654115
 654430
 654463
 654548
 654614
 654633
 654908
 654968
 655037
 655055
 655168
 655183
 655328
 655358
 655395
 655550
 655555
 655607
 655640
 655689
 655707
 655765
 655938
 656081
 656111
 656144
 656179
 656206
 656224
 656645
 656694
 656759
 656795
 656804
 656923
 656934
 656990
 657124
 657228
 657260
 657285
 657463
 657594
 657618
 657657
 657722
 657836
 657855
 657863
 657915
 657967
 658005
 658173
 658186
 658204
 658373
 658478
 658767
 659047
 659072
 659225
 659361
 659522
 659701
 659745
 659811
 659845
 659906
 659952
 660082
 660122
 660194
 660204
 660273
 660333
 660473
 660594
 660595
 660596
 660731
 660964
 661016
 661049
 661059
 661064
 661410
 661513
 661631
 661764
 661802
 661967
 661978
 662016
 662076
 662231
 662251
 662274
 662522
 662658
 662737
 662887
 662898
 663055
 663098
 663101
 663157
 663194
 663228
 663286
 663313
 663314
 663414
 663482
 663527
 663573
 663663
 663670
 664016
 664036
 664040
 664188
 664567
 664643
 664670
 664677
 664694
 664739
 664754
 664796
 664934
 665033
 665287
 665495
 665561
 665653
 665671
 665698
 665735
 665866
 665870
 666129
 666258
 666666
 666723
 666738
 666937
 666996
 667044
 667071
 667072
 667194
 667661
 667702
 667754
 667755
 667774
 667798
 667883
 667964
 668017
 668158
 668195
 668205
 668233
 668255
 668266
 668303
 668409
 668542
 668584
 668593
 668625
 668745
 668780
 668830
 669144
 669211
 669434
 669475
 669479
 669506
 669635
 669663
 669888
 669927
 670103
 670330
 670396
 670478
 670561
 670623
 670744
 670807
 670818
 670972
 671005
 671043
 671174
 671195
 671235
 671243
 671551
 671813
 671906
 671939
 672167
 672186
 672366
 672564
 672581
 672644
 672682
 672855
 673151
 673186
 673212
 673451
 673461
 673511
 673579
 673582
 673747
 674067
 674096
 674153
 674517
 674605
 674766
 674780
 674830
 674840
 674844
 675039
 675269
 675469
 675540
 675599
 675634
 675740
 675908
 675991
 676121
 676184
 676292
 676360
 676458
 676597
 676616
 676669
 676703
 676842
 676867
 676932
 677107
 677156
 677402
 677457
 677563
 677682
 677745
 677904
 677914
 678098
 678380
 678450
 678560
 678658
 678831
 678940
 679098
 679138
 679245
 679274
 679491
 679546
 679584
 679787
 679813
 679972
 680007
 680020
 680050
 680196
 680233
 680431
 680487
 680579
 680813
 680822
 680851
 680883
 680907
 681033
 681318
 681359
 681483
 681498
 681792
 681837
 681953
 681972
 682020
 682052
 682247
 682406
 682828
 682926
 683257
 683260
 683314
 683336
 683947
 683954
 683993
 684075
 684083
 684131
 684215
 684246
 684267
 684417
 684419
 684554
 684960
 685130
 685285
 685346
 685612
 685761
 686035
 686176
 686276
 686361
 686515
 686548
 686637
 686639
 686773
 686898
 686919
 686981
 687028
 687054
 687092
 687192
 687204
 687315
 687367
 687411
 687435
 687603
 687623
 687690
 687968
 687988
 688013
 688151
 688167
 688170
 688186
 688460
 688556
 688664
 688740
 688758
 688803
 688869
 688922
 688964
 689029
 689112
 689118
 689158
 689182
 689226
 689762
 689951
 690052
 690373
 690441
 690562
 690609
 691271
 691299
 691498
 691553
 691609
 691611
 691743
 691815
 691927
 691975
 691979
 692035
 692268
 692307
 692311
 692355
 692421
 692473
 692488
 692508
 692510
 692645
 692731
 693001
 693074
 693128
 693163
 693177
 693178
 693202
 693216
 693273
 693274
 693384
 693391
 693455
 693500
 693724
 693773
 694032
 694136
 694227
 694241
 694317
 694363
 694436
 694452
 694531
 694566
 694573
 694584
 694886
 694915
 695278
 695290
 695355
 695740
 695871
 696055
 696113
 696423
 696526
 696591
 696745
 696750
 696987
 697086
 697139
 697157
 697180
 697234
 697291
 697321
 697348
 697353
 697356
 697375
 697376
 697513
 697517
 697537
 697607
 697625
 697761
 697954
 698109
 698128
 698138
 698461
 698490
 698640
 698642
 698821
 698886
 699013
 699075
 699135
 699251
 699359
 699439
 699546
 699587
 699613
 699658
 699673
 699756
 699830
 699890
 699905
 699926
 700048
 700504
 700519
 700619
 700643
 700742
 700766
 700840
 700841
 701058
 701119
 701133
 701135
 701244
 701332
 701624
 701655
 701728
 701781
 701854
 701897
 702274
 702463
 702580
 702645
 702908
 702990
 703051
 703074
 703127
 703199
 703454
 703601
 703635
 703743
 703823
 703857
 703875
 703889
 703903
 703948
 704016
 704268
 704339
 704377
 704445
 704453
 704506
 705024
 705126
 705149
 705160
 705175
 705202
 705337
 705368
 705401
 705613
 705767
 705851
 705876
 706039
 706123
 706182
 706253
 706363
 706405
 706512
 706544
 706814
 707070
 707078
 707082
 707234
 707306
 707527
 707665
 707785
 707946
 707954
 707970
 708086
 708256
 708301
 708321
 708335
 708352
 708525
 708581
 708607
 708653
 708659
 708716
 708819
 708910
 709078
 709097
 709146
 709180
 709227
 709355
 709383
 709435
 709439
 709475
 709519
 709528
 709712
 709767
 709835
 709872
 709957
 710009
 710059
 710103
 710278
 710318
 710357
 710370
 710422
 710514
 710622
 710640
 710680
 710691
 710745
 710772
 710832
 711038
 711377
 711453
 711459
 711504
 711542
 711633
 711841
 711999
 712171
 712272
 712278
 712289
 712405
 712733
 712864
 712978
 713010
 713201
 713310
 713412
 713433
 713526
 713543
 713559
 713609
 713744
 713746
 713814
 713951
 714055
 714076
 714194
 714207
 714229
 714285
 714479
 714492
 714509
 714781
 714819
 714841
 714888
 715055
 715094
 715117
 715199
 715224
 715482
 715700
 715928
 716061
 716169
 716196
 716216
 716295
 716302
 716395
 716523
 716601
 716632
 716674
 716685
 716782
 717046
 717053
 717248
 717273
 717380
 717497
 717695
 717877
 717913
 718190
 718349
 718520
 718534
 718563
 718569
 718762
 718808
 718907
 718910
 718927
 719056
 719063
 719107
 719214
 719365
 719491
 719643
 719656
 719815
 719854
 720000
 720067
 720320
 720352
 720381
 720555
 720652
 720786
 720890
 721088
 721111
 721199
 721293
 721311
 721663
 721679
 721735
 721756
 721766
 721859
 721867
 721893
 721925
 721940
 722023
 722277
 722684
 722931
 722959
 723394
 723404
 723473
 723614
 723653
 723852
 723945
 724068
 724137
 724527
 724534
 724587
 724743
 724755
 724907
 725184
 725450
 725576
 725650
 725696
 725866
 725957
 726000
 726006
 726046
 726125
 726190
 726294
 726311
 726360
 726502
 726742
 726793
 726804
 726839
 726876
 726935
 727131
 727265
 727267
 727272
 727398
 727477
 727661
 727761
 727843
 728133
 728155
 728210
 728358
 728469
 728576
 728794
 728966
 729064
 729071
 729095
 729107
 729444
 729498
 729538
 729917
 729922
 729924
 730082
 730090
 730195
 730207
 730236
 730316
 730621
 730702
 730706
 730720
 730891
 731013
 731017
 731072
 731128
 731367
 731460
 731558
 731905
 732166
 732544
 732561
 732667
 732860
 732967
 733220
 733672
 733786
 733802
 733964
 734102
 734471
 734584
 734631
 734704
 734773
 734996
 735075
 735082
 735093
 735185
 735195
 735231
 735306
 735364
 735564
 735656
 735747
 735801
 735843
 735849
 736059
 736087
 736118
 736207
 736230
 736232
 736242
 736249
 736434
 736510
 736633
 736714
 736827
 736884
 736894
 736950
 737151
 737296
 737386
 737413
 737683
 737931
 738007
 738048
 738101
 738137
 738162
 738207
 738219
 738374
 738668
 739240
 739421
 739716
 739736
 739920
 740127
 740154
 740334
 740356
 740531
 740659
 740669
 740671
 740772
 740820
 740847
 741090
 741103
 741237
 741263
 741404
 741463
 741471
 741877
 742233
 742262
 742364
 742414
 742558
 742644
 742825
 742995
 743040
 743238
 743263
 743338
 743362
 743383
 743552
 743589
 743621
 743715
 743741
 743785
 743819
 743834
 743876
 743909
 743922
 744221
 744249
 744733
 744866
 744904
 745053
 745085
 745098
 745140
 745183
 745185
 745222
 745508
 745608
 745677
 745878
 745882
 745903
 745950
 746014
 746166
 746781
 746831
 746858
 746905
 746955
 747092
 747104
 747126
 747168
 747252
 747278
 747330
 747354
 747534
 747567
 747860
 747927
 748016
 748123
 748171
 748330
 748556
 748663
 748743
 748792
 748935
 749397
 749469
 749517
 749716
 749741
 749798
 749829
 749845
 749922
 749970
 750029
 750092
 750204
 750951
 751117
 751175
 751203
 751214
 751222
 751351
 751355
 751566
 751591
 751637
 751689
 751861
 751970
 751979
 752013
 752017
 752059
 752066
 752152
 752286
 752362
 752368
 752395
 752408
 752568
 752768
 752887
 752948
 752983
 753136
 753152
 753216
 753414
 753416
 753454
 753482
 753568
 753681
 753736
 753781
 753846
 754188
 754292
 754341
 754457
 754500
 754716
 754846
 755018
 755085
 755108
 755213
 755223
 755254
 755551
 755810
 755825
 755950
 756047
 756075
 756156
 756168
 756255
 756282
 756289
 756449
 756457
 756596
 756680
 756793
 756845
 757247
 757403
 757603
 757628
 757725
 757865
 758054
 758171
 758219
 758250
 758347
 758372
 758437
 758479
 758492
 758555
 758625
 758742
 758797
 758799
 758917
 759004
 759172
 759538
 759547
 759617
 759805
 759961
 759972
 760021
 760040
 760095
 760449
 760491
 760562
 760702
 760752
 760760
 760801
 760828
 760836
 761196
 761703
 761850
 761857
 761904
 761992
 762087
 762122
 762140
 762225
 762233
 762267
 762393
 762588
 762788
 762835
 762836
 763146
 763216
 763252
 763320
 763436
 763453
 763651
 763669
 763683
 763983
 764024
 764034
 764048
 764422
 764472
 764712
 764830
 764846
 764847
 764867
 764879
 764912
 764927
 764967
 765341
 765488
 765543
 765596
 765614
 765678
 765867
 765928
 766123
 766209
 766256
 766290
 766402
 766421
 766511
 766546
 766851
 766965
 766980
 767003
 767224
 767244
 767441
 767540
 767582
 767719
 767806
 767863
 768058
 768079
 768170
 768240
 768545
 768594
 768717
 768916
 768994
 769075
 769230
 769369
 769429
 769502
 769580
 769652
 769842
 770186
 770263
 770491
 770550
 770817
 770851
 771057
 771184
 771597
 771623
 771693
 771756
 771965
 772053
 772094
 772125
 772257
 772285
 772371
 772464
 772478
 772487
 772502
 772635
 772658
 772697
 772975
 772992
 773031
 773227
 773279
 773299
 773448
 773654
 773668
 773714
 773835
 774308
 774357
 774368
 774391
 774550
 774623
 774643
 774678
 774690
 774694
 774914
 774975
 775143
 775230
 775386
 775541
 775701
 776102
 776112
 776193
 776275
 776283
 776297
 776379
 776711
 776772
 776843
 777037
 777101
 777147
 777245
 777634
 777777
 777956
 778005
 778075
 778124
 778135
 778320
 778556
 778625
 778644
 778658
 778689
 778708
 779058
 779104
 779119
 779189
 779221
 779230
 779271
 779310
 779391
 779538
 779639
 779968
 780028
 780089
 780146
 780360
 780548
 780585
 780688
 781088
 781147
 781182
 781225
 781250
 781374
 781506
 781658
 781707
 781722
 781796
 781798
 781836
 781990
 782057
 782327
 782421
 782437
 782567
 782615
 782675
 782726
 782792
 782852
 782854
 782944
 782950
 783068
 783077
 783273
 783364
 783396
 783575
 783730
 783921
 783943
 784004
 784009
 784208
 784250
 784390
 784485
 784535
 784713
 784777
 784806
 785062
 785079
 785114
 785239
 785277
 785405
 785425
 785656
 785674
 785934
 785949
 786110
 786161
 786243
 786259
 786278
 786367
 786372
 786436
 786511
 786521
 786580
 786614
 786733
 786769
 786770
 786777
 786787
 786997
 787099
 787151
 787234
 787261
 787296
 787307
 787345
 787387
 787781
 787834
 787939
 788020
 788085
 788104
 788410
 788416
 788555
 788588
 788594
 788678
 788701
 788753
 788835
 788921
 788952
 789066
 789224
 789268
 789388
 789622
 789644
 789792
 789885
 789890
 789894
 789898
 789984
 790274
 790441
 790732
 790823
 791093
 791107
 791111
 791139
 791262
 791263
 791439
 791452
 791487
 791576
 791693
 791760
 791951
 792120
 792368
 792752
 792772
 792818
 792831
 792876
 793103
 793156
 793367
 793429
 793575
 793811
 793872
 793903
 793989
 794081
 794350
 794375
 794386
 794721
 794742
 794749
 794948
 794977
 795028
 795029
 795063
 795067
 795269
 795580
 795660
 795770
 795792
 795910
 795982
 796315
 796391
 796506
 796514
 796552
 796975
 797052
 797129
 797199
 797324
 797340
 797452
 797538
 797719
 798295
 798554
 798586
 798624
 798728
 798764
 798889
 799031
 799128
 799139
 799202
 799409
 799608
 799619
 799772
 799803
 799810
 799863
 799900
 800000
 800118
 800159
 800238
 800492
 800540
 800627
 800642
 800689
 800808
 800932
 801166
 801255
 801353
 801374
 801411
 801429
 801547
 801592
 801641
 801670
 801728
 801735
 801762
 801827
 801864
 801952
 801980
 802040
 802047
 802271
 802325
 802469
 802540
 802634
 802642
 802690
 802847
 802908
 803268
 803535
 803617
 803806
 803872
 803905
 803927
 804081
 804142
 804205
 804286
 804322
 804325
 804397
 804484
 804674
 804683
 804701
 804704
 804757
 804776
 804786
 804983
 805010
 805040
 805093
 805094
 805200
 805486
 805576
 805854
 805883
 805986
 806269
 806358
 806591
 806917
 806997
 807049
 807133
 807170
 807668
 807673
 807768
 808028
 808038
 808362
 808384
 808452
 808454
 808507
 808528
 808657
 808660
 808667
 808669
 808988
 808996
 809040
 809116
 809261
 809350
 809353
 809392
 809484
 809575
 809615
 809641
 809717
 809903
 810011
 810061
 810378
 810500
 810806
 810871
 810873
 811004
 811217
 811223
 811385
 811429
 811510
 811610
 811648
 811782
 811892
 811908
 812074
 812089
 812182
 812296
 812455
 812781
 813008
 813228
 813233
 813322
 813359
 813371
 813471
 813484
 813522
 813543
 814249
 814302
 814344
 814432
 814484
 814545
 814687
 814813
 815173
 815258
 815307
 815357
 815569
 815591
 815678
 815809
 815869
 815973
 816267
 816358
 816379
 816438
 816455
 816456
 816480
 817139
 817167
 817179
 817217
 817326
 817439
 817550
 817571
 817727
 817757
 817906
 818008
 818058
 818181
 818393
 818489
 818535
 818584
 818586
 818613
 818664
 818930
 819073
 819454
 819487
 819519
 819529
 819541
 819567
 819575
 819796
 819805
 819941
 820093
 820163
 820206
 820456
 820535
 820579
 820590
 820674
 820782
 820804
 820889
 820895
 820958
 821138
 821142
 821282
 821304
 821322
 821508
 821695
 821782
 821788
 821859
 821968
 822274
 822320
 822342
 822362
 822476
 822525
 822626
 822652
 822691
 822780
 822855
 822917
 823091
 823113
 823152
 823210
 823216
 823260
 823307
 823570
 823658
 823746
 823796
 823940
 823946
 823994
 823997
 824091
 824142
 824430
 824442
 824563
 824591
 824727
 824773
 824789
 824854
 824949
 825212
 825286
 825545
 825868
 825997
 826015
 826047
 826067
 826103
 826175
 826397
 826454
 826464
 826553
 826584
 826698
 826707
 826879
 826990
 827001
 827041
 827056
 827068
 827139
 827254
 827347
 827381
 827426
 827466
 827529
 827640
 827710
 827762
 827820
 827832
 827847
 827956
 828548
 828709
 828726
 828742
 828818
 828825
 829021
 829424
 829572
 829905
 829952
 830010
 830099
 830308
 830452
 830512
 830837
 830911
 831059
 831060
 831089
 831118
 831314
 831563
 831643
 831681
 831892
 831944
 831990
 832198
 832217
 832260
 832339
 832370
 832579
 832636
 832943
 832965
 832978
 833016
 833234
 833323
 833333
 833452
 834031
 834043
 834146
 834180
 834190
 834289
 834326
 834393
 834502
 834609
 834752
 834778
 834806
 834869
 835205
 835238
 835400
 835616
 835656
 835774
 835851
 835922
 836169
 836317
 836324
 836413
 836682
 836688
 836734
 836757
 836938
 837022
 837132
 837164
 837430
 837578
 837592
 837613
 837758
 837894
 837927
 837941
 838107
 838131
 838151
 838198
 838346
 838559
 838692
 838759
 838820
 838825
 838830
 838905
 839168
 839249
 839366
 839523
 839678
 839694
 839743
 839799
 839871
 840162
 840262
 840321
 840512
 840577
 840578
 840694
 841230
 841318
 841675
 841903
 841995
 842043
 842105
 842261
 842547
 842553
 842693
 842824
 842943
 842998
 843223
 843237
 843530
 843601
 843782
 844087
 844226
 844458
 844522
 844534
 844678
 844697
 844789
 844838
 845193
 845245
 845283
 845287
 845288
 845298
 845299
 845365
 845380
 845921
 846272
 846354
 846359
 846499
 846625
 846676
 846685
 846758
 846850
 847018
 847063
 847353
 847372
 847391
 847469
 847822
 847852
 847899
 847913
 847978
 847988
 848074
 848172
 848192
 848331
 848517
 848672
 848681
 848696
 848769
 848773
 848816
 848945
 849120
 849192
 849343
 849401
 849494
 849559
 849693
 849789
 849816
 849875
 849915
 850012
 850104
 850207
 850399
 850427
 850446
 850667
 850762
 850845
 850920
 850974
 851202
 851205
 851279
 851328
 851403
 851485
 851536
 851690
 851775
 851851
 852243
 852340
 852676
 852747
 852902
 852959
 853018
 853065
 853095
 853289
 853420
 853438
 853485
 853850
 853870
 854205
 854321
 854467
 854595
 854700
 854732
 855022
 855181
 855298
 855309
 855320
 855394
 855397
 855791
 855812
 855829
 855850
 855912
 855935
 856034
 856108
 856127
 856164
 856294
 856443
 856452
 856515
 856603
 856691
 856783
 856819
 856832
 856835
 856949
 857142
 857269
 857332
 857591
 857664
 857702
 857947
 858238
 858348
 858559
 858642
 858651
 858671
 858729
 858789
 858899
 859140
 859284
 859376
 859416
 859421
 859452
 859671
 859776
 859986
 860000
 860056
 860158
 860203
 860224
 860259
 860357
 860395
 860564
 860640
 860785
 860884
 860928
 860941
 861075
 861154
 861249
 861277
 861390
 861566
 861610
 861644
 861751
 861753
 861857
 862071
 862107
 862216
 862456
 862533
 862559
 862746
 862973
 863263
 863330
 863402
 863423
 864000
 864033
 864073
 864111
 864482
 864794
 864823
 865041
 865102
 865181
 865208
 865275
 865405
 865418
 865508
 865512
 865887
 865988
 866071
 866092
 866173
 866242
 866252
 866259
 866295
 866334
 866561
 866628
 866666
 866705
 866865
 866924
 866950
 866969
 867095
 867145
 867300
 867428
 867595
 867605
 867701
 867749
 867829
 867924
 867943
 868002
 868012
 868033
 868062
 868071
 868397
 868425
 868435
 868493
 868732
 868876
 868901
 869125
 869193
 869214
 869334
 869468
 869761
 869879
 869956
 870008
 870028
 870234
 870249
 870361
 870373
 870452
 870495
 870559
 870748
 870784
 870830
 870858
 870967
 871017
 871109
 871281
 871331
 871533
 871566
 871637
 871673
 871917
 872107
 872272
 872496
 872893
 872928
 873212
 873341
 873415
 873730
 873786
 874396
 874408
 874734
 874830
 875220
 875464
 875635
 875743
 875941
 875995
 875996
 876000
 876013
 876106
 876282
 876309
 876456
 876527
 876580
 876588
 876631
 876737
 876747
 876857
 877064
 877226
 877239
 877303
 877534
 877551
 877584
 877595
 877822
 877854
 877859
 877946
 878048
 878207
 878215
 878245
 878260
 878341
 878487
 878777
 878844
 878896
 879002
 879130
 879276
 879457
 879518
 879564
 879647
 879934
 879966
 880009
 880073
 880074
 880084
 880191
 880204
 880433
 880508
 880574
 880595
 880794
 880800
 880829
 880856
 880915
 881043
 881051
 881100
 881129
 881282
 881325
 881493
 881722
 881998
 882004
 882238
 882270
 882312
 882343
 882368
 882485
 882553
 882634
 882661
 882758
 882790
 882852
 883325
 883355
 883439
 883485
 883748
 883805
 883911
 884259
 884320
 884353
 884379
 884393
 884440
 884517
 884742
 884757
 884852
 884929
 884955
 885284
 885445
 885449
 885864
 886144
 886178
 886202
 886342
 886387
 886486
 886494
 886525
 886608
 886611
 886962
 887021
 887226
 887487
 887518
 887608
 887678
 887713
 887757
 887943
 888081
 888233
 888246
 888785
 888888
 889040
 889082
 889149
 889199
 889219
 889283
 889309
 889358
 889400
 889426
 889458
 889526
 889596
 889763
 889798
 889852
 889858
 889875
 889899
 890012
 890052
 890114
 890268
 890277
 890303
 890356
 890469
 890493
 890496
 890539
 890664
 890670
 890758
 890772
 890814
 891012
 891046
 891385
 891785
 891872
 892004
 892060
 892221
 892348
 892478
 892674
 892700
 892767
 892859
 892944
 892999
 893232
 893320
 893336
 893537
 893583
 893691
 893700
 893796
 893941
 893955
 893976
 894325
 894531
 894647
 894736
 894798
 894888
 894903
 894925
 895063
 895083
 895139
 895154
 895248
 895324
 895332
 895405
 895413
 895583
 895588
 895723
 895735
 895894
 896078
 896130
 896156
 896424
 896553
 896578
 896678
 896739
 896758
 896784
 896824
 896829
 896998
 897072
 897080
 897101
 897248
 897268
 897330
 897348
 897822
 897959
 897992
 898197
 898274
 898276
 898415
 898484
 898620
 898633
 898776
 898808
 898919
 899529
 899554
 899586
 899626
 899795
 899950
 899968
 900118
 900249
 900279
 900329
 900335
 900412
 900442
 900471
 900709
 900774
 901082
 901273
 901315
 901335
 901460
 901491
 901544
 901626
 901670
 901744
 901782
 902066
 902116
 902216
 902296
 902344
 902463
 902550
 902838
 903125
 903183
 903369
 903403
 903554
 903759
 903806
 903867
 903974
 903981
 904210
 904223
 904250
 904273
 904290
 904317
 904422
 904436
 904565
 904752
 904933
 905062
 905090
 905263
 905311
 905334
 905483
 905578
 905857
 906091
 906158
 906168
 906172
 906250
 906332
 906349
 906422
 906599
 906603
 906606
 906697
 906717
 906763
 906790
 906797
 906820
 906900
 906986
 907330
 907389
 907439
 907445
 907451
 907534
 907649
 907777
 907950
 908063
 908222
 908819
 908834
 908838
 908883
 909061
 909090
 909269
 909730
 909796
 909803
 909868
 909968
 910010
 910116
 910203
 910327
 910485
 910821
 911098
 911200
 911213
 911270
 911290
 911393
 911397
 911435
 911477
 911629
 911823
 911885
 911989
 912030
 912106
 912291
 912379
 912520
 912524
 912560
 912638
 912880
 912889
 913025
 913190
 913242
 913251
 913259
 913271
 913412
 913695
 913924
 913931
 914034
 914060
 914248
 914285
 914406
 914549
 914733
 914804
 914851
 914914
 914923
 914940
 915017
 915102
 915323
 915802
 915806
 915847
 915872
 915995
 916152
 916233
 916268
 916372
 916417
 916449
 916478
 916723
 916807
 916928
 916929
 916989
 917243
 917489
 917635
 917737
 917889
 918083
 918117
 918164
 918199
 918336
 918343
 918367
 918380
 918491
 918531
 918971
 918992
 919307
 919456
 919660
 919708
 919748
 919863
 919911
 919915
 919980
 920124
 920197
 920282
 920357
 920411
 920505
 920805
 920823
 920892
 920966
 920969
 920980
 921258
 921409
 921507
 921529
 921568
 921641
 921643
 921718
 921863
 921872
 921943
 921947
 921953
 922098
 922220
 922236
 922350
 922377
 922381
 922486
 922581
 922641
 922691
 922693
 922728
 922783
 922821
 922923
 922955
 922957
 923076
 923195
 923197
 923670
 923725
 924148
 924355
 924468
 924578
 924582
 924686
 924789
 925074
 925110
 925111
 925152
 925181
 925419
 925445
 925488
 925537
 925771
 925866
 925941
 925971
 926034
 926116
 926162
 926552
 926553
 926650
 926760
 926770
 926782
 926791
 926806
 926940
 926948
 926965
 926968
 926990
 927143
 927276
 927531
 927612
 927667
 928001
 928140
 928354
 928406
 928523
 928606
 928680
 928716
 928742
 928845
 928994
 929036
 929089
 929138
 929157
 929212
 929286
 929421
 929445
 929512
 929560
 929603
 929830
 929855
 929973
 930143
 930153
 930401
 930543
 930555
 930609
 930635
 930667
 930689
 930693
 931122
 931150
 931174
 931216
 931414
 931471
 931497
 931691
 931895
 931917
 931952
 932012
 932013
 932050
 932130
 932427
 932551
 932567
 932634
 932895
 933063
 933120
 933143
 933158
 933227
 933321
 933333
 933351
 933537
 933581
 933607
 933660
 933773
 934117
 934131
 934433
 934469
 934478
 934581
 934603
 934794
 934902
 934975
 935268
 935450
 935483
 935575
 935802
 936291
 936362
 936406
 936429
 936440
 936452
 936494
 936594
 936603
 936624
 936679
 936775
 936794
 936811
 936867
 936908
 936984
 937052
 937062
 937064
 937156
 937173
 937597
 937791
 937883
 938058
 938116
 938138
 938263
 938294
 938321
 938371
 938489
 938525
 938806
 938879
 938904
 938924
 938953
 938962
 939068
 939205
 939255
 939393
 939471
 939527
 939672
 939815
 939849
 939902
 940274
 940498
 940552
 940708
 940860
 941060
 941093
 941208
 941288
 941307
 941342
 941349
 941496
 941642
 941714
 941882
 942009
 942086
 942171
 942251
 942287
 942499
 942532
 942546
 942640
 942925
 943107
 943137
 943168
 943206
 943245
 943562
 943735
 943797
 943894
 943980
 944156
 944206
 944243
 944352
 944516
 944548
 944662
 944715
 944763
 944908
 944980
 945046
 945195
 945249
 945394
 945419
 945753
 945755
 945765
 946276
 946471
 946675
 946727
 946733
 946761
 946793
 946951
 947085
 947115
 947159
 947164
 947306
 947335
 947368
 947402
 947440
 947487
 947497
 948060
 948079
 948186
 948354
 948717
 949273
 949384
 949509
 949705
 949708
 949874
 950197
 950222
 950355
 950503
 950509
 950515
 950589
 950660
 950728
 950773
 950946
 951295
 951324
 951343
 951574
 951616
 951778
 951999
 952017
 952151
 952269
 952303
 952583
 952865
 952870
 952905
 952932
 953243
 953356
 953584
 953666
 953815
 953846
 953871
 954039
 954224
 954474
 954579
 954806
 954956
 954966
 954983
 954986
 955166
 955307
 955741
 955751
 955838
 955947
 956178
 956283
 956409
 956443
 956729
 956793
 956929
 956965
 957175
 957317
 957338
 957357
 957390
 957392
 957402
 957663
 957942
 957983
 958373
 958464
 958614
 958701
 958722
 958882
 958934
 958993
 959031
 959060
 959431
 959710
 959731
 959794
 959999
 960040
 960060
 960135
 960347
 960411
 960447
 960472
 960660
 960773
 960993
 961048
 961082
 961086
 961275
 961281
 961330
 961432
 961451
 961490
 961523
 961548
 961558
 961697
 961832
 961899
 961918
 961954
 962178
 962191
 962199
 962268
 962319
 962375
 962412
 962512
 962600
 962676
 962735
 962736
 962864
 962962
 962996
 963020
 963265
 963454
 963746
 963796
 963913
 964165
 964202
 964224
 964249
 964317
 964325
 964401
 964417
 964736
 964897
 964912
 964935
 964936
 964946
 965188
 965206
 965246
 965251
 965378
 965422
 965517
 965578
 965768
 965774
 965827
 965839
 965960
 965996
 966162
 966194
 966202
 966236
 966373
 966382
 966424
 966636
 966646
 966650
 966651
 966718
 966763
 966855
 966869
 966871
 966895
 967120
 967126
 967241
 967257
 967259
 967279
 967381
 967420
 967432
 967586
 967624
 967672
 967737
 967866
 967918
 968101
 968171
 968181
 968224
 968253
 968358
 968422
 968641
 968926
 968990
 969072
 969144
 969206
 969365
 969372
 969456
 969495
 969498
 969696
 969730
 969738
 969748
 969885
 970107
 970195
 970281
 970285
 970308
 970420
 970550
 970666
 970935
 971295
 971471
 971512
 972041
 972064
 972097
 972110
 972134
 972263
 972380
 972652
 972655
 972819
 972872
 972919
 972927
 972934
 972949
 973065
 973172
 973285
 973333
 973489
 973555
 973585
 973635
 973641
 973997
 974116
 974139
 974204
 974658
 974705
 974730
 974850
 974891
 975149
 975238
 975363
 975438
 975544
 975649
 975764
 975945
 975960
 976126
 976138
 976339
 976615
 976662
 976712
 976855
 976958
 977008
 977174
 977225
 977292
 977528
 977673
 977879
 978032
 978292
 978460
 978702
 978768
 978856
 978984
 979190
 979516
 979526
 979661
 979847
 979851
 980265
 980305
 980364
 980503
 980596
 980640
 980678
 981078
 981242
 981273
 981315
 981384
 981623
 981652
 981756
 981957
 982282
 982296
 982365
 982390
 982526
 982540
 982709
 983214
 983303
 983459
 983596
 983706
 983727
 983975
 984156
 984356
 984526
 984538
 984572
 984591
 984653
 984710
 984803
 984814
 984941
 985026
 985559
 985739
 985939
 986183
 986220
 986301
 986586
 986597
 986670
 986852
 986866
 987012
 987216
 987230
 987281
 987367
 987437
 987641
 987654
 987678
 987687
 987770
 987951
 988040
 988095
 988179
 988221
 988301
 988370
 988465
 988516
 988547
 988599
 988736
 988772
 988831
 988926
 989244
 989265
 989655
 989660
 989744
 989776
 989974
 990027
 990115
 990123
 990249
 990404
 990472
 990497
 990510
 990619
 990705
 990753
 990791
 990916
 990952
 990954
 991006
 991023
 991416
 991465
 991486
 991603
 991665
 991710
 991816
 991835
 991869
 991886
 991944
 992024
 992212
 992369
 992413
 992541
 992561
 992890
 992900
 992907
 993120
 993239
 993659
 993688
 993812
 993884
 993901
 994030
 994139
 994153
 994202
 994235
 994248
 994341
 994368
 994453
 994536
 994593
 994722
 994780
 994892
 994990
 995045
 995378
 995471
 995708
 996307
 996388
 996571
 996681
 996861
 996974
 997045
 997275
 997362
 997487
 997514
 997547
 997549
 997678
 997798
 997824
 997845
 997863
 998266
 998297
 998461
 998623
 998634
 998731
 998746
 998772
 998857
 998886
 998970
 998983
 999066
 999073
 999090
 999168
 999244
 999246
 999402
 999554
 999567
 999647
 