0
 0
 438
 569
 678
 855
 1080
 1096
 1154
 1198
 1225
 1250
 1267
 1326
 1503
 1546
 1547
 1606
 1610
 1686
 1690
 1927
 1976
 2021
 2266
 2391
 2454
 2513
 2699
 2749
 2825
 2885
 2963
 3214
 3234
 3414
 3583
 3614
 3690
 3862
 4158
 4169
 4312
 4326
 4365
 4425
 4532
 4577
 4641
 4649
 4816
 4861
 5122
 5129
 5144
 5200
 5371
 5472
 5515
 5523
 5644
 5768
 5803
 5859
 5992
 6234
 6353
 6397
 6418
 6442
 6657
 6735
 6820
 7006
 7249
 7369
 7381
 7474
 7496
 7562
 7594
 7629
 7803
 7853
 7909
 8027
 8086
 8345
 8391
 8567
 8674
 8771
 8960
 9127
 9275
 9279
 9514
 9516
 9661
 9714
 9766
 9819
 9868
 9978
 10044
 10069
 10176
 10183
 10186
 10321
 10412
 10597
 10923
 11377
 11417
 11455
 11688
 11849
 11864
 11954
 12023
 12075
 12109
 12137
 12310
 12345
 12352
 12363
 12519
 12675
 12783
 12828
 13113
 13166
 13195
 13255
 13272
 13287
 13678
 13754
 13895
 13985
 14023
 14221
 14385
 14509
 14560
 14677
 14689
 14690
 14749
 14991
 15165
 15313
 15318
 15491
 15555
 15638
 15657
 15675
 15687
 15787
 15794
 15924
 15994
 16088
 16098
 16174
 16331
 16576
 16594
 16664
 16944
 17123
 17206
 17245
 17245
 17292
 17536
 17577
 17596
 17624
 17990
 18044
 18045
 18055
 18078
 18214
 18218
 18300
 18370
 18392
 18606
 18987
 19216
 19361
 19592
 19740
 19748
 19848
 19880
 19998
 20371
 20453
 20498
 20525
 20533
 20546
 20720
 20830
 20836
 20843
 21064
 21065
 21070
 21260
 21297
 21498
 21540
 21648
 21771
 21879
 21899
 21968
 22117
 22250
 22394
 22423
 22456
 22708
 22807
 22807
 22814
 22856
 23108
 23157
 23209
 23341
 23427
 23761
 23819
 23892
 23899
 24097
 24104
 24163
 24240
 24349
 24385
 24435
 24511
 24567
 24881
 24920
 24986
 25213
 25377
 25530
 25559
 25732
 25794
 25806
 25846
 26059
 26338
 26371
 26418
 26749
 26923
 26927
 26935
 27059
 27132
 27231
 27239
 27250
 27288
 27370
 27402
 27526
 27534
 27706
 27738
 27777
 27844
 28066
 28080
 28111
 28193
 28258
 28530
 28817
 29070
 29118
 29163
 29173
 29369
 29549
 29599
 29655
 29742
 29749
 29964
 30012
 30080
 30119
 30175
 30205
 30206
 30532
 30532
 30660
 30690
 30798
 31083
 31179
 31230
 31382
 31384
 31415
 31506
 31730
 31758
 31787
 31865
 31897
 32046
 32094
 32123
 32143
 32165
 32383
 32456
 32460
 32653
 32780
 32917
 32966
 33051
 33163
 33333
 33448
 33469
 33527
 33618
 33689
 33839
 33876
 33893
 33909
 33914
 33924
 34026
 34064
 34243
 34359
 34401
 34449
 34454
 34476
 34634
 34666
 34688
 34708
 34737
 34770
 34773
 35035
 35058
 35094
 35128
 35194
 35199
 35341
 35408
 35414
 35491
 35636
 35806
 35882
 36005
 36168
 36249
 36369
 36471
 36486
 36500
 36518
 37034
 37061
 37062
 37063
 37150
 37172
 37184
 37236
 37252
 37334
 37345
 37484
 37609
 37717
 37776
 38025
 38073
 38093
 38233
 38516
 38523
 38569
 38884
 38945
 39002
 39228
 39542
 39544
 39675
 39715
 39790
 39852
 39931
 39942
 40107
 40168
 40237
 40264
 40342
 40531
 40698
 40921
 40943
 41102
 41125
 41457
 41529
 41571
 41644
 41870
 42012
 42053
 42130
 42179
 42181
 42296
 42506
 42791
 42839
 42848
 42944
 43054
 43117
 43151
 43157
 43398
 43512
 43697
 43721
 43890
 43984
 44210
 44236
 44459
 44749
 44772
 44935
 45006
 45022
 45200
 45335
 45405
 45549
 45678
 46116
 46260
 46335
 46389
 46666
 46707
 46788
 46896
 47263
 47406
 47591
 47628
 47831
 48031
 48041
 48075
 48177
 48225
 48290
 48468
 48995
 49038
 49282
 49344
 49455
 49593
 49621
 49787
 