0
 0
 0
 0
 0
 0
 0
 0
 0
 0
 0
 0
 0
 0
 0
 217
 275
 301
 464
 544
 684
 773
 1002
 1159
 1233
 1405
 1452
 1645
 1705
 1708
 1787
 1802
 2050
 2084
 2115
 2164
 2426
 2568
 2658
 2706
 2713
 2739
 2832
 3255
 3338
 3389
 3394
 3729
 3889
 3935
 4014
 4126
 4474
 4493
 4524
 4632
 4674
 4750
 5011
 5125
 5159
 5167
 5182
 5424
 5753
 5785
 5858
 6067
 6156
 6278
 6330
 6334
 6568
 6947
 6949
 7114
 7148
 7219
 7225
 7269
 7447
 7681
 7685
 7744
 7779
 7957
 7963
 8029
 8039
 8094
 8164
 8206
 8288
 8293
 8644
 8752
 8844
 8849
 8873
 8971
 9124
 9130
 9204
 9264
 9364
 9523
 9555
 9896
 9966
 9999
 10033
 10238
 10283
 10502
 10621
 10724
 10768
 10857
 10915
 10928
 10995
 11051
 11147
 11207
 11376
 11453
 11760
 11789
 11980
 12088
 12195
 12497
 12624
 12700
 12720
 12743
 12787
 12838
 12898
 12925
 13033
 13144
 13159
 14021
 14035
 14208
 14231
 14559
 14746
 14827
 14851
 14998
 15076
 15365
 15568
 15852
 16142
 16444
 16528
 16561
 16706
 16767
 17054
 17074
 17119
 17185
 17393
 17439
 17543
 17626
 17686
 17751
 18001
 18165
 18280
 18321
 18348
 18433
 18492
 18666
 18688
 18800
 18843
 18877
 18923
 18987
 18989
 19020
 19050
 19385
 19729
 19738
 19799
 19801
 19854
 19868
 19873
 19873
 19923
 20131
 20179
 20196
 20238
 20297
 20343
 20739
 20907
 20908
 20953
 20954
 20979
 21017
 21154
 21179
 21312
 21411
 21430
 21466
 21652
 21842
 21894
 21897
 22471
 22690
 22731
 22735
 22765
 22786
 22913
 22983
 23072
 23246
 23283
 23331
 23342
 23371
 23634
 23661
 23918
 23966
 24054
 24064
 24316
 24664
 24731
 24902
 24989
 25006
 25039
 25697
 25723
 25769
 25776
 25906
 26048
 26086
 26209
 26363
 26470
 26525
 26709
 26731
 26749
 26794
 26809
 26844
 26863
 26868
 27183
 27241
 27282
 27421
 27545
 27623
 27625
 27752
 27799
 27888
 27939
 28018
 28061
 28233
 28444
 28553
 28700
 28834
 28897
 28939
 28974
 29261
 29286
 29321
 29331
 29388
 29508
 29579
 29608
 29628
 29682
 29819
 29945
 30001
 30161
 30231
 30391
 30465
 30496
 30506
 30507
 30544
 30899
 31124
 31150
 31232
 31262
 31363
 31509
 31961
 32086
 32113
 32147
 32167
 32258
 32263
 32270
 32271
 32545
 32672
 32727
 32826
 33196
 33223
 33277
 33296
 33346
 33469
 33546
 33588
 33747
 33937
 33999
 34122
 34149
 34154
 34342
 34355
 34416
 34482
 34493
 34560
 34639
 34688
 34708
 34894
 35165
 35203
 35302
 35344
 35401
 35447
 35505
 35548
 35620
 35720
 35741
 35836
 35936
 35971
 36182
 36215
 36261
 36374
 36406
 36478
 36601
 36625
 36632
 36805
 36807
 36943
 36986
 37018
 37037
 37058
 37074
 37102
 37178
 37218
 37495
 37844
 37899
 38036
 38123
 38176
 38282
 38487
 38650
 39139
 39247
 39315
 39316
 39381
 39497
 39548
 39748
 39781
 39828
 40033
 40114
 40156
 40201
 40273
 40339
 40367
 40432
 40528
 40536
 40652
 40681
 40699
 40741
 40761
 40891
 41113
 41332
 41350
 41411
 41436
 41847
 41885
 41952
 42056
 42099
 42170
 42207
 42317
 42329
 42339
 42415
 42416
 42452
 42513
 42573
 42589
 42609
 42652
 42652
 42701
 42715
 42763
 42797
 42804
 43088
 43092
 43180
 43181
 43196
 43275
 43489
 43528
 43528
 43557
 43806
 43920
 43952
 44066
 44223
 44452
 44469
 44869
 44943
 44975
 45053
 45077
 45156
 45180
 45237
 45477
 45566
 45607
 45676
 45994
 46003
 46148
 46448
 46681
 46691
 46700
 46802
 46991
 47207
 47244
 47588
 47656
 47779
 47982
 48147
 48274
 48562
 48601
 48625
 48686
 48715
 48827
 48836
 49213
 49277
 49289
 49397
 49503
 49785
 49845
 49850
 49866
 49912
 49949
 49963
 50085
 50218
 50283
 50351
 50583
 50609
 50632
 50651
 50829
 51050
 51063
 51070
 51153
 51176
 51248
 51335
 51466
 51750
 51761
 51776
 51894
 51902
 52184
 52388
 52418
 52476
 52782
 52792
 52829
 52837
 52889
 53184
 53204
 53287
 53347
 53379
 53475
 53555
 53567
 53644
 53843
 53884
 53916
 53921
 53992
 54054
 54089
 54171
 54664
 54707
 54843
 54950
 55239
 55241
 55358
 55555
 55689
 55808
 55822
 55922
 56022
 56432
 56572
 56737
 56822
 56830
 56832
 56841
 56949
 56960
 57085
 57154
 57344
 57351
 57572
 57867
 58009
 58033
 58059
 58151
 58416
 58423
 58482
 58577
 58792
 58823
 58879
 58995
 58996
 59007
 59100
 59203
 59291
 59351
 59486
 59631
 59679
 59690
 59711
 59810
 60050
 60063
 60097
 60199
 60863
 60972
 60993
 61145
 61251
 61292
 61500
 62068
 62074
 62330
 62330
 62387
 62398
 62423
 62497
 62500
 62616
 62793
 62873
 63157
 63182
 63547
 63606
 63606
 63618
 63655
 63791
 63882
 63903
 63992
 64005
 64046
 64183
 64312
 64498
 64541
 64542
 64615
 64685
 65155
 65376
 65572
 65690
 65942
 65963
 65992
 66101
 66178
 66201
 66465
 66626
 66787
 66877
 67021
 67240
 67247
 67513
 67521
 67638
 67729
 67743
 67852
 67928
 67935
 68088
 68147
 68246
 68248
 68275
 68310
 68482
 68535
 68560
 68574
 68656
 68661
 68841
 68909
 69198
 69318
 69450
 69459
 69653
 69759
 69928
 70023
 70218
 70333
 70382
 70460
 70484
 70689
 70748
 70942
 71024
 71264
 71366
 71556
 71698
 71703
 71719
 71767
 71774
 71790
 71918
 72055
 72222
 72231
 72236
 72305
 72394
 72523
 72590
 72611
 72702
 72791
 73064
 73070
 73181
 73232
 73370
 73394
 73405
 73809
 74807
 74870
 74901
 74957
 75074
 75370
 75471
 75479
 75888
 76153
 76182
 76184
 76256
 76297
 76321
 76383
 76631
 76639
 76841
 76853
 76923
 76932
 76997
 77051
 77298
 77341
 77504
 77701
 77759
 77838
 77996
 78100
 78407
 78651
 78746
 78770
 78816
 78921
 79057
 79283
 79308
 79316
 79757
 79768
 79887
 80111
 80131
 80213
 80213
 80309
 80328
 80459
 80473
 80565
 80591
 80670
 80845
 80878
 80914
 81042
 81072
 81260
 81416
 81472
 81588
 81691
 81833
 81967
 82026
 82030
 82084
 82107
 82565
 82570
 82670
 82891
 82907
 83291
 83508
 83532
 83601
 83640
 83765
 83916
 83969
 84135
 84182
 84199
 84345
 84452
 84510
 84517
 84894
 84908
 84995
 85114
 85194
 85258
 85267
 85360
 85408
 85465
 85836
 85883
 86058
 86460
 86670
 86687
 86702
 86845
 87066
 87069
 87093
 87163
 87309
 87309
 87475
 87607
 87861
 88040
 88060
 88105
 88122
 88125
 88163
 88337
 88370
 88527
 88575
 88717
 88967
 89053
 89357
 89447
 89734
 89871
 90105
 90114
 90138
 90225
 90494
 90507
 90566
 90637
 90649
 90829
 90830
 90855
 90909
 90936
 91114
 91142
 91403
 91735
 91828
 91963
 92052
 92274
 92478
 92660
 92866
 92911
 92917
 93026
 93027
 93040
 93148
 93234
 93286
 93540
 93606
 93788
 94055
 94057
 94093
 94129
 94222
 94339
 94364
 94462
 94527
 94743
 94890
 94910
 94963
 94964
 95031
 95035
 95175
 95332
 95381
 95386
 95643
 95647
 95693
 95701
 95774
 95866
 95868
 96095
 96118
 96444
 96804
 97047
 97116
 97408
 97426
 97456
 97493
 97518
 97785
 97790
 97797
 97940
 98130
 98237
 98360
 98372
 98388
 98414
 98617
 98643
 98660
 98735
 98780
 98815
 99112
 99190
 99222
 99327
 99341
 99382
 99542
 100070
 100252
 100307
 100517
 100672
 100831
 100856
 100917
 100919
 100996
 101017
 101062
 101512
 101520
 101796
 101969
 102170
 102215
 102346
 102390
 102604
 102633
 102774
 102893
 102988
 103154
 103250
 103313
 103332
 103346
 103530
 103532
 103542
 103567
 103766
 103814
 103891
 104277
 104311
 104314
 104624
 104751
 104799
 104885
 105084
 105263
 105407
 105507
 105643
 105689
 105699
 105903
 105907
 105977
 106054
 106069
 106161
 106301
 106460
 106514
 106640
 106729
 106747
 106831
 106843
 107033
 107342
 107603
 107668
 107698
 107924
 107974
 107981
 108146
 108345
 108737
 108797
 108899
 108928
 109062
 109148
 109283
 109829
 110091
 110173
 110198
 110280
 110617
 110724
 110859
 111003
 111103
 111212
 111240
 111359
 111582
 111690
 111745
 111772
 111774
 111810
 111932
 112061
 112189
 112906
 113122
 113126
 113186
 113285
 113344
 113470
 113510
 113513
 113587
 113621
 113671
 113821
 113828
 113846
 113924
 113924
 113973
 114031
 114033
 114127
 114190
 114343
 114382
 114480
 114631
 114715
 114852
 114943
 115022
 115140
 115264
 115327
 115337
 115360
 115375
 115534
 115951
 116216
 116261
 116301
 116392
 116620
 116941
 117264
 117606
 117647
 118049
 118062
 118238
 118299
 118431
 118498
 118518
 118539
 118607
 118798
 118839
 119076
 119113
 119155
 119270
 119585
 119625
 119647
 119778
 119862
 119923
 119941
 120253
 120349
 120544
 120592
 120889
 120946
 120953
 120984
 121077
 121165
 121181
 121241
 121348
 121365
 121437
 121567
 121673
 121809
 121951
 121976
 122065
 122178
 122197
 122436
 122613
 122697
 122789
 123058
 123076
 123361
 123409
 123434
 123532
 123650
 123697
 123706
 123794
 123845
 123890
 123948
 124292
 124463
 124509
 124627
 124853
 125153
 125237
 125362
 125595
 125629
 125645
 125663
 125792
 125823
 125902
 125914
 125956
 126039
 126047
 126183
 126188
 126438
 126533
 126679
 126827
 126905
 126935
 127088
 127314
 127357
 127392
 127395
 127515
 127539
 127580
 127612
 127642
 127682
 127719
 127746
 127979
 128034
 128039
 128061
 128090
 128183
 128188
 128259
 128688
 128971
 129168
 129251
 129258
 129263
 129398
 129506
 129653
 129686
 129793
 129811
 129812
 129870
 129897
 130029
 130099
 130117
 130165
 130181
 130186
 130240
 130253
 130676
 130702
 130707
 130898
 130950
 131268
 131421
 131521
 131605
 131649
 131943
 131948
 131954
 132000
 132020
 132219
 132255
 132345
 132407
 132437
 132446
 132492
 132504
 132591
 132609
 132695
 132731
 132745
 132879
 133007
 133164
 133169
 133282
 133333
 133381
 133557
 133671
 133873
 133978
 134009
 134065
 134272
 134283
 134299
 134452
 134726
 135068
 135200
 135234
 135437
 135490
 135577
 135586
 135818
 135819
 136004
 136057
 136235
 136506
 136752
 136917
 137121
 137170
 137181
 137191
 137330
 137349
 137384
 137543
 137769
 138125
 138169
 138181
 138229
 138405
 138503
 138540
 138576
 138663
 138856
 138989
 139103
 139150
 139171
 139252
 139342
 139390
 139400
 139589
 139636
 139726
 140169
 140195
 140233
 140298
 140405
 140530
 140715
 140785
 140883
 141328
 141332
 141383
 141391
 141420
 141430
 141454
 141939
 142091
 142106
 142180
 142251
 142395
 142459
 142857
 142950
 142963
 142974
 143160
 143162
 143219
 143775
 143884
 143976
 143983
 144030
 144094
 144097
 144107
 144164
 144279
 144347
 144664
 144679
 144706
 144755
 144979
 145065
 145069
 145184
 145310
 145511
 145557
 145659
 145825
 145848
 145861
 146041
 146058
 146134
 146175
 146391
 146447
 146516
 146627
 146627
 146823
 146920
 146945
 147031
 147081
 147172
 147294
 147320
 147404
 147478
 147554
 147627
 148019
 148063
 148102
 148115
 148190
 148229
 148291
 148371
 148489
 148511
 148780
 148867
 148952
 148993
 149119
 149269
 149315
 149362
 149364
 149365
 149524
 149589
 149632
 149831
 150110
 150163
 150195
 150197
 150208
 150488
 150616
 150684
 150750
 150762
 151088
 151269
 151304
 151491
 151543
 152099
 152165
 152440
 152727
 152886
 152902
 152937
 152963
 153039
 153106
 153177
 153236
 153284
 153303
 153385
 153386
 153430
 153512
 153515
 153533
 153598
 153699
 153846
 153862
 153877
 154083
 154188
 154423
 154562
 154718
 154729
 154910
 154929
 155250
 155254
 155304
 155488
 155594
 155631
 155958
 156026
 156243
 156269
 156352
 156450
 156553
 156640
 156706
 156709
 156740
 156802
 156827
 157044
 157053
 157066
 157126
 157215
 157236
 157359
 157367
 157622
 157894
 158112
 158168
 158203
 158429
 158470
 158475
 158573
 158649
 158698
 158706
 159004
 159085
 159281
 159533
 159542
 159584
 159878
 160020
 160048
 160125
 160252
 160314
 160726
 160920
 161027
 161066
 161174
 161425
 161458
 161492
 161643
 161645
 161688
 161747
 161759
 161851
 162167
 162368
 162616
 162624
 162752
 162824
 162830
 162962
 163003
 163302
 163388
 163490
 163548
 163554
 163733
 163784
 163895
 163971
 164062
 164118
 164160
 164290
 164346
 164574
 164603
 164654
 164658
 164777
 164876
 164998
 165048
 165093
 165143
 165170
 165195
 165233
 165291
 165363
 165448
 165535
 165581
 165605
 165640
 165686
 165754
 165888
 166075
 166084
 166193
 166284
 166354
 166437
 166519
 166599
 166642
 166666
 166666
 166666
 167150
 167233
 167234
 167272
 167672
 167812
 167862
 167938
 168000
 168103
 168168
 168389
 168395
 168420
 168490
 168648
 168658
 168724
 168987
 169025
 169084
 169107
 169184
 169250
 169274
 169283
 169349
 169526
 169621
 169738
 169803
 169814
 169957
 170220
 170230
 170292
 170313
 170412
 170731
 171027
 171439
 171468
 171528
 171722
 171822
 171963
 172061
 172083
 172282
 172308
 172450
 172463
 172477
 172625
 172713
 172735
 172855
 172945
 172961
 172970
 173012
 173299
 173402
 173476
 173556
 173913
 174032
 174383
 174384
 174474
 174569
 174695
 174887
 174903
 174963
 174994
 175141
 175269
 175310
 175438
 175562
 175578
 175715
 175869
 175926
 175928
 176084
 176184
 176199
 176306
 176345
 176384
 176468
 176470
 176619
 176697
 176727
 176817
 176870
 176892
 177192
 177266
 177407
 177497
 177570
 177634
 177719
 177725
 177771
 177800
 177801
 178096
 178207
 178270
 178402
 178443
 178485
 178861
 178962
 178988
 179029
 179114
 179224
 179332
 179413
 179483
 179552
 179702
 179730
 179854
 179856
 179879
 180138
 180236
 180323
 180417
 180452
 180509
 180534
 180534
 180583
 180706
 180759
 180847
 181210
 181217
 181431
 181487
 181656
 181693
 181712
 181845
 181956
 181968
 182109
 182161
 182259
 182476
 182697
 182735
 182976
 183016
 183055
 183136
 183501
 183600
 183840
 183873
 183908
 183925
 183931
 184077
 184114
 184162
 184202
 184316
 184582
 184599
 184648
 184822
 184900
 185073
 185185
 185389
 185511
 185554
 185614
 185634
 185704
 185766
 185785
 185792
 185847
 185879
 185931
 185989
 186048
 186162
 186185
 186563
 186587
 186598
 186645
 186790
 186824
 186928
 186956
 187060
 187261
 187276
 187299
 187513
 187633
 187977
 188200
 188217
 188357
 188408
 188732
 188770
 188817
 188818
 188834
 189159
 189213
 189487
 189630
 189890
 189986
 190000
 190114
 190149
 190397
 190476
 190549
 190774
 190785
 191001
 191075
 191389
 191420
 191460
 191530
 191643
 191722
 191783
 191816
 191873
 191887
 192043
 192189
 192354
 192357
 192419
 192437
 192543
 192598
 192721
 192723
 193005
 193313
 193370
 193465
 193518
 193526
 193583
 193689
 193689
 193762
 193772
 193814
 194226
 194238
 194491
 194525
 194997
 195016
 195082
 195137
 195270
 195420
 195442
 195619
 195804
 195923
 195984
 195992
 196086
 196165
 196299
 196323
 196600
 196622
 196667
 196690
 196869
 197007
 197114
 197132
 197379
 197446
 197481
 197500
 197593
 197729
 197770
 197817
 197838
 197852
 197882
 197913
 197950
 197971
 198041
 198113
 198119
 198547
 198595
 198731
 198813
 198947
 198952
 199042
 199167
 199174
 199385
 199508
 199512
 199555
 199635
 199783
 199877
 199923
 200000
 200032
 200063
 200123
 200195
 200236
 200522
 200561
 200629
 201034
 201038
 201046
 201139
 201156
 201204
 201274
 201354
 201385
 201448
 201540
 201791
 202007
 202034
 202043
 202085
 202208
 202299
 202396
 202447
 202523
 202531
 202541
 202564
 202625
 202849
 202892
 203117
 203146
 203187
 203229
 203260
 203577
 203641
 204021
 204081
 204155
 204273
 204334
 204774
 205012
 205039
 205044
 205047
 205543
 205627
 205648
 205699
 205726
 205825
 206020
 206027
 206122
 206243
 206282
 206311
 206334
 206474
 206559
 206572
 206580
 206626
 206743
 206994
 207017
 207155
 207401
 207812
 208029
 208084
 208092
 208311
 208410
 208622
 208638
 208673
 208753
 208796
 208955
 209027
 209083
 209134
 209147
 209230
 209234
 209302
 209322
 209324
 209332
 209333
 209407
 209525
 209816
 209937
 209959
 210029
 210036
 210083
 210152
 210157
 210160
 210191
 210202
 210307
 210424
 210441
 210452
 210571
 210676
 210777
 210888
 211212
 211353
 211558
 211598
 211606
 211630
 211707
 211759
 211965
 212099
 212246
 212353
 212364
 212421
 212817
 212833
 212935
 212956
 213037
 213072
 213180
 213276
 213317
 213433
 213478
 213692
 213791
 213887
 213942
 213998
 214171
 214371
 214405
 214515
 214709
 214797
 215311
 215321
 215384
 215630
 215704
 215931
 216165
 216253
 216494
 216606
 216608
 216610
 216940
 217024
 217140
 217154
 217216
 217402
 217431
 217591
 217598
 217608
 217699
 217936
 218133
 218297
 218604
 218628
 218802
 218860
 218905
 219029
 219052
 219093
 219146
 219307
 219354
 219399
 219568
 219570
 219596
 219772
 220069
 220084
 220455
 220528
 220563
 220666
 221032
 221054
 221095
 221319
 221457
 221505
 221538
 221556
 221643
 221693
 221729
 221756
 221779
 221808
 221928
 222128
 222312
 222567
 222689
 222900
 222980
 223350
 223440
 223665
 223910
 224123
 224125
 224182
 224296
 224429
 224473
 224519
 224634
 224827
 224861
 224905
 224916
 224956
 224966
 225000
 225177
 225295
 225326
 225503
 225652
 225695
 225783
 225932
 226013
 226052
 226079
 226086
 226211
 226212
 226415
 226654
 226703
 226725
 226826
 226853
 226869
 226874
 226957
 227118
 227122
 227159
 227301
 227344
 227530
 227543
 227579
 227925
 227926
 227940
 228016
 228041
 228180
 228529
 228584
 228680
 228874
 228900
 228907
 228950
 229085
 229205
 229300
 229739
 229810
 229850
 229941
 229963
 229972
 230155
 230263
 230282
 230313
 230366
 230368
 230378
 230494
 230848
 230931
 230966
 230991
 231128
 231220
 231238
 231246
 231501
 231616
 231646
 232232
 232318
 232558
 232615
 232688
 232692
 232833
 232857
 232901
 232945
 232959
 232979
 233000
 233022
 233040
 233294
 233319
 233418
 233521
 233560
 233647
 233663
 233664
 233770
 233883
 234028
 234042
 234322
 234332
 234473
 234798
 234839
 235074
 235294
 235428
 235443
 235631
 235680
 235708
 235717
 235750
 235772
 235825
 235916
 236168
 236230
 236248
 236251
 236275
 236327
 236404
 236446
 236472
 236619
 236714
 236779
 236852
 236865
 236926
 236984
 237068
 237169
 237310
 237311
 237347
 237463
 237623
 237796
 237946
 238114
 238186
 238251
 238626
 238815
 238975
 238990
 239735
 239793
 239959
 239959
 239999
 240111
 240297
 240298
 240383
 240456
 240550
 240673
 241256
 241321
 241338
 241373
 241785
 241938
 241941
 241967
 241968
 242026
 242057
 242163
 242179
 242293
 242298
 242339
 242390
 242456
 242539
 242588
 242618
 242646
 242905
 242906
 242916
 242961
 242990
 243031
 243069
 243150
 243282
 243293
 243331
 243405
 243422
 243445
 243596
 243698
 243858
 243914
 243987
 244018
 244085
 244137
 244293
 244401
 244419
 244576
 244591
 244897
 244996
 245027
 245150
 245161
 245186
 245305
 245425
 245836
 245858
 245861
 245920
 246053
 246055
 246292
 246304
 246518
 246548
 246632
 246647
 246664
 246717
 246913
 246946
 246996
 247179
 247420
 247531
 247766
 247809
 248068
 248109
 248194
 248213
 248371
 248454
 248521
 248774
 248826
 248848
 249013
 249371
 249499
 249565
 249602
 249638
 249801
 249837
 249872
 249917
 250051
 250100
 250325
 250435
 250525
 250566
 250614
 250627
 250727
 250871
 250960
 251054
 251158
 251194
 251565
 251763
 251908
 252015
 252103
 252152
 252196
 252337
 252341
 252465
 252469
 252475
 252524
 252556
 252585
 252616
 252638
 252646
 252718
 252850
 253047
 253213
 253244
 253333
 253414
 253431
 253438
 253553
 253782
 253787
 253828
 253868
 254033
 254120
 254410
 254414
 254512
 254623
 254635
 254640
 254745
 254826
 254901
 254919
 254943
 254952
 254970
 255046
 255108
 255109
 255159
 255211
 255319
 255403
 255411
 255489
 255600
 255620
 255709
 255720
 256012
 256143
 256229
 256267
 256422
 256434
 256625
 256764
 256820
 256840
 257010
 257281
 257290
 257611
 257668
 257719
 257873
 258031
 258064
 258085
 258215
 258750
 258762
 258790
 258862
 258976
 259060
 259084
 259177
 259234
 259351
 259385
 259390
 259395
 259461
 259493
 259701
 259848
 260043
 260231
 260339
 260365
 260447
 260679
 260731
 260760
 260762
 260869
 260921
 261018
 261036
 261081
 261145
 261279
 261315
 261428
 261525
 262078
 262182
 262343
 262437
 262523
 262626
 262771
 262843
 262890
 262926
 262926
 262927
 262996
 263101
 263129
 263162
 263240
 263431
 263616
 263688
 263775
 263792
 264196
 264197
 264255
 264305
 264601
 264621
 264647
 264653
 264663
 264894
 264920
 265226
 265306
 265486
 265598
 265665
 265690
 265826
 265848
 265910
 265999
 266094
 266348
 266455
 266541
 266603
 266666
 266776
 266800
 266960
 267484
 267515
 267522
 267804
 267853
 267867
 267873
 267898
 267903
 268157
 268220
 268227
 268381
 268611
 268786
 269189
 269449
 269452
 269461
 269619
 269646
 269826
 269861
 269938
 270020
 270186
 270270
 270321
 270351
 270507
 270553
 270556
 270568
 270712
 271164
 271237
 271391
 271455
 271469
 271501
 271541
 271634
 271844
 271851
 271947
 271987
 272151
 272424
 272569
 272714
 272812
 273098
 273206
 273282
 273640
 273771
 273786
 273855
 273883
 274019
 274052
 274380
 274474
 274740
 274832
 274968
 275071
 275193
 275221
 275292
 275395
 275412
 275623
 275789
 275862
 275984
 276037
 276094
 276114
 276201
 276468
 276471
 276482
 276489
 276517
 276636
 276641
 276654
 276752
 276812
 276839
 276932
 277277
 277292
 277474
 277635
 277790
 277798
 277880
 277889
 277912
 277988
 278094
 278261
 278302
 278445
 278461
 278499
 278506
 278656
 278674
 278688
 279015
 279069
 279069
 279128
 279173
 279204
 279382
 279412
 279547
 279614
 279623
 280038
 280129
 280160
 280164
 280184
 280202
 280354
 280356
 280368
 280369
 280585
 280593
 280656
 280879
 280927
 280930
 281150
 281304
 281508
 281807
 281820
 281922
 282002
 282314
 282588
 282636
 282664
 282667
 282677
 282707
 282824
 282828
 282830
 282842
 283020
 283116
 283127
 283367
 283422
 283464
 283492
 283499
 283885
 284007
 284023
 284061
 284065
 284181
 284267
 284890
 285066
 285655
 285714
 285825
 285844
 285844
 285845
 285863
 285898
 285953
 286059
 286063
 286076
 286145
 286160
 286265
 286524
 286598
 286693
 286713
 286727
 286760
 286925
 287060
 287179
 287420
 287632
 287785
 287922
 287925
 287948
 287991
 288041
 288237
 288384
 288493
 288503
 288581
 288589
 288599
 288821
 289039
 289069
 289156
 289161
 289279
 289299
 289569
 289710
 289745
 289888
 290088
 290117
 290201
 290360
 290436
 290548
 290556
 290725
 290772
 290785
 290817
 290909
 291158
 291321
 291367
 291389
 291403
 291529
 291645
 291678
 291956
 291975
 292183
 292390
 292527
 292707
 292955
 293033
 293146
 293292
 293490
 293613
 293651
 293652
 293729
 294034
 294117
 294117
 294209
 294212
 294411
 294478
 294640
 294647
 294692
 294803
 294881
 295272
 295470
 295839
 295899
 295925
 295981
 296146
 296178
 296340
 296631
 296684
 296725
 296748
 296806
 296807
 296823
 296896
 297102
 297228
 297310
 297484
 297817
 297821
 297878
 297953
 297971
 298173
 298362
 298426
 298562
 298582
 298615
 298701
 298876
 298942
 299032
 299154
 299533
 299610
 299695
 299831
 299935
 299990
 300022
 300053
 300086
 300092
 300136
 300161
 300190
 300313
 300442
 300613
 300688
 300898
 300943
 300952
 301091
 301115
 301192
 301255
 301322
 301443
 301587
 301711
 302204
 302252
 302252
 302375
 302383
 302414
 302475
 302495
 302766
 302820
 302925
 302926
 303022
 303060
 303079
 303209
 303285
 303445
 303683
 303788
 303833
 303921
 304019
 304150
 304189
 304209
 304227
 304294
 304808
 305105
 305236
 305279
 305310
 305325
 305460
 305481
 305599
 305740
 305758
 305886
 306013
 306173
 306219
 306227
 306271
 306384
 306457
 306501
 306635
 306741
 306852
 306855
 306895
 306980
 307165
 307167
 307209
 307308
 307347
 307487
 307587
 307625
 307756
 307934
 307982
 307983
 308207
 308242
 308245
 308342
 308364
 308669
 308678
 309107
 309337
 309373
 309764
 309771
 309890
 309926
 310043
 310088
 310117
 310568
 310612
 310655
 310731
 310797
 310964
 310982
 311116
 311287
 311514
 311565
 311751
 311793
 311827
 311971
 312160
 312227
 312395
 312481
 312510
 312709
 312783
 312932
 313025
 313131
 313180
 313398
 313544
 313576
 313583
 313597
 313640
 313748
 313752
 313768
 313788
 313882
 313908
 313949
 314058
 314060
 314124
 314139
 314152
 314195
 314213
 314330
 314360
 314368
 314539
 314586
 314600
 314943
 314965
 315039
 315081
 315094
 315289
 315465
 315565
 315789
 315896
 315978
 316005
 316035
 316179
 316333
 316344
 316427
 316439
 316465
 316526
 316549
 316781
 316894
 317262
 317537
 317750
 317757
 317796
 318001
 318064
 318107
 318158
 318163
 318177
 318276
 318316
 318372
 318446
 318508
 318566
 318832
 318845
 318862
 319089
 319446
 319603
 319617
 319669
 319750
 319900
 320021
 320024
 320118
 320121
 320306
 320544
 320727
 320771
 320788
 321406
 321454
 321623
 321859
 322094
 322113
 322144
 322202
 322383
 322488
 322613
 322698
 322822
 322834
 322969
 323062
 323110
 323139
 323197
 323220
 323280
 323403
 323421
 323589
 323706
 323721
 323868
 323899
 324102
 324167
 324207
 324324
 324480
 324501
 324616
 324784
 324801
 324979
 325003
 325250
 325427
 325533
 325544
 325581
 325607
 326062
 326343
 326403
 326414
 326876
 327004
 327070
 327118
 327201
 327249
 327380
 327478
 327549
 327675
 327748
 327748
 328003
 328119
 328168
 328434
 328464
 328480
 328485
 328533
 328748
 328754
 328843
 328879
 328922
 329029
 329186
 329280
 329457
 329467
 329493
 329608
 330108
 330184
 330185
 330218
 330288
 330347
 330347
 330411
 330485
 330537
 330541
 330696
 330909
 331131
 331336
 331337
 331356
 331364
 331596
 331733
 331842
 331881
 332026
 332264
 332315
 332393
 332591
 332978
 333178
 333333
 333333
 333333
 333333
 333333
 333507
 333578
 333776
 333867
 333881
 334017
 334057
 334142
 334236
 334327
 334433
 334581
 334712
 334716
 334804
 334829
 335035
 335036
 335279
 335389
 335489
 335877
 335990
 336148
 336203
 336453
 336468
 336692
 337340
 337362
 337609
 337643
 337759
 338266
 338491
 338520
 338530
 338579
 338718
 339177
 339352
 339450
 339561
 340136
 340138
 340237
 340248
 340401
 340405
 340425
 340429
 340456
 340508
 340722
 340802
 340819
 340838
 340888
 340895
 341114
 341213
 341356
 341392
 341556
 341701
 341853
 341897
 342108
 342152
 342323
 342383
 342582
 342590
 342653
 342685
 342773
 342791
 342854
 343149
 343275
 343294
 343336
 343578
 343795
 344206
 344315
 344367
 344578
 344655
 344769
 344827
 344840
 344900
 345031
 345393
 345454
 345662
 345672
 345706
 345834
 345935
 346038
 346115
 346133
 346134
 346220
 346305
 346316
 346331
 346467
 346636
 346949
 346968
 347024
 347207
 347222
 347484
 347544
 347785
 347793
 347822
 347826
 347921
 348095
 348109
 348151
 348499
 348595
 348665
 348837
 348901
 348951
 349063
 349070
 349178
 349389
 349399
 349549
 349565
 349875
 350092
 350113
 350114
 350509
 350639
 350726
 350807
 350828
 350882
 350929
 351239
 351662
 351780
 351995
 352059
 352144
 352211
 352325
 352332
 352486
 352798
 352931
 353117
 353152
 353396
 353406
 353415
 353841
 353928
 354037
 354086
 354141
 354227
 354234
 354282
 354399
 354399
 354431
 354444
 354464
 354582
 354624
 354629
 354633
 354798
 354960
 355062
 355097
 355111
 355223
 355375
 355396
 355441
 355731
 355905
 356161
 356241
 356483
 356492
 356572
 356627
 356681
 356687
 356826
 356911
 357062
 357081
 357116
 357523
 357635
 357660
 357717
 357917
 358024
 358120
 358133
 358280
 358294
 358420
 358591
 358799
 359037
 359108
 359203
 359369
 359497
 359732
 359832
 360021
 360215
 360336
 360416
 360441
 360453
 360527
 360701
 360763
 360798
 360803
 360839
 361079
 361157
 361161
 361177
 361323
 361425
 361438
 361470
 361713
 361885
 362008
 362083
 362135
 362220
 362249
 362273
 362297
 362315
 362361
 362389
 362473
 362598
 362666
 362704
 362712
 362936
 363021
 363083
 363157
 363163
 363339
 363505
 363571
 363599
 363664
 363742
 363774
 363903
 364006
 364090
 364328
 364359
 364604
 364653
 364757
 364912
 365030
 365132
 365268
 365315
 365368
 365444
 365578
 365718
 366213
 366313
 366429
 366450
 366524
 366541
 366688
 366705
 366885
 366932
 367378
 367546
 367744
 367816
 367993
 368146
 368294
 368377
 368742
 368756
 368953
 369076
 369372
 369586
 369661
 369698
 369966
 369981
 370189
 370580
 370594
 370751
 370786
 371206
 371237
 371392
 371592
 371742
 371780
 371790
 371832
 372043
 372093
 372235
 372301
 372308
 372322
 372351
 372353
 372368
 372487
 372504
 372581
 372716
 372720
 373160
 373327
 373338
 373448
 373486
 373550
 373864
 373889
 373906
 373929
 374139
 374152
 374156
 374168
 374201
 374257
 374278
 374289
 374848
 374938
 375359
 375378
 375475
 375485
 375809
 375926
 375953
 375957
 376001
 376015
 376053
 376096
 376197
 376275
 376303
 376344
 376433
 376438
 376470
 376509
 376610
 376736
 376758
 376855
 376940
 377015
 377079
 377119
 377161
 377217
 377327
 377435
 377548
 377874
 377925
 377993
 378211
 378355
 378493
 378625
 378698
 378729
 378758
 378915
 378922
 379029
 379090
 379099
 379204
 379212
 379312
 379368
 379465
 379503
 379562
 379643
 379679
 379897
 379935
 380075
 380191
 380389
 380396
 380411
 380686
 380691
 380757
 380943
 380999
 381162
 381223
 381249
 381289
 381339
 381426
 381443
 381607
 381676
 381696
 381707
 381818
 382037
 382367
 382558
 382565
 382764
 382812
 382836
 382856
 382876
 383182
 383287
 383382
 383576
 383697
 383712
 383767
 383819
 384156
 384236
 384364
 384550
 384615
 384708
 384842
 384881
 384890
 384970
 385393
 385594
 385677
 385779
 385827
 385936
 385948
 386021
 386093
 386107
 386124
 386296
 386377
 386473
 386502
 386591
 386595
 386691
 386719
 386872
 387032
 387196
 387205
 387364
 387504
 387540
 387679
 387764
 387975
 388148
 388522
 388661
 388804
 388918
 388938
 389070
 389111
 389217
 389228
 389281
 389351
 389454
 389462
 389589
 389603
 389663
 389739
 389790
 389835
 389852
 390022
 390027
 390066
 390164
 390175
 390261
 390264
 390277
 390395
 390396
 390463
 390482
 391090
 391234
 391375
 391702
 391821
 391876
 392050
 392146
 392259
 392469
 392490
 392586
 392885
 392980
 393104
 393121
 393252
 393381
 393525
 393610
 393850
 394139
 394210
 394248
 394255
 394367
 394369
 394408
 394531
 394546
 394622
 394725
 394786
 394929
 394957
 395296
 395300
 395313
 395348
 395475
 395476
 395496
 395663
 395693
 395748
 396117
 396194
 396414
 396417
 396478
 396504
 396821
 396825
 396941
 397305
 397366
 397388
 397515
 397523
 397582
 397644
 397815
 397992
 398033
 398048
 398125
 398165
 398182
 398302
 398405
 398544
 398694
 398701
 398808
 398849
 398989
 399063
 399396
 399474
 399627
 399781
 399910
 399939
 400000
 400000
 400072
 400115
 400196
 400236
 400264
 400524
 400640
 400718
 400784
 400842
 400959
 401150
 401167
 401243
 401330
 401406
 401439
 401613
 401779
 401795
 402034
 402055
 402267
 402640
 402777
 402816
 402946
 402982
 402985
 403219
 403284
 403707
 404119
 404225
 404237
 404241
 404306
 404334
 404565
 404634
 404687
 404828
 404907
 405207
 405246
 405405
 405435
 405445
 405590
 405762
 405977
 406108
 406130
 406270
 406421
 406768
 406790
 406883
 407253
 407306
 407481
 407507
 407745
 407905
 408076
 408263
 408279
 408388
 408541
 408710
 408910
 409137
 409171
 409189
 409281
 409528
 409701
 409752
 409857
 409862
 409991
 410015
 410247
 410465
 410476
 410562
 410586
 410599
 410988
 411034
 411052
 411206
 411418
 411419
 411425
 411430
 411494
 411504
 411656
 411676
 411717
 411786
 411829
 411937
 412004
 412090
 412275
 412328
 412423
 412470
 412658
 412698
 412912
 413082
 413112
 413211
 413328
 413455
 413555
 413583
 413590
 413908
 414058
 414141
 414159
 414634
 414701
 414853
 414941
 414965
 415078
 415115
 415183
 415408
 415502
 415503
 415873
 415880
 415943
 415986
 416057
 416124
 416129
 416179
 416474
 416690
 416797
 416828
 416902
 417003
 417322
 417433
 417588
 417641
 418137
 418162
 418254
 418383
 418410
 418433
 418439
 418457
 418549
 418609
 418852
 419149
 419268
 419308
 419751
 419889
 419964
 420021
 420128
 420490
 420495
 420516
 420623
 420648
 420893
 421052
 421123
 421413
 421686
 421822
 421970
 422051
 422159
 422165
 422205
 422315
 422456
 422464
 422583
 422763
 422823
 422976
 423014
 423089
 423247
 423319
 423454
 423472
 424280
 424479
 424807
 424963
 425056
 425078
 425092
 425117
 425194
 425283
 425354
 425373
 425376
 425440
 425484
 425546
 425650
 425728
 425806
 425840
 425897
 425942
 425970
 426039
 426079
 426251
 426266
 426342
 426426
 426726
 426874
 426903
 427086
 427131
 427420
 427434
 427551
 427705
 428026
 428129
 428145
 428413
 428487
 428571
 428571
 428689
 428787
 428878
 428954
 429109
 429118
 429154
 429218
 429439
 429562
 429745
 429834
 429848
 429876
 430045
 430080
 430125
 430518
 430539
 430658
 430729
 430752
 430860
 431000
 431025
 431028
 431055
 431354
 431465
 431466
 431522
 431693
 431818
 431973
 432159
 432265
 432305
 432327
 432390
 432432
 432466
 432509
 432528
 432673
 432689
 432776
 432814
 432834
 432881
 433005
 433356
 433490
 433495
 433714
 433735
 433819
 433933
 434034
 434057
 434094
 434180
 434225
 434240
 434250
 434267
 434300
 434311
 434434
 434503
 434619
 434622
 434668
 434824
 435151
 435175
 435289
 435382
 435479
 435483
 435618
 435723
 435726
 435805
 435945
 436151
 436363
 436416
 436467
 436484
 436528
 436655
 436727
 436841
 436845
 437008
 437231
 437262
 437263
 437275
 437325
 437349
 437365
 437390
 437543
 437618
 437722
 437732
 437749
 437757
 437799
 437817
 438095
 438461
 438546
 438554
 438577
 438746
 438884
 439024
 439084
 439226
 439448
 439487
 439759
 439917
 439939
 439985
 439999
 440097
 440195
 440330
 440412
 440426
 440573
 440677
 441091
 441225
 441265
 441371
 441469
 441554
 441613
 441658
 441882
 441991
 442055
 442056
 442063
 442063
 442218
 442225
 442265
 442316
 442340
 442418
 442468
 442480
 442524
 442531
 442545
 442599
 442622
 442804
 443027
 443079
 443155
 443232
 443243
 443476
 443533
 443665
 443744
 443794
 443882
 443923
 444166
 444212
 444271
 444656
 444728
 444969
 444980
 445030
 445074
 445141
 445276
 445284
 445345
 445547
 445718
 445934
 446062
 446134
 446223
 446234
 446246
 446680
 446685
 446794
 446831
 446901
 447024
 447084
 447105
 447204
 447234
 447372
 447389
 447594
 447602
 447664
 447755
 447837
 447930
 447978
 448071
 448074
 448088
 448102
 448252
 448317
 448378
 448722
 448736
 448805
 448818
 448818
 448902
 449056
 449197
 449239
 449460
 449734
 449781
 449846
 449921
 450047
 450059
 450110
 450170
 450303
 450519
 450593
 450643
 450747
 450761
 451067
 451105
 451152
 451219
 451225
 451551
 451733
 451860
 451895
 452125
 452183
 452241
 452501
 452600
 452723
 452780
 452824
 452872
 452998
 453030
 453054
 453069
 453153
 453256
 453397
 453420
 453539
 453668
 453690
 453753
 453804
 453839
 453873
 454018
 454208
 454265
 454293
 454296
 454399
 454423
 454470
 454529
 454632
 454859
 455043
 455259
 455419
 455565
 455649
 455985
 456026
 456109
 456188
 456386
 456418
 456434
 456486
 456497
 456510
 456532
 456575
 456577
 456703
 456753
 456755
 456790
 456802
 456829
 456868
 456880
 457264
 457287
 457447
 457455
 457457
 457462
 457586
 457588
 457606
 457652
 457860
 457931
 458141
 458386
 458437
 458478
 458763
 459016
 459028
 459033
 459137
 459189
 459240
 459287
 459346
 459555
 459620
 459634
 459730
 459856
 459922
 459999
 460062
 460317
 460387
 460391
 460438
 460608
 460759
 461009
 461081
 461159
 461339
 461434
 461538
 461708
 461718
 461780
 461838
 461891
 461963
 462027
 462096
 462114
 462117
 462137
 462163
 462264
 462390
 462394
 462477
 462649
 462660
 462771
 463004
 463052
 463306
 463350
 463558
 463587
 463637
 463640
 463711
 463930
 463932
 464006
 464044
 464067
 464157
 464222
 464325
 464362
 464561
 464586
 464707
 464837
 464840
 464936
 465212
 465292
 465733
 465789
 465886
 466165
 466234
 466314
 466326
 466395
 466460
 466512
 466606
 466708
 466712
 466739
 466763
 466978
 467073
 467132
 467484
 467508
 467648
 467673
 467769
 467886
 467928
 467935
 467961
 468005
 468070
 468171
 468201
 468248
 468376
 468769
 468909
 469575
 469706
 469716
 469729
 469898
 470193
 470236
 470279
 470284
 470308
 470554
 470588
 470588
 470651
 470752
 470831
 470884
 470939
 471131
 471239
 471261
 471279
 471373
 471625
 471657
 471715
 471804
 471845
 471982
 471984
 472036
 472258
 472369
 472634
 472685
 472914
 473053
 473143
 473170
 473410
 473449
 473482
 473494
 473984
 474005
 474112
 474117
 474175
 474288
 474418
 474466
 474471
 474673
 474705
 474758
 474868
 474918
 475186
 475195
 475257
 475295
 475322
 475481
 475504
 475514
 475895
 475924
 475963
 475997
 476055
 476118
 476244
 476244
 476389
 476438
 476769
 476774
 476923
 477085
 477124
 477419
 477485
 477599
 477815
 477944
 477974
 477996
 478308
 478591
 478636
 478770
 478872
 479031
 479075
 479078
 479131
 479195
 479444
 479452
 479463
 479643
 479741
 479863
 480015
 480251
 480505
 480526
 480608
 480620
 480620
 480686
 480697
 481023
 481195
 481465
 481613
 481618
 481619
 481873
 482029
 482030
 482080
 482116
 482174
 482178
 482184
 482194
 482225
 482340
 482375
 482517
 482646
 482958
 483015
 483072
 483083
 483088
 483088
 483100
 483109
 483146
 483171
 483283
 483374
 483438
 483575
 483648
 483672
 484062
 484130
 484182
 484517
 484660
 484814
 484993
 485121
 485241
 485278
 485301
 485322
 485327
 485436
 485495
 485600
 485624
 485629
 485714
 485716
 485751
 485842
 485953
 486003
 486088
 486193
 486235
 486284
 486423
 486486
 486559
 486609
 486611
 486779
 487253
 487288
 487345
 487359
 487501
 487632
 487650
 487774
 487883
 487975
 488017
 488118
 488175
 488216
 488220
 488303
 488406
 488516
 488546
 488562
 488726
 488852
 488952
 489216
 489229
 489290
 489347
 489770
 489820
 489856
 490149
 490156
 490156
 490394
 490483
 490501
 490531
 490668
 490815
 490882
 490976
 491017
 491271
 491307
 491351
 491820
 491892
 491935
 491959
 492063
 492116
 492280
 492301
 492389
 492647
 492706
 492743
 492746
 492844
 492851
 493055
 493114
 493233
 493254
 493387
 493468
 493538
 493602
 493641
 493704
 493760
 493771
 493826
 493875
 493915
 494265
 494315
 494317
 494354
 494450
 494765
 494781
 494818
 495095
 495136
 495146
 495299
 495386
 495538
 495560
 495587
 495669
 495701
 495865
 496011
 496066
 496263
 496364
 496371
 496621
 496672
 496831
 497023
 497046
 497091
 497206
 497233
 497233
 497247
 497339
 497606
 497622
 497691
 497716
 497812
 497877
 497967
 498271
 498347
 498371
 498413
 498602
 498603
 498624
 498683
 499002
 499241
 499299
 499363
 499447
 499586
 499670
 500085
 500099
 500225
 500373
 500431
 500480
 500642
 500663
 500759
 500917
 500989
 501127
 501256
 501325
 501433
 501602
 501777
 501891
 501967
 502196
 502262
 502290
 502412
 502542
 502755
 503128
 503420
 503426
 503458
 503699
 503734
 503866
 503984
 504133
 504160
 504210
 504265
 504273
 504359
 504778
 504792
 504792
 505213
 505286
 505606
 505736
 505748
 505782
 506145
 506234
 506249
 506266
 506326
 506406
 506452
 506507
 506735
 506771
 506787
 506833
 506909
 506921
 507397
 507422
 507917
 508003
 508021
 508026
 508303
 508422
 508535
 508586
 508851
 508863
 508881
 508925
 508940
 508960
 509018
 509061
 509472
 509511
 509689
 509696
 509734
 509850
 509883
 509975
 510003
 510084
 510327
 510368
 510606
 510633
 510751
 510798
 510859
 510886
 510948
 510948
 511013
 511075
 511116
 511122
 511341
 511422
 511549
 511562
 511571
 511621
 511627
 511631
 511643
 511695
 511732
 511744
 511811
 512060
 512161
 512165
 512272
 512408
 512472
 512756
 512910
 513090
 513174
 513345
 513461
 513483
 513685
 513700
 513932
 514005
 514014
 514036
 514152
 514296
 514396
 514449
 514715
 514839
 515160
 515270
 515356
 515376
 515437
 515502
 515511
 515513
 515585
 515631
 515708
 515735
 515787
 515921
 516083
 516246
 516257
 516278
 516290
 516355
 516393
 516431
 516510
 516667
 516675
 516825
 516856
 517045
 517055
 517260
 517281
 517339
 517388
 517443
 517468
 517549
 517593
 517616
 517616
 517631
 517984
 518030
 518057
 518061
 518080
 518105
 518120
 518243
 518250
 518311
 518315
 518380
 518389
 518456
 518559
 519101
 519234
 519240
 519493
 519555
 519729
 519969
 520000
 520136
 520158
 520235
 520275
 520643
 520695
 520716
 520752
 520757
 520855
 520971
 521026
 521077
 521379
 521467
 521682
 521827
 521889
 521983
 522043
 522183
 522226
 522490
 522707
 522779
 522850
 523109
 523409
 523608
 523684
 523988
 524012
 524115
 524133
 524196
 524344
 524424
 524522
 524593
 524667
 524691
 524938
 525030
 525064
 525305
 525331
 525381
 525423
 525682
 525706
 525908
 525963
 525979
 526181
 526335
 526397
 526615
 526742
 526762
 526870
 526930
 527029
 527229
 527363
 527371
 527412
 527586
 527667
 527722
 527865
 527918
 527941
 528084
 528109
 528166
 528398
 528436
 528582
 528593
 528650
 528668
 528670
 528816
 528894
 528927
 528934
 529051
 529386
 529477
 529509
 529614
 529646
 529731
 529738
 529778
 529853
 530033
 530124
 530362
 530394
 530691
 530694
 530810
 530911
 530928
 531130
 531236
 531598
 531750
 531782
 531828
 531939
 532116
 532160
 532183
 532354
 532364
 532445
 532630
 532646
 532677
 532870
 532878
 533207
 533317
 533333
 533373
 533512
 533589
 533813
 533839
 533941
 534004
 534095
 534098
 534198
 534292
 534470
 534482
 534636
 534687
 534707
 534860
 534864
 534932
 534986
 535003
 535242
 535252
 535260
 535267
 535341
 535399
 535456
 535537
 535724
 535780
 535893
 536005
 536131
 536440
 536836
 536845
 536878
 536886
 536958
 537027
 537067
 537102
 537215
 537323
 537477
 537586
 537609
 537677
 537741
 537872
 537882
 537947
 538226
 538356
 538590
 538621
 538826
 539233
 539979
 539983
 539989
 540124
 540309
 540492
 540540
 540635
 540656
 540838
 540850
 540907
 540932
 540967
 541142
 541251
 541306
 541316
 541472
 541567
 541691
 541709
 541711
 541837
 541991
 542117
 542168
 542272
 542366
 542401
 542495
 542634
 542697
 542755
 542837
 542867
 542926
 543043
 543079
 543260
 543272
 543338
 543416
 543456
 543478
 543674
 543745
 543956
 544055
 544265
 544354
 544397
 544447
 544566
 544672
 544700
 544704
 544768
 544820
 544855
 544858
 545091
 545176
 545237
 545267
 545327
 545454
 545509
 545515
 545677
 545801
 545859
 546051
 546061
 546063
 546073
 546165
 546179
 546361
 546443
 546626
 546698
 547073
 547142
 547208
 547472
 547662
 547770
 547826
 547840
 547843
 547849
 547871
 547881
 547994
 548117
 548156
 548258
 548321
 548420
 548455
 548485
 548530
 548636
 548833
 548845
 548909
 549005
 549057
 549267
 549386
 549469
 549662
 549663
 549667
 549690
 549717
 549889
 549901
 549942
 549983
 550062
 550082
 550086
 550308
 550342
 550878
 551040
 551049
 551155
 551241
 551409
 551626
 551700
 551779
 551798
 551839
 551846
 551864
 551891
 551975
 552028
 552202
 552209
 552238
 552427
 552470
 552491
 552581
 552783
 552925
 553028
 553044
 553065
 553079
 553081
 553252
 553459
 553470
 553621
 553623
 553687
 553836
 553930
 553969
 554004
 554109
 554269
 554305
 554447
 554598
 555153
 555193
 555224
 555347
 555399
 555454
 555508
 555555
 555555
 556184
 556224
 556276
 556543
 557059
 557285
 557501
 557501
 557605
 557727
 557859
 557933
 558234
 558237
 558308
 558385
 558754
 558779
 559018
 559210
 559227
 559267
 559404
 559404
 559548
 559585
 559726
 559859
 559890
 559970
 560397
 560401
 560410
 560411
 560478
 560489
 560581
 560925
 561099
 561190
 561291
 561709
 561820
 561827
 561959
 562001
 562058
 562292
 562298
 562558
 563088
 563318
 563427
 563530
 563630
 563654
 563685
 563694
 563902
 563964
 564011
 564123
 564325
 564360
 564406
 564574
 564922
 564959
 565031
 565110
 565115
 565232
 565433
 565701
 565822
 565873
 566079
 566105
 566146
 566151
 566265
 566338
 566462
 566505
 566529
 566540
 566557
 566566
 566572
 566649
 566683
 566726
 566866
 566883
 567006
 567306
 567385
 567558
 567805
 567931
 568072
 568416
 568427
 568636
 568689
 568914
 568923
 568971
 568978
 568989
 569021
 569105
 569191
 569329
 569411
 569477
 569526
 569795
 569830
 570156
 570216
 570227
 570274
 570321
 570643
 570662
 570719
 570816
 570851
 570946
 570961
 570961
 571063
 571075
 571213
 571294
 571351
 571360
 571439
 571450
 571697
 571840
 572139
 572294
 572379
 572392
 572467
 572649
 572871
 572937
 572955
 573133
 573308
 573740
 573785
 573787
 574370
 574504
 574728
 574827
 574944
 575084
 575093
 575397
 575402
 575440
 575489
 575637
 575743
 575751
 575847
 576248
 576273
 576317
 576498
 576750
 576928
 576933
 576938
 576973
 577041
 577117
 577133
 577194
 577231
 577268
 577324
 577342
 577348
 577350
 577431
 577639
 577716
 577813
 577849
 577870
 578206
 578213
 578267
 578269
 578291
 578393
 578480
 578505
 578678
 579036
 579266
 579362
 579421
 579519
 579539
 579765
 579802
 579999
 580178
 580736
 580852
 581185
 581325
 581341
 581395
 581871
 581937
 582008
 582009
 582033
 582062
 582716
 582836
 582866
 582895
 583193
 583333
 583373
 583506
 583540
 583546
 583547
 583926
 583937
 584246
 584444
 584528
 584569
 584639
 584745
 584767
 584911
 584926
 585122
 585250
 585253
 585306
 585442
 585443
 585637
 585703
 586029
 586062
 586204
 586351
 586407
 586475
 586482
 586578
 586589
 586720
 586772
 586797
 586799
 586819
 586902
 587084
 587155
 587310
 587473
 587622
 587760
 587786
 587876
 587982
 587991
 588094
 588112
 588141
 588150
 588151
 588191
 588425
 588471
 588501
 588565
 588591
 588640
 589099
 589147
 589273
 589369
 589719
 589768
 589947
 589970
 590044
 590046
 590163
 590238
 590296
 590368
 590381
 590509
 590622
 590689
 590762
 591453
 591581
 591587
 591647
 591727
 591876
 591899
 592044
 592130
 592242
 592403
 592430
 592526
 592592
 592592
 592613
 592922
 593111
 593130
 593176
 593207
 593300
 593375
 593474
 593548
 593564
 593607
 593630
 593663
 593704
 593774
 593791
 593869
 594322
 594329
 594384
 594552
 594657
 594748
 594794
 594864
 595115
 595456
 595677
 595707
 596048
 596112
 596126
 596149
 596244
 596321
 596424
 596736
 596810
 597016
 597089
 597145
 597402
 597458
 597780
 597801
 597947
 597989
 598031
 598105
 598123
 598179
 598590
 598745
 598758
 599099
 599147
 599150
 599172
 599232
 599666
 599830
 599999
 599999
 600000
 600103
 600136
 600146
 600191
 600245
 600292
 600330
 600498
 600572
 600579
 600624
 600649
 600758
 600802
 600985
 601187
 601362
 601441
 601474
 601512
 601660
 601841
 602094
 602115
 602202
 602204
 602299
 602658
 602665
 602920
 602975
 603072
 603076
 603096
 603174
 603251
 603462
 603519
 603586
 603588
 603811
 603828
 603833
 603870
 603977
 604183
 604324
 604395
 604486
 604523
 604667
 604760
 604836
 604977
 604980
 605146
 605234
 605385
 605424
 605557
 605690
 605722
 605741
 605818
 605878
 605921
 606133
 606159
 606450
 606509
 606524
 606597
 606872
 606977
 607002
 607023
 607069
 607214
 607329
 607855
 607915
 607956
 608045
 608089
 608324
 608355
 608443
 608503
 608519
 608676
 608752
 608856
 608905
 609022
 609030
 609084
 609179
 609217
 609342
 609527
 609564
 609635
 609699
 609707
 609740
 609782
 609827
 609840
 609913
 610063
 610252
 610275
 610389
 610645
 610792
 610828
 611002
 611053
 611124
 611251
 611295
 611306
 611374
 611398
 611498
 611592
 611761
 611839
 611924
 612015
 612119
 612335
 612358
 612399
 612518
 612578
 612842
 612877
 612919
 613006
 613115
 613120
 613264
 613408
 613764
 613821
 614612
 614816
 615128
 615133
 615137
 615384
 615384
 615415
 615837
 615929
 615970
 616015
 616046
 616077
 616113
 616156
 616300
 616306
 616351
 616393
 616498
 616508
 616531
 616537
 616683
 616868
 616894
 616982
 617021
 617070
 617189
 617334
 617346
 617373
 617414
 617593
 617934
 618030
 618101
 618141
 618179
 618574
 618595
 618649
 618679
 618891
 619000
 619007
 619187
 619216
 619263
 619298
 619372
 619421
 619442
 619445
 619655
 619663
 619793
 619848
 619858
 619986
 620158
 620267
 620267
 620485
 620515
 620818
 620856
 621241
 621289
 621395
 621521
 621553
 621595
 621621
 621752
 622013
 622068
 622202
 622237
 622308
 622380
 622399
 622490
 622754
 622816
 622950
 623160
 623296
 623343
 623365
 623383
 623537
 623781
 624052
 624244
 624350
 624499
 624553
 624644
 624758
 624951
 625255
 625502
 625531
 625666
 625739
 625748
 625814
 625901
 625954
 626104
 626257
 626407
 626419
 626503
 626560
 626642
 626734
 626820
 626885
 626974
 626989
 627036
 627074
 627166
 627218
 627374
 627390
 627547
 627784
 627840
 627856
 627866
 627906
 628007
 628398
 628490
 628520
 628571
 628571
 628631
 628691
 628705
 628813
 628852
 628989
 629038
 629084
 629094
 629421
 629510
 629744
 629787
 630022
 630054
 630143
 630252
 630387
 630402
 630474
 630475
 630525
 630607
 630610
 630685
 630699
 630733
 630769
 630781
 630889
 630991
 631059
 631229
 631241
 631398
 631477
 631578
 631608
 631661
 631761
 631768
 631909
 631940
 632099
 632150
 632173
 632398
 632728
 632831
 632867
 632890
 632988
 633019
 633081
 633081
 633116
 633147
 633187
 633195
 633251
 633274
 633428
 633468
 633478
 633644
 633832
 634023
 634379
 634453
 634487
 634601
 634615
 634810
 634828
 634994
 635086
 635163
 635170
 635182
 635193
 635359
 635486
 635561
 635628
 635678
 635686
 636009
 636039
 636044
 636126
 636130
 636228
 636308
 636414
 636544
 636570
 636584
 636599
 636644
 636672
 636877
 636924
 637195
 637314
 637595
 637643
 637681
 637776
 638090
 638376
 638575
 638655
 638848
 638905
 639075
 639187
 639202
 639221
 639324
 639351
 639489
 639524
 639553
 639597
 639668
 639909
 639967
 640152
 640161
 640312
 640438
 640513
 640742
 640752
 640847
 641348
 641422
 641733
 641810
 641906
 641909
 641925
 641999
 642007
 642115
 642402
 642503
 642509
 642514
 642667
 642717
 642881
 642950
 642980
 643232
 643312
 643330
 643336
 643394
 643620
 643629
 643661
 643701
 643807
 643817
 644013
 644091
 644444
 644484
 644524
 644542
 644737
 644856
 644883
 644958
 644989
 645276
 645307
 645325
 645415
 645439
 645488
 645488
 645593
 645723
 645736
 645747
 645815
 645823
 645842
 645867
 645909
 645967
 646017
 646156
 646363
 646367
 646435
 646517
 646544
 646830
 646840
 646857
 646880
 646892
 646922
 647044
 647056
 647058
 647087
 647099
 647581
 647635
 647887
 648121
 648121
 648186
 648188
 648452
 648723
 648867
 648979
 649191
 649387
 649420
 649422
 649506
 649527
 649538
 649572
 649675
 649701
 649718
 649742
 649869
 649947
 650098
 650133
 650209
 650256
 650282
 650376
 650468
 650499
 650512
 650884
 651068
 651111
 651178
 651443
 651500
 651514
 651525
 651539
 651730
 651794
 651925
 651951
 652131
 652317
 652320
 652333
 652420
 652450
 652473
 652475
 652562
 652586
 652787
 652790
 652827
 652851
 652980
 653005
 653038
 653117
 653244
 653251
 653319
 653409
 653552
 653554
 653590
 653613
 653875
 653992
 654026
 654060
 654074
 654081
 654265
 654300
 654347
 654432
 654443
 654486
 654707
 654909
 654924
 654991
 655037
 655222
 655571
 655743
 656066
 656133
 656151
 656160
 656600
 656736
 656744
 656761
 656848
 657153
 657195
 657319
 657320
 657579
 657786
 657891
 658169
 658215
 658326
 658341
 658515
 658715
 658866
 658887
 658890
 658902
 658981
 659128
 659128
 659249
 659272
 659305
 659358
 659517
 659639
 659722
 660026
 660401
 660438
 660499
 660550
 660757
 660809
 660902
 660934
 661008
 661208
 661249
 661252
 661372
 661501
 661538
 661550
 661558
 661583
 661643
 661670
 661681
 661705
 661713
 661821
 661826
 662153
 662210
 662321
 662347
 662347
 662447
 662664
 662668
 662873
 662889
 662946
 663174
 663340
 663373
 663394
 663619
 663656
 663920
 664175
 664199
 664388
 664455
 664510
 664661
 664866
 664939
 665109
 665128
 665158
 665175
 665242
 665247
 665542
 665615
 665724
 665810
 665837
 665871
 665879
 665973
 666159
 666293
 666299
 666496
 666577
 666666
 666666
 666711
 666812
 666822
 666912
 666917
 667063
 667113
 667144
 667147
 667164
 667265
 667376
 667384
 667412
 667511
 667519
 667656
 667908
 668157
 668213
 668288
 668698
 668786
 668896
 668905
 668952
 669129
 669272
 669279
 669463
 669545
 669605
 669629
 669743
 669980
 670042
 670129
 670133
 670148
 670284
 670620
 670759
 670783
 670847
 670913
 670945
 671096
 671243
 671271
 671368
 671516
 671565
 671585
 671902
 672017
 672136
 672169
 672309
 672322
 672361
 672437
 672817
 672830
 672929
 673007
 673102
 673269
 673475
 673569
 673632
 673795
 674011
 674037
 674173
 674245
 674285
 674290
 674346
 674392
 674401
 674410
 674497
 674571
 674748
 674769
 674812
 674923
 674933
 674934
 674999
 675012
 675062
 675261
 675264
 675295
 675390
 675432
 675496
 675626
 675658
 675728
 675869
 675924
 676029
 676058
 676068
 676125
 676288
 676377
 676593
 676612
 677010
 677294
 677367
 677426
 677709
 677709
 677897
 677898
 678016
 678087
 678202
 678252
 678293
 678438
 678559
 678584
 678683
 678710
 678729
 678856
 678919
 679078
 679259
 679314
 679330
 679514
 679734
 679793
 679961
 680019
 680054
 680267
 680433
 680457
 680622
 680964
 681097
 681107
 681131
 681590
 681698
 681799
 681844
 682016
 682060
 682231
 682242
 682331
 682576
 682583
 682635
 682959
 683229
 683321
 683325
 683361
 683366
 683592
 683718
 683774
 683788
 683817
 683834
 683848
 683984
 684031
 684153
 684201
 684210
 684316
 684323
 684359
 684377
 684564
 684803
 685005
 685192
 685236
 685299
 685304
 685370
 685516
 685563
 685566
 686056
 686313
 686380
 686761
 686818
 686842
 687106
 687374
 687384
 687454
 687583
 687687
 687733
 687843
 688181
 688302
 688433
 688517
 688520
 688579
 688800
 688812
 688898
 688938
 688954
 689030
 689062
 689245
 689270
 689303
 689415
 689719
 689820
 689874
 690023
 690208
 690238
 690271
 690307
 690330
 690373
 690431
 690455
 690671
 690713
 690735
 690794
 690824
 691183
 691338
 691466
 691476
 691516
 691716
 691756
 691931
 691977
 692164
 692189
 692307
 692354
 692822
 692867
 692981
 693009
 693037
 693115
 693207
 693227
 693245
 693254
 693307
 693480
 693511
 693549
 693553
 693735
 693944
 693955
 694006
 694009
 694173
 694303
 694378
 694402
 694428
 694433
 694445
 694465
 694505
 694592
 694633
 694648
 694750
 695060
 695090
 695122
 695152
 695327
 695327
 695456
 695461
 695469
 695487
 695531
 695708
 695753
 695855
 695970
 696005
 696128
 696132
 696164
 696180
 696263
 696425
 696542
 696568
 696893
 696994
 697056
 697385
 697399
 697661
 697782
 697820
 697871
 698036
 698199
 698281
 698412
 698420
 698435
 698944
 698982
 699207
 699220
 699239
 699407
 699494
 699539
 699675
 699736
 699758
 699763
 699806
 699845
 699857
 699941
 699983
 700000
 700043
 700075
 700133
 700160
 700306
 700321
 700425
 700760
 700990
 701426
 701440
 701451
 701480
 701484
 701577
 701637
 701647
 701735
 701749
 701846
 701860
 701903
 701935
 702202
 702301
 702517
 702575
 702616
 702772
 702860
 703024
 703035
 703276
 703281
 703662
 703863
 704005
 704158
 704191
 704272
 704710
 704914
 705050
 705069
 705158
 705206
 705206
 705246
 705275
 705365
 705369
 705726
 705894
 705987
 706214
 706339
 706362
 706370
 706461
 706645
 706792
 706933
 706940
 706979
 707006
 707138
 707387
 707499
 707538
 707614
 707769
 707848
 707964
 708045
 708364
 708377
 708503
 708629
 708652
 708705
 708791
 708852
 709026
 709110
 709248
 709279
 709356
 709600
 709729
 709814
 709996
 710191
 710456
 710469
 710600
 710618
 711036
 711079
 711091
 711121
 711131
 711164
 711219
 711476
 711648
 711774
 712193
 712273
 712339
 712438
 712477
 712532
 712608
 713107
 713115
 713140
 713180
 713210
 713288
 713326
 713372
 713530
 713567
 713741
 714208
 714270
 714285
 714544
 714921
 715048
 715103
 715118
 715496
 715516
 715623
 715650
 715720
 715837
 715858
 715930
 716278
 716501
 716664
 716763
 716850
 716907
 716981
 717218
 717265
 717393
 717796
 717834
 717935
 717956
 718002
 718309
 718438
 718583
 718602
 718624
 718674
 718788
 719258
 719337
 719337
 719353
 719770
 719904
 719988
 720002
 720074
 720279
 720283
 720294
 720324
 720383
 720420
 720430
 720495
 720496
 720517
 720535
 720722
 720858
 721021
 721119
 721132
 721153
 721264
 721320
 721800
 721839
 721848
 721854
 722268
 722301
 722354
 722489
 722543
 722659
 722663
 722778
 722797
 723025
 723356
 723561
 723636
 723907
 724137
 724137
 724249
 724261
 724361
 724368
 724409
 724480
 724486
 724549
 724563
 724737
 724756
 724848
 724867
 724997
 725056
 725285
 725376
 725435
 725714
 725782
 725912
 725929
 725986
 726037
 726054
 726083
 726162
 726168
 726255
 726432
 726475
 726547
 726698
 726773
 726809
 726984
 727034
 727341
 727342
 727366
 727479
 727797
 727895
 727899
 728366
 728405
 728601
 728603
 728615
 728627
 728697
 728891
 728953
 729136
 729143
 729323
 729536
 729613
 729752
 729939
 730068
 730075
 730179
 730257
 730258
 730304
 730478
 730526
 730772
 730953
 731052
 731101
 731192
 731343
 731343
 731531
 731588
 731700
 731888
 732036
 732109
 732215
 732239
 732264
 732309
 732419
 732458
 732509
 732647
 732696
 732779
 732788
 732995
 733137
 733169
 733254
 733333
 733436
 733441
 733443
 733581
 733607
 733647
 733654
 733740
 733742
 733882
 733898
 733990
 734081
 734308
 734345
 734366
 734417
 734430
 734589
 734757
 734834
 734834
 734849
 734939
 735052
 735133
 735195
 735271
 735361
 735548
 735607
 735740
 735766
 735783
 735905
 735975
 736011
 736049
 736060
 736112
 736215
 736325
 736536
 736551
 736645
 736677
 736687
 736813
 736842
 736842
 736973
 736975
 737154
 737260
 737304
 737373
 737417
 737677
 737703
 737983
 738012
 738095
 738098
 738112
 738301
 738338
 738351
 738426
 738484
 738539
 738683
 738779
 739034
 739048
 739236
 739249
 739314
 739419
 739572
 739597
 739645
 739717
 739788
 739800
 739869
 740051
 740131
 740275
 740306
 740441
 740523
 740532
 740756
 741026
 741041
 741130
 741130
 741168
 741235
 741358
 741460
 741653
 741680
 741823
 741882
 742028
 742166
 742242
 742354
 742435
 742483
 742541
 742556
 742571
 742732
 742756
 742820
 742890
 743061
 743455
 743605
 743612
 743677
 743828
 743849
 743913
 743952
 744180
 744335
 744496
 744618
 744637
 744766
 744809
 745168
 745331
 745338
 745482
 745493
 745739
 745852
 745983
 745992
 746195
 746325
 746333
 746359
 746373
 746475
 746571
 746793
 746813
 747019
 747126
 747271
 747341
 747343
 747343
 747399
 747407
 747446
 747488
 747588
 747624
 747713
 747716
 747822
 747909
 748002
 748005
 748096
 748198
 748261
 748305
 748344
 748344
 748448
 748811
 748868
 748908
 748932
 748977
 749022
 749067
 749150
 749262
 749280
 749568
 749625
 749737
 749887
 750028
 750039
 750170
 750364
 750409
 750490
 750567
 750589
 750601
 750673
 750682
 750699
 750790
 750828
 750927
 751167
 751207
 751246
 751345
 751402
 751531
 751548
 751722
 751736
 751778
 751812
 751910
 752075
 752308
 752434
 752439
 752520
 752577
 752706
 752795
 752869
 752978
 753069
 753119
 753191
 753329
 753708
 754016
 754050
 754146
 754405
 754683
 754704
 754716
 754735
 754910
 754922
 755102
 755187
 755249
 755288
 755342
 755506
 755512
 755614
 755711
 755771
 755801
 755996
 756032
 756097
 756123
 756180
 756283
 756341
 756385
 756538
 756910
 757037
 757120
 757138
 757146
 757287
 757350
 757571
 757575
 757575
 757642
 758031
 758042
 758044
 758101
 758258
 758354
 758387
 758487
 758745
 758810
 758874
 759095
 759118
 759244
 759392
 759485
 759564
 759612
 759664
 759701
 759851
 759884
 759989
 760060
 760146
 760154
 760164
 760176
 760252
 760328
 760439
 760598
 760635
 760672
 760720
 760962
 761023
 761029
 761290
 761290
 761345
 761349
 761538
 761565
 761660
 761769
 761773
 761829
 761845
 761948
 762011
 762187
 762237
 762311
 762315
 762376
 762506
 762510
 762567
 762584
 762666
 762797
 762872
 763064
 763147
 763353
 763720
 763748
 763961
 763990
 764057
 764154
 764183
 764355
 764384
 764634
 764659
 764729
 764875
 765040
 765147
 765156
 765299
 765376
 765480
 765513
 765568
 765670
 765877
 765905
 765906
 766000
 766019
 766023
 766070
 766096
 766119
 766167
 766424
 766537
 766550
 766772
 767041
 767183
 767218
 767458
 767467
 767524
 768083
 768202
 768239
 768430
 768434
 768505
 768534
 768556
 768641
 768768
 768863
 769052
 769070
 769465
 769506
 769558
 769711
 769811
 769998
 770090
 770135
 770179
 770253
 770273
 770430
 770470
 770788
 770836
 770981
 771029
 771036
 771203
 771274
 771303
 771305
 771452
 771523
 771526
 771696
 771881
 771929
 772038
 772113
 772126
 772151
 772219
 772339
 772867
 772978
 773021
 773044
 773064
 773149
 773161
 773162
 773243
 773244
 773377
 773407
 773422
 773488
 773635
 773649
 773869
 774039
 774189
 774219
 774366
 774390
 774425
 774592
 774647
 774866
 774946
 775024
 775040
 775166
 775170
 775174
 775189
 775231
 775236
 775290
 775314
 775318
 775474
 775481
 775731
 775795
 775810
 775851
 775862
 775912
 775945
 776019
 776021
 776040
 776079
 776224
 776322
 776446
 776508
 776518
 776699
 776825
 776878
 776916
 777124
 777372
 777398
 777592
 777777
 778005
 778056
 778086
 778109
 778158
 778162
 778186
 778424
 778427
 778435
 778475
 778495
 778731
 778856
 778872
 778979
 779036
 779105
 779237
 779425
 779484
 779653
 779685
 779866
 779907
 780000
 780147
 780151
 780253
 780429
 780510
 780779
 780797
 780952
 781111
 781174
 781250
 781276
 781281
 781291
 781304
 781426
 781476
 781509
 781534
 781609
 781896
 781927
 782025
 782040
 782045
 782075
 782288
 782449
 782664
 782708
 782841
 783017
 783021
 783046
 783107
 783182
 783300
 783471
 783587
 783647
 783854
 783937
 783948
 784010
 784172
 784172
 784360
 784388
 784439
 784500
 784502
 784547
 784794
 784800
 784916
 784944
 784958
 785040
 785261
 785588
 785606
 785623
 785727
 785938
 786002
 786246
 786248
 786361
 786373
 786764
 786785
 786832
 786870
 786919
 786971
 786982
 787079
 787096
 787145
 787169
 787291
 787403
 787450
 787583
 787692
 787795
 787865
 787922
 787981
 787999
 788053
 788116
 788153
 788174
 788218
 788293
 788320
 788343
 788377
 788391
 788416
 788445
 788515
 788561
 788697
 788765
 788783
 788870
 788918
 788975
 788985
 789023
 789098
 789103
 789214
 789224
 789309
 789384
 789549
 789565
 789800
 789802
 790190
 790199
 790323
 790353
 790382
 790573
 790669
 790672
 790762
 790845
 790862
 790871
 790971
 790976
 791008
 791086
 791126
 791139
 791345
 791396
 791443
 791469
 791846
 792086
 792166
 792281
 792520
 792525
 792567
 792677
 792786
 792982
 793046
 793129
 793160
 793259
 793381
 793406
 793632
 793667
 793716
 793736
 793824
 793856
 793892
 793900
 793945
 794011
 794158
 794400
 794520
 794537
 794609
 794654
 794669
 794782
 794790
 794816
 794991
 795008
 795051
 795201
 795536
 795540
 795640
 795947
 796015
 796109
 796373
 796549
 796587
 796592
 796624
 796687
 796819
 796836
 796880
 796890
 797238
 797255
 797505
 797625
 797639
 797722
 797795
 797958
 797985
 798017
 798020
 798069
 798080
 798301
 798357
 798377
 798940
 799178
 799221
 799288
 799410
 799415
 799523
 799636
 799637
 799729
 799746
 799848
 799866
 799999
 799999
 800000
 800000
 800147
 800904
 800990
 801194
 801238
 801392
 801410
 801631
 801658
 801862
 801880
 801976
 802067
 802105
 802157
 802192
 802264
 802469
 802813
 802816
 803024
 803111
 803222
 803274
 803331
 803758
 804003
 804263
 804398
 804429
 804484
 804503
 804584
 804665
 804868
 804933
 805442
 805555
 805605
 805687
 805773
 805801
 805848
 806068
 806085
 806509
 806545
 806649
 806745
 806981
 807063
 807134
 807265
 807275
 807329
 807339
 807404
 807443
 807548
 807552
 807662
 807754
 807766
 807877
 808178
 808313
 808383
 808423
 808444
 808565
 808801
 809061
 809160
 809190
 809219
 809220
 809290
 809345
 809399
 809401
 809632
 809654
 809711
 809750
 809773
 809879
 809954
 809960
 810151
 810218
 810279
 810319
 810401
 810413
 810445
 810585
 810642
 810678
 810735
 810962
 811188
 811259
 811264
 811359
 811475
 811579
 812374
 812601
 812734
 812770
 812899
 813042
 813222
 813534
 813551
 813574
 813591
 813679
 814005
 814148
 814163
 814516
 814632
 814683
 814719
 814814
 814877
 814887
 815496
 815523
 815637
 815920
 816232
 816269
 816351
 816404
 816649
 816803
 816832
 816901
 816912
 817031
 817086
 817200
 817304
 817425
 817428
 817504
 817564
 817586
 817632
 817641
 817932
 818015
 818043
 818181
 818197
 818205
 818341
 818854
 818941
 818976
 819067
 819499
 819545
 819740
 819809
 819942
 820023
 820072
 820227
 820241
 820356
 820468
 820684
 820793
 821311
 821318
 821333
 821378
 821564
 821669
 821900
 822151
 822222
 822291
 822294
 822468
 822485
 822534
 822621
 822829
 822991
 823143
 823287
 823329
 823354
 823376
 823382
 823393
 823400
 823410
 823509
 823529
 823635
 823791
 823803
 823826
 823834
 824209
 824398
 824409
 824576
 824615
 824754
 824859
 824988
 825170
 825284
 825402
 825419
 825490
 825740
 825780
 825843
 825875
 825915
 825969
 826097
 826168
 826403
 826513
 826651
 826834
 826905
 827011
 827012
 827286
 827370
 827690
 827766
 827911
 827998
 828043
 828098
 828131
 828264
 828361
 828409
 828513
 828521
 828636
 828641
 828683
 828708
 828802
 828823
 828865
 829035
 829126
 829254
 829413
 829516
 829623
 829820
 829836
 829904
 830344
 830376
 830412
 830412
 830566
 830690
 830752
 830857
 830897
 831172
 831183
 831227
 831257
 831302
 831309
 831325
 831489
 831552
 831742
 831870
 831969
 832022
 832050
 832248
 832263
 832332
 832470
 832689
 832804
 832805
 832929
 833144
 833529
 833674
 833709
 833833
 833952
 834108
 834669
 834749
 834967
 835109
 835270
 835401
 835427
 835486
 835699
 835704
 835705
 835820
 835904
 836244
 836599
 836616
 836660
 836756
 837030
 837060
 837082
 837128
 837154
 837293
 837312
 837377
 837398
 837436
 837513
 837571
 837587
 837720
 837814
 837844
 837977
 838080
 838420
 838476
 838573
 838594
 838605
 838696
 838709
 838929
 839060
 839124
 839308
 839505
 839530
 839535
 839736
 839745
 839868
 839932
 840000
 840044
 840114
 840148
 840232
 840253
 840350
 840631
 840653
 840743
 840959
 841001
 841022
 841540
 841637
 841806
 841903
 841943
 841949
 841975
 842068
 842088
 842158
 842286
 842417
 842517
 842547
 842589
 842696
 843107
 843137
 843189
 843465
 843558
 843579
 843588
 843677
 843810
 844101
 844110
 844209
 844219
 844221
 844316
 844498
 844913
 844947
 845015
 845244
 845303
 845316
 845333
 845375
 845569
 845602
 845959
 846004
 846031
 846153
 846153
 846153
 846292
 846315
 846388
 846586
 846605
 846708
 846846
 847051
 847104
 847130
 847226
 847262
 847328
 847649
 847753
 847796
 848153
 848321
 848332
 848334
 848712
 848734
 848871
 848936
 849068
 849084
 849342
 849445
 849467
 849552
 849574
 849590
 849669
 849740
 849772
 849780
 849819
 849842
 849911
 850110
 850115
 850155
 850164
 850216
 850279
 850295
 850306
 850348
 850378
 850381
 850467
 850516
 850526
 850944
 850977
 851228
 851273
 851302
 851461
 851524
 851674
 851783
 851791
 852016
 852348
 852371
 852507
 852579
 852579
 852658
 853104
 853111
 853211
 853321
 853338
 853354
 853465
 853523
 853627
 853707
 853871
 853890
 853942
 854157
 854196
 854244
 854251
 854276
 854277
 854341
 854388
 854648
 854792
 854837
 855001
 855218
 855368
 855400
 855413
 855491
 855493
 855808
 856635
 856874
 856901
 856966
 857055
 857114
 857142
 857255
 857405
 857501
 857662
 857727
 857727
 857735
 857922
 858093
 858159
 858314
 858379
 858558
 858599
 858932
 859450
 859492
 859792
 859813
 859905
 859994
 860102
 860103
 860108
 860139
 860152
 860171
 860335
 860413
 860421
 860424
 860473
 860622
 860973
 861010
 861039
 861230
 861252
 861309
 861344
 861362
 861445
 861446
 861502
 861563
 861758
 861769
 861803
 861825
 861833
 861866
 862066
 862068
 862158
 862184
 862313
 862328
 862467
 862503
 862711
 863252
 863385
 863492
 863572
 863917
 864034
 864103
 864290
 864305
 864379
 864451
 864625
 864900
 864914
 864919
 865010
 865046
 865191
 865315
 865443
 865481
 865539
 865597
 865703
 865842
 865856
 865979
 866301
 866551
 866625
 866631
 866643
 866666
 866666
 866703
 866713
 866910
 866918
 867042
 867064
 867181
 867572
 867673
 867683
 867956
 867992
 868180
 868247
 868381
 868413
 868510
 868521
 868577
 868642
 868647
 868901
 868914
 868990
 869114
 869234
 869318
 869828
 869885
 869911
 870102
 870113
 870142
 870175
 870286
 870358
 870391
 870397
 870403
 870660
 870706
 870795
 870843
 870901
 870919
 870967
 871145
 871180
 871197
 871216
 871347
 871549
 871706
 871845
 872202
 872288
 872373
 872442
 872471
 872479
 872509
 872515
 872548
 872619
 872823
 872841
 873010
 873042
 873129
 873172
 873307
 873336
 873359
 873418
 873423
 873498
 873764
 873811
 873873
 873913
 873964
 874010
 874092
 874299
 874308
 874417
 874428
 874762
 874772
 874781
 874847
 874849
 874931
 875000
 875040
 875083
 875100
 875104
 875201
 875218
 875407
 875459
 875591
 875681
 875912
 875930
 876033
 876060
 876261
 876262
 876364
 876421
 876496
 876615
 876640
 876878
 876985
 877024
 877257
 877301
 877440
 877493
 877538
 877546
 877647
 877697
 877778
 877803
 877866
 877940
 878252
 878278
 878351
 878495
 878533
 878564
 878576
 878621
 878755
 878780
 878841
 879050
 879086
 879413
 879427
 879434
 879643
 879652
 879720
 879853
 879864
 880075
 880634
 880994
 880997
 881034
 881088
 881199
 881275
 881369
 881434
 881614
 881812
 881821
 881910
 882041
 882132
 882271
 882295
 882352
 882352
 882364
 882444
 882808
 882841
 882866
 882921
 882943
 883071
 883111
 883413
 883449
 883450
 883633
 883676
 883692
 883797
 884210
 884507
 884559
 884783
 885011
 885025
 885099
 885127
 885234
 885301
 885369
 885389
 885428
 885451
 885516
 885607
 885615
 885632
 885635
 885642
 885964
 886036
 886050
 886319
 886406
 886444
 886481
 886493
 886497
 886758
 886765
 886822
 886839
 886885
 886979
 887010
 887323
 887419
 887569
 887573
 887592
 887703
 887818
 887880
 887920
 887924
 888013
 888155
 888183
 888295
 888337
 888337
 888413
 888471
 888596
 888766
 888823
 888888
 888946
 888993
 889051
 889052
 889150
 889172
 889291
 889531
 889609
 889715
 889734
 889746
 889888
 890018
 890042
 890086
 890097
 890298
 890308
 890308
 890356
 890512
 890663
 890749
 890756
 890793
 890951
 891126
 891135
 891145
 891156
 891156
 891281
 891316
 891536
 891642
 891730
 891919
 891925
 891979
 892078
 892281
 892422
 892535
 892925
 892995
 893048
 893101
 893205
 893373
 893647
 893712
 893891
 894023
 894114
 894185
 894293
 894474
 894557
 894573
 894913
 894977
 895009
 895196
 895277
 895318
 895373
 895385
 895458
 895475
 895486
 895634
 895663
 895664
 895741
 895953
 895961
 896034
 896047
 896234
 896442
 896489
 896523
 896551
 896631
 896720
 896748
 896783
 896919
 896981
 897074
 897401
 897559
 897588
 897622
 897804
 897959
 897959
 897991
 898008
 898062
 898247
 898271
 898351
 898425
 898648
 898698
 898727
 898736
 898856
 898903
 898917
 899092
 899167
 899188
 899309
 899447
 899550
 899572
 899587
 899659
 899678
 899749
 899833
 900120
 900155
 900274
 900476
 900596
 900722
 900838
 900870
 900904
 900989
 901157
 901256
 901270
 901328
 901369
 901436
 901552
 901589
 901614
 901768
 901903
 901960
 901960
 901982
 902003
 902040
 902293
 902302
 902392
 902445
 902600
 902808
 902904
 902940
 903169
 903285
 903330
 903367
 903381
 903450
 903493
 903499
 903593
 903725
 903779
 903886
 903945
 903948
 904280
 904412
 904426
 904490
 904505
 904521
 904548
 904550
 904643
 904790
 904890
 904934
 905192
 905418
 905660
 905748
 906145
 906227
 906245
 906296
 906394
 906470
 906569
 906603
 906706
 906719
 906784
 906792
 906856
 907048
 907053
 907074
 907085
 907103
 907117
 907136
 907257
 907378
 907983
 908024
 908133
 908163
 908330
 908383
 908570
 908667
 908689
 908697
 908772
 908887
 908976
 908994
 909045
 909141
 909523
 909598
 909676
 909824
 909829
 909895
 909992
 910194
 910257
 910439
 910447
 910484
 910768
 910775
 910806
 910905
 910953
 910957
 910958
 910977
 911056
 911111
 911187
 911199
 911369
 911514
 911556
 911736
 911806
 912045
 912071
 912087
 912105
 912250
 912347
 912498
 912516
 912688
 912698
 912769
 912771
 912883
 912918
 912998
 913160
 913257
 913297
 913332
 913458
 913464
 913580
 913592
 913771
 913819
 913873
 913911
 913972
 914050
 914285
 914553
 914594
 914626
 915006
 915051
 915171
 915212
 915288
 915296
 915345
 915403
 915428
 915480
 915536
 915545
 915661
 915703
 915732
 915742
 915804
 915841
 915850
 915984
 916102
 916141
 916317
 916420
 916533
 916538
 916635
 916666
 916913
 917115
 917127
 917234
 917336
 917534
 917562
 918066
 918132
 918135
 918175
 918597
 918611
 918867
 918886
 918897
 918929
 919041
 919168
 919441
 919455
 919464
 919806
 919830
 919877
 920121
 920227
 920315
 920320
 920427
 920447
 920508
 920560
 920588
 920716
 920820
 920912
 920972
 921251
 921256
 921348
 921532
 921606
 921672
 921708
 921763
 921809
 921844
 921956
 922107
 922150
 922164
 922588
 922734
 922751
 922924
 923076
 923151
 923269
 923319
 923369
 923570
 923580
 923694
 923822
 923849
 923935
 923964
 923982
 923995
 924242
 924301
 924305
 924519
 924569
 924874
 924945
 925011
 925170
 925204
 925262
 925454
 925796
 925999
 926093
 926270
 926328
 926349
 926598
 926742
 926834
 927023
 927435
 927602
 927617
 927625
 927796
 927798
 927868
 927937
 928473
 928642
 928654
 928806
 929341
 929344
 929381
 929387
 929478
 929636
 929663
 929774
 929797
 929802
 929925
 930027
 930109
 930151
 930358
 930389
 930601
 930662
 930666
 930782
 930813
 931217
 931253
 931802
 931855
 931878
 931892
 931989
 932102
 932203
 932419
 932582
 932738
 932777
 932940
 933166
 933183
 933195
 933209
 933333
 933386
 933404
 933466
 933499
 933925
 933939
 933954
 934171
 934172
 934435
 934481
 934497
 934618
 934807
 934818
 934990
 935208
 935323
 935448
 935448
 935483
 935522
 935597
 935599
 935630
 935779
 935968
 936049
 936143
 936580
 936925
 937178
 937267
 937295
 937414
 937437
 937761
 937909
 938018
 938149
 938223
 938284
 938349
 938358
 938377
 938593
 938730
 938765
 938799
 938828
 938895
 939084
 939120
 939139
 939279
 939564
 939597
 939696
 939868
 939883
 939929
 939969
 940116
 940264
 940560
 940622
 940689
 940711
 941176
 941176
 941188
 941229
 941281
 941312
 941322
 941415
 941541
 941549
 941554
 941663
 941869
 941886
 941970
 941989
 942019
 942156
 942194
 942283
 942386
 942448
 942456
 942636
 942761
 943059
 943228
 943251
 943323
 943372
 943376
 943725
 943799
 943883
 944014
 944036
 944177
 944303
 944322
 944338
 944345
 944377
 944489
 944570
 944645
 944702
 944836
 944872
 945030
 945290
 945298
 945391
 945398
 945408
 945440
 945449
 945518
 945643
 945656
 945693
 945942
 945955
 946058
 946151
 946175
 946202
 946206
 946303
 946378
 946511
 946529
 946611
 946665
 946667
 946694
 946717
 946830
 946872
 946914
 946963
 947042
 947118
 947198
 947287
 947330
 947442
 947820
 947938
 948088
 948238
 948374
 948463
 948529
 948626
 948653
 948798
 948925
 949033
 949197
 949284
 949315
 949328
 949391
 949435
 949493
 949602
 949821
 949830
 950151
 950531
 950603
 950622
 950673
 950719
 950721
 950721
 950786
 950819
 950827
 950958
 950965
 951087
 951596
 951834
 951873
 952028
 952053
 952057
 952118
 952337
 952385
 952677
 952907
 953105
 953155
 953313
 953314
 953420
 953488
 953550
 953582
 953761
 953961
 954073
 954337
 954340
 954396
 954418
 954507
 954583
 954607
 954619
 954624
 954668
 954723
 954731
 954745
 954802
 954873
 955133
 955274
 955384
 955555
 955859
 955911
 956006
 956024
 956273
 956331
 956511
 956521
 956532
 956575
 956587
 956616
 956781
 956878
 956904
 956981
 956998
 957063
 957112
 957205
 957276
 957523
 957532
 957533
 957562
 957581
 957591
 957713
 957804
 957808
 957814
 957922
 958179
 958215
 958477
 958505
 958541
 958751
 958885
 958886
 959067
 959116
 959149
 959150
 959211
 959213
 959224
 959375
 959681
 959826
 959828
 959999
 960002
 960013
 960064
 960235
 960503
 960577
 960704
 960705
 960706
 960732
 960932
 961122
 961201
 961227
 961290
 961340
 961447
 961501
 961504
 961579
 961584
 961852
 962056
 962241
 962382
 962466
 962886
 963164
 963321
 963446
 963611
 963660
 963800
 963906
 964068
 964169
 964285
 964285
 964429
 964720
 964997
 965116
 965117
 965176
 965281
 965334
 965354
 965517
 965683
 965726
 965989
 966123
 966126
 966213
 966337
 966700
 966740
 966778
 966793
 966823
 966836
 967201
 967222
 967231
 967251
 967313
 967508
 967617
 967757
 967989
 968212
 968304
 968351
 968624
 968638
 968647
 968713
 968725
 968875
 968887
 968895
 969151
 969213
 969261
 969308
 969382
 969484
 969505
 969704
 969960
 970115
 970157
 970244
 970381
 970436
 970459
 970529
 970675
 970876
 971064
 971151
 971428
 971643
 971674
 971735
 972248
 972300
 972591
 972649
 972698
 972759
 972780
 972797
 972900
 973116
 973117
 973162
 973262
 973264
 973365
 973371
 973441
 973507
 973708
 973708
 973779
 973890
 973923
 973980
 973997
 974375
 974414
 974697
 974747
 975151
 975298
 975304
 975435
 975438
 975596
 975670
 975803
 975843
 976036
 976044
 976140
 976261
 976302
 976320
 976363
 976470
 976512
 976605
 976638
 976650
 977186
 977205
 977277
 977575
 977614
 977700
 977745
 978003
 978136
 978307
 978506
 978751
 978952
 979026
 979040
 979066
 979100
 979120
 979470
 979475
 979518
 979557
 979662
 979674
 979683
 979709
 979792
 979797
 979910
 979978
 980011
 980180
 980180
 980186
 980206
 980259
 980325
 980372
 980392
 980473
 980666
 981050
 981091
 981192
 981249
 981290
 981388
 981478
 981667
 981684
 981717
 981935
 982101
 982290
 982350
 982371
 982533
 982565
 982570
 982608
 982608
 982608
 982621
 982692
 982713
 982978
 983052
 983356
 983417
 983425
 983433
 983473
 983474
 983480
 983723
 983884
 983916
 984025
 984058
 984164
 984633
 984666
 984682
 984688
 984716
 984719
 984750
 984815
 984817
 985007
 985010
 985093
 985134
 985183
 985185
 985201
 985287
 985318
 985353
 985361
 985413
 985534
 985636
 985802
 985831
 985845
 985986
 986023
 986031
 986058
 986084
 986301
 986324
 986617
 986661
 986734
 986866
 986899
 987357
 987502
 987520
 987525
 987572
 987838
 987841
 987898
 987903
 988040
 988329
 988380
 988495
 988527
 988879
 989169
 989176
 989216
 989385
 989592
 989604
 989671
 989690
 989712
 989717
 989761
 989810
 989812
 989903
 990128
 990141
 990141
 990430
 990679
 990841
 990869
 991001
 991064
 991075
 991127
 991187
 991268
 991352
 991379
 991831
 991960
 992000
 992119
 992420
 992481
 992486
 992492
 992508
 992918
 992980
 993031
 993123
 993126
 993130
 993162
 993206
 993393
 993548
 993573
 993823
 993995
 994465
 994527
 994613
 994654
 995127
 995184
 995272
 995377
 995420
 995424
 995480
 995519
 995784
 995857
 995980
 996125
 996213
 996317
 996403
 996411
 996425
 996469
 996478
 996610
 996670
 996680
 996692
 996704
 996774
 996776
 996782
 996978
 997171
 997222
 997224
 997568
 997598
 997722
 997748
 997793
 997921
 997966
 997989
 998196
 998234
 998329
 998415
 998440
 998529
 998550
 998595
 998633
 998654
 998703
 998722
 998872
 999101
 999316
 999446
 999540
 999580
 999702
 999707
 999733
 999908
 