128
 227
 325
 415
 605
 987
 995
 1026
 1028
 1248
 1268
 1681
 1860
 1953
 2075
 2145
 2202
 2226
 2279
 2370
 2452
 2539
 2663
 2691
 2733
 2841
 2953
 3086
 3292
 3317
 3427
 3490
 3525
 3583
 3718
 3758
 3798
 3817
 3892
 4143
 4162
 4203
 4276
 4389
 4598
 4619
 4749
 4750
 4775
 4862
 4961
 4986
 5405
 5535
 5662
 5739
 5796
 5927
 5965
 6248
 6325
 6344
 6363
 6589
 6857
 6990
 7098
 7139
 7269
 7315
 7333
 7395
 7540
 7576
 7995
 8099
 8205
 8431
 8436
 8587
 8667
 8723
 8845
 8988
 8991
 8998
 9010
 9018
 9134
 9273
 9286
 9287
 9375
 9389
 9392
 9784
 9872
 9906
 9987
 9993
 