0
 126
 149
 309
 467
 529
 554
 775
 779
 898
 1071
 1144
 1227
 1237
 1619
 1867
 1923
 1982
 2172
 2268
 2357
 2695
 2739
 2874
 3010
 3072
 3168
 3232
 3365
 3412
 3542
 3618
 3685
 3688
 3749
 3818
 3963
 4246
 4252
 4253
 4294
 4298
 4311
 4494
 4508
 4620
 4684
 4740
 4787
 4904
 4907
 4968
 5061
 5070
 5303
 5306
 5416
 5448
 5607
 6122
 6139
 6189
 6229
 6385
 6619
 6665
 6896
 7039
 7094
 7128
 7146
 7158
 7292
 7687
 7870
 7921
 7950
 8130
 8228
 8308
 8356
 8488
 8606
 8768
 8770
 8834
 8931
 8961
 8972
 8984
 9036
 9057
 9537
 9593
 9615
 9729
 9841
 9866
 10016
 10180
 10261
 10388
 10409
 10632
 10893
 11019
 11134
 11190
 11292
 11356
 11370
 11464
 11579
 11601
 11712
 11831
 11860
 11960
 12070
 12113
 12213
 12345
 12422
 12446
 12559
 12805
 12851
 12868
 12875
 12913
 13050
 13079
 13145
 13240
 13463
 13577
 13659
 13712
 13862
 13927
 14588
 14589
 14599
 14645
 14687
 14902
 15316
 15558
 15598
 15599
 15622
 15637
 15645
 15655
 15816
 15818
 15820
 15824
 15844
 16083
 16311
 16385
 16477
 16479
 16652
 16730
 16780
 16837
 16982
 17003
 17014
 17043
 17045
 17080
 17148
 17253
 17296
 17408
 17463
 17555
 17562
 17577
 17616
 17683
 17745
 18085
 18181
 18194
 18264
 18272
 18312
 18346
 18372
 18405
 18545
 18654
 18699
 18806
 18913
 18922
 19336
 19382
 19753
 19801
 19808
 19943
 19988
 20002
 20031
 20260
 20355
 20533
 20676
 20684
 20739
 21187
 21375
 21388
 21444
 21459
 21467
 21474
 21720
 21759
 21815
 21977
 21978
 21990
 21995
 22008
 22155
 22179
 22181
 22261
 22600
 22687
 22727
 22740
 22895
 22974
 22995
 23253
 23255
 23365
 23391
 23422
 23612
 23616
 23699
 23788
 24182
 24367
 24448
 24456
 24615
 24673
 24691
 24769
 24789
 24851
 24960
 25058
 25455
 25490
 25689
 25698
 25800
 25944
 25952
 25974
 25978
 26047
 26217
 26234
 26278
 26537
 26581
 26666
 26706
 26810
 26936
 27008
 27027
 27054
 27077
 27092
 27125
 27214
 27226
 27295
 27309
 27379
 27397
 27418
 27425
 27461
 27469
 27597
 27599
 27814
 27839
 27844
 27988
 28054
 28104
 28195
 28248
 28270
 28370
 28592
 28793
 28811
 28817
 28852
 28860
 29020
 29127
 29267
 29335
 29392
 29470
 29554
 29560
 29669
 29845
 29874
 29940
 29969
 30079
 30170
 30267
 30331
 30473
 30487
 30511
 30574
 30580
 30606
 30707
 30814
 30866
 31074
 31129
 31239
 31336
 31407
 31415
 31461
 31485
 31689
 31693
 31784
 31878
 31885
 31999
 32021
 32069
 32077
 32295
 32313
 32441
 32484
 32571
 32573
 33003
 33229
 33255
 33509
 33696
 33840
 33908
 33987
 34015
 34108
 34262
 34645
 34704
 34869
 35245
 35305
 35307
 35318
 35408
 35541
 35595
 35646
 35842
 36213
 36227
 36341
 36384
 36398
 36668
 36691
 36751
 36766
 36838
 37037
 37121
 37130
 37147
 37225
 37232
 37279
 37727
 37896
 37952
 37967
 38082
 38126
 38290
 38327
 38376
 38383
 38465
 38488
 38535
 38652
 38680
 38709
 39154
 39215
 39278
 39393
 39595
 39630
 39678
 39689
 39709
 39818
 39894
 39895
 39902
 39942
 40021
 40071
 40079
 40137
 40249
 40293
 40445
 40510
 40565
 40642
 40643
 40843
 40876
 40887
 40939
 41041
 41121
 41211
 41237
 41241
 41299
 41422
 41444
 41703
 41976
 42126
 42185
 42341
 42465
 42506
 42609
 42651
 43134
 43197
 43244
 43284
 43409
 43821
 43854
 43871
 43872
 43879
 43998
 44069
 44073
 44083
 44276
 44444
 44476
 44715
 44720
 44745
 44968
 45143
 45245
 45253
 45292
 45339
 45432
 45438
 45468
 45557
 45659
 45672
 45701
 45742
 45826
 45849
 45871
 45882
 46124
 46138
 46248
 46408
 46432
 46593
 46661
 46674
 46697
 46772
 46904
 47030
 47281
 47445
 47520
 47587
 47590
 47619
 47785
 47895
 48259
 48459
 48649
 48731
 48910
 49065
 49132
 49180
 49237
 49263
 49403
 49442
 49449
 49484
 49618
 49622
 49642
 49801
 49848
 49849
 50144
 50159
 50310
 50588
 50632
 50650
 50697
 50743
 51012
 51110
 51288
 51352
 51448
 51483
 51593
 51688
 51705
 51912
 52004
 52274
 52275
 52401
 52631
 52830
 52831
 52856
 52946
 53156
 53307
 53313
 53435
 53867
 53877
 54022
 54433
 54717
 54798
 54820
 54849
 54864
 54967
 55054
 55130
 55731
 55768
 55824
 55867
 56057
 56238
 56329
 56406
 56434
 56443
 56603
 56639
 56716
 56727
 56746
 56918
 57058
 57067
 57074
 57381
 57392
 57560
 57784
 57814
 57825
 58098
 58341
 58510
 58585
 58629
 58663
 58875
 58891
 58927
 58973
 59344
 59386
 59387
 59405
 59414
 59442
 59829
 59864
 59880
 59918
 60061
 60085
 60095
 60217
 60263
 60327
 60539
 60567
 60595
 60681
 60700
 60726
 60740
 60773
 60780
 60794
 60893
 61154
 61192
 61240
 61297
 61602
 61708
 61823
 61837
 61866
 62029
 62148
 62164
 62254
 62289
 62327
 62504
 62600
 62602
 62681
 63413
 63427
 63698
 63829
 63883
 63908
 63989
 64137
 64151
 64239
 64248
 64263
 64427
 64432
 64435
 64626
 64748
 64754
 64827
 64842
 64917
 64987
 65034
 65037
 65077
 65217
 65320
 65331
 65349
 65362
 65412
 65495
 65688
 65848
 65862
 65868
 65910
 65963
 65976
 66010
 66039
 66086
 66653
 66696
 66883
 67009
 67067
 67100
 67249
 67301
 67334
 67357
 67424
 67634
 67740
 67913
 68002
 68061
 68132
 68155
 68170
 68203
 68260
 68340
 68400
 68465
 68493
 68767
 68820
 68972
 69030
 69295
 69530
 69666
 69726
 69814
 69831
 69977
 70000
 70038
 70381
 70458
 70575
 70611
 70741
 70763
 71015
 71065
 71105
 71129
 71251
 71269
 71274
 71295
 71549
 71679
 71804
 71920
 72060
 72073
 72171
 72269
 72279
 72428
 72429
 72559
 72566
 72575
 72583
 72672
 72682
 72719
 72816
 72822
 72845
 72898
 72909
 72945
 72990
 73018
 73035
 73223
 73234
 73296
 73337
 73340
 73417
 73455
 73507
 73677
 74074
 74444
 74542
 74610
 74981
 75033
 75059
 75079
 75117
 75183
 75187
 75216
 75217
 75282
 75471
 75495
 75551
 75584
 75829
 75909
 76000
 76103
 76158
 76369
 76465
 76619
 76923
 76949
 77036
 77475
 77602
 77648
 77973
 78256
 78417
 78498
 78552
 78600
 78614
 78697
 78890
 78939
 79207
 79221
 79347
 79388
 79419
 79442
 79524
 79689
 79960
 80017
 80037
 80066
 80104
 80151
 80170
 80341
 80380
 80394
 80425
 80519
 80586
 80940
 80973
 81081
 81091
 81160
 81162
 81268
 81316
 81319
 81324
 81412
 81451
 81465
 81621
 81715
 81723
 81733
 81753
 81768
 81800
 81942
 82005
 82077
 82157
 82260
 82274
 82307
 82348
 82452
 82706
 82799
 83014
 83102
 83150
 83472
 83610
 83633
 83677
 83829
 83955
 84008
 84036
 84048
 84117
 84139
 84185
 84247
 84255
 84329
 84337
 84460
 84507
 84664
 84701
 84739
 84745
 84772
 84820
 85020
 85106
 85482
 85791
 86021
 86060
 86431
 86455
 86457
 86631
 86725
 86800
 86887
 86899
 86956
 87145
 87273
 87332
 87438
 87501
 87571
 87587
 88207
 88251
 88323
 88338
 88479
 88571
 88626
 88637
 88825
 88851
 88899
 88931
 88946
 89429
 89610
 89632
 89843
 89965
 89978
 90114
 90183
 90193
 90383
 90384
 90444
 90508
 90526
 90549
 90577
 90587
 90640
 90723
 90742
 90775
 90832
 90868
 90979
 91030
 91228
 91251
 91409
 91515
 91603
 91660
 91803
 91949
 92002
 92155
 92352
 92459
 92753
 92803
 92810
 92851
 92944
 93145
 93187
 93204
 93256
 93457
 93500
 93688
 93875
 93930
 94178
 94195
 94288
 94305
 94318
 94355
 94451
 94594
 94693
 94709
 94758
 94898
 95094
 95108
 95202
 95238
 95276
 95318
 95340
 95382
 95400
 95425
 95469
 95563
 95816
 96000
 96101
 96264
 96283
 96284
 96289
 96305
 96378
 96424
 96457
 96557
 96578
 96655
 96774
 96842
 96882
 97024
 97052
 97290
 97386
 97387
 97546
 97560
 97577
 97780
 98024
 98062
 98247
 98265
 98298
 98432
 98605
 98712
 98748
 98937
 98941
 99009
 99403
 99552
 99637
 100000
 100027
 100031
 100060
 100106
 100161
 100315
 100365
 100616
 100631
 100735
 100838
 100889
 100991
 101310
 101529
 101648
 101762
 101865
 102054
 102150
 102161
 102263
 102283
 102297
 102462
 102546
 102552
 102617
 102720
 102733
 102775
 102834
 102839
 102936
 103082
 103085
 103105
 103145
 103216
 103329
 103482
 103485
 103582
 103849
 104320
 104438
 104477
 104491
 104499
 104513
 104557
 104799
 104873
 105089
 105259
 105279
 105294
 105489
 105559
 105636
 105853
 105881
 106066
 106296
 106440
 106451
 106536
 106595
 106647
 106706
 106932
 107070
 107156
 107320
 107428
 107457
 107514
 107588
 107636
 107662
 107745
 107804
 107855
 107881
 108005
 108027
 108083
 108108
 108117
 108392
 108527
 108543
 108658
 108776
 108847
 109196
 109255
 109483
 109586
 109618
 109674
 109943
 110081
 110149
 110180
 110229
 110243
 110262
 110326
 110415
 110520
 110606
 110617
 110862
 111111
 111128
 111276
 111358
 111420
 111653
 111704
 111880
 111891
 111993
 112117
 112170
 112693
 112781
 112831
 112898
 112937
 112947
 113062
 113127
 113257
 113291
 113386
 113661
 113708
 113738
 114121
 114341
 114403
 114503
 114534
 114680
 114698
 114755
 114774
 114788
 114793
 114849
 114891
 115049
 115248
 115264
 115308
 115316
 115323
 115348
 115718
 115727
 115736
 115760
 115772
 115789
 115942
 115980
 115986
 116012
 116216
 116261
 116428
 116433
 116510
 116562
 116792
 117160
 117176
 117431
 117466
 117724
 117755
 117811
 117834
 117939
 118006
 118047
 118048
 118570
 118634
 119213
 119410
 119635
 119671
 119683
 119810
 120050
 120120
 120146
 120315
 120341
 120401
 120541
 120658
 120725
 120733
 120785
 120849
 120886
 121055
 121074
 121212
 121307
 121400
 121435
 121439
 121501
 121566
 121625
 121777
 121815
 122229
 122315
 122508
 122582
 122606
 122613
 122620
 122690
 122737
 122793
 122827
 122873
 122907
 123078
 123103
 123221
 123448
 123563
 123572
 123614
 123627
 123664
 123689
 124098
 124111
 124137
 124323
 124508
 124590
 124620
 124643
 124662
 124675
 124707
 124712
 124790
 124848
 125000
 125040
 125068
 125088
 125279
 125309
 125324
 125331
 125352
 125448
 125701
 125716
 125827
 125949
 125996
 126006
 126009
 126072
 126484
 126589
 126654
 126697
 126710
 126718
 126805
 127021
 127166
 127483
 127952
 128000
 128034
 128145
 128184
 128239
 128334
 128491
 128575
 128670
 128673
 128711
 128816
 128832
 128850
 128865
 128868
 128890
 129194
 129219
 129273
 129339
 129617
 129726
 129901
 129913
 130244
 130409
 130485
 130510
 130528
 130586
 130612
 130618
 130745
 130799
 130962
 130967
 130983
 131078
 131162
 131209
 131389
 131446
 131670
 131793
 131830
 131866
 131995
 132066
 132154
 132158
 132164
 132346
 132424
 132453
 132469
 132590
 132647
 132683
 132824
 132874
 132932
 133021
 133147
 133160
 133224
 133240
 133483
 133767
 133845
 133886
 134058
 134100
 134166
 134287
 134413
 134451
 134466
 134468
 134482
 134521
 134538
 134701
 134817
 134874
 134916
 134986
 135299
 135434
 135529
 135678
 135767
 135970
 136018
 136079
 136129
 136137
 136281
 136337
 136342
 136498
 136603
 136708
 137000
 137038
 137129
 137140
 137208
 137218
 137370
 137395
 137404
 137520
 137602
 137661
 137890
 137976
 138094
 138159
 138191
 138289
 138670
 138980
 138982
 139113
 139284
 139529
 139534
 139664
 139724
 139736
 139743
 139784
 139795
 139863
 139882
 140051
 140073
 140115
 140123
 140179
 140185
 140211
 140323
 140611
 140773
 140918
 140984
 141038
 141057
 141068
 141180
 141225
 141503
 141555
 141636
 141679
 141804
 141925
 142040
 142042
 142075
 142135
 142271
 142448
 142463
 142550
 142589
 142632
 142827
 142857
 142926
 142947
 143054
 143288
 143307
 143441
 143560
 143595
 143914
 143944
 144602
 144615
 144654
 144697
 144766
 144781
 145008
 145143
 145222
 145273
 145357
 145486
 145728
 146028
 146112
 146190
 146270
 146310
 146500
 146582
 146809
 146864
 146895
 146954
 146956
 147254
 147383
 147425
 147495
 147569
 147896
 147979
 148038
 148087
 148205
 148224
 148320
 148867
 148902
 149000
 149253
 149261
 149361
 149434
 149435
 149444
 149719
 149799
 149829
 150123
 150139
 150184
 150293
 150326
 150337
 150374
 150382
 150386
 150417
 150462
 150631
 150676
 150785
 150809
 150941
 151012
 151017
 151182
 151285
 151366
 151401
 151522
 151776
 152119
 152161
 152184
 152191
 152201
 152246
 152396
 152425
 152441
 152458
 152628
 152688
 152773
 152888
 152895
 152920
 153007
 153012
 153156
 153157
 153217
 153340
 153472
 153575
 153636
 153814
 154042
 154057
 154144
 154179
 154181
 154275
 154285
 154297
 154362
 154441
 154624
 154900
 154953
 154980
 155043
 155350
 155360
 155518
 155525
 155651
 155749
 155963
 156138
 156250
 156263
 156359
 156626
 156732
 156784
 157036
 157123
 157248
 157368
 157542
 157563
 157564
 157578
 157623
 157676
 157777
 157894
 157975
 157976
 158024
 158146
 158207
 158376
 158378
 158644
 158866
 159178
 159266
 159332
 159728
 159795
 159967
 160256
 160413
 160478
 160568
 160676
 160685
 160849
 160921
 161174
 161285
 161290
 161396
 161498
 161658
 162067
 162249
 162367
 162422
 162507
 162589
 162717
 162767
 162882
 163056
 163060
 163151
 163247
 163265
 163512
 163661
 163714
 164102
 164125
 164228
 164290
 164296
 164318
 164319
 164358
 164373
 164390
 164616
 164860
 165178
 165380
 165429
 165433
 165515
 165776
 165825
 165991
 166065
 166171
 166405
 166507
 166683
 166736
 166769
 166910
 166923
 167136
 167267
 167271
 167335
 167392
 167718
 167821
 167834
 167985
 168430
 168499
 168614
 168768
 168841
 168918
 169004
 169064
 169152
 169201
 169203
 169237
 169265
 169498
 169611
 169613
 169625
 169628
 169734
 169776
 169879
 170107
 170228
 170367
 170597
 170725
 170760
 170771
 170894
 170899
 170929
 171020
 171119
 171171
 171178
 171223
 171294
 171428
 171597
 171648
 171670
 171828
 171946
 172235
 172239
 172593
 173121
 173170
 173307
 173471
 173501
 173521
 173587
 173606
 173664
 173913
 173919
 174065
 174071
 174326
 174565
 174698
 174734
 174918
 174928
 174934
 175038
 175384
 175418
 175525
 175565
 175701
 175754
 175779
 175843
 175859
 175879
 176013
 176051
 176079
 176185
 176191
 176201
 176222
 176261
 176306
 176339
 176470
 176561
 176676
 176752
 176782
 176831
 176995
 177234
 177276
 177302
 177304
 177642
 177703
 177805
 177894
 177935
 177979
 178253
 178330
 178443
 178491
 178503
 178774
 178782
 178848
 179091
 179199
 179363
 179399
 179408
 179431
 179523
 179635
 179662
 179681
 179689
 179710
 180068
 180167
 180228
 180337
 180372
 180519
 180680
 180690
 180717
 180909
 180988
 181060
 181189
 181319
 181418
 181451
 181673
 181759
 181767
 181818
 182201
 182249
 182270
 182285
 182356
 182409
 182489
 182641
 182721
 182981
 182983
 182992
 183087
 183130
 183137
 183223
 183231
 183254
 183298
 183361
 183585
 183641
 183650
 183673
 183734
 183806
 184053
 184079
 184426
 184672
 184776
 184947
 185045
 185160
 185185
 185328
 185556
 185694
 185726
 185819
 186015
 186084
 186122
 186166
 186233
 186337
 186602
 186732
 186868
 186874
 186913
 187289
 187322
 187383
 187448
 187524
 187755
 187935
 187944
 188201
 188222
 188387
 188441
 188551
 188679
 188818
 188914
 189189
 189198
 189320
 189424
 189435
 189538
 189701
 189726
 190086
 190108
 190307
 190489
 190569
 190608
 190710
 190750
 190850
 191011
 191024
 191103
 191257
 191278
 191553
 191866
 191954
 192000
 192269
 192422
 192465
 192746
 192784
 192832
 193039
 193379
 193518
 194029
 194105
 194251
 194376
 194444
 194464
 194733
 195026
 195058
 195131
 195178
 195244
 195246
 195252
 195613
 195639
 195673
 196010
 196242
 196416
 196562
 196845
 196928
 196999
 197009
 197193
 197375
 197379
 197476
 197488
 197694
 197897
 198076
 198102
 198117
 198281
 198296
 198526
 198779
 198876
 198943
 199000
 199010
 199105
 199573
 199590
 199670
 199769
 199773
 199911
 199999
 200014
 200147
 200159
 200323
 200394
 200607
 200754
 200914
 200998
 201051
 201356
 201374
 201567
 201691
 201708
 201765
 201780
 201875
 201892
 202036
 202041
 202109
 202251
 202338
 202694
 202743
 202789
 202870
 203103
 203381
 203434
 203448
 203763
 203884
 204013
 204031
 204180
 204356
 204468
 204684
 204757
 204760
 204794
 204806
 204858
 205033
 205128
 205175
 205210
 205434
 205682
 205688
 205729
 206038
 206244
 206433
 206451
 206460
 206490
 206513
 206557
 206729
 206815
 206885
 206921
 206958
 207092
 207155
 207201
 207445
 207455
 207564
 207566
 207685
 207739
 208072
 208088
 208127
 208245
 208364
 208370
 208683
 208688
 209132
 209266
 209518
 209602
 209805
 209876
 210092
 210114
 210191
 210287
 210387
 210420
 210499
 210706
 210836
 210856
 211071
 211126
 211187
 211198
 211296
 211301
 211334
 211401
 211444
 211505
 211514
 211589
 211657
 211822
 211933
 212016
 212059
 212064
 212146
 212173
 212504
 212567
 212629
 212644
 213039
 213134
 213333
 213433
 213505
 213818
 213977
 214049
 214493
 214571
 214830
 214966
 215046
 215364
 215370
 215417
 215419
 215518
 216074
 216283
 216293
 216400
 216494
 216555
 216582
 216735
 216858
 216890
 217107
 217269
 217275
 217356
 217391
 217465
 217522
 217660
 217752
 217772
 217814
 217852
 218003
 218019
 218025
 218028
 218274
 218469
 218644
 218928
 219034
 219044
 219155
 219427
 219527
 219545
 219564
 219657
 219703
 219725
 220161
 220183
 220463
 220586
 220641
 220669
 220802
 221009
 221331
 221348
 221429
 221531
 221556
 221586
 221693
 221986
 222124
 222552
 222699
 222797
 222833
 222907
 223021
 223228
 223234
 223254
 223350
 223446
 223541
 223696
 223964
 223997
 224055
 224170
 224249
 224602
 224652
 224998
 225077
 225159
 225445
 225794
 225806
 225839
 225853
 225863
 226026
 226035
 226085
 226137
 226240
 226246
 226284
 226361
 226366
 226432
 226433
 226484
 226534
 226657
 226822
 226839
 227087
 227272
 227471
 227749
 228028
 228056
 228060
 228198
 228211
 228212
 228236
 228403
 228404
 228446
 228530
 228550
 228610
 228766
 228801
 228951
 228955
 229033
 229050
 229162
 229243
 229305
 229317
 229525
 229623
 229665
 229700
 229773
 229978
 230036
 230181
 230377
 230397
 230421
 230627
 230646
 230732
 230769
 230980
 231160
 231189
 231216
 231300
 231337
 231563
 231586
 231921
 231926
 231956
 232040
 232175
 232350
 232414
 232522
 232563
 232628
 232630
 232654
 232662
 232698
 232815
 233133
 233269
 233333
 233400
 233404
 233410
 233441
 233502
 233532
 233716
 233961
 234061
 234125
 234168
 234219
 234291
 234305
 234356
 234372
 234535
 234561
 234965
 234979
 235059
 235294
 235309
 235335
 235388
 235601
 235688
 235736
 235827
 235982
 236029
 236055
 236075
 236278
 236450
 236663
 236664
 236729
 236842
 236936
 236989
 237047
 237120
 237256
 237557
 237595
 237650
 237757
 238001
 238362
 238526
 238607
 238738
 238838
 239080
 239160
 239162
 239353
 239590
 239601
 239679
 239786
 239836
 239966
 240155
 240319
 240362
 240438
 240621
 240877
 240884
 240899
 240948
 241028
 241318
 241448
 241622
 241700
 241747
 241891
 241902
 242298
 242470
 242585
 242669
 242704
 242711
 242740
 242830
 242891
 242905
 242921
 243072
 243278
 243496
 243497
 243611
 243656
 243678
 243755
 243902
 244036
 244122
 244444
 244483
 244823
 244835
 244871
 244942
 245135
 245263
 245372
 245467
 245775
 245785
 245832
 245852
 245916
 246073
 246134
 246260
 246264
 246266
 246737
 246913
 246970
 247082
 247092
 247236
 247386
 247487
 247517
 247610
 247655
 247660
 247852
 247863
 247900
 247910
 247917
 248085
 248131
 248158
 248391
 248470
 248635
 248730
 248763
 248806
 248824
 248828
 248913
 248979
 249008
 249033
 249093
 249114
 249193
 249197
 249207
 249278
 249422
 249463
 249480
 249505
 249730
 250000
 250141
 250177
 250296
 250575
 250626
 250741
 250778
 250803
 250914
 250965
 251012
 251207
 251442
 251467
 251476
 251502
 251558
 251757
 251824
 251859
 251864
 251910
 252550
 252791
 253018
 253164
 253172
 253352
 253393
 253427
 253508
 253540
 253884
 253941
 253949
 254054
 254227
 254237
 254276
 254352
 254363
 254485
 254498
 254609
 254672
 254739
 255053
 255072
 255148
 255155
 255189
 255274
 255308
 255392
 255411
 255455
 255529
 255633
 255723
 255813
 255848
 255874
 255876
 255919
 255937
 256027
 256179
 256334
 256730
 256780
 256999
 257086
 257244
 257358
 257439
 257570
 257585
 257838
 257851
 257852
 257922
 257948
 257950
 257995
 258036
 258083
 258417
 258419
 258477
 258620
 258666
 258807
 258915
 259065
 259151
 259170
 259306
 259379
 259567
 259583
 259609
 259690
 259892
 259999
 260003
 260102
 260144
 260194
 260590
 260653
 260774
 260839
 261008
 261236
 261249
 261309
 261310
 261484
 261571
 261784
 261804
 261849
 261891
 261936
 261960
 262188
 262387
 262470
 262619
 262745
 262879
 262927
 263017
 263157
 263315
 263607
 263671
 263689
 263848
 263946
 263958
 264056
 264114
 264251
 264268
 264594
 264746
 264877
 264900
 265072
 265139
 265175
 265306
 265316
 265342
 265363
 265408
 265440
 265551
 265570
 265632
 265806
 265868
 266083
 266099
 266115
 266117
 266171
 266229
 266232
 266233
 266305
 266397
 266701
 266770
 266789
 267080
 267126
 267175
 267179
 267208
 267252
 267329
 267375
 267433
 267586
 267633
 267897
 267995
 268070
 268185
 268237
 268414
 268552
 268660
 268742
 268788
 268929
 269035
 269084
 269224
 269276
 269344
 269394
 269567
 269575
 269607
 269626
 269896
 269905
 270107
 270126
 270128
 270341
 270473
 270495
 270713
 270721
 270886
 270923
 271020
 271098
 271255
 271263
 271344
 271367
 271428
 271838
 271839
 271915
 272210
 272316
 272587
 272701
 272727
 272801
 272841
 272973
 273114
 273170
 273183
 273207
 273224
 273322
 273590
 273633
 273702
 273744
 273750
 273861
 273871
 274038
 274258
 274408
 274509
 274767
 274818
 275126
 275346
 275569
 275576
 275675
 275764
 275818
 275952
 276070
 276437
 276568
 276576
 277116
 277147
 277184
 277199
 277320
 277450
 277486
 277616
 277662
 277722
 277749
 277789
 277833
 277857
 277894
 277916
 277955
 277985
 278198
 278396
 278489
 278513
 278643
 278975
 279027
 279035
 279060
 279065
 279069
 279341
 279398
 279723
 279769
 279829
 279835
 279929
 280028
 280155
 280196
 280200
 280324
 280530
 280880
 280898
 280934
 281037
 281085
 281105
 281180
 281200
 281335
 281422
 281449
 281521
 281524
 281700
 281797
 281916
 282028
 282047
 282075
 282982
 283083
 283184
 283188
 283296
 283325
 283633
 283635
 283687
 283732
 283798
 283844
 283920
 283982
 284055
 284091
 284101
 284187
 284199
 284232
 284284
 284412
 284658
 284737
 284777
 285285
 285303
 285495
 285496
 285630
 285734
 285840
 286063
 286293
 286322
 286395
 286403
 286624
 286637
 286677
 286688
 286707
 286771
 286829
 286857
 286912
 286983
 287058
 287425
 287519
 287627
 287671
 287687
 287900
 288039
 288063
 288123
 288150
 288329
 288842
 288849
 288862
 288888
 288944
 289135
 289140
 289302
 289306
 289314
 289675
 289775
 289791
 289847
 289902
 289951
 290059
 290222
 290249
 290302
 290521
 290542
 290733
 290764
 290836
 291007
 291195
 291227
 291283
 291528
 291549
 291588
 291621
 291707
 291828
 291887
 291891
 292131
 292198
 292231
 292463
 292471
 292489
 292716
 293081
 293292
 293322
 293327
 293493
 293569
 293622
 293735
 294005
 294068
 294117
 294132
 294190
 294704
 294731
 294964
 295062
 295069
 295081
 295145
 295346
 295364
 295449
 295487
 295648
 295807
 295926
 295955
 296121
 296208
 296325
 296478
 296515
 296838
 296860
 296999
 297026
 297038
 297340
 297391
 297431
 297548
 297899
 298167
 298233
 298393
 298398
 298541
 298569
 298736
 298744
 298960
 298983
 299110
 299181
 299187
 299204
 299443
 299446
 299529
 299586
 299604
 299693
 299696
 299905
 299974
 300000
 300358
 300429
 300446
 300499
 300606
 300690
 300763
 300813
 300861
 300985
 301197
 301354
 301373
 301408
 301446
 301696
 301885
 302018
 302116
 302241
 302344
 302409
 302452
 302506
 302547
 302681
 302960
 302973
 303045
 303047
 303146
 303449
 303465
 303506
 303558
 303582
 303737
 303759
 303865
 303913
 304097
 304299
 304312
 304455
 304479
 304513
 304533
 304630
 304818
 304932
 305146
 305182
 305196
 305230
 305444
 305548
 305775
 305788
 305808
 305854
 306197
 306264
 306761
 307033
 307420
 307599
 307800
 307919
 308003
 308165
 308244
 308340
 308517
 308973
 308975
 308995
 309037
 309180
 309890
 310011
 310074
 310188
 310213
 310231
 310344
 310479
 310489
 310563
 310586
 310607
 310694
 310846
 310996
 311070
 311229
 311274
 311312
 311660
 311712
 311752
 311778
 311853
 312010
 312026
 312263
 312354
 312373
 312414
 312479
 312586
 312632
 312674
 312716
 312865
 313062
 313093
 313125
 313140
 313217
 313336
 313367
 313419
 313613
 313634
 313690
 313823
 313961
 314053
 314167
 314204
 314378
 314462
 314545
 314604
 314677
 314817
 314841
 314886
 314900
 315241
 315420
 315491
 315533
 315613
 315705
 315793
 315850
 316038
 316071
 316112
 316216
 316254
 316322
 316384
 316459
 316512
 316692
 316770
 316790
 316814
 316830
 316953
 316985
 316987
 317235
 317275
 317323
 317384
 317464
 317682
 317704
 317763
 317885
 317893
 318137
 318200
 318268
 318322
 318804
 318873
 318894
 318982
 319151
 319238
 319254
 319342
 319345
 319444
 319479
 320019
 320177
 320326
 320496
 320538
 320842
 320958
 321010
 321085
 321098
 321112
 321311
 321382
 321417
 321518
 321556
 321598
 321668
 321817
 321844
 321975
 321990
 322122
 322222
 322602
 322628
 323003
 323076
 323167
 323287
 323408
 323505
 323578
 323662
 323671
 323741
 323746
 323882
 323997
 324126
 324226
 324230
 324270
 324324
 324356
 324375
 324492
 324565
 324778
 324782
 324787
 325031
 325104
 325312
 325386
 325449
 325471
 325512
 325685
 325869
 325922
 325966
 326044
 326069
 326327
 326343
 326553
 326838
 326848
 327059
 327204
 327214
 327283
 327599
 327613
 327863
 328018
 328137
 328205
 328509
 328534
 328719
 328741
 328815
 329030
 329256
 329343
 329427
 329494
 329584
 329602
 329816
 329826
 329859
 329928
 330199
 330248
 330276
 330331
 330628
 330646
 330761
 330764
 330805
 330821
 331125
 331167
 331244
 331288
 331405
 331449
 331491
 331507
 331567
 331631
 331661
 331703
 331929
 331996
 332188
 332359
 332526
 332544
 332664
 332704
 332732
 332775
 332932
 333036
 333074
 333087
 333333
 333510
 333581
 333672
 333702
 333771
 333856
 333955
 333956
 334161
 334164
 334228
 334430
 334717
 334845
 334945
 335025
 335143
 335153
 335242
 335348
 335475
 335985
 336151
 336190
 336200
 336321
 336343
 336484
 336721
 336739
 336840
 337225
 337353
 337530
 337534
 337575
 337871
 337915
 337935
 337945
 338051
 338085
 338218
 338233
 338414
 338477
 338547
 338582
 338978
 339176
 339240
 339262
 339281
 339293
 339385
 339399
 339596
 339636
 339649
 339709
 339752
 339805
 339977
 340024
 340362
 340430
 340529
 340540
 340621
 340717
 340763
 340841
 340922
 341075
 341156
 341206
 341232
 341587
 341660
 341671
 341772
 341932
 341986
 342115
 342125
 342176
 342233
 342293
 342331
 342541
 342587
 342698
 342723
 342795
 342819
 342824
 343251
 343302
 343368
 343523
 343753
 343813
 343867
 343925
 344013
 344014
 344025
 344027
 344098
 344192
 344226
 344250
 344356
 344363
 344366
 344428
 344431
 344588
 344779
 344827
 345053
 345076
 345360
 345362
 345505
 345526
 345752
 345815
 345833
 345864
 345870
 346028
 346062
 346098
 346147
 346175
 346356
 346397
 346430
 346634
 346733
 346788
 346848
 346938
 346946
 347211
 347337
 347343
 347457
 347458
 347486
 347547
 347560
 347590
 347674
 347881
 347967
 348066
 348170
 348314
 348563
 348715
 348721
 348840
 348859
 348908
 349066
 349223
 349331
 349441
 349567
 349570
 349572
 349573
 349604
 349774
 349843
 349921
 349985
 350022
 350063
 350101
 350159
 350218
 350303
 350400
 350413
 350427
 350476
 350643
 350887
 351148
 351206
 351230
 351340
 351707
 351800
 351914
 352233
 353233
 353269
 353331
 353494
 353540
 353741
 353770
 353828
 354072
 354081
 354308
 354455
 354472
 354914
 355086
 355221
 355239
 355371
 355610
 355704
 355818
 355824
 355953
 356056
 356102
 356215
 356255
 356350
 356478
 356627
 356776
 356829
 356987
 356995
 357028
 357205
 357235
 357243
 357303
 357467
 357899
 358002
 358020
 358198
 358243
 358302
 358618
 358625
 358736
 358758
 358956
 359098
 359178
 359374
 359507
 359515
 359658
 359675
 359843
 359856
 359911
 359970
 359972
 359988
 360003
 360136
 360269
 360336
 360406
 360445
 360732
 360828
 361114
 361377
 361429
 361522
 361543
 361586
 361682
 361702
 361706
 361858
 361935
 361979
 362135
 362150
 362172
 362233
 362416
 362448
 362464
 362594
 362639
 362797
 362827
 363053
 363209
 363258
 363281
 363381
 363571
 363591
 363734
 363906
 363997
 364036
 364049
 364254
 364448
 364513
 364548
 364633
 364688
 364705
 364721
 364779
 364907
 364956
 364971
 364973
 365061
 365126
 365181
 365429
 365448
 365503
 365723
 365881
 365995
 366003
 366105
 366209
 366334
 366391
 366405
 366427
 366451
 366459
 366718
 366779
 366975
 366981
 367088
 367119
 367133
 367180
 367197
 367212
 367228
 367329
 367445
 367530
 367762
 367899
 367989
 368129
 368246
 368334
 368347
 368427
 368464
 368482
 368525
 368709
 368728
 368816
 369230
 369261
 369379
 369415
 369516
 369621
 369806
 369943
 370078
 370179
 370273
 370279
 370459
 370629
 370792
 370883
 370892
 370954
 370967
 371188
 371204
 371319
 371386
 371404
 371587
 371595
 371954
 371996
 372026
 372113
 372149
 372199
 372257
 372294
 372615
 372822
 372831
 373134
 373182
 373286
 373476
 373483
 373512
 373791
 373927
 374181
 374200
 374295
 374348
 374496
 374508
 374543
 374581
 374741
 374753
 374963
 375000
 375120
 375236
 375237
 375242
 375325
 375527
 375614
 375736
 375750
 375767
 375867
 375963
 376058
 376160
 376164
 376397
 376456
 376492
 376650
 376906
 376997
 377028
 377126
 377131
 377162
 377198
 377245
 377372
 377483
 377675
 377712
 377768
 377816
 377920
 377970
 378111
 378260
 378285
 378299
 378378
 378423
 378689
 378746
 378850
 378901
 378905
 378987
 379055
 379155
 379260
 379371
 379403
 379405
 379412
 379484
 379597
 379864
 380001
 380141
 380152
 380242
 380258
 380289
 380458
 380612
 380622
 380642
 380680
 380826
 380846
 381054
 381219
 381282
 381356
 381459
 381530
 381632
 381675
 381742
 381995
 382140
 382214
 382221
 382226
 382308
 382336
 382369
 382420
 382483
 382541
 382598
 382667
 382695
 382959
 382986
 383039
 383070
 383077
 383429
 383481
 383592
 383679
 383790
 383906
 383984
 384064
 384108
 384145
 384269
 384290
 384372
 384433
 384472
 384679
 384754
 384914
 384934
 384935
 385066
 385075
 385110
 385128
 385336
 385352
 385515
 385967
 386033
 386245
 386350
 386352
 386523
 386544
 386644
 386645
 386666
 386915
 386973
 386998
 387096
 387174
 387196
 387335
 387351
 387385
 387513
 387517
 387654
 387688
 387749
 387789
 387878
 387957
 388129
 388246
 388322
 388340
 388367
 388429
 388438
 388492
 388505
 388641
 388739
 389097
 389148
 389349
 389491
 389543
 389586
 389659
 389801
 389929
 390079
 390131
 390270
 390281
 390439
 390486
 390557
 390572
 390815
 390828
 390853
 390985
 391176
 391304
 391355
 391554
 391724
 391731
 391877
 392040
 392140
 392306
 392398
 392418
 392461
 392505
 392669
 392848
 392855
 392866
 393152
 393264
 393436
 393575
 393798
 393898
 393924
 393983
 394011
 394177
 394256
 394328
 394604
 394606
 394649
 394676
 394945
 394953
 395287
 395296
 395348
 395411
 395476
 395614
 395631
 395655
 395667
 395871
 395880
 396025
 396102
 396322
 396496
 396551
 396583
 396659
 396738
 396832
 396884
 396892
 397174
 397182
 397537
 397562
 397620
 397622
 397712
 397718
 397861
 397992
 398006
 398083
 398202
 398280
 398437
 398449
 398530
 398533
 398692
 398738
 398773
 398899
 399137
 399176
 399233
 399291
 399398
 399463
 399529
 399605
 399606
 399653
 399822
 399823
 399878
 399942
 400263
 400274
 400396
 400532
 400634
 400641
 400684
 400744
 400783
 400800
 400867
 401155
 401180
 401360
 401433
 401606
 401672
 401762
 401803
 401965
 402099
 402147
 402267
 402386
 402515
 402665
 402767
 402837
 403420
 403476
 403478
 403524
 403703
 403752
 403819
 404082
 404088
 404215
 404234
 404255
 404446
 404544
 404593
 404624
 404993
 405268
 405307
 405378
 405572
 405773
 406015
 406091
 406148
 406214
 406480
 406659
 406749
 406779
 406787
 406834
 406936
 406943
 406958
 406989
 407055
 407324
 407477
 407499
 407511
 407556
 407653
 407909
 407912
 407932
 408112
 408163
 408473
 408569
 408666
 408751
 408830
 408992
 409046
 409073
 409147
 409369
 409430
 409496
 409650
 409716
 409741
 409748
 409767
 409799
 410292
 410700
 410843
 411056
 411305
 411471
 411560
 411596
 411610
 411665
 411764
 411898
 411986
 412013
 412195
 412289
 412302
 412480
 412541
 412598
 412673
 413080
 413211
 413404
 413478
 413567
 413629
 413779
 414125
 414219
 414377
 414503
 414677
 414800
 414847
 414946
 415060
 415075
 415091
 415162
 415206
 415209
 415348
 415415
 415525
 415587
 415697
 416472
 416537
 416590
 416675
 416791
 416956
 417006
 417178
 417266
 417384
 417518
 417601
 417896
 418118
 418207
 418212
 418293
 418426
 418456
 418604
 418658
 418721
 418899
 418918
 419014
 419265
 419326
 419327
 419847
 419887
 419894
 419903
 420022
 420512
 420514
 420531
 420534
 420540
 420905
 420984
 421119
 421517
 421789
 421821
 421888
 421902
 421958
 422002
 422075
 422204
 422269
 422405
 422424
 422443
 422524
 422627
 422719
 422885
 422998
 423157
 423183
 423187
 423271
 423527
 423546
 423569
 423595
 423597
 423798
 423799
 423824
 423994
 423999
 424047
 424184
 424385
 424548
 424581
 424615
 424652
 424705
 424802
 424910
 424919
 425196
 425233
 425289
 425397
 425407
 425459
 425519
 425688
 425886
 426212
 426268
 426457
 426749
 426799
 427070
 427216
 427248
 427358
 427365
 427446
 427551
 427668
 427672
 427826
 427829
 427860
 427891
 427915
 428158
 428169
 428180
 428571
 428959
 429015
 429027
 429048
 429118
 429207
 429307
 429448
 429516
 429617
 429629
 429690
 429840
 429846
 429951
 430000
 430096
 430160
 430345
 430367
 430524
 430628
 430813
 430820
 430849
 430978
 431012
 431236
 431461
 431463
 431506
 431544
 431732
 431814
 431858
 432040
 432114
 432170
 432188
 432258
 432298
 432304
 432364
 432391
 432438
 432448
 432501
 432595
 432741
 432837
 432900
 432959
 433085
 433107
 433197
 433203
 433275
 433361
 433432
 433482
 433507
 433522
 433628
 433637
 433719
 433724
 433730
 433743
 433830
 433863
 433903
 433978
 434027
 434257
 434280
 434344
 434510
 434716
 434755
 434759
 434813
 434867
 434888
 434980
 435038
 435047
 435079
 435168
 435241
 435328
 435358
 435465
 435653
 435685
 435715
 435757
 435829
 435867
 435943
 435961
 435983
 435986
 436006
 436277
 436340
 436564
 436635
 436823
 436992
 437011
 437065
 437072
 437121
 437172
 437278
 437312
 437341
 437348
 437500
 437502
 437641
 437862
 438064
 438084
 438247
 438338
 438557
 438587
 438948
 439027
 439031
 439187
 439234
 439432
 439487
 439490
 439773
 439890
 440016
 440045
 440145
 440347
 440435
 440580
 440585
 440670
 440788
 440802
 440999
 441043
 441208
 441302
 441454
 441496
 441498
 441505
 441636
 441860
 442125
 442136
 442260
 442292
 442339
 442515
 442786
 442902
 442924
 443019
 443039
 443116
 443211
 443324
 443398
 443889
 443928
 443945
 444037
 444171
 444221
 444256
 444475
 444529
 444532
 444557
 444696
 444776
 445123
 445225
 445263
 445292
 445387
 445509
 445623
 445735
 445788
 446165
 446229
 446254
 446407
 446615
 446628
 446808
 446845
 446991
 447042
 447129
 447225
 447232
 447354
 447392
 447541
 447562
 447679
 447682
 447867
 448159
 448275
 448336
 448678
 448872
 448886
 449150
 449304
 449325
 449330
 449445
 449709
 449769
 449809
 450255
 450306
 450649
 450704
 450819
 450980
 451255
 451714
 451732
 452009
 452201
 452215
 452311
 452337
 452355
 452387
 452440
 452448
 452728
 452841
 452923
 453129
 453193
 453260
 453329
 453380
 453436
 454086
 454100
 454103
 454176
 454203
 454265
 454468
 454485
 454545
 454605
 454685
 454718
 454747
 454786
 455089
 455242
 455260
 455268
 455319
 455401
 455432
 455433
 455492
 455500
 455503
 455722
 455733
 455808
 455870
 455900
 456068
 456074
 456090
 456256
 456318
 456481
 456638
 456642
 456670
 456671
 456827
 456991
 457317
 457426
 457515
 457561
 457612
 457713
 457912
 457953
 457969
 458142
 458279
 458391
 458532
 458536
 458783
 458913
 458958
 459016
 459057
 459338
 459528
 459552
 459662
 459703
 459824
 459940
 460081
 460137
 460157
 460198
 460251
 460660
 460665
 460750
 460758
 460762
 460798
 461167
 461250
 461254
 461285
 461442
 461538
 461788
 461797
 461801
 461928
 462205
 462217
 462238
 462249
 462337
 462376
 462538
 462686
 462745
 462797
 462980
 463229
 463258
 463329
 463339
 463365
 463576
 463617
 463896
 463917
 463943
 464043
 464199
 464209
 464270
 464317
 464481
 464548
 464767
 464819
 464829
 464968
 465229
 465356
 465388
 465604
 465854
 466085
 466147
 466148
 466268
 466277
 466619
 466666
 466918
 466932
 467172
 467185
 467205
 467269
 467303
 467433
 467659
 467813
 467847
 467933
 468134
 468406
 468461
 468680
 468711
 468873
 468934
 469011
 469128
 469306
 469545
 469579
 469644
 469904
 470033
 470054
 470117
 470258
 470447
 470458
 470515
 470713
 470862
 470904
 470918
 471032
 471089
 471150
 471171
 471254
 471264
 471532
 471588
 471614
 471987
 472096
 472100
 472195
 472602
 472812
 472884
 473141
 473283
 473338
 473368
 473421
 473572
 473578
 473627
 473684
 473724
 473817
 473912
 473939
 473988
 474163
 474444
 474468
 474576
 474589
 474594
 474627
 474641
 474645
 474690
 474699
 474856
 475080
 475155
 475241
 475247
 475618
 475788
 475800
 475846
 476098
 476154
 476185
 476487
 476559
 476767
 476848
 476930
 476994
 477064
 477071
 477132
 477226
 477386
 477458
 477600
 477827
 477831
 477996
 478027
 478074
 478138
 478415
 478479
 478488
 478616
 478634
 478650
 478741
 478743
 478843
 478972
 478983
 479518
 479623
 479698
 479956
 479999
 480118
 480474
 480649
 480912
 481086
 481441
 481594
 481609
 481675
 481702
 481817
 481853
 481950
 481971
 482038
 482221
 482290
 482313
 482357
 482485
 482486
 482572
 482702
 482758
 482821
 482833
 482861
 482963
 483228
 483249
 483430
 483432
 483661
 483681
 483839
 483860
 483870
 483898
 483915
 483916
 483923
 484018
 484068
 484076
 484084
 484300
 484327
 484355
 484471
 484643
 484682
 484697
 484886
 484999
 485232
 485247
 485380
 485492
 485530
 485603
 485681
 485872
 486056
 486329
 486441
 486482
 486486
 486593
 486616
 486659
 487094
 487157
 487186
 487243
 487455
 487613
 487690
 488005
 488018
 488099
 488106
 488182
 488314
 488410
 488425
 488647
 488657
 488755
 488772
 488840
 488935
 488987
 489082
 489107
 489124
 489164
 489242
 489255
 489710
 489897
 489963
 490075
 490313
 490341
 490428
 490545
 490566
 490582
 490586
 490677
 490731
 491066
 491081
 491302
 491335
 491427
 491525
 491566
 491642
 491707
 491734
 491739
 491770
 491891
 491896
 492092
 492222
 492426
 492580
 492836
 492860
 493046
 493092
 493150
 493151
 493163
 493325
 493416
 493506
 493538
 493601
 493869
 494053
 494120
 494190
 494421
 494566
 494590
 494619
 494887
 494948
 495097
 495229
 495268
 495411
 495483
 495579
 495673
 495840
 495865
 495944
 495992
 496041
 496062
 496090
 496210
 496250
 496352
 496700
 497041
 497106
 497365
 497470
 497553
 497622
 497644
 497695
 497821
 497842
 497870
 498054
 498176
 498303
 498305
 498309
 498372
 498496
 498543
 498774
 498844
 499072
 499099
 499150
 499366
 499532
 499686
 499734
 499849
 499983
 500217
 500355
 500387
 500396
 500472
 500488
 500650
 500708
 500716
 501018
 501561
 501565
 501605
 501982
 502003
 502194
 502222
 502304
 502325
 502369
 502474
 502482
 502608
 502616
 502664
 502797
 503047
 503181
 503246
 503265
 503344
 503358
 503737
 503756
 503764
 504054
 504267
 504337
 504488
 504666
 504848
 504922
 504939
 505011
 505338
 505371
 505470
 505561
 505632
 505745
 506055
 506283
 506284
 506426
 506527
 506541
 506622
 506912
 507342
 507378
 507564
 507764
 507818
 507822
 508009
 508044
 508087
 508106
 508196
 508207
 508379
 508595
 508638
 508644
 508672
 508703
 508922
 508990
 509024
 509034
 509044
 509099
 509132
 509163
 509235
 509322
 509449
 509460
 509574
 509684
 509772
 509878
 509944
 510204
 510619
 510744
 510973
 510978
 511239
 511314
 511337
 511365
 511480
 511529
 511602
 511679
 511926
 511956
 511989
 512028
 512059
 512181
 512221
 512234
 512242
 512338
 512429
 512473
 512554
 512570
 512645
 512735
 512768
 512781
 512921
 512997
 513044
 513059
 513344
 513348
 513422
 513536
 513834
 513916
 513918
 513974
 514421
 514485
 514500
 514671
 514790
 514900
 514982
 515193
 515303
 515359
 515447
 515549
 515634
 515851
 515990
 516018
 516062
 516186
 516287
 516448
 516498
 516563
 516591
 516592
 516637
 516657
 516701
 516775
 516791
 516825
 516846
 517050
 517103
 517212
 517241
 517398
 517655
 517730
 517742
 518358
 518367
 518472
 518487
 518567
 518688
 518782
 518840
 518879
 519229
 519260
 519333
 519481
 519519
 519689
 519744
 519968
 519992
 520067
 520093
 520290
 520292
 520302
 520579
 520584
 520621
 520634
 520779
 520785
 520789
 521014
 521200
 521367
 521449
 521514
 521553
 521751
 521882
 521891
 522342
 522412
 522548
 522585
 522601
 522627
 522698
 522757
 522771
 522857
 522862
 522875
 523079
 523146
 523577
 523853
 523875
 523888
 523978
 523999
 524068
 524096
 524196
 524297
 524386
 524529
 524612
 524794
 524812
 524908
 525139
 525267
 525486
 525645
 525662
 525780
 525947
 526048
 526178
 526371
 526418
 526668
 526777
 526812
 526870
 526944
 527104
 527283
 527409
 527561
 527624
 527827
 527862
 527874
 527959
 527960
 528046
 528089
 528255
 528301
 528351
 528359
 528524
 528597
 528617
 528735
 528793
 528924
 529246
 529411
 529475
 529525
 529797
 529999
 530157
 530343
 530356
 530393
 530413
 530540
 530599
 530708
 530833
 530866
 530898
 531152
 531180
 531226
 531407
 531428
 531440
 531468
 531482
 531833
 532091
 532110
 532182
 532269
 532349
 532721
 532760
 532817
 532944
 533171
 533208
 533273
 533302
 533333
 533346
 533432
 533437
 533740
 533837
 533843
 534218
 534483
 534594
 534816
 534864
 535000
 535128
 535179
 535291
 535571
 535928
 536091
 536136
 536346
 536444
 536547
 536685
 536816
 536842
 536897
 536943
 537034
 537094
 537131
 537190
 537261
 537364
 537376
 537424
 537435
 537908
 538005
 538011
 538035
 538079
 538259
 538376
 538456
 538507
 538552
 538936
 539010
 539089
 539256
 539359
 539393
 539410
 539436
 539440
 539672
 539740
 539743
 539831
 540031
 540145
 540221
 540445
 540524
 540603
 540787
 540807
 540882
 540898
 540899
 540944
 541286
 541473
 541580
 541603
 541718
 541853
 541898
 542041
 542085
 542179
 542267
 542460
 542488
 542579
 542594
 542614
 542704
 542709
 542775
 542963
 543110
 543281
 543396
 543431
 543506
 543537
 543618
 543732
 544037
 544113
 544253
 544264
 544267
 544292
 544380
 544519
 544529
 544612
 544709
 544978
 545100
 545240
 545365
 545588
 546009
 546098
 546125
 546432
 546436
 546458
 546514
 546621
 546625
 546687
 546758
 546906
 547015
 547083
 547292
 547328
 547377
 547752
 547753
 547819
 547945
 548117
 548322
 548387
 548397
 548439
 548472
 548556
 548597
 548625
 548692
 548874
 548906
 549019
 549205
 549230
 549383
 549446
 549745
 550258
 550312
 550368
 550561
 550574
 550606
 550651
 550862
 550881
 550921
 550925
 550929
 550930
 550968
 550999
 551324
 551490
 551658
 551694
 551741
 551763
 551793
 551889
 552112
 552138
 552352
 552373
 552516
 552548
 552860
 552978
 553043
 553185
 553202
 553398
 553415
 553761
 553907
 554040
 554202
 554280
 554285
 554411
 554434
 554479
 554536
 554565
 554596
 554623
 554652
 554699
 554853
 554904
 554990
 555037
 555138
 555194
 555235
 555435
 555464
 555474
 555555
 555663
 555988
 555989
 556050
 556226
 556241
 556271
 556292
 556329
 556354
 556411
 556455
 556559
 556706
 556819
 556845
 557006
 557300
 557378
 557522
 557588
 557630
 557699
 557856
 557918
 557925
 558014
 558134
 558208
 558250
 558332
 558394
 558500
 558687
 558929
 558936
 558949
 558970
 559086
 559091
 559164
 559284
 559474
 559493
 559544
 559639
 559684
 559806
 559942
 560004
 560034
 560069
 560207
 560450
 560468
 560559
 560572
 560720
 560798
 560833
 560859
 560928
 561058
 561079
 561091
 561173
 561231
 561296
 561315
 561333
 561379
 561403
 561497
 561560
 561902
 561905
 562018
 562041
 562137
 562419
 562590
 562843
 562911
 562917
 562945
 563315
 563367
 563394
 563504
 563544
 563568
 563589
 563626
 563636
 563819
 563934
 563993
 564155
 564397
 564714
 564795
 565070
 565156
 565321
 565349
 565351
 565400
 565427
 565490
 565681
 565758
 565812
 565822
 566033
 566213
 566420
 566474
 566486
 566751
 566757
 566762
 566842
 566904
 567023
 567038
 567369
 567375
 567450
 567452
 567536
 567686
 568005
 568034
 568103
 568132
 568188
 568425
 568463
 568637
 568889
 568896
 568921
 569034
 569046
 569060
 569238
 569291
 569460
 570009
 570039
 570122
 570130
 570276
 570430
 570440
 570493
 570781
 571006
 571271
 571535
 571552
 571732
 571733
 571860
 572058
 572094
 572165
 572185
 572339
 572384
 572490
 572516
 572645
 572654
 572661
 572675
 572728
 572771
 573041
 573185
 573200
 573217
 573319
 573325
 573333
 573413
 573551
 573625
 573761
 573768
 573846
 573903
 573936
 574018
 574041
 574216
 574372
 574531
 574669
 574672
 575104
 575177
 575328
 575437
 575724
 575784
 575894
 575918
 575965
 576047
 576055
 576131
 576287
 576359
 576413
 576514
 576584
 576642
 576652
 576812
 576861
 576967
 576993
 577055
 577092
 577109
 577461
 577463
 577538
 577823
 577962
 578063
 578176
 578313
 578339
 578399
 578410
 578495
 578524
 578536
 578542
 578586
 578684
 578695
 578833
 578901
 578934
 579005
 579013
 579016
 579111
 579186
 579202
 579338
 579384
 579500
 579513
 579569
 579610
 579690
 579710
 579776
 579838
 579869
 580041
 580043
 580077
 580437
 580503
 580575
 580828
 580908
 580915
 580934
 581309
 581382
 581459
 581529
 581610
 581680
 581750
 581779
 581904
 582020
 582028
 582044
 582105
 582183
 582242
 582429
 582572
 582672
 582725
 582838
 583085
 583121
 583193
 583349
 583355
 583426
 583481
 583657
 583715
 583969
 583990
 584078
 584177
 584219
 584279
 584309
 584571
 584614
 584993
 585022
 585098
 585365
 585408
 585469
 585492
 585545
 585673
 585987
 586105
 586177
 586206
 586251
 586514
 586546
 586642
 586657
 586685
 586714
 586719
 586803
 586840
 586926
 587103
 587270
 587287
 587309
 587421
 587795
 587902
 587908
 588275
 588308
 588463
 588589
 588632
 588847
 588889
 588904
 588913
 588923
 589010
 589336
 589361
 589364
 589368
 589433
 589479
 589517
 589533
 589565
 589629
 589653
 589830
 589913
 590043
 590102
 590113
 590141
 590145
 590216
 590230
 590344
 590476
 590486
 590597
 590611
 590738
 590937
 590944
 591048
 591220
 591253
 591258
 591277
 591362
 591397
 591590
 591700
 591781
 591955
 592227
 592282
 592342
 592417
 592513
 592592
 592687
 592724
 592783
 592794
 592810
 592964
 592986
 592990
 592991
 593125
 593307
 593836
 594080
 594102
 594143
 594578
 594774
 594955
 595141
 595460
 595505
 595528
 595554
 595632
 595752
 595783
 595828
 595854
 595999
 596017
 596169
 596298
 596355
 596420
 596513
 596514
 596627
 596746
 596750
 596780
 596787
 597073
 597119
 597249
 597286
 597375
 597407
 597429
 597527
 597535
 597569
 597596
 597725
 597863
 597910
 598138
 598336
 598431
 598499
 598523
 598550
 598648
 598673
 598686
 598729
 598746
 598790
 599102
 599113
 599126
 599179
 599235
 599341
 599454
 599459
 599471
 599479
 599511
 599584
 599760
 599779
 600231
 600446
 600575
 600619
 600692
 600749
 600858
 600895
 601011
 601100
 601132
 601413
 601847
 601925
 602215
 602278
 602305
 602478
 602758
 602788
 603020
 603226
 603248
 603401
 603446
 603451
 603550
 603600
 603636
 604001
 604028
 604032
 604106
 604196
 604543
 604591
 604606
 604700
 604773
 604878
 604913
 604978
 605066
 605381
 605464
 605609
 605760
 605818
 605894
 606068
 606079
 606189
 606273
 606279
 606484
 606557
 606779
 606781
 606950
 606973
 607273
 607278
 607361
 607402
 607569
 607646
 607844
 607926
 608013
 608048
 608055
 608152
 608219
 608348
 608424
 608539
 608630
 608767
 608908
 608938
 608955
 609025
 609174
 609261
 609369
 609707
 609932
 609972
 610284
 610365
 610422
 610526
 610580
 610854
 610910
 610940
 610957
 611033
 611137
 611154
 611211
 611268
 611537
 611625
 611646
 611665
 611727
 611795
 611862
 611999
 612024
 612074
 612173
 612244
 612252
 612361
 612382
 612411
 612486
 612556
 612704
 612748
 612778
 612893
 612903
 612982
 613002
 613042
 613251
 613259
 613469
 613528
 613531
 613756
 613830
 613914
 614278
 614419
 614618
 614730
 614799
 614860
 614896
 615118
 615146
 615281
 615384
 615472
 615690
 615988
 615992
 616123
 616156
 616195
 616324
 616402
 616418
 616453
 616463
 616581
 616797
 616813
 616838
 616863
 617053
 617096
 617162
 617405
 617605
 617796
 618081
 618122
 618175
 618255
 618361
 618370
 618556
 618640
 618736
 618757
 618887
 618911
 618959
 618984
 619033
 619035
 619703
 619723
 619750
 619786
 619790
 619833
 619915
 620016
 620071
 620130
 620217
 620285
 620342
 620367
 620409
 620562
 620624
 620716
 620838
 621101
 621251
 621258
 621387
 621431
 621434
 621496
 621571
 621755
 621822
 621892
 622385
 622688
 622847
 622965
 622969
 622999
 623043
 623045
 623245
 623289
 623352
 623438
 623466
 623495
 623547
 623564
 623574
 623709
 623846
 623882
 624016
 624046
 624235
 624286
 624309
 624319
 624436
 624488
 624541
 624568
 624634
 624751
 624872
 625017
 625094
 625164
 625174
 625188
 625309
 625328
 625541
 625565
 625570
 625617
 625629
 625962
 626372
 626437
 626559
 626674
 626713
 626740
 626771
 626917
 626924
 627027
 627229
 627344
 627388
 627454
 627501
 627586
 627664
 627750
 627939
 628420
 628883
 628906
 628942
 628971
 629098
 629268
 629282
 629485
 629582
 629614
 629629
 629847
 629985
 629999
 630009
 630042
 630082
 630114
 630197
 630210
 630272
 630294
 630434
 630536
 630633
 630657
 630673
 630774
 630880
 630941
 631120
 631165
 631296
 631485
 631640
 631647
 631767
 631901
 632215
 632574
 632933
 632967
 633015
 633022
 633067
 633075
 633130
 633152
 633204
 633240
 633258
 633277
 633433
 633463
 633519
 633799
 633830
 633898
 633954
 634449
 634596
 634804
 635126
 635211
 635339
 635405
 635580
 635734
 636412
 636474
 636554
 636568
 636697
 636711
 636738
 636749
 636755
 636838
 636917
 636970
 636997
 637076
 637326
 637717
 637882
 637967
 637986
 638144
 638202
 638357
 638377
 638458
 638633
 638701
 638702
 638731
 638891
 638958
 639014
 639029
 639069
 639092
 639195
 639353
 639442
 639516
 639715
 639758
 639781
 639805
 639891
 639903
 639905
 640273
 640278
 640481
 640547
 640680
 640800
 640814
 640961
 640962
 641093
 641300
 641532
 641595
 641706
 641778
 641821
 642355
 642363
 642443
 642553
 642617
 642655
 642747
 642800
 642875
 642928
 643017
 643044
 643128
 643153
 643229
 643244
 643296
 643299
 643405
 643732
 643764
 643840
 643905
 643974
 644067
 644101
 644128
 644155
 644164
 644224
 644235
 644257
 644310
 644354
 644422
 644510
 644516
 644936
 644979
 645060
 645417
 645502
 645533
 645691
 646015
 646075
 646275
 646612
 646833
 646840
 646860
 646950
 647058
 647475
 647570
 647577
 647583
 647652
 648035
 648137
 648397
 648402
 648428
 648525
 648588
 648612
 648648
 648665
 648710
 648856
 649061
 649114
 649120
 649313
 649483
 649572
 649630
 649657
 649742
 649889
 649897
 649920
 650032
 650082
 650119
 650323
 650357
 650442
 650531
 650556
 650625
 650825
 650959
 651071
 651072
 651144
 651376
 651525
 651631
 651760
 651851
 651909
 651994
 652030
 652161
 652214
 652217
 652545
 652581
 652725
 652760
 652892
 653227
 653241
 653352
 653377
 653498
 653590
 653676
 653727
 653880
 653968
 653986
 654311
 654333
 654334
 654335
 654452
 654628
 654655
 654731
 654851
 654918
 654975
 654998
 655069
 655146
 655207
 655324
 655356
 655394
 656025
 656222
 656357
 656371
 656473
 656537
 656813
 656964
 657154
 657200
 657255
 657385
 657478
 657480
 657496
 657502
 657631
 657707
 657729
 657753
 657765
 657808
 657839
 657894
 657911
 657990
 658013
 658031
 658189
 658227
 658270
 658787
 658961
 658978
 659120
 659145
 659409
 659641
 659724
 659837
 659854
 659913
 660248
 660377
 660558
 660574
 660589
 660691
 660777
 660899
 661007
 661938
 662132
 662332
 662406
 662557
 662598
 662632
 662793
 662857
 662921
 663191
 663245
 663270
 663316
 663460
 663512
 663533
 663553
 663590
 663716
 663775
 663926
 664077
 664121
 664275
 664436
 664781
 664907
 664912
 664998
 665020
 665081
 665119
 665276
 665306
 665367
 665454
 665474
 665592
 665687
 665970
 666331
 666389
 666459
 666479
 666519
 666580
 666666
 666819
 666828
 666839
 666844
 666893
 666967
 667129
 667153
 667154
 667239
 667273
 667549
 667588
 667648
 668027
 668041
 668156
 668297
 668357
 668390
 668450
 668511
 668655
 668656
 668682
 668689
 668863
 669338
 669546
 669713
 669752
 669767
 670085
 670097
 670098
 670159
 670378
 670402
 670601
 670723
 670788
 671012
 671134
 671169
 671189
 671667
 671717
 671720
 671792
 671832
 672005
 672397
 672456
 672634
 672719
 672754
 672789
 673121
 673312
 673369
 673553
 673656
 673678
 673684
 673821
 673850
 674074
 674219
 674239
 674349
 674386
 674390
 674506
 674698
 674846
 674924
 675193
 675315
 675319
 675334
 675350
 675471
 675475
 675478
 675509
 675524
 675551
 675712
 675846
 675883
 675959
 675977
 676000
 676126
 676203
 676206
 676212
 676426
 676721
 676873
 677115
 677183
 677219
 677265
 677345
 677376
 677481
 677539
 677583
 677611
 677651
 677685
 677712
 677798
 677873
 677966
 678106
 678319
 678462
 678466
 678777
 679093
 679144
 679287
 679290
 679322
 679332
 679410
 679444
 679633
 679911
 680015
 680064
 680113
 680299
 680327
 680469
 680540
 680544
 680548
 680674
 680708
 680900
 680981
 681063
 681070
 681145
 681153
 681165
 681226
 681243
 681276
 681502
 681543
 681799
 681839
 681840
 681879
 681942
 681958
 682140
 682158
 682206
 682301
 682473
 682564
 682803
 682859
 682918
 683110
 683125
 683222
 683299
 683373
 683403
 683466
 683573
 683627
 683657
 683678
 683688
 684006
 684100
 684155
 684291
 684338
 684675
 684807
 684816
 684818
 684962
 684965
 685054
 685076
 685157
 685221
 685302
 685430
 685454
 685477
 685478
 685503
 685831
 685889
 685939
 685983
 686053
 686096
 686111
 686286
 686400
 686491
 686567
 686578
 686582
 686634
 686654
 686709
 686879
 686923
 686944
 686978
 686998
 687124
 687134
 687141
 687205
 687247
 687273
 687992
 688098
 688127
 688211
 688249
 688395
 688678
 688690
 688761
 688766
 688946
 689032
 689186
 689411
 689551
 689719
 689894
 689897
 689962
 689978
 690053
 690132
 690157
 690215
 690592
 690667
 690695
 690797
 690829
 690835
 690884
 690903
 691049
 691056
 691208
 691228
 691282
 691332
 691377
 691415
 691437
 691629
 691633
 691722
 691731
 691761
 691875
 691907
 691960
 691975
 692029
 692299
 692520
 692718
 692896
 693069
 693146
 693168
 693201
 693248
 693290
 693296
 693367
 693398
 693419
 693453
 693685
 693695
 694010
 694117
 694192
 694245
 694391
 694426
 694457
 694480
 694510
 694603
 694688
 694747
 694750
 694793
 694875
 694886
 694892
 694949
 695125
 695287
 695417
 695440
 695467
 695656
 695668
 695674
 695787
 696050
 696138
 696140
 696202
 696251
 696504
 696506
 696533
 696704
 696728
 696737
 696832
 696846
 696916
 697130
 697196
 697429
 697750
 697865
 697949
 697974
 698034
 698063
 698240
 698253
 698321
 698395
 698534
 698595
 698815
 698818
 698947
 698952
 699206
 699381
 699448
 699517
 699529
 699574
 699588
 699639
 699819
 699991
 700035
 700175
 700336
 700370
 700622
 700718
 701056
 701145
 701237
 701380
 701406
 701438
 701622
 701798
 701870
 701944
 701971
 702087
 702276
 702389
 702420
 702443
 702537
 702567
 702678
 702688
 702801
 702838
 702870
 703049
 703153
 703154
 703182
 703183
 703319
 703350
 703453
 703601
 703669
 703899
 703936
 704071
 704407
 704441
 704503
 704607
 704646
 704647
 704806
 704852
 704889
 704902
 704931
 705019
 705112
 705157
 705227
 705244
 705487
 705596
 706103
 706113
 706157
 706158
 706234
 706271
 706496
 706516
 706584
 706634
 706666
 706902
 706952
 706972
 706979
 707100
 707102
 707119
 707127
 707203
 707204
 707424
 707525
 707599
 707615
 707618
 707644
 707677
 707692
 707852
 707877
 707892
 707909
 708137
 708163
 708225
 708348
 708375
 708399
 708408
 708610
 708819
 708866
 709031
 709184
 709709
 709880
 709884
 710223
 710258
 710390
 710573
 710607
 710643
 710694
 710771
 710949
 711003
 711111
 711170
 711187
 711375
 711406
 711566
 711723
 711779
 712095
 712104
 712212
 712246
 712384
 712480
 712560
 712576
 713163
 713309
 713465
 713482
 713605
 713652
 713710
 713783
 714160
 714163
 714176
 714181
 714231
 714273
 714368
 714422
 714689
 714854
 714892
 714906
 714961
 715170
 715226
 715250
 715372
 715428
 715688
 715709
 715793
 715869
 716121
 716194
 716265
 716401
 716430
 716493
 716512
 716514
 716536
 716592
 716710
 716798
 716837
 716927
 717184
 717200
 717277
 717309
 717314
 717488
 717512
 717544
 717817
 717913
 717938
 717985
 718017
 718043
 718217
 718227
 718290
 718296
 718356
 718416
 718500
 718564
 718654
 718804
 718891
 718913
 718944
 718963
 719022
 719067
 719070
 719215
 719238
 719262
 719286
 719391
 719538
 719599
 719652
 719783
 720076
 720155
 720167
 720213
 720241
 720263
 720359
 720612
 720676
 720763
 720862
 720907
 721044
 721211
 721239
 721590
 721740
 721907
 721970
 722018
 722100
 722144
 722239
 722265
 722523
 722595
 722596
 722624
 722807
 722821
 722847
 723056
 723122
 723221
 723347
 723362
 723492
 723502
 723766
 724095
 724160
 724190
 724272
 724309
 724375
 724677
 724689
 724707
 724733
 724793
 724904
 725111
 725199
 725206
 725251
 725320
 725370
 725372
 725388
 725395
 725504
 725632
 725740
 725823
 726347
 726558
 726616
 726688
 726915
 727037
 727108
 727247
 727328
 727356
 727371
 727409
 727499
 727574
 727602
 727788
 727866
 727916
 728126
 728143
 728306
 728452
 728482
 728617
 728733
 728753
 728765
 728906
 728932
 729069
 729156
 729304
 729436
 729525
 729827
 729883
 730020
 730158
 730180
 730181
 730287
 730498
 730736
 730868
 730904
 730933
 730934
 730971
 731370
 731421
 731517
 731558
 731610
 731616
 731961
 731977
 732026
 732042
 732111
 732178
 732245
 732247
 732620
 732776
 732811
 732888
 733059
 733092
 733096
 733183
 733255
 733333
 733354
 733356
 733660
 733724
 733846
 733847
 733921
 733929
 734042
 734124
 734179
 734181
 734400
 734533
 734871
 734953
 735003
 735085
 735149
 735205
 735399
 735459
 735616
 735748
 735766
 735909
 735915
 735994
 736208
 736302
 736311
 736618
 737084
 737099
 737192
 737199
 737233
 737454
 737573
 737654
 737814
 737838
 738128
 738289
 738467
 738540
 738760
 738800
 738965
 739090
 739152
 739177
 739232
 739235
 739269
 739307
 739428
 739461
 739575
 739677
 739780
 739795
 739898
 739905
 739934
 740126
 740147
 740151
 740174
 740392
 740486
 740514
 741068
 741101
 741160
 741183
 741184
 741246
 741258
 741355
 741451
 741463
 741587
 741605
 741745
 741756
 741771
 742201
 742254
 742398
 742598
 742635
 742682
 742753
 742781
 742795
 742975
 742980
 743034
 743098
 743259
 743342
 743558
 743681
 743682
 743698
 743827
 743829
 743834
 743883
 743958
 744115
 744325
 744392
 744514
 744623
 744666
 744723
 744808
 744906
 744911
 745034
 745065
 745138
 745141
 745315
 745329
 745565
 745566
 745670
 745746
 745791
 745835
 745950
 746097
 746268
 746278
 746466
 746655
 746900
 746946
 746987
 747001
 747070
 747096
 747116
 747135
 747225
 747393
 747431
 747463
 747545
 747564
 747688
 747781
 747919
 747957
 747974
 748019
 748027
 748053
 748099
 748100
 748157
 748218
 748396
 748511
 748581
 748604
 748732
 748794
 749063
 749112
 749127
 749133
 749275
 749322
 749469
 749573
 749608
 749629
 749705
 749838
 749876
 749988
 750110
 750209
 750341
 750816
 750981
 751051
 751259
 751261
 751313
 751337
 751380
 751586
 751690
 751784
 751843
 751881
 751893
 751914
 752248
 752415
 752790
 752882
 752998
 753104
 753136
 753272
 753294
 753348
 753535
 753572
 753697
 753869
 753922
 754001
 754030
 754039
 754063
 754098
 754231
 754390
 754591
 754601
 754699
 754788
 755051
 755506
 755536
 755555
 755700
 755938
 756047
 756408
 756460
 756596
 756660
 756710
 756756
 756934
 756975
 756996
 757019
 757052
 757108
 757138
 757352
 757401
 757451
 757580
 757607
 757857
 758077
 758186
 758469
 758506
 758512
 758535
 758540
 758570
 758793
 758957
 759153
 759164
 759198
 759298
 759303
 759338
 759378
 759505
 759711
 759979
 760194
 760199
 760247
 760270
 760491
 760571
 760714
 760854
 761250
 761459
 761483
 761567
 761727
 761859
 761876
 762007
 762018
 762257
 762412
 762487
 762489
 762597
 762618
 762731
 762932
 762945
 762957
 763074
 763176
 763337
 763362
 763450
 763518
 763545
 763576
 763645
 763682
 763828
 763903
 764030
 764158
 764192
 764305
 764405
 764415
 764429
 764442
 764486
 764520
 764710
 764756
 764793
 764827
 764864
 764878
 765144
 765415
 765579
 765726
 765903
 765988
 766048
 766137
 766148
 766215
 766285
 766404
 766426
 766606
 766617
 766636
 766806
 766884
 766965
 767123
 767197
 767223
 767245
 767280
 767296
 767438
 767653
 767999
 768042
 768061
 768115
 768196
 768248
 768315
 768360
 768378
 768425
 768862
 768873
 769050
 769060
 769137
 769375
 769447
 769611
 769706
 769744
 769822
 769834
 769960
 770082
 770114
 770186
 770390
 770536
 770557
 770650
 770679
 770887
 771010
 771011
 771067
 771079
 771349
 771522
 771532
 771570
 771587
 771608
 771750
 771778
 771899
 771915
 772197
 772395
 772463
 772567
 772708
 772764
 772867
 773034
 773299
 773337
 773353
 773365
 773442
 773697
 773750
 773907
 773913
 774020
 774080
 774083
 774411
 774419
 774597
 774721
 774869
 774885
 774919
 775033
 775297
 775496
 775510
 775651
 775719
 775958
 776000
 776026
 776438
 776521
 776615
 776650
 776732
 776918
 777144
 777218
 777320
 777361
 777439
 777689
 777777
 778002
 778039
 778054
 778088
 778406
 778585
 778597
 778797
 778835
 778942
 778950
 778982
 779013
 779185
 779223
 779232
 779401
 779461
 779555
 779586
 779598
 779610
 779796
 779857
 780043
 780045
 780068
 780139
 780141
 780147
 780169
 780171
 780379
 780512
 780796
 781040
 781144
 781187
 781296
 781315
 781448
 781945
 781981
 781986
 781994
 782048
 782255
 782334
 782515
 782642
 782825
 783110
 783234
 783255
 783257
 783427
 783563
 783666
 783695
 783764
 783783
 783983
 784210
 784313
 784353
 784373
 784499
 784567
 784633
 784679
 784741
 785171
 785172
 785197
 785367
 785476
 785497
 785545
 785610
 785633
 785680
 785694
 785821
 785871
 785902
 785990
 786011
 786022
 786058
 786086
 786552
 786715
 786822
 786839
 786982
 787001
 787099
 787133
 787510
 787520
 787844
 788156
 788330
 788523
 788698
 788732
 788749
 788835
 788865
 788933
 789128
 789705
 789709
 789739
 789750
 789788
 789940
 790027
 790060
 790167
 790290
 790369
 790416
 790724
 790949
 791040
 791126
 791183
 791286
 791385
 791393
 791678
 791821
 792054
 792248
 792313
 792405
 792452
 792498
 792521
 792705
 792713
 792759
 792821
 792832
 792941
 793293
 793309
 793312
 793405
 793503
 793559
 793785
 793802
 793883
 793893
 793908
 793926
 794005
 794119
 794195
 794291
 794360
 794428
 794502
 794504
 794588
 794637
 794961
 795180
 795250
 795389
 795573
 795721
 795856
 795918
 795921
 796060
 796274
 796335
 796397
 796403
 796525
 796670
 796916
 797023
 797366
 797492
 797590
 797680
 797732
 797752
 797987
 798091
 798194
 798443
 798501
 798578
 799006
 799086
 799112
 799190
 799353
 799390
 799420
 799436
 799473
 799543
 799681
 799752
 799760
 799856
 799924
 799999
 800039
 800098
 800337
 800365
 800385
 800393
 800521
 800554
 800677
 800777
 801033
 801053
 801101
 801355
 801412
 801513
 801534
 801603
 801652
 801744
 801980
 802046
 802048
 802296
 802355
 802485
 802507
 802578
 802740
 802750
 802892
 802899
 803034
 803140
 803162
 803261
 803399
 803458
 803623
 803674
 803709
 803921
 803961
 804254
 804289
 804356
 804380
 804532
 804571
 804611
 804615
 804846
 804878
 804960
 804963
 804998
 805091
 805133
 805189
 805298
 805383
 805423
 805481
 805509
 805513
 805558
 805635
 805696
 805803
 805836
 805980
 805988
 806153
 806225
 806536
 806629
 807010
 807074
 807123
 807164
 807342
 807581
 807742
 807792
 808072
 808378
 808415
 808593
 808616
 808618
 808738
 809136
 809469
 809536
 809593
 809630
 809638
 809673
 810109
 810183
 810306
 810317
 810474
 810590
 810625
 810673
 810793
 810817
 811035
 811203
 811209
 811259
 811360
 811637
 811656
 811665
 811755
 811757
 811853
 811875
 812020
 812111
 812320
 812337
 812535
 812827
 812933
 813163
 813333
 813343
 813664
 813760
 813770
 813930
 813953
 814029
 814073
 814310
 814385
 814509
 814561
 814901
 815132
 815234
 815284
 815321
 815384
 815709
 815748
 815919
 816281
 816372
 816393
 816452
 816543
 816611
 816993
 817050
 817237
 817568
 817691
 817849
 818159
 818198
 818360
 818461
 818509
 818576
 818624
 818781
 818846
 818847
 818884
 818930
 818931
 818946
 819225
 819331
 819402
 819715
 819733
 819751
 820074
 820285
 820380
 820413
 820479
 820527
 820612
 820658
 820760
 821092
 821163
 821213
 821450
 821492
 821495
 821509
 821580
 821737
 822224
 822234
 822259
 822492
 822500
 822502
 822560
 822663
 822680
 822706
 822989
 823008
 823204
 823227
 823287
 823300
 823332
 823735
 823818
 823868
 823881
 823990
 823992
 824016
 824072
 824150
 824321
 824336
 824515
 824558
 824742
 824750
 824840
 824880
 824912
 824936
 824945
 825282
 825523
 825608
 825688
 825714
 825755
 826086
 826144
 826578
 826741
 826843
 826926
 827031
 827124
 827128
 827156
 827294
 827320
 827510
 827553
 827608
 827718
 827723
 827878
 827881
 827908
 827926
 828174
 828178
 828246
 828322
 828429
 828616
 828647
 828903
 828976
 829218
 829292
 829379
 829495
 829531
 829611
 829613
 829853
 829927
 829968
 830043
 830069
 830075
 830123
 830174
 830269
 830428
 830552
 830599
 830604
 830643
 831031
 831068
 831078
 831431
 831515
 831578
 831650
 831724
 831849
 831929
 831988
 832296
 832299
 832353
 832384
 832509
 832650
 832694
 832847
 832866
 832962
 833014
 833034
 833044
 833119
 833208
 833356
 833457
 833586
 833595
 833633
 833714
 833744
 833780
 833999
 834084
 834227
 834312
 834469
 834506
 834611
 834622
 835024
 835043
 835167
 835222
 835246
 835247
 835633
 836185
 836293
 836925
 837795
 838074
 838090
 838119
 838196
 838283
 838295
 838380
 838425
 838467
 838620
 838689
 838709
 838807
 838918
 838939
 838973
 839023
 839207
 839362
 839383
 839455
 839500
 839693
 839715
 839765
 839999
 840449
 840768
 840970
 840984
 840993
 841108
 841231
 841245
 841411
 841733
 841846
 841946
 841993
 842166
 842338
 842479
 842502
 842533
 842816
 842853
 843210
 843247
 843296
 843375
 843387
 843666
 844007
 844022
 844079
 844164
 844233
 844428
 844643
 844838
 844907
 845017
 845166
 845219
 845251
 845272
 845396
 845616
 845684
 845857
 845867
 845908
 846193
 846252
 846276
 846675
 846706
 846762
 846820
 847058
 847094
 847107
 847396
 847414
 847544
 847619
 847672
 847679
 847700
 847742
 847804
 847860
 847869
 848167
 848179
 848253
 848361
 848588
 848622
 848645
 848784
 848834
 848925
 849056
 849448
 849538
 849566
 849642
 849649
 849894
 849895
 850242
 850475
 850649
 850674
 850698
 850768
 850982
 851132
 851179
 851185
 851194
 851233
 851388
 851473
 851568
 851663
 851685
 851686
 851851
 851910
 852141
 852392
 852418
 852459
 852479
 852485
 852512
 852539
 852606
 852790
 852968
 853090
 853181
 853261
 853286
 853582
 853801
 853937
 853955
 853967
 854331
 854373
 854404
 854884
 854901
 855251
 855579
 855738
 855849
 855851
 855885
 856054
 856256
 856317
 856368
 856498
 856746
 856769
 856776
 857067
 857181
 857201
 857368
 857454
 857456
 857519
 857812
 858073
 858425
 858545
 858549
 858788
 858799
 858817
 858823
 859002
 859070
 859196
 859421
 859463
 859516
 859614
 859631
 859723
 859756
 859761
 859820
 859862
 859931
 860023
 860024
 860412
 860465
 860597
 861011
 861058
 861237
 861440
 861501
 861538
 861734
 862004
 862082
 862213
 862646
 862721
 862781
 863013
 863023
 863157
 863293
 863305
 863340
 863375
 863389
 863466
 863562
 863668
 863716
 863736
 863755
 864066
 864233
 864271
 864435
 864644
 864700
 864772
 864796
 864819
 864918
 865093
 865248
 865418
 865560
 865628
 865836
 865974
 866191
 866220
 866622
 866666
 866679
 866770
 866842
 866912
 867142
 867162
 867410
 867518
 867574
 867612
 867826
 867956
 868092
 868105
 868248
 868432
 868720
 868823
 868904
 868968
 869146
 869153
 869214
 869227
 869299
 869310
 869439
 869442
 869462
 869548
 869751
 869761
 869882
 870089
 870092
 870139
 870241
 870253
 870379
 870478
 870526
 870531
 870674
 870764
 870926
 871282
 871447
 871478
 871520
 871549
 871677
 871773
 871952
 872000
 872094
 872447
 872448
 872464
 872627
 872749
 873189
 873205
 873225
 873226
 873443
 873604
 873640
 873812
 873906
 873947
 873961
 874103
 874141
 874321
 874445
 874629
 874693
 874784
 874966
 874980
 875000
 875189
 875288
 875488
 875535
 875594
 875855
 876510
 876755
 876943
 876961
 876963
 877012
 877526
 877562
 877634
 877701
 877704
 877770
 878145
 878194
 878201
 878292
 878323
 878440
 878500
 878567
 878598
 878854
 878975
 879023
 879065
 879142
 879219
 879266
 879356
 879529
 879663
 879805
 879831
 879890
 880071
 880142
 880275
 880354
 880382
 880559
 880675
 880898
 880952
 881005
 881111
 881198
 881218
 881343
 881355
 881639
 881688
 881828
 881902
 881939
 881959
 882024
 882030
 882230
 882475
 882587
 882597
 882795
 882911
 883352
 883561
 883729
 883785
 883789
 883799
 883881
 883919
 884065
 884247
 884337
 884368
 884553
 884557
 884658
 884971
 884984
 885057
 885091
 885430
 885457
 885582
 886016
 886032
 886050
 886058
 886092
 886096
 886101
 886365
 886414
 886448
 886522
 886659
 886761
 886933
 886997
 887004
 887017
 887133
 887301
 887507
 887537
 887554
 887710
 887886
 887964
 888037
 888040
 888103
 888205
 888569
 888588
 888628
 888740
 888778
 888888
 889135
 889217
 889298
 889387
 889436
 889647
 889795
 889799
 889839
 889889
 889908
 889921
 890094
 890322
 890357
 890714
 890769
 890770
 890811
 890915
 890949
 891089
 891096
 891169
 891313
 891398
 891491
 891650
 891797
 891894
 892040
 892162
 892189
 892286
 892466
 892477
 892604
 892963
 893000
 893095
 893163
 893345
 893491
 893556
 893617
 893623
 893632
 893826
 893914
 894048
 894297
 894397
 894616
 894657
 894736
 894864
 894878
 894897
 894980
 895039
 895110
 895141
 895181
 895238
 895303
 895347
 895466
 895516
 895624
 895724
 896000
 896110
 896362
 896390
 896551
 896725
 896758
 897083
 897119
 897187
 897296
 897348
 897396
 897435
 897692
 897893
 897938
 897947
 897985
 898156
 898234
 898423
 898547
 898719
 898730
 898834
 898846
 898884
 898957
 899266
 899329
 899453
 899629
 899760
 899786
 899819
 899844
 899877
 899898
 899908
 899974
 900010
 900092
 900372
 900526
 900603
 900626
 900727
 900853
 900922
 901014
 901071
 901136
 901234
 901257
 901298
 901414
 901432
 901522
 901639
 901678
 901701
 901840
 901943
 902169
 902250
 902270
 902301
 902480
 902644
 902668
 902698
 902986
 903086
 903096
 903300
 903488
 903513
 903627
 903781
 903901
 903914
 903996
 904109
 904273
 904309
 904336
 904481
 904542
 904780
 904908
 904919
 904981
 904992
 905269
 905362
 905673
 905890
 906015
 906046
 906128
 906298
 906303
 906328
 906510
 906548
 906646
 906707
 906833
 906953
 907004
 907103
 907255
 907276
 907317
 907323
 907356
 907692
 908052
 908125
 908221
 908256
 908337
 908496
 908552
 908660
 908788
 909007
 909047
 909350
 909362
 909377
 909498
 909533
 909852
 909970
 910029
 910096
 910110
 910111
 910162
 910225
 910629
 910667
 910688
 910716
 910883
 910926
 911374
 911440
 911617
 911627
 912235
 912398
 912609
 912616
 912851
 913047
 913145
 913587
 913628
 913684
 913767
 913774
 913834
 914180
 914269
 914379
 914413
 914493
 914542
 914567
 914706
 914827
 914893
 915029
 915332
 915364
 915403
 915540
 915567
 915767
 915851
 915893
 916228
 916280
 916903
 916905
 917054
 917060
 917137
 917200
 917230
 917302
 917313
 917355
 917407
 917427
 917455
 917479
 917543
 917595
 917663
 917702
 917753
 917847
 917952
 918003
 918030
 918032
 918209
 918584
 918625
 918631
 918754
 918756
 918816
 918918
 918999
 919072
 919153
 919286
 919387
 919571
 919678
 920079
 920158
 920186
 920193
 920238
 920287
 920353
 920384
 920446
 920628
 921095
 921117
 921131
 921135
 921143
 921409
 921425
 921435
 921662
 921692
 921766
 921827
 921970
 921995
 922269
 922382
 922403
 922503
 922561
 922717
 922767
 922829
 922860
 923006
 923053
 923071
 923175
 923254
 923426
 923517
 923528
 923669
 923673
 923786
 923832
 923993
 924033
 924050
 924297
 924326
 924394
 924506
 924703
 924731
 924748
 924859
 924882
 924970
 925170
 925247
 925257
 925525
 925594
 925709
 925724
 925863
 925916
 925925
 926059
 926163
 926253
 926291
 926311
 926445
 926605
 926613
 926632
 926710
 926829
 926877
 927089
 927264
 927317
 927400
 927710
 927825
 928038
 928118
 928327
 928333
 928399
 928739
 929087
 929125
 929165
 929295
 929304
 929317
 929425
 929443
 929481
 929830
 929864
 929996
 930022
 930141
 930162
 930364
 930418
 930439
 930481
 930757
 930853
 930953
 930982
 931048
 931092
 931111
 931214
 931236
 931241
 931305
 931385
 931630
 931705
 931796
 931805
 931926
 932085
 932178
 932181
 932199
 932213
 932233
 932310
 932468
 932495
 932516
 932565
 932609
 932706
 933366
 933559
 933563
 933609
 933632
 934103
 934237
 934304
 934524
 934612
 934628
 934964
 935118
 935251
 935326
 935857
 935943
 935954
 936008
 936120
 936194
 936225
 936319
 936510
 936537
 936627
 936719
 936758
 936846
 936849
 936850
 936873
 936990
 937002
 937058
 937083
 937088
 937161
 937513
 937727
 937779
 937796
 937808
 937832
 937931
 938082
 938138
 938144
 938251
 938301
 938343
 938507
 938571
 938737
 939006
 939075
 939249
 939338
 939373
 939607
 939808
 940003
 940027
 940120
 940174
 940261
 940296
 940532
 940550
 940658
 940824
 940966
 941048
 941155
 941176
 941529
 941560
 941598
 941668
 941739
 941870
 941984
 942047
 942058
 942101
 942162
 942227
 942504
 942533
 942562
 942564
 942697
 942698
 943100
 943252
 943363
 943413
 943566
 943568
 943795
 943837
 943925
 943940
 944112
 944198
 944215
 944318
 944631
 944686
 944781
 944922
 944961
 945164
 945181
 945279
 945291
 945343
 945375
 945386
 945597
 945725
 945769
 945861
 946013
 946020
 946119
 946225
 946402
 946564
 946643
 946648
 946859
 947036
 947225
 947360
 947525
 947658
 947882
 947943
 947974
 948306
 948582
 948727
 948730
 948819
 949107
 949112
 949212
 949240
 949317
 949320
 949356
 949456
 949523
 949577
 949714
 949753
 949880
 949893
 950038
 950421
 950479
 950591
 950617
 950852
 950874
 950913
 950930
 950963
 951048
 951085
 951136
 951300
 951312
 951367
 951428
 951483
 951542
 951717
 951828
 951897
 952086
 952094
 952191
 952395
 952644
 952655
 952683
 952710
 952792
 952901
 952929
 953117
 953187
 953519
 953752
 953833
 953844
 953894
 953912
 954016
 954090
 954110
 954312
 954368
 954380
 954475
 954501
 954600
 954792
 954812
 954851
 954903
 954986
 955097
 955226
 955329
 955504
 955620
 955838
 956040
 956158
 956193
 956235
 956433
 956853
 956980
 957076
 957113
 957655
 957668
 957714
 957991
 958035
 958109
 958199
 958208
 958357
 958495
 958618
 958700
 958969
 959156
 959288
 959347
 959358
 959461
 959513
 959709
 959752
 959825
 959901
 959950
 960072
 960191
 960511
 960774
 961070
 961102
 961146
 961232
 961280
 961286
 961817
 961853
 961904
 961918
 962012
 962096
 962129
 962162
 962324
 962372
 962505
 962522
 962787
 963029
 963116
 963163
 963170
 963261
 963531
 963565
 963570
 963734
 963798
 963800
 963951
 964573
 964657
 964809
 964902
 965082
 965097
 965299
 965453
 965489
 965529
 965596
 965667
 965755
 965950
 966022
 966101
 966189
 966430
 966473
 966722
 966740
 966775
 966845
 967106
 967133
 967213
 967366
 967414
 967422
 967574
 967576
 967659
 967700
 967839
 967988
 968028
 968062
 968304
 968386
 968405
 968453
 968464
 968633
 968703
 968791
 968812
 968919
 968954
 969158
 969199
 969287
 969353
 969357
 969392
 969696
 969743
 969763
 969790
 969793
 969848
 969938
 970152
 970174
 970204
 970217
 970271
 970350
 970588
 970652
 970654
 970678
 970772
 970958
 971042
 971051
 971129
 971138
 971254
 971326
 971339
 971362
 971605
 971693
 971830
 971840
 971943
 972111
 972177
 972206
 972252
 972287
 972362
 972370
 972488
 972514
 972687
 972745
 972752
 972972
 973095
 973304
 973345
 973462
 973489
 973493
 973497
 973508
 973520
 973572
 973632
 974021
 974037
 974315
 974513
 974715
 974996
 974998
 975022
 975064
 975130
 975177
 975233
 975308
 975339
 975345
 975347
 975398
 975446
 975580
 975615
 975808
 976099
 976199
 976379
 976401
 976415
 976465
 976525
 976839
 977005
 977325
 977589
 977941
 977951
 977983
 978051
 978081
 978175
 978384
 978563
 978570
 978639
 978703
 978760
 978810
 978828
 978996
 979014
 979088
 979405
 979529
 979687
 979844
 979846
 980013
 980266
 980303
 980387
 980440
 980514
 980596
 980908
 980922
 980952
 980958
 981036
 981179
 981221
 981229
 981337
 981365
 981820
 981887
 981899
 981917
 981947
 981986
 982019
 982100
 982264
 982359
 982418
 982435
 982442
 982552
 982583
 982630
 982635
 982660
 982673
 982759
 982864
 982920
 983099
 983105
 983296
 983312
 983369
 983483
 983531
 983697
 983728
 983776
 983801
 983870
 983944
 983999
 984141
 984338
 984567
 984603
 984774
 984810
 984924
 985074
 985148
 985185
 985314
 985422
 985622
 985654
 985659
 986021
 986030
 986134
 986199
 986219
 986254
 986301
 986323
 986359
 986489
 986562
 986734
 986735
 986762
 986814
 986901
 986957
 987049
 987074
 987085
 987169
 987268
 987273
 987341
 987470
 987521
 987770
 987911
 987921
 987986
 988073
 988085
 988190
 988280
 988282
 988439
 988505
 988640
 988768
 988857
 988900
 988950
 989051
 989121
 989126
 989214
 989223
 989249
 989420
 989473
 989518
 989531
 989818
 989847
 989893
 989951
 989975
 990133
 990452
 990602
 990613
 990666
 990679
 990735
 990743
 990775
 990801
 990905
 991216
 991270
 991278
 991304
 991398
 991403
 991468
 991477
 991587
 991664
 991816
 991855
 991918
 992248
 992378
 992434
 992488
 992604
 992962
 993003
 993275
 993724
 993837
 993842
 993994
 994005
 994184
 994379
 994476
 994784
 994882
 995024
 995174
 995216
 995316
 995332
 995357
 995406
 995716
 995780
 995825
 995903
 995913
 995955
 995986
 995987
 996114
 996127
 996163
 996200
 996353
 996441
 996484
 996505
 996554
 996617
 996620
 996728
 996780
 997135
 997236
 997314
 997413
 997512
 997569
 997645
 997727
 997745
 997941
 998065
 998115
 998389
 999005
 999196
 999417
 999455
 999598
 999631
 999678
 999737
 999755
 999883
 