0
 0
 0
 0
 0
 158
 317
 416
 475
 543
 564
 781
 1046
 1479
 1503
 1870
 1892
 1995
 2101
 2152
 2592
 2599
 2632
 2702
 2747
 2764
 2774
 2802
 2905
 3149
 3175
 3209
 3519
 3528
 3539
 3627
 3631
 3685
 3765
 3873
 3957
 4058
 4198
 4284
 4630
 4836
 5013
 5018
 5072
 5188
 5285
 5388
 5546
 5704
 5734
 5810
 5910
 6008
 6031
 6124
 6153
 6224
 6235
 6263
 6274
 6617
 6646
 6788
 6791
 7080
 7339
 7400
 7403
 7558
 7722
 7936
 8009
 8100
 8119
 8238
 8308
 8407
 8650
 8809
 8813
 9080
 9136
 9214
 9338
 9399
 9410
 9454
 9505
 9530
 9686
 9687
 9696
 9886
 9949
 9980
 10041
 10526
 10566
 10637
 10668
 10695
 10711
 10931
 11224
 11349
 11453
 11831
 11891
 11972
 12048
 12278
 12551
 12643
 12646
 12658
 12693
 12734
 12808
 12992
 13005
 13027
 13070
 13081
 13100
 13192
 13440
 13632
 13865
 13884
 13894
 13974
 13984
 14000
 14050
 14084
 14131
 14218
 14395
 14547
 14594
 14607
 14669
 14815
 14822
 14839
 14926
 15358
 15370
 15421
 15500
 15794
 15809
 15827
 16277
 16450
 16509
 16629
 16717
 16814
 17051
 17115
 17384
 17537
 17587
 17633
 17667
 17673
 17827
 18097
 18106
 18125
 18293
 18316
 18391
 18465
 18479
 18602
 18605
 18738
 18745
 18773
 19041
 19161
 19369
 19389
 19390
 19677
 19735
 19869
 19999
 20051
 20240
 20290
 20417
 20449
 20799
 21042
 21097
 21288
 21311
 21383
 21411
 21526
 21542
 21727
 22049
 22073
 22089
 22156
 22189
 22244
 22664
 22763
 23068
 23085
 23134
 23164
 23166
 23283
 23339
 23602
 23700
 24443
 24560
 24690
 24719
 24916
 25026
 25114
 25136
 25277
 25368
 25449
 25577
 25620
 25673
 25676
 25786
 25821
 25833
 25876
 25942
 26078
 26107
 26304
 26375
 26399
 26431
 26510
 26574
 26631
 26650
 26968
 27027
 27065
 27089
 27196
 27248
 27377
 27384
 27624
 27721
 28019
 28092
 28134
 28140
 28279
 28281
 28332
 28343
 28435
 28549
 28805
 29032
 29055
 29255
 29411
 29449
 29661
 29721
 29742
 29806
 29809
 29865
 29877
 29926
 30050
 30077
 30252
 30290
 30303
 30334
 30341
 30349
 30389
 30509
 30737
 30892
 30897
 31011
 31044
 31066
 31258
 31259
 31397
 31574
 31616
 32055
 32062
 32104
 32217
 32467
 32540
 32576
 32683
 32702
 32733
 32905
 32935
 32962
 33101
 33140
 33158
 33174
 33270
 33413
 33422
 33496
 33529
 33583
 33614
 33691
 33716
 33725
 33736
 33926
 34070
 34192
 34228
 34228
 34253
 34322
 34329
 34904
 35192
 35245
 35263
 35282
 35402
 35425
 35435
 35519
 35535
 35655
 35841
 35991
 36058
 36095
 36352
 36376
 36440
 36443
 36501
 36585
 36589
 36729
 36809
 36960
 37117
 37269
 37350
 37525
 37557
 37721
 37782
 37962
 38229
 38378
 38438
 38461
 38556
 38882
 39243
 39432
 39464
 39494
 39523
 39542
 39572
 39639
 39849
 39862
 39941
 39952
 40113
 40154
 40164
 40165
 40221
 40242
 40297
 40396
 40521
 40556
 40640
 40642
 40649
 40706
 40788
 40816
 40857
 40932
 41290
 41317
 41353
 41364
 41501
 41720
 41860
 41899
 41899
 41934
 41968
 42015
 42023
 42091
 42132
 42242
 42517
 42553
 42568
 43040
 43046
 43160
 43279
 43286
 43287
 43334
 43341
 43422
 43472
 43635
 43710
 43712
 43833
 43957
 43986
 44012
 44058
 44078
 44129
 44257
 44279
 44304
 44573
 44602
 44611
 44647
 44763
 44821
 44835
 44863
 44960
 45092
 45172
 45197
 45227
 45232
 45512
 45673
 45718
 45769
 46149
 46153
 46224
 46284
 46398
 46629
 46766
 46807
 46811
 47220
 47261
 47289
 47351
 47390
 47588
 47645
 47724
 47916
 47940
 48057
 48124
 48203
 48247
 48248
 48266
 48366
 48689
 48927
 49006
 49057
 49057
 49110
 49338
 49602
 49819
 49938
 50117
 50190
 50237
 50468
 50514
 50687
 50751
 50814
 50844
 50846
 50869
 51031
 51152
 51212
 51268
 51279
 51352
 51366
 51441
 51492
 51519
 51639
 51823
 51834
 52030
 52151
 52321
 52352
 52439
 52530
 52601
 52631
 52650
 52664
 52789
 52892
 52892
 53152
 53191
 53252
 53459
 53740
 53760
 53811
 53834
 54031
 54191
 54215
 54274
 54284
 54286
 54297
 54315
 54318
 54431
 54500
 54674
 54779
 54925
 55018
 55280
 55367
 55470
 55576
 55612
 55624
 55683
 55701
 55821
 55851
 56042
 56061
 56156
 56199
 56468
 56513
 56633
 56708
 56795
 56976
 57219
 57296
 57477
 57681
 57847
 57865
 57896
 58016
 58119
 58196
 58216
 58336
 58403
 58436
 58525
 58650
 58658
 58818
 58823
 59160
 59300
 59497
 59536
 59655
 59669
 59693
 59930
 60127
 60588
 60698
 60735
 60849
 60862
 60903
 61240
 61257
 61455
 61722
 61776
 61991
 62262
 62749
 62914
 62981
 63236
 63492
 63699
 63780
 63855
 64016
 64023
 64356
 64397
 64400
 64448
 64477
 64569
 64853
 64938
 65069
 65078
 65131
 65140
 65155
 65435
 65569
 65573
 65578
 65639
 65972
 65973
 66359
 66394
 66450
 66465
 66467
 66666
 66703
 66920
 67245
 67304
 67335
 67382
 67391
 67578
 67817
 68075
 68107
 68205
 68237
 68298
 68434
 68578
 68590
 68655
 68657
 68707
 68743
 68910
 69065
 69609
 69621
 69641
 69686
 69754
 69767
 69783
 69817
 69847
 69948
 69973
 70400
 70609
 71111
 71177
 71194
 71230
 71233
 71274
 71313
 71710
 71793
 71806
 71817
 71866
 71936
 71986
 71998
 72024
 72348
 72463
 72511
 72786
 72861
 72895
 73056
 73127
 73278
 73315
 73399
 73635
 73642
 73650
 73707
 74086
 74153
 74336
 74468
 74530
 74585
 74613
 74634
 74659
 74823
 75038
 75042
 75154
 75204
 75457
 75620
 75646
 75650
 75790
 75879
 75945
 76054
 76064
 76106
 76116
 76185
 76314
 76378
 76448
 76607
 76825
 76844
 76951
 77504
 77554
 77749
 77949
 78034
 78037
 78197
 78234
 78301
 78327
 78345
 78350
 78558
 78652
 78655
 78899
 79073
 79106
 79165
 79328
 79472
 79695
 79707
 79720
 80005
 80058
 80099
 80110
 80160
 80175
 80262
 80275
 80577
 80646
 80692
 80754
 80794
 80815
 80867
 80892
 80922
 81107
 81132
 81143
 81356
 81375
 81660
 81668
 81687
 81701
 81807
 81967
 82089
 82382
 82416
 82429
 82446
 82489
 82557
 82597
 83000
 83302
 83391
 83394
 83414
 83475
 83528
 83542
 83593
 83633
 83928
 83999
 84088
 84089
 84210
 84223
 84245
 84337
 84337
 84466
 84561
 84601
 84664
 84685
 84710
 84748
 84866
 84933
 84937
 85085
 85104
 85169
 85377
 85547
 85626
 85717
 86761
 86830
 86926
 87134
 87188
 87278
 87320
 87534
 87546
 87585
 87599
 87672
 87712
 87800
 87813
 87821
 87837
 87892
 88055
 88134
 88139
 88194
 88245
 88695
 89440
 89693
 89743
 89849
 89872
 89968
 89974
 90064
 90097
 90165
 90568
 90718
 90826
 90828
 90881
 91018
 91100
 91325
 91442
 91754
 91796
 91905
 92075
 92139
 92198
 92304
 92356
 92367
 92390
 92582
 92583
 92817
 92954
 93144
 93292
 93374
 93397
 93461
 93726
 93750
 93795
 93816
 93841
 93860
 93942
 94045
 94060
 94140
 94178
 94679
 94684
 94745
 94972
 95103
 95124
 95177
 95293
 95320
 95465
 95668
 95676
 95698
 95738
 95881
 95905
 95975
 96099
 96405
 96449
 96652
 96680
 96753
 96904
 96911
 96953
 97442
 97691
 97697
 97727
 97738
 97918
 98085
 98086
 98246
 98321
 98332
 98476
 98477
 98525
 98610
 98644
 98732
 98797
 99201
 99201
 99411
 99441
 99539
 99669
 99751
 99923
 99928
 100000
 100282
 100295
 100345
 100369
 100478
 100480
 100568
 100616
 100632
 100941
 100988
 101194
 101240
 101281
 101364
 101410
 101446
 101534
 101534
 101694
 101918
 101922
 101931
 102214
 102254
 102347
 102452
 102641
 102910
 102950
 103058
 103095
 103156
 103258
 103448
 103484
 103541
 103574
 103589
 103594
 103800
 103812
 103929
 104007
 104088
 104094
 104135
 104319
 104491
 104578
 104732
 104745
 104750
 104882
 105043
 105204
 105588
 105743
 105757
 105762
 105783
 105877
 105968
 106051
 106141
 106169
 106629
 106806
 106824
 107081
 107132
 107187
 107452
 107662
 107854
 107909
 107940
 108087
 108120
 108165
 108216
 108291
 108468
 108521
 108550
 108629
 108640
 108681
 108700
 108928
 108929
 108938
 109009
 109348
 109470
 109492
 109700
 109706
 109718
 109832
 109901
 109985
 110231
 110356
 110441
 110533
 110600
 110857
 110908
 110942
 110953
 111111
 111111
 111296
 111384
 111546
 111599
 111777
 111804
 111830
 111832
 111843
 112055
 112151
 112214
 112465
 112742
 112783
 112941
 112954
 113037
 113169
 113171
 113176
 113370
 113439
 113772
 113959
 114035
 114085
 114097
 114121
 114157
 114197
 114202
 114310
 114348
 114521
 114579
 114726
 114745
 114754
 114864
 114965
 114980
 115035
 115051
 115074
 115097
 115174
 115193
 115469
 116147
 116248
 116290
 116326
 116354
 116541
 116657
 116685
 116699
 116776
 116815
 116923
 117063
 117204
 117360
 117395
 117455
 117455
 117467
 117486
 117503
 117614
 117647
 117755
 117836
 117886
 118005
 118064
 118261
 118448
 118468
 118705
 118772
 119047
 119114
 119152
 119266
 119350
 119465
 119503
 119567
 119568
 119631
 119775
 119918
 120004
 120130
 120171
 120258
 120423
 120488
 120552
 120554
 120715
 120898
 121025
 121208
 121234
 121358
 121427
 121601
 121646
 121669
 121890
 122241
 122257
 122365
 122399
 122442
 122508
 122632
 122804
 122821
 122883
 122969
 123036
 123089
 123135
 123182
 123212
 123250
 123306
 123345
 123526
 123796
 123821
 123931
 124027
 124032
 124094
 124148
 124215
 124279
 124523
 124550
 124573
 124620
 124784
 124955
 124965
 125000
 125006
 125018
 125368
 125453
 125674
 125760
 125920
 125956
 126005
 126046
 126213
 126289
 126588
 126678
 126774
 126847
 126939
 127316
 127366
 127412
 127491
 127637
 127745
 127838
 127906
 128055
 128061
 128096
 128319
 128368
 128421
 128491
 128501
 128649
 128655
 129182
 129343
 129424
 129448
 129476
 130017
 130018
 130101
 130192
 130224
 130510
 130520
 130580
 130690
 131112
 131131
 131305
 131312
 131344
 131386
 131647
 131687
 131730
 132077
 132156
 132173
 132443
 132758
 132841
 132866
 132879
 132898
 132915
 132964
 133063
 133364
 133649
 134013
 134073
 134230
 134769
 134939
 134995
 135119
 135170
 135261
 135338
 135406
 135457
 135485
 135499
 135546
 135579
 135614
 135619
 135632
 135899
 136111
 136288
 136297
 136454
 136634
 136820
 136836
 137053
 137109
 137230
 137309
 137499
 137573
 137580
 137707
 137863
 137977
 138110
 138268
 138305
 138384
 138637
 138670
 138728
 139099
 139265
 139315
 139416
 139473
 139577
 139594
 139603
 139667
 139691
 139698
 139837
 139977
 139978
 140184
 140195
 140415
 140454
 140518
 140568
 140705
 140751
 140969
 141029
 141030
 141138
 141438
 141487
 141548
 141858
 142055
 142120
 142205
 142397
 142472
 142525
 142675
 142782
 142925
 143116
 143141
 143159
 143372
 143649
 143661
 143702
 143720
 143792
 143858
 144060
 144123
 144150
 144181
 144247
 144560
 144807
 144980
 145168
 145216
 145262
 145318
 145468
 145789
 146013
 146043
 146048
 146249
 146319
 146423
 146555
 146556
 146586
 146968
 146992
 147058
 147085
 147208
 147217
 147261
 147295
 147379
 147401
 147450
 147532
 147607
 148569
 148702
 149153
 149324
 149332
 149370
 149415
 149518
 149635
 149856
 150150
 150528
 150635
 150669
 151122
 151126
 151336
 151356
 151589
 151724
 151837
 151967
 152001
 152229
 152332
 152570
 152641
 152650
 152835
 152937
 152974
 153043
 153044
 153102
 153163
 153185
 153335
 153402
 153427
 153489
 153579
 153766
 153840
 154079
 154248
 154347
 154437
 154520
 154545
 154629
 154768
 154916
 154986
 154996
 155046
 155062
 155172
 155476
 155497
 155598
 155647
 155694
 155732
 155847
 156134
 156216
 156449
 156457
 156532
 156644
 156668
 156963
 157046
 157209
 157249
 157522
 157535
 157800
 157863
 157865
 157866
 158072
 158112
 158186
 158280
 158323
 158643
 158657
 158683
 158701
 158850
 158924
 158975
 159208
 159327
 159511
 159758
 159864
 159918
 159936
 160112
 160343
 160475
 160476
 160620
 160642
 160682
 160728
 160771
 160838
 160957
 161046
 161091
 161101
 161135
 161301
 161362
 161381
 161408
 161742
 161825
 162039
 162149
 162192
 162287
 162640
 162822
 163230
 163283
 163342
 163452
 163474
 163573
 163744
 163883
 163963
 163969
 164119
 164192
 164239
 164390
 164396
 164441
 164454
 164593
 164616
 164835
 164983
 164992
 165095
 165272
 165335
 165426
 165447
 165688
 165991
 166028
 166037
 166047
 166185
 166203
 166234
 166246
 166265
 166477
 166666
 166686
 166813
 166835
 166956
 166971
 166992
 167056
 167076
 167151
 167152
 167223
 167254
 167468
 167469
 167479
 167803
 167875
 168049
 168053
 168075
 168136
 168266
 168543
 168620
 168632
 168670
 168799
 168873
 168940
 169064
 169548
 169555
 169577
 169642
 169731
 169895
 169966
 169981
 169982
 170043
 170046
 170139
 170383
 170451
 170485
 170568
 170626
 170691
 170720
 170820
 170854
 170885
 170900
 170915
 170961
 171063
 171063
 171207
 171232
 171320
 171361
 171393
 171428
 171485
 171861
 171892
 171899
 171932
 171978
 171994
 172069
 172221
 172278
 172447
 172655
 172683
 172768
 172882
 173004
 173021
 173212
 173228
 173228
 173251
 173364
 173387
 173446
 173446
 173476
 173699
 173745
 173919
 174031
 174068
 174152
 174178
 174262
 174273
 174325
 174460
 174519
 174622
 174755
 175209
 175243
 175409
 175488
 175649
 175681
 175733
 176023
 176230
 176326
 176329
 176373
 176385
 176397
 176510
 177054
 177124
 177555
 177557
 177661
 177683
 177700
 177794
 177809
 177817
 177831
 178060
 178163
 178177
 178206
 178253
 178481
 178541
 178565
 178587
 178613
 178756
 178833
 178884
 178954
 179046
 179183
 179230
 179388
 179454
 179458
 179519
 179836
 179859
 179935
 180158
 180566
 180726
 181006
 181303
 181305
 181339
 181428
 181528
 181579
 181638
 181662
 181717
 181734
 181818
 182147
 182171
 182224
 182240
 182348
 182404
 182428
 182569
 182678
 182792
 182821
 182920
 183002
 183055
 183071
 183107
 183212
 183389
 183510
 183533
 183631
 183743
 183771
 183804
 183953
 183955
 183976
 184162
 184332
 184466
 184470
 185005
 185107
 185208
 185208
 185277
 185282
 185472
 185615
 185699
 185746
 186069
 186417
 186420
 186609
 186694
 186697
 187024
 187110
 187116
 187495
 187584
 187648
 187725
 187751
 187836
 187842
 187843
 188049
 188387
 188465
 188565
 188888
 189008
 189071
 189195
 189258
 189313
 189472
 189691
 189701
 189759
 189886
 189991
 190012
 190021
 190402
 190525
 190539
 190647
 190698
 191035
 191057
 191085
 191282
 191338
 191343
 191504
 191529
 191606
 191854
 192113
 192261
 192348
 192398
 192525
 192768
 192779
 192797
 193111
 193226
 193273
 193347
 193368
 193451
 193548
 193774
 193794
 193860
 194009
 194009
 194157
 194180
 194207
 194229
 194338
 194347
 194348
 194537
 194670
 194882
 195055
 195238
 195680
 195684
 195876
 195968
 196089
 196449
 196506
 196528
 196647
 196699
 197012
 197025
 197054
 197213
 197231
 197321
 197521
 197653
 197707
 197710
 197722
 197990
 198007
 198040
 198166
 198221
 198373
 198438
 198481
 198495
 198717
 198924
 199063
 199100
 199101
 199113
 199139
 199184
 199255
 199311
 199315
 199403
 199460
 199479
 199646
 199751
 199848
 199934
 199947
 200021
 200040
 200129
 200146
 200255
 200270
 200359
 200459
 200645
 200689
 200719
 201001
 201183
 201298
 201383
 201421
 201517
 201624
 201702
 201918
 202548
 202633
 202668
 202811
 202992
 203072
 203130
 203153
 203199
 203386
 203440
 203476
 203647
 203792
 203894
 203903
 203984
 204020
 204194
 204202
 204796
 205250
 205392
 205402
 205537
 205703
 205914
 205931
 205970
 205976
 206201
 206297
 206349
 206370
 206411
 206667
 206829
 206831
 207064
 207187
 207194
 207239
 207476
 207741
 207757
 207795
 207803
 207850
 208045
 208053
 208190
 208256
 208549
 208607
 208615
 208687
 209052
 209086
 209176
 209522
 209780
 209856
 209876
 209931
 209932
 209956
 210046
 210122
 210229
 210242
 210374
 210529
 210601
 210656
 210735
 210889
 210898
 210926
 211355
 211406
 211462
 211515
 211665
 211686
 211737
 212111
 212312
 212363
 212492
 212606
 212655
 212765
 212773
 212857
 212909
 212928
 213077
 213080
 213089
 213311
 213405
 213799
 213806
 213821
 213894
 213986
 214028
 214283
 214316
 214424
 214477
 214598
 214655
 214775
 214909
 214927
 214931
 215028
 215137
 215464
 215517
 215635
 216129
 216375
 216417
 216417
 216585
 216719
 216737
 216843
 216910
 216917
 216940
 216945
 217114
 217235
 217304
 217403
 217410
 217457
 217800
 217965
 218112
 218125
 218146
 218158
 218272
 218533
 218533
 218577
 218586
 218643
 218840
 218844
 218915
 219024
 219037
 219113
 219148
 219274
 219322
 219334
 219412
 219424
 219708
 219815
 219878
 219915
 220163
 220382
 220409
 220519
 220800
 220951
 220957
 221172
 221274
 221543
 221577
 221672
 221698
 221739
 221892
 222036
 222079
 222190
 222456
 222555
 222574
 222586
 222717
 222721
 222796
 222831
 222848
 223068
 223071
 223106
 223183
 223514
 223598
 223741
 223760
 224009
 224052
 224064
 224111
 224120
 224338
 224373
 224587
 225002
 225120
 225126
 225133
 225158
 225201
 225208
 225251
 225413
 225423
 225648
 225656
 225680
 225726
 225739
 225750
 225798
 225809
 225869
 225872
 225927
 225948
 226015
 226058
 226084
 226175
 226190
 226305
 226560
 226940
 226965
 227059
 227156
 227219
 227331
 227440
 227499
 227665
 227690
 227850
 228100
 228158
 228181
 228230
 228289
 228414
 228470
 228556
 228589
 228601
 228617
 228650
 229259
 229314
 229323
 229404
 229736
 229775
 229817
 230038
 230046
 230070
 230089
 230120
 230204
 230360
 230450
 230621
 230971
 231000
 231059
 231081
 231308
 231360
 231363
 231503
 231749
 231813
 231917
 231927
 231999
 232051
 232268
 232365
 232383
 232396
 232663
 232828
 232919
 232939
 233065
 233067
 233201
 233299
 233515
 233661
 233808
 233934
 233965
 233967
 234060
 234155
 234322
 234580
 234592
 234617
 234653
 234734
 234817
 234947
 235004
 235077
 235157
 235610
 235919
 235955
 236180
 236206
 236246
 236460
 236575
 236652
 236660
 236682
 236716
 236850
 236862
 237008
 237083
 237321
 237365
 237428
 237617
 237623
 237737
 238021
 238095
 238115
 238243
 238512
 238639
 238727
 238770
 238771
 238834
 238858
 238955
 238983
 239051
 239079
 239089
 239130
 239132
 239448
 239469
 239472
 239477
 239557
 239571
 239612
 239652
 239752
 239794
 239854
 239884
 240000
 240144
 240317
 240588
 240685
 240701
 240711
 240731
 240747
 240831
 240864
 240894
 241046
 241072
 241496
 241536
 241645
 241773
 241842
 241929
 242096
 242145
 242215
 242236
 242313
 242431
 242433
 242568
 242902
 242978
 243154
 243499
 243569
 243741
 243940
 243959
 244085
 244141
 244201
 244399
 244803
 244824
 244897
 245167
 245225
 245253
 245607
 245625
 245634
 245637
 245706
 245780
 245989
 246060
 246294
 246310
 246347
 246375
 246456
 246612
 246655
 246788
 246806
 246989
 247062
 247145
 247430
 247539
 247582
 247685
 247730
 247838
 247970
 248056
 248108
 248119
 248295
 248306
 248377
 248577
 248809
 248981
 248992
 249141
 249576
 249700
 249741
 249922
 250000
 250021
 250024
 250056
 250258
 250611
 250673
 251407
 251479
 251498
 251681
 251813
 251823
 251931
 252147
 252187
 252280
 252496
 252659
 252688
 252914
 252957
 253080
 253420
 253427
 253506
 253539
 253672
 253869
 253913
 253953
 254021
 254130
 254271
 254410
 254421
 254517
 254612
 254625
 254727
 254829
 254849
 254858
 254901
 254985
 255244
 255341
 255373
 255524
 255555
 255707
 255720
 255741
 255778
 255937
 256032
 256128
 256178
 256286
 256534
 256670
 256695
 256695
 256770
 256880
 256917
 256952
 256993
 257023
 257040
 257054
 257102
 257135
 257276
 257295
 257377
 257417
 257479
 257500
 257511
 257516
 257550
 257651
 257717
 258078
 258122
 258124
 258397
 258400
 258410
 258574
 258711
 258745
 258814
 258953
 259328
 259377
 259419
 259515
 259536
 259590
 259593
 259627
 259675
 259702
 259805
 259821
 259887
 259928
 259999
 260200
 260219
 260347
 260505
 260644
 260649
 260651
 260653
 260978
 261011
 261014
 261174
 261247
 261290
 261422
 261504
 261525
 261775
 261832
 261935
 262056
 262089
 262109
 262135
 262137
 262146
 262242
 262376
 262429
 262497
 262514
 262514
 262527
 262751
 262952
 263080
 263092
 263220
 263255
 263322
 263635
 263636
 263742
 263755
 263782
 263811
 263844
 263874
 264208
 264464
 264518
 264544
 264634
 264636
 264705
 264806
 264839
 264847
 264927
 264982
 265047
 265048
 265144
 265172
 265289
 265294
 265369
 265465
 265504
 265534
 265692
 265768
 265813
 265846
 265910
 265949
 265972
 265975
 266022
 266158
 266197
 266343
 266399
 266437
 266508
 266535
 266760
 266951
 267073
 267186
 267191
 267296
 267396
 267543
 267597
 267975
 268104
 268170
 268183
 268193
 268224
 268503
 268508
 268791
 268820
 268848
 268974
 269064
 269067
 269156
 269241
 269368
 269368
 269402
 269486
 269639
 270075
 270103
 270226
 270252
 270349
 270467
 270475
 270491
 270623
 270831
 270992
 271133
 271232
 271317
 271323
 271526
 271587
 271601
 271694
 271849
 271919
 272019
 272028
 272258
 272384
 272459
 272469
 272531
 272626
 272668
 272727
 272807
 272978
 273006
 273016
 273224
 273380
 273381
 273519
 273676
 273740
 273873
 273972
 274089
 274234
 274234
 274324
 274401
 274556
 274617
 274819
 274956
 274993
 275005
 275202
 275204
 275245
 275531
 275569
 275603
 275852
 276000
 276138
 276167
 276269
 276396
 276514
 276545
 276559
 276621
 276716
 276843
 276880
 276983
 277004
 277037
 277168
 277196
 277426
 277450
 277521
 277912
 277967
 278017
 278057
 278083
 278106
 278159
 278348
 278421
 278440
 278640
 278677
 278882
 279036
 279230
 279400
 279459
 279520
 279686
 279819
 279908
 279913
 280014
 280042
 280100
 280130
 280293
 280312
 280319
 280334
 280419
 280505
 280730
 280845
 280991
 281102
 281105
 281229
 281299
 281332
 281332
 281497
 281693
 282117
 282159
 282168
 282169
 282183
 282241
 282310
 282344
 282415
 282511
 282663
 282701
 282714
 282770
 282779
 282919
 283104
 283241
 283419
 283464
 283569
 283579
 283609
 283863
 283887
 283929
 283937
 284484
 284696
 284829
 284902
 285022
 285032
 285087
 285214
 285225
 285274
 285595
 285847
 285966
 286052
 286060
 286150
 286157
 286372
 286435
 286532
 286689
 286757
 286774
 286979
 286982
 287152
 287186
 287352
 287433
 287502
 287519
 287640
 287644
 287729
 287739
 288280
 288331
 288553
 288674
 288882
 288925
 289053
 289057
 289093
 289174
 289297
 289469
 289617
 289780
 289935
 290116
 290181
 290274
 290279
 290384
 290491
 290493
 290511
 290649
 290666
 290778
 290807
 290815
 290886
 291022
 291096
 291255
 291369
 291538
 291840
 292193
 292264
 292266
 292468
 292568
 292593
 292640
 292768
 293127
 293129
 293170
 293237
 293297
 293315
 293356
 293474
 293785
 293851
 293865
 293892
 293899
 293991
 294152
 294210
 294339
 294372
 294501
 294596
 294694
 294836
 294966
 295253
 295295
 295656
 295873
 295873
 295892
 296468
 296554
 296566
 296574
 296583
 296598
 296837
 296902
 297108
 297172
 297179
 297292
 297297
 297356
 297552
 297634
 297706
 297721
 298105
 298306
 298338
 298411
 298701
 298759
 298760
 298843
 298864
 298942
 298946
 298976
 299163
 299291
 299406
 299516
 299536
 299600
 299619
 299643
 299645
 299741
 299759
 299787
 299833
 299937
 299981
 299999
 300000
 300000
 300000
 300173
 300380
 300417
 300475
 300577
 300785
 301045
 301105
 301158
 301324
 301535
 301793
 301930
 301973
 302006
 302036
 302416
 302493
 302596
 302691
 302727
 302867
 302909
 302918
 302955
 303077
 303100
 303176
 303205
 303276
 303636
 303638
 303685
 303706
 303709
 303766
 303851
 303868
 303914
 304149
 304203
 304235
 304244
 304323
 304428
 304511
 304592
 304810
 304964
 305051
 305063
 305150
 305231
 305810
 305821
 305867
 306216
 306228
 306401
 306446
 306513
 306557
 306592
 306676
 306690
 306841
 306860
 306938
 306982
 307038
 307068
 307244
 307336
 307339
 307476
 307688
 307689
 307692
 307909
 308128
 308164
 308255
 308302
 308436
 308489
 308670
 308708
 308751
 308808
 308823
 308843
 308870
 309187
 309203
 309346
 309348
 309409
 309436
 309586
 309808
 309829
 309955
 310137
 310344
 310455
 310565
 310877
 311034
 311244
 311606
 311768
 311792
 311804
 311807
 311924
 312157
 312171
 312211
 312216
 312220
 312266
 312314
 312363
 312426
 312482
 312518
 312593
 312983
 313005
 313725
 313799
 313955
 313965
 314182
 314236
 314244
 314280
 314323
 314427
 314471
 314620
 314674
 314851
 314852
 314917
 315223
 315492
 315541
 315571
 315717
 316062
 316093
 316172
 316235
 316458
 316536
 316670
 316770
 316793
 316947
 316975
 317180
 317653
 317666
 317702
 317743
 317865
 317967
 318181
 318244
 318337
 318381
 318430
 318456
 318510
 318681
 318789
 318814
 318823
 319047
 319084
 319125
 319324
 319528
 319595
 319709
 319873
 320133
 320435
 320524
 320548
 320610
 320655
 320817
 320909
 320936
 320946
 321151
 321247
 321330
 321378
 321462
 321472
 321486
 321592
 321674
 321839
 321843
 321843
 322092
 322222
 322226
 322399
 322459
 322582
 322612
 322631
 322678
 322771
 322840
 322989
 323256
 323315
 323405
 323453
 323491
 323529
 323681
 323700
 323716
 324193
 324516
 324544
 324607
 324854
 325141
 325171
 325196
 325333
 325344
 325452
 325621
 325624
 325702
 325717
 325780
 325786
 325809
 325856
 326047
 326086
 326305
 326526
 326645
 326940
 327016
 327027
 327210
 327237
 327278
 327572
 327586
 327636
 327661
 327678
 327708
 327715
 327918
 328118
 328125
 328249
 328341
 328341
 328351
 328458
 328467
 328468
 328480
 328486
 328489
 328541
 328631
 328866
 328873
 328931
 329193
 329202
 329218
 329306
 329380
 329383
 329403
 329449
 329503
 329552
 329709
 329723
 329894
 330005
 330043
 330223
 330308
 330478
 330516
 330552
 330786
 330866
 330927
 330960
 331047
 331105
 331121
 331127
 331479
 331687
 331757
 331775
 331783
 331910
 332219
 332222
 332504
 332514
 332556
 332630
 332637
 332860
 332873
 332986
 333057
 333062
 333065
 333322
 333333
 333333
 333484
 333513
 333713
 333719
 333947
 334010
 334062
 334065
 334459
 334526
 334583
 334609
 334788
 334836
 334900
 334904
 334951
 335118
 335134
 335285
 335315
 335650
 335681
 335682
 335804
 335873
 335919
 335964
 336054
 336119
 336156
 336398
 336543
 336641
 336890
 337010
 337084
 337289
 337292
 337314
 337444
 337471
 337903
 337920
 337932
 338380
 338499
 338526
 338541
 338667
 338686
 338846
 338877
 338920
 338921
 339108
 339160
 339274
 339340
 339376
 339464
 339539
 339542
 339548
 339604
 339716
 339757
 339818
 339890
 339931
 340005
 340049
 340106
 340155
 340211
 340230
 340319
 340501
 340579
 340632
 340707
 340943
 340967
 341359
 341428
 341428
 341478
 341489
 341513
 341604
 341637
 341666
 341687
 341836
 341954
 342042
 342357
 342449
 342510
 342563
 342710
 342710
 342797
 342857
 342957
 343240
 343332
 343417
 343743
 343750
 343997
 344110
 344138
 344232
 344383
 344404
 344425
 344497
 344677
 344775
 344938
 344948
 345091
 345101
 345164
 345235
 345420
 345552
 345881
 345914
 345969
 346051
 346113
 346121
 346153
 346182
 346241
 346246
 346302
 346430
 346714
 346744
 346787
 346876
 347079
 347122
 347162
 347328
 347526
 347608
 347616
 347617
 348033
 348131
 348170
 348264
 348337
 348494
 348518
 348523
 348876
 349010
 349021
 349089
 349111
 349146
 349375
 349395
 349491
 349569
 349619
 349999
 350041
 350076
 350112
 350286
 350309
 350423
 350524
 350994
 350995
 351005
 351141
 351225
 351274
 351277
 351590
 351612
 351822
 351920
 352014
 352133
 352270
 352320
 352509
 352547
 352561
 352619
 352842
 352941
 352941
 352941
 352967
 353027
 353299
 353473
 353710
 353762
 353914
 353961
 354151
 354277
 354320
 354346
 354549
 354687
 354792
 354936
 355045
 355263
 355488
 355746
 355818
 355903
 355918
 356004
 356101
 356459
 356640
 356694
 356828
 356940
 356942
 357051
 357070
 357107
 357128
 357267
 357331
 357353
 357603
 357647
 357720
 357769
 357779
 357789
 357918
 357960
 357997
 358127
 358248
 358336
 358534
 358572
 358613
 358614
 358631
 358700
 358791
 358932
 359011
 359156
 359164
 359176
 359187
 359189
 359268
 359577
 359609
 359622
 359715
 359718
 359733
 360147
 360188
 360299
 360307
 360404
 360553
 360831
 360888
 360953
 360985
 361190
 361458
 361475
 361665
 361719
 361838
 361921
 361925
 361990
 362089
 362146
 362194
 362220
 362259
 362271
 362346
 362376
 362495
 362515
 362519
 362745
 362825
 362868
 362912
 362920
 362928
 362992
 363056
 363061
 363140
 363205
 363225
 363563
 363811
 363838
 363848
 363903
 364099
 364197
 364231
 364298
 364358
 364442
 364689
 364721
 364810
 364862
 364970
 365060
 365291
 365393
 365411
 365464
 365502
 365543
 365584
 365684
 365767
 365959
 366347
 366878
 366904
 366912
 366967
 367041
 367081
 367092
 367096
 367415
 367534
 367751
 367845
 367848
 367888
 367906
 368060
 368273
 368278
 368317
 368613
 368622
 368627
 368696
 368726
 368832
 369029
 369096
 369222
 369262
 369276
 369414
 369570
 369580
 369590
 369767
 369957
 370086
 370131
 370264
 370632
 370816
 370952
 371168
 371703
 371760
 371825
 371998
 372068
 372167
 372242
 372270
 372387
 372448
 372469
 372595
 372614
 372631
 372731
 372734
 372818
 372921
 372930
 372981
 373015
 373075
 373082
 373158
 373360
 373649
 373678
 373705
 373732
 373783
 373864
 373958
 374216
 374218
 374299
 374335
 374453
 374483
 374493
 374518
 374932
 375000
 375041
 375100
 375111
 375206
 375295
 375322
 375359
 375427
 375629
 375769
 375801
 375846
 375884
 375957
 375983
 376220
 376271
 376369
 376549
 376697
 376697
 376712
 376745
 376807
 376847
 376884
 376908
 377006
 377205
 377245
 377281
 377365
 377666
 377726
 377894
 377964
 378032
 378065
 378290
 378549
 378568
 378643
 378716
 378983
 379056
 379200
 379247
 379259
 379489
 379835
 380000
 380035
 380113
 380288
 380301
 380380
 380454
 380683
 380700
 380748
 380790
 381004
 381015
 381025
 381029
 381099
 381176
 381662
 381753
 381787
 382395
 382414
 382430
 382597
 382820
 382860
 382984
 383015
 383061
 383091
 383136
 383207
 383335
 383419
 383771
 384036
 384053
 384240
 384309
 384466
 384524
 384569
 384615
 384714
 384796
 384967
 385073
 385136
 385209
 385237
 385615
 385824
 385867
 386002
 386276
 386989
 387062
 387103
 387256
 387321
 387331
 387492
 387510
 387538
 387593
 387746
 387756
 387784
 387856
 387895
 387947
 388055
 388201
 388216
 388262
 388320
 388320
 388329
 388345
 388390
 388535
 388638
 388662
 388712
 388754
 388762
 388949
 389137
 389166
 389484
 389535
 389732
 389792
 389953
 390035
 390117
 390161
 390251
 390288
 390323
 390793
 390862
 390974
 391126
 391161
 391610
 391649
 391721
 391813
 391886
 391916
 392226
 392274
 392358
 392387
 392663
 392682
 392862
 392947
 393038
 393064
 393101
 393175
 393229
 393282
 393327
 393396
 393995
 394047
 394119
 394144
 394237
 394237
 394317
 394338
 394661
 394736
 394823
 394973
 394996
 395348
 395462
 395506
 395562
 395633
 395701
 395805
 395818
 395818
 395840
 395843
 395868
 395939
 396003
 396078
 396129
 396248
 396326
 396342
 396348
 396626
 396689
 396703
 396741
 396755
 396835
 396932
 397046
 397049
 397305
 397449
 397590
 397590
 397593
 397632
 397814
 397959
 397961
 398050
 398171
 398280
 398484
 398555
 398760
 398848
 398873
 398899
 398915
 399071
 399098
 399100
 399139
 399147
 399157
 399483
 399510
 399611
 399675
 399806
 399879
 399942
 399999
 399999
 400000
 400065
 400191
 400285
 400404
 400446
 400458
 400461
 400550
 400735
 400737
 400810
 400820
 400826
 400844
 400854
 400877
 400959
 401044
 401131
 401175
 401416
 401431
 401515
 401531
 401602
 401619
 401657
 401720
 401763
 401816
 401896
 402132
 402394
 402600
 402753
 402883
 402948
 402961
 403330
 403379
 403406
 403663
 403671
 404104
 404293
 404553
 404578
 404654
 404658
 404746
 404757
 404761
 404914
 405109
 405114
 405236
 405530
 405690
 405854
 405890
 405930
 405959
 405990
 406407
 406495
 406576
 406636
 406887
 406976
 407202
 407366
 407370
 407421
 407422
 407424
 407450
 407561
 407760
 408088
 408130
 408221
 408305
 408674
 408749
 408849
 408871
 409298
 409692
 409801
 410287
 410336
 410545
 410547
 410584
 410652
 410989
 411001
 411220
 411326
 411382
 411382
 411411
 411433
 411488
 411547
 411634
 411758
 411772
 411816
 411883
 411931
 412042
 412179
 412342
 412445
 412480
 412524
 412793
 412868
 412944
 413111
 413134
 413172
 413327
 413433
 413497
 413592
 413627
 413833
 414039
 414174
 414399
 414800
 414840
 414843
 414896
 414949
 414980
 414985
 415207
 415207
 415463
 415515
 415555
 415641
 415641
 415776
 415814
 415969
 416034
 416125
 416162
 416182
 416199
 416204
 416222
 416254
 416643
 416842
 416864
 416991
 417055
 417159
 417180
 417191
 417191
 417330
 417502
 417588
 417797
 417849
 417918
 417965
 418028
 418040
 418146
 418183
 418294
 418360
 418395
 418440
 418645
 418735
 418811
 418918
 418958
 419043
 419194
 419197
 419206
 419654
 419780
 419874
 420144
 420343
 420422
 420490
 420613
 420773
 420877
 420902
 421247
 421400
 421553
 421808
 421847
 422097
 422099
 422169
 422178
 422186
 422297
 422415
 422501
 422637
 422692
 422698
 422824
 422882
 422885
 422958
 422996
 423074
 423094
 423587
 423682
 424006
 424059
 424089
 424256
 424308
 424376
 424530
 424834
 424942
 425009
 425077
 425172
 425200
 425200
 425324
 425438
 425441
 425596
 425613
 425641
 425651
 425694
 425713
 425790
 426209
 426234
 426238
 426319
 426382
 426467
 426509
 426542
 426556
 426631
 426703
 426708
 426731
 426778
 426829
 427194
 427201
 427470
 427498
 427575
 427770
 427787
 427918
 427988
 428135
 428521
 428533
 428571
 428708
 428711
 428728
 428791
 428798
 428905
 429171
 429278
 429403
 429513
 429561
 429840
 429843
 429855
 430023
 430040
 430138
 430181
 430236
 430402
 430516
 430803
 430904
 430974
 431053
 431058
 431483
 431639
 431651
 431665
 431707
 431771
 431827
 431880
 432162
 432281
 432287
 432313
 432446
 432509
 432534
 432546
 432595
 432835
 432835
 432942
 432952
 432960
 433033
 433085
 433145
 433231
 433273
 433315
 433333
 433333
 433458
 433566
 433582
 433595
 433748
 433751
 433969
 434039
 434130
 434136
 434162
 434535
 434599
 434785
 434889
 435037
 435211
 435359
 435528
 435623
 435698
 435701
 435747
 435944
 436175
 436255
 436406
 436513
 436552
 436593
 436637
 436663
 436834
 436997
 437023
 437078
 437261
 437275
 437451
 437597
 437709
 437717
 437752
 437797
 437818
 437974
 438022
 438060
 438228
 438266
 438376
 438492
 438535
 438609
 438692
 438754
 438800
 438822
 438876
 438966
 439140
 439494
 439521
 439631
 439657
 439774
 440066
 440497
 440557
 440655
 440656
 440693
 440790
 440839
 440890
 441221
 441307
 441378
 441529
 441624
 441748
 442022
 442127
 442212
 442410
 442509
 442565
 442787
 442803
 442865
 443440
 443478
 443589
 443670
 443683
 443692
 443838
 443912
 443995
 444034
 444066
 444134
 444190
 444635
 444643
 444799
 444977
 445159
 445190
 445214
 445230
 445256
 445631
 445879
 445887
 446014
 446076
 446201
 446611
 446648
 446715
 446837
 446915
 447108
 447130
 447355
 447368
 447453
 447496
 447513
 447544
 447593
 447679
 447761
 447852
 447896
 448094
 448275
 448419
 448431
 448514
 448547
 448600
 448711
 448711
 448772
 448978
 448994
 449161
 449288
 449317
 449343
 449414
 449603
 449897
 450157
 450230
 450241
 450406
 450475
 450605
 450629
 450669
 450685
 450731
 450759
 450920
 450945
 450946
 450967
 450971
 451000
 451007
 451092
 451175
 451427
 451435
 451486
 451552
 451597
 451621
 451672
 452013
 452320
 452355
 452380
 452396
 452430
 452543
 452582
 452751
 452834
 452834
 453285
 453576
 453699
 453880
 454012
 454114
 454203
 454250
 454324
 454350
 454358
 454413
 454464
 454775
 454838
 454838
 454936
 454966
 454983
 455134
 455156
 455163
 455215
 455270
 455281
 455294
 455310
 455515
 455710
 455746
 455769
 455957
 456169
 456734
 456743
 456779
 456812
 456873
 457000
 457023
 457149
 457178
 457488
 457563
 457644
 457737
 457754
 457967
 458042
 458168
 458218
 458249
 458360
 458382
 458434
 458483
 458815
 459183
 459215
 459302
 459350
 459391
 459407
 459684
 459833
 459855
 459917
 459950
 460039
 460081
 460251
 460322
 460473
 460620
 460660
 460668
 460742
 460767
 460856
 460862
 460911
 460946
 460951
 461223
 461254
 461286
 461323
 461414
 461417
 461429
 461538
 461551
 461768
 461813
 461895
 461919
 462020
 462058
 462113
 462151
 462473
 462585
 462627
 462693
 462742
 462773
 462788
 462843
 462867
 463136
 463177
 463201
 463202
 463266
 463620
 463667
 463754
 463864
 464070
 464203
 464217
 464349
 464429
 464465
 464582
 464613
 464768
 464827
 464846
 464880
 464998
 465025
 465050
 465119
 465137
 465266
 465286
 465428
 465445
 465488
 465651
 465865
 466061
 466165
 466448
 466494
 466496
 466526
 466853
 466890
 467029
 467098
 467139
 467154
 467232
 467353
 467367
 467370
 467460
 467475
 467514
 467532
 467684
 467741
 467951
 468007
 468198
 468205
 468220
 468390
 468470
 468519
 468767
 468819
 468824
 468905
 468916
 469023
 469050
 469101
 469143
 469160
 469186
 469268
 469296
 469339
 469470
 469702
 469725
 469817
 469841
 469863
 469987
 470018
 470095
 470246
 470357
 470479
 470518
 470604
 470640
 470685
 470774
 470783
 471217
 471352
 471660
 471736
 471742
 471908
 471987
 471994
 472105
 472150
 472366
 472450
 472480
 472511
 472682
 472807
 472837
 472980
 473117
 473212
 473309
 473338
 473417
 473509
 473601
 473640
 473999
 474078
 474399
 474489
 474570
 474647
 474664
 474700
 474714
 474845
 474904
 474977
 475004
 475044
 475840
 475982
 476000
 476014
 476089
 476261
 476269
 476300
 476385
 476705
 476860
 477259
 477421
 477517
 477550
 477777
 477826
 477827
 477957
 477999
 478111
 478138
 478170
 478330
 478411
 478693
 478717
 478747
 478771
 479076
 479159
 479181
 479241
 479256
 479300
 479352
 479381
 479583
 479640
 479680
 479769
 479807
 479919
 480045
 480100
 480209
 480246
 480344
 480412
 480482
 480520
 480652
 480702
 480733
 480931
 481085
 481353
 481392
 481454
 481556
 481602
 482019
 482093
 482101
 482206
 482566
 482607
 482621
 482662
 482935
 482950
 483112
 483116
 483150
 483318
 483605
 483769
 483844
 483844
 483919
 484075
 484178
 484187
 484247
 484255
 484321
 484399
 484412
 484462
 484621
 484638
 484768
 485163
 485232
 485259
 485416
 485418
 485502
 485611
 485677
 485679
 485959
 486030
 486038
 486042
 486053
 486279
 486352
 486379
 486784
 486803
 486842
 486894
 487041
 487043
 487131
 487138
 487176
 487178
 487455
 487486
 487513
 487522
 487584
 487707
 487863
 488076
 488498
 488500
 488627
 488731
 488772
 489172
 489345
 489446
 489643
 489703
 489753
 489778
 489850
 489991
 490268
 490474
 490517
 490557
 490576
 490576
 490606
 490634
 490665
 490675
 490808
 490859
 491270
 491313
 491432
 491745
 492125
 492153
 492307
 492336
 492342
 492343
 492591
 492592
 492729
 492736
 493367
 493398
 493575
 493640
 493684
 493772
 493894
 493903
 493909
 494070
 494202
 494252
 494452
 494915
 494929
 494969
 495100
 495176
 495227
 495283
 495297
 495496
 495598
 495708
 495799
 495881
 495933
 496177
 496296
 496485
 496903
 496945
 497251
 497263
 497307
 497400
 497423
 497603
 497674
 497685
 497716
 497873
 498070
 498159
 498325
 498623
 498657
 498747
 498829
 498949
 498975
 498991
 498998
 499004
 499041
 499063
 499120
 499126
 499312
 499339
 499434
 499491
 499542
 499617
 499835
 