54
 74
 156
 189
 258
 282
 746
 1029
 1225
 1262
 1302
 1321
 1334
 1340
 1568
 1612
 1661
 1803
 1868
 1955
 2028
 2045
 2074
 2164
 2168
 2205
 2215
 2793
 2803
 3020
 3032
 3086
 3257
 3371
 3443
 3462
 3490
 3577
 3615
 3951
 4079
 4217
 4233
 4299
 4395
 4734
 4782
 4991
 5096
 5148
 5161
 5162
 5175
 5512
 5559
 5570
 5580
 5856
 5923
 6032
 6039
 6155
 6409
 6421
 6633
 6720
 6821
 6928
 6988
 7134
 7181
 7310
 7385
 7447
 7666
 7716
 7909
 7921
 7995
 8087
 8113
 8132
 8409
 8422
 8521
 8715
 8786
 8908
 8910
 8973
 9025
 9073
 9087
 9156
 9202
 9214
 9245
 9341
 9512
 9695
 