0
 69
 73
 104
 157
 205
 259
 297
 598
 600
 715
 848
 905
 966
 1010
 1431
 1526
 1560
 1822
 1833
 1925
 1989
 2000
 2097
 2116
 2158
 2360
 2408
 2422
 2454
 2490
 2837
 2851
 3018
 3124
 3146
 3169
 3183
 3229
 3369
 3371
 3486
 3638
 3698
 3815
 4093
 4192
 4224
 4361
 4554
 4602
 4677
 4804
 4933
 4948
 5078
 5151
 5187
 5228
 5336
 5442
 5517
 5585
 5658
 5987
 6083
 6202
 6316
 6522
 6545
 6595
 6616
 6689
 6826
 7032
 7155
 7307
 7469
 7548
 7575
 7779
 7913
 7980
 8003
 8151
 8278
 8315
 8604
 8680
 8820
 8834
 9001
 9117
 9124
 9130
 9133
 9262
 9390
 9408
 9840
 