0
 23
 321
 766
 1050
 1054
 1115
 1609
 1760
 1768
 1872
 1930
 2007
 2171
 2194
 2402
 2481
 2545
 2765
 2857
 3022
 3024
 3198
 3252
 3529
 3843
 3870
 3904
 4078
 4187
 4239
 4325
 4610
 4627
 4664
 4709
 4769
 4855
 5038
 5346
 5387
 5491
 5519
 5713
 5755
 5839
 5865
 5941
 6260
 6327
 6384
 6872
 6880
 6944
 7033
 7047
 7086
 7395
 7499
 7642
 7822
 7841
 7848
 7889
 7895
 8383
 8385
 8390
 8548
 8724
 8799
 8818
 8928
 9026
 9093
 9144
 9181
 9189
 9209
 9225
 9406
 9586
 9599
 10041
 10049
 10098
 10106
 10298
 10299
 10316
 10475
 10881
 10976
 11154
 11161
 11168
 11263
 11283
 11637
 11804
 11878
 11880
 11921
 11926
 12019
 12178
 12267
 12327
 12363
 12371
 12418
 12453
 12571
 12596
 12716
 12729
 12805
 13145
 13271
 13473
 13528
 13699
 13754
 13937
 14077
 14275
 14384
 14408
 14419
 14427
 14437
 14492
 14659
 14727
 14821
 14862
 14973
 15198
 15260
 15280
 15294
 15336
 15368
 15659
 15918
 16117
 16265
 16333
 16533
 16615
 16677
 16683
 16748
 16752
 16811
 16969
 17105
 17150
 17322
 17356
 17541
 17673
 17718
 18030
 18038
 18071
 18112
 18761
 18789
 18816
 18939
 19114
 19185
 19357
 19521
 19584
 19655
 19660
 19842
 19920
 20055
 20200
 20348
 20352
 20391
 20640
 20790
 20833
 20983
 21077
 21171
 21192
 21355
 21393
 21612
 21779
 21797
 21862
 21876
 21891
 21899
 21974
 22093
 22138
 22163
 22262
 22665
 22753
 22920
 23059
 23220
 23335
 23398
 23534
 23547
 23650
 23656
 23719
 23777
 23928
 24168
 24325
 24337
 24467
 24564
 24844
 24863
 24946
 24980
 25285
 25291
 25300
 25519
 25736
 25794
 25895
 25991
 26046
 26060
 26302
 26509
 26599
 26635
 26645
 26673
 26780
 26851
 26886
 26988
 27018
 27027
 27098
 27118
 27147
 27148
 27152
 27292
 27329
 27450
 27556
 27562
 27578
 27735
 27926
 27998
 28032
 28290
 28368
 28487
 28514
 28547
 28580
 28660
 28666
 28800
 28833
 29147
 29190
 29247
 29362
 29439
 29490
 29751
 29849
 29943
 29999
 30030
 30120
 30137
 30227
 30336
 30374
 30456
 30633
 30644
 30706
 30741
 30852
 31026
 31145
 31250
 31340
 31482
 31500
 31557
 31573
 31788
 31914
 32160
 32351
 32540
 32553
 32682
 32723
 32805
 32808
 32831
 32977
 33099
 33265
 33336
 33490
 33545
 33598
 33599
 33703
 33771
 33880
 33898
 34132
 34199
 34321
 34340
 34515
 34551
 34634
 34655
 34701
 34724
 34815
 34991
 35171
 35269
 35864
 35952
 36138
 36219
 36319
 36347
 36485
 36581
 36926
 36971
 37053
 37122
 37349
 37461
 37569
 37579
 37714
 37778
 37791
 37957
 37974
 38124
 38461
 38550
 38825
 38981
 39025
 39294
 39372
 39670
 39677
 39769
 39898
 39921
 39949
 40193
 40419
 40442
 40452
 40473
 40566
 40653
 40690
 40781
 40909
 41179
 41204
 41297
 41411
 41514
 41716
 41955
 42053
 42059
 42108
 42381
 42412
 42427
 42538
 42587
 42670
 42821
 42889
 42960
 43189
 43362
 43437
 43539
 43700
 43754
 43974
 44079
 44162
 44165
 44176
 44188
 44257
 44294
 44401
 44452
 44486
 44588
 44596
 44642
 44916
 44937
 44953
 45054
 45242
 45341
 45428
 45607
 45608
 45703
 45745
 45900
 45967
 46039
 46087
 46101
 46111
 46275
 46334
 46478
 46511
 46581
 47045
 47064
 47087
 47125
 47154
 47239
 47244
 47399
 47451
 47472
 47743
 47804
 47941
 48150
 48214
 48299
 48336
 48434
 48518
 48590
 48829
 49002
 49021
 49025
 49046
 49048
 49099
 49126
 49255
 49261
 49536
 49631
 49644
 49736
 49981
 50025
 50041
 50087
 50156
 50183
 50312
 50359
 50460
 50724
 50793
 51002
 51057
 51327
 51463
 51465
 51487
 51585
 51840
 51852
 51877
 51963
 52030
 52069
 52130
 52176
 52210
 52216
 52220
 52270
 52442
 52670
 52801
 53007
 53033
 53065
 53097
 53173
 53184
 53192
 53200
 53247
 53366
 53548
 53610
 53758
 53829
 54024
 54413
 54426
 54428
 54521
 54554
 54618
 54691
 54717
 54811
 54828
 54871
 54893
 54906
 55058
 55104
 55106
 55115
 55257
 55282
 55297
 55318
 55528
 55604
 55625
 55771
 55798
 56158
 56245
 56318
 56383
 56430
 56460
 56713
 56724
 56867
 57264
 57289
 57329
 57409
 57426
 57917
 57968
 58221
 58448
 58461
 58477
 58501
 58575
 58771
 58793
 58997
 59159
 59216
 59407
 59477
 59553
 59622
 59785
 59835
 59845
 59948
 59960
 60014
 60035
 60047
 60203
 60341
 60374
 60375
 60405
 60422
 60427
 60680
 60845
 60894
 60935
 60943
 60995
 60997
 61004
 61313
 61497
 61506
 61586
 61688
 61710
 61740
 61895
 61916
 61946
 62107
 62153
 62165
 62200
 62283
 62290
 62396
 62418
 62500
 62525
 62624
 62637
 62647
 62648
 62652
 62783
 62894
 63068
 63155
 63231
 63251
 63259
 63304
 63447
 63456
 63483
 63495
 63713
 63815
 63823
 63940
 64044
 64146
 64195
 64467
 64606
 64707
 64871
 64954
 64981
 64982
 64992
 65104
 65161
 65263
 65305
 65315
 65326
 65520
 65610
 65660
 65679
 65688
 65956
 65978
 66014
 66121
 66384
 66586
 66666
 66710
 66795
 66915
 66948
 66967
 66987
 67103
 67394
 67702
 67782
 67860
 67893
 67911
 68052
 68129
 68144
 68273
 68387
 68527
 68534
 68682
 68965
 69143
 69215
 69584
 69688
 70002
 70114
 70321
 70489
 70505
 70668
 70725
 70880
 70939
 70951
 70959
 71011
 71262
 71604
 71612
 71913
 72049
 72152
 72169
 72214
 72272
 72299
 72305
 72450
 72557
 72752
 72974
 72983
 73014
 73167
 73313
 73391
 74048
 74074
 74095
 74257
 74262
 74462
 74533
 74609
 74668
 74815
 74976
 74993
 75031
 75071
 75210
 75237
 75313
 75370
 75396
 75443
 75942
 76104
 76155
 76358
 76371
 76461
 76476
 76532
 76546
 76559
 76640
 76672
 76763
 76774
 76829
 76870
 77106
 77117
 77297
 77419
 77765
 77770
 78348
 78361
 78416
 78570
 78745
 78914
 79496
 79535
 79561
 79645
 79701
 79715
 79761
 80015
 80148
 80290
 80403
 80437
 80442
 80681
 80766
 80960
 81001
 81092
 81192
 81227
 81321
 81596
 81789
 81854
 81911
 81967
 82095
 82163
 82175
 82292
 82353
 82373
 82532
 82751
 82953
 82983
 83156
 83203
 83378
 83471
 83473
 83882
 83903
 83932
 83941
 84015
 84245
 84362
 84452
 84588
 84716
 84742
 84810
 84944
 85008
 85035
 85266
 85296
 85297
 85349
 85350
 85455
 85465
 85490
 85507
 85562
 85657
 85694
 85703
 85741
 85756
 85889
 86097
 86119
 86266
 86286
 86334
 86355
 86664
 86717
 86741
 86801
 86939
 86956
 86997
 87096
 87100
 87140
 87278
 87428
 87434
 87451
 87520
 87641
 87822
 87873
 87878
 88015
 88157
 88305
 88350
 88455
 88502
 88754
 88785
 88808
 88824
 88894
 88978
 88995
 89058
 89277
 89356
 89396
 89677
 89708
 89775
 89783
 89793
 89868
 89898
 89903
 90014
 90153
 90233
 90265
 90289
 90371
 90589
 90669
 91104
 91182
 91252
 91274
 91406
 91800
 91836
 91904
 91913
 92014
 92042
 92065
 92164
 92291
 92312
 92432
 92453
 92536
 92553
 92752
 92848
 92875
 93025
 93072
 93092
 93249
 93265
 93297
 93323
 93482
 93512
 93602
 93616
 93795
 93903
 94105
 94125
 94150
 94193
 94216
 94243
 94292
 94393
 94422
 94497
 94546
 94704
 94709
 94710
 94781
 95076
 95329
 95364
 95373
 95559
 95585
 95641
 95652
 95787
 95879
 96008
 96123
 96193
 96212
 96220
 96467
 96708
 96826
 97032
 97080
 97263
 97461
 97691
 97873
 97912
 98229
 98321
 98361
 98425
 98481
 98515
 98530
 98559
 98627
 98716
 98726
 98734
 99108
 99179
 99223
 99355
 99770
 99784
 99862
 99872
 99893
 99933
 100000
 100067
 100164
 100184
 100209
 100251
 100333
 100340
 100495
 100632
 100695
 100865
 101076
 101274
 101332
 101488
 101673
 101740
 101819
 102040
 102141
 102142
 102217
 102367
 102415
 102567
 102594
 102687
 102699
 102887
 103035
 103126
 103167
 103314
 103512
 103525
 103737
 103949
 104166
 104193
 104239
 104262
 104509
 104751
 104791
 104884
 104905
 104915
 104920
 104957
 105009
 105112
 105192
 105225
 105326
 105406
 105454
 105468
 105760
 105792
 105799
 105802
 105858
 105945
 105946
 106101
 106123
 106216
 106279
 106314
 106382
 106526
 106646
 106766
 106821
 106824
 106846
 106867
 106938
 107257
 107572
 107608
 107699
 107744
 107972
 108004
 108137
 108161
 108178
 108253
 108260
 108737
 108770
 108800
 108808
 108861
 108940
 109170
 109396
 109502
 109958
 109959
 110053
 110055
 110062
 110065
 110108
 110272
 110311
 110326
 110356
 110436
 110624
 110799
 110860
 110974
 111190
 111244
 111320
 111510
 111570
 111700
 111718
 111772
 111810
 111967
 111994
 112000
 112010
 112041
 112128
 112222
 112375
 112578
 112750
 112872
 112881
 113029
 113128
 113195
 113272
 113312
 113378
 113403
 113629
 113682
 113739
 113903
 113950
 114061
 114173
 114202
 114262
 114388
 114396
 114632
 114659
 114973
 114974
 115067
 115226
 115250
 115275
 115356
 115569
 115591
 115647
 115917
 115942
 115992
 116066
 116143
 116193
 116213
 116230
 116592
 116632
 116710
 116719
 116754
 116866
 116888
 116981
 117055
 117481
 117514
 117516
 117542
 117783
 117848
 118066
 118078
 118133
 118143
 118306
 118639
 118755
 118838
 118957
 119105
 119154
 119157
 119165
 119295
 119412
 119615
 119627
 119652
 119704
 119727
 119775
 120164
 120195
 120359
 120553
 120591
 120753
 120779
 120905
 120912
 121177
 121248
 121742
 121778
 121840
 121982
 122000
 122054
 122077
 122377
 122380
 122590
 122651
 122700
 122813
 122853
 122961
 122975
 122993
 123044
 123087
 123345
 123384
 123458
 123513
 123555
 123630
 123848
 123859
 123940
 124017
 124025
 124138
 124445
 124525
 124672
 124711
 124880
 124891
 124926
 124994
 125000
 125035
 125133
 125218
 125383
 125429
 125479
 125620
 125747
 125933
 126107
 126259
 126293
 126359
 126466
 126643
 126661
 126775
 127077
 127115
 127189
 127229
 127332
 127335
 127659
 127698
 127773
 128040
 128175
 128380
 128448
 128464
 128866
 128913
 129020
 129032
 129037
 129206
 129357
 129413
 129426
 129604
 129782
 129836
 129928
 129950
 129985
 129989
 130108
 130133
 130562
 130673
 130810
 131035
 131056
 131113
 131262
 131285
 131304
 131333
 131423
 131539
 131658
 131707
 131749
 131773
 131782
 131810
 131945
 132048
 132057
 132098
 132116
 132217
 132264
 132603
 132816
 132848
 132879
 132911
 132971
 132973
 133081
 133132
 133246
 133449
 133585
 133611
 133701
 133864
 133884
 133887
 133971
 134004
 134030
 134106
 134167
 134176
 134221
 134393
 134411
 134605
 134657
 134831
 134889
 135135
 135191
 135342
 135595
 135623
 135916
 136249
 136517
 136558
 136600
 136885
 136972
 137087
 137657
 137668
 137768
 137815
 137837
 137978
 137996
 138085
 138294
 138337
 138638
 138647
 138680
 138726
 139028
 139047
 139175
 139273
 139290
 139371
 139542
 139745
 139749
 139918
 140263
 140350
 140528
 140649
 140657
 140682
 140718
 140774
 141059
 141124
 141132
 141176
 141216
 141381
 141460
 141501
 141885
 142000
 142360
 142622
 142784
 142806
 142857
 143020
 143127
 143177
 143289
 143458
 143550
 143575
 143640
 144259
 144362
 144370
 144393
 144482
 144569
 144622
 144637
 144701
 144760
 145011
 145128
 145281
 145326
 145335
 145372
 145380
 145423
 145490
 145496
 145533
 145543
 145551
 145603
 145785
 145966
 145978
 145998
 146012
 146153
 146207
 146382
 146596
 146766
 146786
 146946
 146994
 147189
 147199
 147210
 147653
 147684
 147758
 147808
 147924
 147961
 148113
 148213
 148291
 148332
 148523
 148545
 148648
 148905
 149153
 149196
 149211
 149272
 149332
 149570
 149676
 149792
 150027
 150099
 150290
 150375
 150503
 150547
 150759
 150778
 150786
 150793
 150797
 150900
 150990
 151170
 151209
 151363
 151367
 151695
 151916
 151918
 151946
 152124
 152190
 152309
 152331
 152441
 152514
 152770
 152968
 152978
 153162
 153437
 153536
 153546
 153569
 153718
 153793
 153866
 153995
 154024
 154034
 154071
 154088
 154166
 154286
 154297
 154547
 154586
 154675
 154753
 154837
 155144
 155224
 155248
 155284
 155290
 155294
 155405
 155451
 155756
 155822
 156188
 156191
 156205
 156246
 156453
 156678
 156862
 157233
 157273
 157343
 157915
 157945
 158149
 158203
 158234
 158440
 158445
 158446
 158594
 158675
 158730
 158735
 158738
 158803
 158890
 158892
 159184
 159259
 159284
 159329
 159370
 159531
 159541
 159639
 159852
 159866
 160165
 160200
 160378
 160439
 160679
 160889
 161141
 161157
 161186
 161265
 161276
 161361
 161813
 161904
 161990
 162097
 162203
 162225
 162361
 162436
 162470
 162592
 162773
 162928
 162953
 163071
 163105
 163290
 163336
 163346
 163455
 163480
 163612
 163682
 163780
 163962
 164009
 164155
 164294
 164331
 164856
 164886
 164921
 165162
 165267
 165372
 165406
 165572
 165959
 166084
 166236
 166287
 166415
 166624
 166648
 166827
 166921
 167097
 167160
 167213
 167295
 167360
 167398
 167490
 167581
 167644
 167942
 168018
 168264
 168288
 168449
 168512
 168954
 168980
 169057
 169286
 169348
 169366
 169457
 169631
 169634
 169702
 169750
 169771
 169829
 170103
 170114
 170266
 170353
 170400
 170428
 170440
 170445
 170587
 170699
 170849
 170947
 171003
 171024
 171027
 171049
 171090
 171252
 171621
 171641
 171667
 171700
 171834
 171868
 171970
 172031
 172144
 172230
 172307
 172322
 172450
 172546
 172615
 172674
 172747
 172786
 172826
 172895
 173051
 173091
 173148
 173151
 173214
 173218
 173276
 173311
 173328
 173386
 173470
 173978
 174072
 174493
 174579
 174589
 174709
 174765
 175062
 175087
 175095
 175226
 175279
 175301
 175308
 175316
 175348
 175504
 175634
 175869
 176070
 176123
 176308
 176470
 176499
 176593
 176632
 176661
 176818
 176880
 176951
 177199
 177492
 177544
 177596
 177642
 177832
 178013
 178126
 178146
 178199
 178461
 178602
 179260
 179452
 179543
 180016
 180043
 180218
 180257
 180289
 180375
 180449
 180589
 180640
 180643
 180832
 180931
 181304
 181409
 181444
 181715
 181818
 181956
 181975
 182020
 182063
 182110
 182208
 182300
 182616
 182617
 182692
 182709
 183221
 183285
 183447
 183544
 183632
 183902
 183954
 184095
 184137
 184178
 184231
 184239
 184377
 184412
 184461
 184614
 184684
 184766
 184769
 185050
 185056
 185062
 185082
 185501
 185643
 185654
 185679
 185698
 185792
 185794
 185820
 185840
 185924
 185944
 185950
 186090
 186360
 186418
 186696
 186746
 186838
 186990
 186991
 187012
 187108
 187161
 187162
 187289
 187379
 187385
 187518
 187646
 187951
 188017
 188210
 188233
 188369
 188870
 188911
 188989
 189161
 189242
 189413
 189606
 189625
 190012
 190078
 190110
 190176
 190226
 190451
 190510
 190560
 190769
 190771
 190918
 191033
 191111
 191285
 191303
 191323
 191350
 191624
 191635
 191780
 191957
 192360
 192379
 192404
 192410
 192488
 192531
 192602
 192637
 192723
 192857
 193001
 193018
 193152
 193159
 193194
 193247
 193361
 193488
 193509
 193681
 193798
 193858
 193940
 194068
 194137
 194143
 194331
 194434
 194449
 194762
 194826
 194838
 194894
 194946
 195396
 195506
 195815
 195986
 196202
 196497
 196501
 196602
 196626
 196863
 196903
 196940
 196987
 197033
 197091
 197285
 197519
 197674
 197682
 197734
 197738
 197879
 198250
 198251
 198257
 198261
 198430
 198501
 198506
 198552
 198557
 198611
 198699
 198956
 199145
 199224
 199312
 199558
 199596
 199717
 199853
 199884
 200313
 200579
 200628
 200787
 200840
 201138
 201181
 201265
 201538
 201561
 201732
 201825
 202063
 202072
 202198
 202304
 202469
 202484
 202505
 202516
 202607
 202654
 202661
 202702
 202725
 202780
 202830
 202850
 202875
 202889
 203072
 203135
 203138
 203155
 203181
 203216
 203218
 203270
 203433
 203479
 203626
 203656
 203690
 203694
 203886
 204142
 204403
 204750
 204949
 204992
 205132
 205341
 205703
 205717
 205748
 205769
 205793
 205807
 206081
 206260
 206370
 206469
 206662
 206707
 206735
 206739
 206935
 206972
 206976
 207038
 207181
 207220
 207241
 207656
 207689
 207723
 207801
 207824
 208011
 208014
 208255
 208597
 208638
 208855
 209027
 209273
 209393
 209399
 209400
 209542
 209681
 209924
 209949
 209969
 210097
 210179
 210294
 210508
 210514
 210575
 210605
 210766
 210919
 210975
 211040
 211198
 211262
 211333
 211363
 211454
 211536
 211537
 211594
 211603
 211749
 211798
 212013
 212115
 212170
 212230
 212270
 212501
 212555
 212561
 212643
 212791
 212845
 212899
 213073
 213120
 213264
 213321
 213706
 213790
 214004
 214137
 214285
 214564
 214677
 214793
 214957
 215060
 215136
 215254
 215366
 215583
 215725
 215727
 215821
 215942
 216076
 216089
 216243
 216260
 216270
 216271
 216339
 216421
 216533
 216538
 216647
 216678
 216749
 216909
 217034
 217169
 217229
 217382
 217414
 217442
 217780
 217967
 217983
 218067
 218135
 218238
 218340
 218422
 218441
 218777
 218809
 218837
 219042
 219318
 219512
 219552
 219577
 219651
 219670
 219745
 219790
 219817
 219839
 219937
 220028
 220288
 220720
 220776
 220808
 221120
 221144
 221152
 221537
 221569
 221723
 221884
 221972
 222043
 222096
 222099
 222391
 222473
 222674
 222765
 222813
 222825
 222917
 223092
 223171
 223497
 223645
 223732
 223918
 223981
 224086
 224108
 224343
 224362
 224428
 224458
 224472
 224660
 224876
 224950
 225055
 225136
 225189
 225202
 225224
 225274
 225390
 225402
 225435
 225460
 225577
 225656
 225681
 225720
 225725
 225744
 225750
 225970
 225994
 226087
 226145
 226601
 226673
 226719
 226729
 226780
 226784
 226913
 227020
 227272
 227298
 227324
 227412
 227493
 227537
 227813
 227835
 228077
 228183
 228346
 228356
 228435
 228614
 228630
 228713
 228765
 228808
 228985
 229003
 229046
 229435
 229471
 229527
 229642
 229645
 229703
 229715
 229841
 229851
 229858
 229900
 229998
 230008
 230135
 230222
 230242
 230326
 230380
 230406
 230453
 230477
 230581
 230584
 230658
 230814
 230861
 230875
 230929
 231183
 231405
 231420
 231451
 231538
 231645
 231769
 231788
 231871
 231884
 231887
 231897
 232024
 232128
 232231
 232234
 232251
 232302
 232319
 232329
 232616
 232686
 232738
 232757
 232777
 232793
 232805
 232914
 233090
 233098
 233326
 233370
 233410
 233641
 233644
 233741
 233804
 234002
 234034
 234292
 234313
 234492
 234587
 234655
 234720
 234725
 234741
 234748
 234797
 234944
 234984
 235061
 235294
 235301
 235366
 235464
 235534
 235643
 235689
 235719
 235726
 235990
 236275
 236364
 236379
 236421
 236555
 236571
 236617
 236842
 237070
 237075
 237190
 237255
 237291
 237377
 237383
 237385
 237412
 237540
 237541
 237550
 237558
 237563
 237618
 237795
 237881
 237929
 237956
 238010
 238016
 238238
 238363
 238444
 238518
 238571
 238682
 239271
 239439
 239501
 239531
 239614
 239644
 239660
 239670
 240157
 240678
 240732
 240795
 241116
 241175
 241183
 241285
 241322
 241336
 241378
 241443
 241471
 241691
 241823
 241895
 242142
 242172
 242347
 242358
 242369
 242395
 242491
 242597
 242726
 242994
 243052
 243153
 243184
 243231
 243243
 243402
 243509
 243648
 243861
 243956
 244010
 244139
 244141
 244181
 244325
 244387
 244580
 244622
 244651
 244916
 244970
 245012
 245383
 245465
 245520
 245717
 245820
 246096
 246354
 246466
 246527
 246594
 246778
 246845
 246907
 247034
 247086
 247261
 247308
 247396
 247488
 247772
 247861
 247929
 247991
 248036
 248170
 248467
 248606
 248622
 248623
 248687
 248706
 248749
 248817
 248874
 248945
 248965
 249127
 249153
 249441
 249462
 249489
 249679
 249757
 249869
 250000
 250039
 250085
 250147
 250414
 250523
 250742
 250987
 251198
 251296
 251315
 251702
 251724
 251777
 251798
 251832
 251865
 252127
 252143
 252194
 252220
 252284
 252290
 252338
 252388
 252447
 252466
 252492
 252727
 253021
 253028
 253068
 253086
 253294
 253368
 253476
 253616
 253898
 254233
 254310
 254454
 254463
 254737
 254925
 254957
 254968
 255148
 255227
 255292
 255331
 255362
 255467
 255608
 255783
 255870
 256006
 256139
 256250
 256375
 256390
 256419
 256450
 256686
 256924
 256953
 257052
 257054
 257250
 257266
 257380
 257498
 257568
 257701
 257919
 257925
 258187
 258232
 258641
 258728
 258826
 258980
 259049
 259074
 259104
 259127
 259144
 259235
 259430
 259493
 259512
 259547
 259571
 259578
 259704
 259705
 259740
 259835
 259917
 260000
 260022
 260110
 260152
 260227
 260322
 260369
 260375
 260480
 260612
 260646
 260802
 260890
 260894
 261174
 261336
 261365
 261645
 261709
 261831
 262141
 262189
 262322
 262412
 262466
 262486
 262498
 262601
 262711
 262736
 262778
 262980
 263031
 263051
 263183
 263204
 263232
 263281
 263286
 263378
 263414
 263636
 264098
 264150
 264325
 264356
 264503
 264576
 264643
 264666
 264900
 264940
 265009
 265106
 265248
 265260
 265357
 265434
 265687
 265818
 266008
 266029
 266067
 266262
 266331
 266395
 266474
 266541
 266661
 266692
 266816
 266861
 266921
 266925
 266931
 266951
 267139
 267171
 267187
 267263
 267305
 267311
 267352
 267543
 267551
 267559
 267743
 267885
 268069
 268194
 268203
 268207
 268228
 268324
 268459
 268466
 268500
 268619
 268666
 268872
 268945
 269145
 269240
 269254
 269300
 269359
 269580
 269598
 269668
 269732
 269765
 269883
 269945
 270016
 270042
 270124
 270138
 270166
 270430
 270440
 270442
 270456
 270563
 270746
 270758
 270881
 270899
 270959
 270985
 271135
 271368
 271423
 271440
 271517
 271540
 271563
 271581
 271666
 271694
 271701
 271859
 272018
 272153
 272183
 272213
 272241
 272351
 272474
 272631
 272806
 272957
 273096
 273338
 273345
 273394
 273440
 273643
 273650
 273677
 273726
 273736
 273797
 274031
 274671
 274853
 274961
 275136
 275307
 275377
 275424
 275433
 275445
 275477
 275530
 275577
 275712
 275750
 275997
 276049
 276062
 276119
 276233
 276303
 276415
 276433
 276439
 276450
 276623
 276739
 276773
 276826
 277212
 277333
 277346
 277351
 277370
 277543
 277568
 277785
 277901
 277978
 278039
 278255
 278436
 278488
 278523
 278551
 278591
 278612
 278675
 278877
 278929
 278967
 279205
 279234
 279607
 279654
 279788
 279794
 279939
 280168
 280207
 280301
 280346
 280568
 280786
 280801
 280811
 280858
 281035
 281069
 281112
 281194
 281338
 281562
 281658
 281725
 282034
 282075
 282141
 282158
 282169
 282193
 282235
 282280
 282608
 283018
 283048
 283095
 283208
 283306
 283357
 283737
 283739
 283841
 283915
 283941
 283951
 283983
 284004
 284006
 284203
 284235
 284294
 284324
 284502
 284565
 284596
 284654
 284665
 284682
 284799
 284994
 284998
 285039
 285112
 285269
 285276
 285310
 285340
 285423
 285444
 285460
 285477
 285669
 285746
 285763
 285831
 285891
 285910
 286427
 286446
 286531
 286584
 286589
 286715
 286863
 286916
 286934
 287164
 287177
 287263
 287395
 287534
 287652
 287700
 287708
 287761
 287884
 287905
 288083
 288144
 288174
 288374
 288604
 288781
 288877
 288910
 288969
 289006
 289090
 289261
 289308
 289500
 289707
 289933
 290080
 290103
 290120
 290217
 290251
 290321
 290362
 290448
 290621
 290656
 290660
 290709
 290909
 290985
 291018
 291125
 291450
 291497
 291528
 291671
 291881
 292005
 292104
 292284
 292324
 292526
 292649
 292665
 292702
 292863
 292875
 292899
 292971
 293162
 293248
 293434
 293519
 293619
 293645
 293738
 293837
 293897
 294031
 294145
 294281
 294336
 294363
 294423
 294442
 294690
 294786
 294800
 294829
 294860
 294922
 294977
 295032
 295081
 295136
 295319
 295411
 295460
 295498
 295570
 295697
 295726
 295895
 295928
 296153
 296212
 296255
 296308
 296827
 296891
 297309
 297323
 297352
 297411
 297435
 297494
 297559
 297698
 297707
 297709
 297732
 297738
 297820
 297886
 298057
 298114
 298141
 298163
 298201
 298404
 298475
 298514
 299014
 299157
 299412
 299501
 299651
 299769
 299853
 299875
 300161
 300180
 300298
 300375
 300454
 300708
 300802
 300852
 300854
 300931
 300952
 301010
 301112
 301174
 301180
 301202
 301332
 301653
 301681
 301893
 301989
 302073
 302139
 302186
 302189
 302282
 302482
 302483
 302520
 302740
 302771
 302865
 303020
 303054
 303130
 303180
 303229
 303330
 303402
 303449
 303551
 303977
 304263
 304347
 304348
 304446
 304706
 304739
 304763
 304815
 305110
 305111
 305179
 305277
 305280
 305416
 305548
 305677
 305678
 305685
 305720
 305750
 305952
 306010
 306063
 306149
 306420
 306510
 306596
 306702
 306786
 306879
 306904
 306913
 306918
 306954
 307090
 307212
 307272
 307277
 307488
 307489
 307997
 308064
 308080
 308351
 308373
 308381
 308439
 308510
 308582
 308653
 308668
 308823
 308866
 308881
 309042
 309167
 309201
 309243
 309260
 309261
 309290
 309308
 309514
 309611
 309756
 309859
 309874
 310192
 310193
 310324
 310514
 310559
 310593
 310632
 310656
 310843
 311220
 311320
 311326
 311337
 311406
 311414
 311421
 311500
 311599
 311637
 311749
 311861
 312056
 312184
 312242
 312266
 312297
 312605
 312870
 312998
 313061
 313132
 313219
 313248
 313333
 313507
 313519
 313530
 313551
 313575
 313691
 313762
 313839
 313988
 314340
 314414
 314564
 314709
 314801
 314809
 314819
 314948
 315135
 315180
 315236
 315407
 315542
 315704
 315714
 315729
 315816
 315878
 316051
 316326
 316455
 316463
 316621
 316702
 316813
 316962
 316979
 317095
 317144
 317333
 317394
 317524
 317581
 317692
 317707
 317776
 317781
 318181
 318226
 318313
 318660
 318772
 318785
 318862
 318880
 318950
 319324
 319485
 319689
 319750
 319943
 320143
 320224
 320317
 320432
 320956
 321128
 321170
 321236
 321308
 321339
 321485
 321497
 321697
 321751
 321885
 321904
 322051
 322053
 322105
 322360
 322553
 322558
 322573
 322736
 322845
 323070
 323127
 323257
 323282
 323476
 323480
 323545
 323595
 324022
 324125
 324137
 324453
 324636
 324712
 324847
 324905
 324947
 325115
 325231
 325517
 325620
 325662
 325776
 325816
 325884
 326071
 326265
 326304
 326581
 326605
 326659
 326726
 326902
 326947
 326979
 327068
 327551
 327650
 327744
 327989
 328023
 328046
 328062
 328064
 328082
 328119
 328140
 328267
 328497
 328661
 328686
 328968
 329226
 329243
 329277
 329334
 329450
 329546
 329659
 329729
 329770
 329952
 330027
 330033
 330226
 330306
 330391
 330557
 330567
 330570
 330746
 330895
 331024
 331107
 331263
 331269
 331304
 331315
 331327
 331602
 331712
 331730
 331985
 332007
 332016
 332082
 332109
 332403
 332627
 332642
 332770
 332895
 333222
 333333
 333746
 333793
 333810
 334377
 334379
 334478
 334587
 334811
 334833
 334841
 334846
 334869
 335013
 335342
 335355
 335556
 335683
 335716
 335730
 336208
 336263
 336334
 336363
 336395
 336399
 336600
 336633
 336682
 336702
 336783
 336798
 337038
 337164
 337182
 337313
 337572
 337686
 337714
 338077
 338081
 338302
 338395
 338510
 338565
 338595
 338615
 338625
 338698
 338704
 338806
 339037
 339068
 339150
 339154
 339300
 339477
 339680
 339734
 340452
 340472
 340564
 340565
 340624
 340796
 340867
 340879
 341175
 341419
 341481
 341519
 341545
 341658
 341712
 341723
 341730
 341789
 341816
 341908
 341918
 341959
 341960
 342158
 342366
 342419
 342442
 342485
 342498
 342523
 342572
 342575
 342640
 342668
 342735
 342789
 342819
 342855
 342995
 343011
 343131
 343174
 343193
 343309
 343464
 343629
 343869
 344102
 344125
 344404
 344451
 344816
 344838
 344842
 344853
 344979
 345024
 345027
 345093
 345118
 345238
 345264
 345348
 345397
 345467
 345468
 345556
 345572
 345588
 345638
 345701
 345710
 345764
 345848
 346099
 346127
 346136
 346153
 346229
 346410
 346499
 346647
 346743
 346916
 347064
 347218
 347235
 347284
 347304
 347541
 347735
 347741
 347862
 348056
 348089
 348201
 348238
 348878
 348899
 348937
 349143
 349242
 349532
 349553
 349586
 349752
 349931
 350141
 350204
 350364
 350371
 350465
 350546
 350669
 350689
 350787
 350865
 350877
 350892
 350923
 351161
 351171
 351282
 351314
 351327
 351380
 351515
 351648
 351726
 351816
 351891
 351982
 351986
 352017
 352044
 352168
 352235
 352248
 352339
 352444
 352448
 352951
 353036
 353130
 353269
 353360
 353368
 353496
 353592
 353788
 353978
 354002
 354025
 354140
 354191
 354318
 354464
 354631
 354686
 354936
 355183
 355266
 355400
 355430
 355502
 355547
 355806
 355855
 355896
 355906
 355932
 356053
 356283
 356392
 356718
 357174
 357290
 357382
 357468
 357576
 357830
 357881
 357965
 357977
 358007
 358075
 358374
 358407
 358493
 358555
 358880
 358929
 358955
 359123
 359210
 359223
 359225
 359321
 359368
 359373
 359473
 359560
 359676
 359710
 359790
 359976
 359981
 360039
 360065
 360232
 360426
 360463
 360469
 360816
 361069
 361341
 361395
 361554
 361607
 361666
 361752
 361777
 361802
 361826
 361902
 362004
 362596
 363001
 363042
 363050
 363247
 363416
 363605
 363636
 363773
 364217
 364257
 364430
 364803
 364954
 365035
 365099
 365227
 365321
 365440
 365554
 365709
 365839
 365852
 366304
 366388
 366563
 366597
 366633
 366751
 366896
 367148
 367183
 367238
 367423
 367483
 367501
 367514
 367632
 367658
 367899
 367905
 367951
 368088
 368109
 368175
 368255
 368421
 368679
 368878
 369024
 369026
 369028
 369119
 369124
 369243
 369257
 369295
 369482
 369525
 369628
 369629
 369691
 369712
 369771
 369942
 370053
 370085
 370146
 370182
 370288
 370453
 370516
 370646
 370869
 370903
 371564
 371610
 371675
 371754
 371965
 372055
 372294
 372453
 372586
 372713
 372800
 372802
 372937
 373049
 373150
 373169
 373172
 373801
 373807
 373812
 374080
 374107
 374145
 374261
 374267
 374296
 374297
 374313
 374315
 374342
 374356
 374399
 374541
 374570
 374700
 374734
 374812
 374844
 374937
 374949
 375222
 375264
 375488
 375524
 375640
 375759
 376003
 376279
 376306
 376461
 376530
 376569
 376606
 376717
 376896
 376980
 376990
 376997
 377069
 377073
 377125
 377314
 377716
 377842
 377902
 378682
 378763
 378789
 378883
 378995
 379064
 379120
 379219
 379329
 379548
 379557
 379730
 379854
 380067
 380333
 380461
 380496
 380582
 380587
 380665
 380694
 380763
 380764
 380834
 380847
 380875
 380887
 381112
 381236
 381540
 381590
 381700
 381945
 382196
 382216
 382217
 382226
 382397
 382439
 382647
 382704
 382858
 383091
 383095
 383450
 383803
 383872
 383908
 384114
 384243
 384503
 384558
 384705
 384726
 384784
 384806
 384808
 384816
 384940
 384993
 385049
 385251
 385284
 385372
 385616
 385678
 385766
 385853
 385914
 386659
 386685
 387191
 387270
 387347
 387393
 387521
 387672
 387981
 388003
 388178
 388247
 388288
 388292
 388390
 388560
 388699
 388888
 388916
 388975
 389186
 389218
 389242
 389369
 389414
 389473
 389649
 389711
 389891
 390010
 390052
 390258
 390266
 390487
 390767
 390828
 390902
 390926
 391133
 391449
 391535
 391618
 391651
 391772
 391963
 392017
 392121
 392156
 392166
 392233
 392249
 392314
 392350
 392417
 392418
 392688
 392791
 392797
 392940
 393007
 393039
 393079
 393166
 393261
 393414
 393515
 393693
 393709
 393738
 393808
 393860
 393915
 393923
 394103
 394111
 394182
 394367
 394492
 394498
 394571
 394574
 394608
 394736
 394822
 394842
 394884
 395017
 395189
 395202
 395450
 395600
 395842
 395892
 395893
 396017
 396018
 396091
 396131
 396271
 396296
 396328
 396434
 396551
 396683
 396700
 396804
 396860
 396900
 396963
 397054
 397742
 397753
 398262
 398265
 398276
 398365
 398673
 398720
 398730
 398804
 398930
 399187
 399221
 399235
 399258
 399403
 399451
 399478
 399988
 400000
 400078
 400150
 400329
 400378
 400501
 400561
 400587
 400668
 400671
 400683
 400744
 400820
 400918
 400927
 400992
 401087
 401152
 401163
 401270
 401291
 401468
 401528
 402204
 402269
 402433
 402534
 402616
 402636
 402692
 402850
 403032
 403157
 403377
 403388
 403450
 403493
 403617
 403642
 403674
 403723
 403792
 403809
 403840
 403846
 404206
 404241
 404531
 404665
 404786
 404846
 404893
 404952
 405025
 405044
 405108
 405199
 405405
 405571
 405619
 405658
 405931
 406344
 406390
 406487
 406614
 406615
 406655
 406692
 406810
 406999
 407121
 407356
 407426
 407499
 407563
 407631
 407639
 407666
 407688
 407759
 407799
 408045
 408048
 408060
 408170
 408271
 408340
 408592
 408598
 408655
 408680
 408735
 408758
 408852
 408866
 408899
 409016
 409127
 409236
 409305
 409325
 409502
 409740
 409748
 409768
 409862
 409993
 410423
 410498
 410527
 410596
 410680
 410882
 410911
 410952
 411117
 411241
 411338
 411345
 411371
 411381
 411544
 411990
 411993
 412054
 412125
 412158
 412159
 412201
 412243
 412303
 412490
 412551
 412658
 412659
 413060
 413463
 413661
 413686
 413871
 414289
 414385
 414663
 414708
 414718
 414893
 415003
 415004
 415262
 415280
 415384
 415483
 415512
 415517
 415626
 415757
 415798
 416038
 416108
 416143
 416211
 416225
 416395
 416798
 416924
 417021
 417782
 417795
 417891
 417910
 418024
 418060
 418093
 418131
 418288
 418371
 418556
 418590
 418689
 418719
 418812
 418922
 418936
 418938
 419028
 419079
 419305
 419354
 419387
 419400
 419571
 419572
 419830
 419999
 420126
 420149
 420173
 420231
 420368
 420379
 420615
 420669
 420946
 421010
 421124
 421208
 421236
 421280
 421284
 421299
 421368
 421469
 421524
 421694
 421765
 421782
 421827
 421996
 422088
 422110
 422185
 422259
 422327
 422448
 422475
 422480
 422482
 422611
 422779
 422861
 422946
 422997
 423076
 423099
 423148
 423213
 423260
 423301
 423611
 423687
 423875
 423884
 423888
 423923
 423931
 424035
 424112
 424136
 424164
 424191
 424231
 424352
 424357
 424712
 424882
 424998
 425046
 425215
 425298
 425307
 425405
 425460
 425502
 425713
 425854
 425894
 426008
 426099
 426131
 426143
 426239
 426323
 426548
 426577
 426620
 426770
 426860
 427110
 427306
 427308
 427335
 427393
 427511
 427551
 427653
 427703
 427775
 427849
 427868
 428050
 428142
 428271
 428282
 428785
 428798
 428880
 428892
 428961
 428981
 429003
 429323
 429588
 429707
 429725
 429775
 429833
 429846
 430017
 430126
 430280
 430300
 430308
 430498
 430518
 430639
 430643
 430728
 430920
 430921
 431002
 431094
 431393
 431445
 431586
 431609
 431799
 431801
 431821
 431824
 431978
 432351
 432361
 432369
 432542
 432700
 432720
 432736
 432741
 433119
 433301
 433411
 433455
 433554
 433619
 433718
 433788
 433795
 433853
 433870
 433947
 433955
 434265
 434405
 434421
 434482
 434650
 434746
 434762
 435012
 435140
 435211
 435361
 435438
 435468
 435610
 435786
 435806
 435861
 435938
 436150
 436218
 436246
 436289
 436577
 436593
 436599
 436676
 436857
 437096
 437293
 437378
 437976
 438247
 438292
 438298
 438340
 438356
 438439
 438709
 438751
 438955
 438969
 439176
 439184
 439216
 439322
 439443
 439759
 439990
 440059
 440206
 440451
 440822
 441075
 441147
 441148
 441176
 441298
 441343
 441430
 441511
 441558
 441605
 441770
 441788
 441824
 441957
 442018
 442079
 442091
 442093
 442179
 442394
 442552
 442683
 442730
 442738
 442765
 442988
 443024
 443081
 443122
 443174
 443342
 443421
 443505
 443621
 443758
 443853
 443891
 443905
 444044
 444099
 444158
 444253
 444330
 444444
 444538
 444568
 444732
 444990
 445102
 445251
 445311
 445378
 445392
 445418
 445550
 445596
 445656
 445779
 445935
 445971
 446109
 446331
 446362
 446481
 446789
 446817
 446980
 447124
 447137
 447314
 447375
 447400
 447402
 447476
 447629
 447636
 447703
 447791
 447871
 448136
 448193
 448212
 448240
 448299
 448363
 448453
 448461
 448488
 448542
 448629
 448837
 448913
 449006
 449019
 449025
 449124
 449223
 449233
 449258
 449439
 449449
 449504
 449839
 450357
 450369
 450417
 450433
 450435
 450577
 450600
 450655
 450762
 450786
 450963
 451059
 451173
 451247
 451312
 451346
 451380
 451469
 451696
 451735
 451916
 452145
 452173
 452196
 452213
 452279
 452408
 452485
 452644
 452690
 452758
 452808
 452814
 452889
 452893
 452983
 453025
 453034
 453056
 453057
 453079
 453274
 453457
 453485
 453624
 453662
 453834
 453992
 454159
 454209
 454240
 454320
 454347
 454400
 454402
 454428
 454604
 454812
 454993
 455091
 455205
 455289
 455292
 455366
 455428
 455445
 455507
 455597
 455788
 455805
 455908
 455936
 455938
 456106
 456322
 456355
 456382
 456478
 456573
 456594
 456815
 456824
 457037
 457045
 457086
 457191
 457377
 457692
 457709
 457907
 458135
 458185
 458236
 458237
 458374
 458384
 458456
 458499
 458506
 458530
 458598
 458656
 458666
 459021
 459093
 459110
 459147
 459183
 459521
 459524
 459623
 459641
 459807
 460000
 460150
 460180
 460340
 460352
 460451
 460615
 460644
 460829
 461006
 461089
 461230
 461232
 461468
 461473
 461605
 461667
 461806
 461860
 461869
 461930
 462041
 462151
 462212
 462557
 462631
 462673
 462705
 462720
 462734
 462996
 463074
 463087
 463120
 463124
 463176
 463231
 463232
 463330
 463372
 463420
 463423
 463674
 463718
 463824
 463834
 463867
 463988
 464086
 464191
 464237
 464303
 464381
 465172
 465184
 465217
 465522
 465591
 465595
 465665
 465750
 465809
 465824
 465849
 465876
 465917
 465927
 465975
 466185
 466402
 466404
 466422
 466639
 466797
 466803
 466842
 466941
 466995
 467075
 467223
 467420
 467654
 467837
 467976
 468107
 468110
 468170
 468193
 468281
 468421
 468431
 468527
 468601
 468614
 468659
 468683
 468722
 468723
 468824
 468998
 469097
 469143
 469213
 469390
 469536
 469698
 469871
 470149
 470210
 470298
 470309
 470316
 470342
 470461
 470724
 470900
 471014
 471094
 471153
 471164
 471218
 471258
 471458
 471488
 471525
 471542
 471620
 471769
 471771
 471957
 471993
 472018
 472063
 472207
 472314
 472416
 472592
 472684
 472835
 472925
 473162
 473254
 473278
 473292
 473312
 473341
 473552
 473596
 473610
 473733
 473954
 474142
 474198
 474428
 474545
 474940
 474983
 475038
 475070
 475244
 475364
 475374
 475467
 475946
 476003
 476066
 476073
 476190
 476196
 476232
 476300
 476358
 476411
 476433
 476550
 476826
 476847
 476851
 476914
 476990
 477024
 477280
 477440
 477443
 477454
 477513
 477514
 477602
 477644
 477798
 477803
 477852
 477857
 477908
 477945
 477946
 477994
 478034
 478122
 478260
 478388
 478420
 478502
 478631
 478757
 478789
 478860
 478909
 479197
 479350
 479395
 479576
 479599
 479638
 479706
 479769
 479874
 480022
 480149
 480217
 480281
 480489
 480654
 480810
 480819
 480859
 480919
 480990
 481010
 481245
 481255
 481455
 481605
 481612
 481615
 481649
 481926
 482071
 482149
 482154
 482213
 482523
 482611
 482652
 482659
 482686
 482702
 482895
 482919
 483021
 483261
 483276
 483324
 483848
 484126
 484345
 484368
 484455
 484811
 484818
 484946
 485017
 485157
 485178
 485237
 485391
 485422
 485594
 485686
 485688
 485700
 485740
 485776
 485793
 485995
 486000
 486031
 486051
 486148
 486199
 486296
 486298
 486657
 486737
 487024
 487101
 487197
 487235
 487304
 487350
 487369
 487370
 487444
 487467
 487561
 487981
 487995
 488081
 488101
 488203
 488402
 488449
 488488
 488818
 489051
 489222
 489264
 489365
 489402
 489404
 489431
 489680
 489911
 489927
 489940
 489974
 490089
 490136
 490147
 490274
 490319
 490694
 490771
 490774
 490848
 490861
 490909
 490946
 491022
 491037
 491076
 491107
 491219
 491428
 491483
 491572
 491642
 491667
 491678
 491782
 491961
 491987
 492058
 492157
 492326
 492343
 492425
 492455
 492457
 492492
 492539
 492627
 492742
 492822
 492890
 493057
 493112
 493121
 493349
 493637
 493813
 493949
 494029
 494076
 494131
 494196
 494315
 494647
 494746
 494845
 495145
 495209
 495226
 495230
 495328
 495402
 495531
 495597
 495616
 495838
 495903
 496037
 496078
 496161
 496171
 496209
 496355
 496502
 496523
 496539
 496577
 496640
 496758
 496850
 497065
 497470
 497562
 497601
 497619
 497676
 497807
 497874
 498088
 498162
 498190
 498194
 498345
 498358
 498594
 498678
 498793
 498862
 498979
 499056
 499083
 499125
 499246
 499261
 499582
 499697
 499702
 499813
 499847
 