0
 264
 328
 430
 512
 569
 595
 637
 980
 1002
 1030
 1089
 1175
 1221
 1467
 1489
 1619
 1639
 1645
 1669
 1719
 1767
 2057
 2077
 2439
 2530
 2670
 2737
 2887
 2928
 2938
 2975
 3045
 3100
 3118
 3254
 3423
 3745
 3887
 3926
 3935
 3986
 4068
 4146
 4253
 4299
 4315
 4431
 4468
 4493
 4511
 4525
 4920
 5267
 5417
 5451
 5667
 5751
 5861
 5882
 5888
 6071
 6093
 6157
 6211
 6215
 6446
 6515
 6635
 7140
 7204
 7274
 7337
 7344
 7398
 7482
 7596
 7625
 7748
 7797
 7865
 8023
 8134
 8157
 8244
 8309
 8312
 8706
 8907
 8948
 8953
 8985
 9021
 9090
 9479
 9582
 9920
 9961
 9993
 10013
 10239
 10432
 10619
 10835
 10850
 10902
 10963
 11080
 11123
 11342
 11419
 11521
 11531
 11578
 11607
 11640
 11704
 11713
 11987
 12067
 12349
 12446
 12718
 12726
 12834
 12925
 12957
 13025
 13053
 13194
 13256
 13423
 13967
 14020
 14325
 14580
 14666
 14697
 14914
 14934
 15021
 15399
 15515
 15550
 15685
 15702
 15791
 15925
 16353
 16647
 16870
 17197
 17391
 17629
 17647
 17771
 17815
 17899
 17937
 18074
 18134
 18213
 18219
 18232
 18349
 18437
 18476
 18559
 18570
 18595
 18956
 18988
 19051
 19057
 19115
 19167
 19269
 19276
 19292
 19310
 19749
 19959
 20012
 20022
 20057
 20155
 20164
 20285
 20623
 20630
 20636
 20737
 20852
 20994
 21026
 21151
 21161
 21205
 21361
 21507
 21588
 21781
 21993
 22031
 22032
 22335
 22425
 22596
 22624
 23117
 23151
 23619
 23702
 23901
 24089
 24224
 24372
 24473
 24611
 24711
 24915
 24916
 25015
 25080
 25110
 25150
 25298
 25367
 25401
 25447
 25599
 25635
 25709
 25809
 25943
 26018
 26071
 26136
 26157
 26238
 26266
 26307
 26315
 26374
 26712
 26823
 26918
 26935
 27055
 27059
 27143
 27168
 27272
 27426
 27502
 27559
 27753
 27783
 27796
 27832
 27872
 27956
 28177
 28231
 28290
 28302
 28377
 28413
 28437
 28472
 28502
 28703
 28772
 28891
 28946
 28954
 28959
 29016
 29100
 29305
 29329
 29359
 29457
 29579
 29927
 30013
 30197
 30384
 30408
 30626
 30855
 30860
 31121
 31268
 31371
 31480
 31593
 31654
 31659
 31913
 31929
 32004
 32006
 32061
 32071
 32189
 32308
 32321
 32369
 33054
 33124
 33285
 33333
 33620
 33653
 33682
 33744
 33757
 33802
 33878
 33890
 34003
 34138
 34233
 34419
 34592
 34857
 35128
 35207
 35294
 35322
 35412
 35714
 35883
 35915
 36069
 36098
 36212
 36308
 36515
 36628
 36837
 36868
 36882
 36983
 37136
 37178
 37202
 37316
 37367
 37411
 37592
 37763
 37769
 38008
 38014
 38090
 38111
 38242
 38533
 38574
 38677
 38863
 38923
 39313
 39334
 39508
 39715
 39738
 39904
 39955
 40151
 40165
 40183
 40255
 40305
 40452
 40551
 40569
 40592
 40650
 40806
 40927
 40940
 40944
 40980
 41043
 41117
 41286
 41307
 41841
 42095
 42184
 42278
 42521
 42527
 42675
 42754
 42760
 42846
 43226
 43332
 43371
 43389
 43422
 43425
 43635
 43916
 44214
 44444
 44475
 44670
 44881
 44969
 45159
 45248
 45266
 45295
 45346
 45517
 45623
 45732
 45783
 45998
 46038
 46055
 46090
 46132
 46176
 46285
 46298
 46365
 46482
 46497
 46526
 46588
 46610
 46656
 46715
 46762
 46864
 47019
 47169
 47211
 47305
 47423
 47430
 47462
 47480
 47539
 47542
 47588
 47822
 47830
 47893
 48115
 48139
 48159
 48315
 48322
 48355
 48404
 48522
 48779
 48854
 48887
 48947
 49076
 49265
 49298
 49449
 49509
 49596
 49598
 49778
 49918
 50127
 50209
 50210
 50230
 50381
 50402
 50474
 50496
 50602
 50679
 50733
 50844
 50906
 51036
 51245
 51341
 51379
 51482
 51558
 51753
 51860
 51871
 51899
 51979
 51993
 52007
 52036
 52060
 52067
 52154
 52225
 52585
 52628
 52809
 53290
 53319
 53406
 53540
 53666
 53723
 53836
 53957
 53966
 54082
 54117
 54173
 54183
 54218
 54228
 54337
 54386
 54593
 54680
 54706
 54946
 55031
 55157
 55222
 55346
 55375
 55396
 55507
 55709
 55835
 55889
 56001
 56072
 56219
 56246
 56279
 56599
 56733
 56838
 56971
 57024
 57080
 57348
 57378
 57586
 57639
 57806
 57921
 57982
 58055
 58201
 58220
 58261
 58276
 58383
 58431
 58563
 58657
 58729
 58736
 58768
 58850
 58875
 59022
 59050
 59079
 59088
 59187
 59271
 59550
 59595
 59686
 59851
 60028
 60071
 60288
 60335
 60380
 60498
 60538
 60642
 60727
 60955
 61209
 61378
 61397
 61424
 61455
 61565
 61675
 61742
 61788
 61792
 61805
 61818
 61851
 61916
 62100
 62140
 62225
 62468
 62481
 62528
 62572
 62597
 62766
 62889
 62894
 63005
 63026
 63234
 63420
 63520
 63532
 63534
 63614
 63720
 63746
 63752
 63869
 64001
 64057
 64069
 64221
 64223
 64284
 64306
 64356
 64520
 64578
 64908
 64993
 65183
 65209
 65220
 65252
 65285
 65565
 65829
 65862
 66023
 66024
 66101
 66266
 66301
 66336
 66391
 66425
 66449
 66451
 66750
 66835
 66839
 66948
 67202
 67234
 67238
 67383
 67403
 67441
 67568
 67650
 67776
 67807
 67979
 68125
 68340
 68399
 68490
 68586
 68735
 68838
 68949
 68966
 69172
 69205
 69230
 69366
 69460
 69515
 69622
 69648
 69970
 70217
 70221
 70286
 70457
 70595
 70926
 70970
 71163
 71236
 71291
 71310
 71317
 71424
 71428
 71481
 71508
 71604
 71886
 72044
 72421
 72485
 72580
 72602
 72623
 72888
 72905
 73044
 73076
 73091
 73111
 73160
 73251
 73390
 73473
 73489
 73783
 73785
 73835
 74099
 74126
 74198
 74209
 74396
 74622
 74793
 74924
 75170
 75255
 75335
 75452
 75494
 75726
 75944
 75950
 75991
 76040
 76084
 76362
 76401
 76476
 76593
 76614
 76635
 76667
 77223
 77332
 77418
 77427
 77713
 77853
 78050
 78366
 78484
 78499
 78783
 78847
 79087
 79125
 79166
 79297
 79306
 79322
 79368
 79554
 79617
 79659
 79665
 79691
 79720
 79834
 79979
 80160
 80171
 80349
 80369
 80411
 80458
 80489
 80492
 80502
 80530
 80540
 80552
 80625
 80999
 81021
 81044
 81061
 81080
 81081
 81317
 81377
 81578
 81587
 81590
 81855
 81946
 81996
 82200
 82419
 82504
 82681
 82701
 82758
 82926
 82960
 82976
 83185
 83337
 83338
 83458
 83591
 83631
 83951
 83960
 83965
 84102
 84110
 84138
 84149
 84210
 84283
 84337
 84418
 84459
 84478
 84537
 84688
 84714
 84717
 84739
 84744
 84745
 84746
 84875
 84913
 84989
 85068
 85207
 85300
 85416
 85736
 85857
 85900
 85976
 85984
 86085
 86092
 86102
 86127
 86169
 86192
 86355
 86619
 86669
 87007
 87153
 87264
 87293
 87319
 87385
 87399
 87656
 87732
 88006
 88051
 88214
 88294
 88444
 88813
 88841
 88870
 88895
 89068
 89185
 89392
 89496
 89511
 89715
 89800
 89858
 90075
 90078
 90157
 90205
 90286
 90323
 90411
 90621
 90714
 91099
 91103
 91308
 91312
 91343
 91357
 91515
 91555
 91589
 91748
 91750
 91783
 91836
 91990
 91999
 92018
 92213
 92308
 92412
 92665
 92714
 92784
 92867
 92984
 92996
 93220
 93268
 93495
 93496
 93682
 93783
 93877
 93980
 93982
 94220
 94232
 94725
 94729
 94777
 94943
 95021
 95187
 95418
 95494
 95580
 95584
 95648
 95813
 95877
 95880
 95881
 95936
 96213
 96336
 96376
 96421
 96449
 96577
 96735
 96779
 96841
 96892
 96910
 96944
 97043
 97059
 97069
 97162
 97200
 97373
 97453
 97470
 97679
 97774
 97939
 98039
 98348
 98353
 98419
 98512
 98597
 98608
 98613
 98713
 98755
 98805
 99029
 99209
 99287
 99343
 99603
 99616
 99622
 99721
 99744
 99763
 99855
 