9
 141
 191
 465
 514
 682
 1190
 1339
 1427
 1470
 1648
 1751
 1992
 2091
 2281
 2324
 2435
 2643
 2760
 2781
 2862
 2912
 2957
 2967
 2975
 3076
 3158
 3166
 3364
 3410
 3692
 3803
 3832
 3835
 3877
 3999
 4350
 4378
 4784
 4791
 4819
 4895
 5045
 5274
 5316
 5411
 5440
 5499
 5544
 5754
 5803
 5963
 6088
 6186
 6189
 6335
 6427
 6462
 6536
 6722
 6751
 6871
 6937
 6966
 7124
 7186
 7273
 7275
 7294
 7301
 7354
 7463
 7504
 7544
 7751
 7827
 7837
 7955
 8059
 8076
 8205
 8212
 8387
 8392
 8407
 8472
 8519
 8611
 8619
 8636
 8667
 8881
 8997
 9063
 9129
 9182
 9278
 9520
 9702
 9772
 