52
 217
 270
 280
 476
 566
 585
 743
 752
 814
 975
 1015
 1141
 1216
 1234
 1523
 1552
 1615
 1685
 1956
 2428
 2534
 2544
 2556
 2558
 2694
 2894
 2941
 3048
 3174
 3250
 3339
 3430
 3431
 3629
 3650
 3666
 3781
 4078
 4080
 4146
 4409
 4515
 4526
 4594
 4642
 4715
 4744
 4785
 4835
 4873
 4955
 5021
 5064
 5310
 5312
 5326
 5358
 5437
 5485
 5518
 5607
 5813
 5963
 6370
 6456
 6479
 6528
 6531
 6591
 6917
 7053
 7237
 7281
 7420
 7512
 7550
 7597
 7753
 7889
 8081
 8199
 8244
 8335
 8345
 8423
 8523
 8536
 8574
 8678
 8709
 8880
 9292
 9321
 9520
 9737
 9779
 9871
 9898
 10050
 10135
 10340
 10659
 10667
 10677
 10786
 10889
 10929
 11184
 11459
 11527
 11553
 11571
 11592
 11762
 11815
 11821
 11931
 11950
 12043
 12060
 12143
 12269
 12432
 12460
 12732
 12740
 12856
 12933
 13014
 13021
 13055
 13136
 13155
 13203
 13224
 13243
 13291
 13716
 13760
 13829
 13855
 13859
 13911
 13991
 14078
 14092
 14541
 14687
 14996
 15032
 15033
 15361
 15559
 15720
 15733
 15904
 16146
 16149
 16229
 16237
 16263
 16426
 16501
 16544
 16685
 16739
 16752
 16779
 16852
 17000
 17006
 17045
 17057
 17136
 17246
 17293
 17357
 17528
 17612
 17747
 17785
 17845
 17880
 18132
 18201
 18248
 18388
 18632
 18638
 18778
 18791
 18833
 18911
 19038
 19049
 19091
 19185
 19274
 19306
 19404
 19481
 19813
 19876
 19999
 20180
 20220
 20265
 20284
 20321
 20337
 20512
 20529
 20627
 20749
 20969
 21336
 21402
 21425
 21507
 21508
 21517
 21710
 21725
 21789
 21798
 22171
 22219
 22424
 22493
 22499
 22518
 22553
 22607
 22758
 22884
 23033
 23182
 23328
 23342
 23366
 23474
 23480
 23610
 23758
 23975
 24033
 24112
 24128
 24344
 24383
 24795
 25022
 25029
 25036
 25089
 25345
 25376
 25384
 25600
 25678
 25689
 25785
 25965
 26134
 26415
 26658
 26685
 26790
 26797
 26803
 26999
 27010
 27018
 27118
 27218
 27346
 27495
 27503
 27534
 27584
 27662
 27673
 27842
 27926
 28044
 28144
 28314
 28514
 28645
 28764
 28856
 28888
 28959
 28970
 29197
 29441
 29445
 29562
 29579
 29625
 29787
 29854
 29903
 30395
 30543
 30546
 30742
 30764
 30948
 31113
 31163
 31223
 31304
 31319
 31404
 31852
 32017
 32048
 32135
 32318
 32337
 32452
 32528
 32646
 32686
 32693
 32710
 32883
 32924
 33004
 33184
 33265
 33452
 33468
 33500
 33601
 33813
 33910
 33998
 34116
 34175
 34240
 34428
 34496
 34554
 34784
 34803
 34921
 34987
 34996
 35127
 35140
 35415
 35473
 35478
 35513
 35658
 35666
 35700
 35710
 35712
 35734
 35736
 35877
 35880
 35931
 35966
 36017
 36165
 36211
 36226
 36249
 36401
 36588
 37089
 37199
 37242
 37321
 37404
 37468
 37472
 37742
 37800
 37812
 37838
 38044
 38105
 38151
 38302
 38448
 38558
 38561
 38607
 38839
 38903
 39004
 39095
 39358
 39562
 39569
 39638
 39858
 39905
 39957
 40044
 40129
 40165
 40284
 40354
 40355
 40639
 40754
 40778
 41225
 41239
 41258
 41290
 41476
 41511
 41539
 41619
 41964
 41976
 42109
 42115
 42135
 42230
 42234
 42544
 42654
 42748
 42833
 42840
 42850
 42918
 43073
 43253
 43532
 43554
 43582
 43659
 43697
 43986
 44197
 44532
 44660
 44685
 44721
 44893
 44995
 45141
 45276
 45395
 45409
 45419
 45691
 45716
 45912
 45944
 46002
 46127
 46315
 46466
 46522
 46531
 46765
 46873
 46893
 47039
 47058
 47144
 47426
 47772
 47798
 47988
 48049
 48233
 48283
 48381
 48427
 48436
 48596
 48633
 48732
 48739
 48782
 48828
 48880
 49171
 49275
 49303
 49360
 49464
 49551
 49565
 49632
 49737
 49870
 49882
 