0
 0
 38
 62
 236
 260
 419
 445
 602
 695
 847
 1045
 1129
 1200
 1217
 1308
 1324
 1656
 1657
 1737
 1779
 1925
 2054
 2079
 2314
 2318
 2388
 2448
 2473
 2578
 2581
 2758
 2763
 2938
 2945
 2992
 3192
 3397
 3554
 3795
 3953
 4095
 4571
 4588
 4694
 4906
 5074
 5247
 5253
 5779
 6036
 6132
 6236
 6345
 6385
 6501
 6597
 6675
 6776
 6787
 6963
 7006
 7057
 7133
 7150
 7228
 7384
 7488
 7692
 7811
 7863
 8028
 8087
 8226
 8256
 8333
 8370
 8656
 8682
 8765
 8930
 8978
 9025
 9100
 9115
 9225
 9294
 9608
 9640
 9866
 9967
 9986
 10041
 10081
 10164
 10328
 10375
 10396
 10404
 10522
 10535
 10578
 10635
 10639
 10691
 10716
 10863
 11279
 11311
 11355
 11465
 11486
 11607
 11619
 12046
 12065
 12090
 12321
 12357
 12584
 12697
 12749
 12790
 13054
 13181
 13243
 13253
 13303
 13332
 13492
 13499
 13807
 13849
 13905
 13926
 13932
 13940
 13948
 14062
 14169
 14307
 14434
 14536
 14719
 14723
 14763
 14796
 14880
 15132
 15138
 15141
 15264
 15269
 15343
 15742
 15858
 15871
 15915
 15935
 15959
 15971
 15982
 16118
 16154
 16195
 16407
 16416
 16547
 16587
 16838
 17365
 17446
 17579
 17586
 17849
 17850
 18015
 18071
 18148
 18181
 18226
 18250
 18332
 18512
 18576
 18613
 18919
 19024
 19107
 19177
 19227
 19237
 19243
 19431
 19698
 19746
 19906
 19989
 20006
 20025
 20107
 20212
 20215
 20416
 20446
 20509
 20654
 21114
 21114
 21145
 21237
 21485
 21517
 21732
 21906
 22041
 22194
 22318
 22681
 22741
 22764
 22859
 22875
 23092
 23292
 23549
 23606
 23837
 23851
 23919
 23981
 24079
 24101
 24167
 24193
 24715
 24726
 24776
 24790
 25009
 25102
 25152
 25302
 25383
 25408
 25469
 25805
 25817
 25833
 25846
 25952
 25990
 26056
 26116
 26248
 26271
 26323
 26429
 26646
 26821
 26825
 26917
 27091
 27194
 27229
 27476
 27530
 27590
 27718
 27729
 27754
 27819
 27951
 28062
 28108
 28115
 28285
 28381
 28709
 28882
 28955
 29109
 29183
 29248
 29369
 29999
 30000
 30137
 30353
 30442
 30541
 30592
 30874
 30940
 31038
 31219
 31447
 31579
 31587
 31603
 31684
 31828
 32105
 32120
 32161
 32388
 32530
 32576
 32603
 32767
 33042
 33043
 33236
 33431
 33530
 33549
 33613
 33631
 33683
 33740
 33758
 33848
 33997
 34018
 34085
 34108
 34215
 34252
 34386
 34421
 34426
 34490
 34540
 34624
 34840
 34863
 35181
 35241
 35262
 35283
 35291
 35404
 35413
 35438
 35611
 35714
 35764
 35823
 35902
 36025
 36147
 36176
 36201
 36334
 36354
 36646
 36697
 36739
 36779
 37068
 37075
 37099
 37159
 37211
 37277
 37399
 37432
 37531
 37544
 37556
 37769
 37790
 37816
 37830
 37850
 37894
 38041
 38070
 38164
 38170
 38195
 38236
 38251
 38289
 38444
 38665
 39036
 39248
 39332
 39382
 39431
 39591
 39621
 39680
 39816
 39841
 39981
 40009
 40010
 40013
 40038
 40060
 40107
 40231
 40234
 40278
 40331
 40350
 40406
 40545
 40745
 40831
 40862
 41092
 41097
 41102
 41171
 41368
 41442
 41491
 41692
 41725
 41732
 41806
 41862
 41869
 41930
 42101
 42266
 42517
 42663
 42700
 42824
 42986
 43088
 43117
 43339
 43353
 43530
 43558
 43571
 43703
 44083
 44342
 44551
 44594
 44748
 45136
 45175
 45410
 45433
 45501
 45512
 45707
 45714
 45867
 45969
 46034
 46225
 46284
 46403
 46423
 46591
 46694
 46775
 46911
 46927
 47076
 47094
 47120
 47273
 47379
 47556
 47706
 47735
 47768
 47937
 48025
 48127
 48351
 48446
 48500
 48569
 48601
 48604
 48808
 48808
 48827
 48855
 49146
 49218
 49461
 49514
 49521
 49704
 49829
 49848
 49871
 49872
 49887
 