31
 349
 437
 635
 649
 693
 877
 910
 942
 1328
 1386
 1401
 1595
 1721
 1887
 2053
 2127
 2147
 2256
 2322
 2349
 2709
 2762
 2992
 3053
 3068
 3270
 3323
 3367
 3517
 3629
 4075
 4101
 4106
 4110
 4166
 4181
 4192
 4349
 4593
 4633
 4646
 4824
 4878
 5011
 5253
 5264
 5321
 5729
 5732
 5900
 5912
 6176
 6202
 6224
 6304
 6321
 6534
 6554
 6700
 6719
 6763
 6791
 6800
 6955
 7156
 7261
 7515
 7578
 7751
 7833
 8176
 8201
 8278
 8351
 8432
 8485
 8754
 8780
 8794
 9000
 9139
 9250
 9293
 9297
 9509
 9551
 9556
 9592
 9764
 9885
 9898
 9916
 9933
 10084
 10150
 10303
 10403
 10415
 10423
 10502
 10583
 10606
 10709
 10807
 10832
 11081
 11257
 11467
 11469
 11628
 11848
 11859
 11896
 12077
 12107
 12155
 12339
 12340
 12600
 12626
 12668
 12738
 12786
 12835
 12909
 12974
 13058
 13064
 13084
 13185
 13466
 13514
 14040
 14089
 14136
 14255
 14480
 14572
 14622
 14721
 14737
 14818
 14840
 14976
 14990
 15090
 15100
 15169
 15233
 15321
 15550
 15603
 16086
 16088
 16279
 16748
 16787
 16832
 16835
 16859
 16947
 16990
 17173
 17315
 17344
 17736
 17913
 17980
 18110
 18163
 18175
 18420
 18630
 18637
 18659
 18662
 18750
 19015
 19088
 19174
 19215
 19290
 19333
 19401
 19496
 19573
 19607
 19815
 19899
 19928
 19939
 19989
 20130
 20364
 20424
 20564
 20663
 20801
 21048
 21069
 21314
 21322
 21428
 21640
 21788
 21918
 22175
 22310
 22387
 22591
 22625
 22646
 22701
 22899
 22942
 23003
 23171
 23241
 23340
 23531
 23615
 23760
 23887
 23903
 23980
 24119
 24134
 24199
 24341
 24425
 24566
 24844
 24859
 24945
 24963
 25069
 25380
 25746
 25797
 25863
 25923
 25958
 25963
 26011
 26041
 26155
 26157
 26200
 26213
 26330
 26346
 26441
 26564
 26611
 26615
 26763
 26797
 26908
 26997
 27071
 27290
 27424
 27472
 27633
 27818
 27851
 27884
 27896
 27949
 28191
 28276
 28346
 28681
 28739
 28768
 28911
 29030
 29067
 29166
 29313
 29493
 29585
 29657
 29999
 30086
 30149
 30248
 30283
 30337
 30828
 30888
 30910
 31039
 31063
 31117
 31210
 31337
 31448
 31449
 31522
 31600
 31823
 32105
 32112
 32243
 32456
 32509
 32535
 32594
 32785
 32859
 32924
 33041
 33419
 33597
 33628
 33686
 33797
 33801
 33815
 33923
 33948
 33973
 33991
 34002
 34137
 34271
 34281
 34481
 34709
 34768
 34784
 34815
 34821
 34826
 34928
 34945
 35148
 35364
 35429
 35575
 35635
 35714
 35875
 35893
 35898
 35900
 35908
 36077
 36212
 36382
 36677
 36825
 36905
 37003
 37027
 37039
 37056
 37123
 37236
 37364
 37382
 37385
 37406
 37515
 37606
 37878
 38030
 38153
 38461
 38589
 38754
 38759
 38900
 38998
 39043
 39130
 39315
 39371
 39481
 39557
 39563
 39615
 39670
 39767
 39805
 39838
 39955
 39955
 40014
 40044
 40232
 40252
 40392
 40431
 40508
 40518
 40532
 40563
 40575
 40752
 40795
 40855
 40860
 40864
 40964
 41516
 41549
 41563
 41653
 41832
 41843
 41984
 41984
 41986
 41995
 42002
 42072
 42098
 42464
 42618
 42644
 42648
 42767
 42813
 42872
 43262
 43342
 43485
 43589
 43629
 43782
 43784
 43946
 44158
 44272
 44399
 44701
 44834
 44872
 45160
 45228
 45374
 45408
 45432
 45470
 45545
 45564
 45643
 45770
 45904
 45934
 46000
 46085
 46201
 46249
 46318
 46328
 46361
 46505
 46584
 46692
 46698
 46757
 47026
 47078
 47180
 47182
 47222
 47281
 47287
 47395
 47472
 47477
 47493
 47494
 47497
 47727
 48037
 48087
 48112
 48314
 48398
 48426
 48531
 48534
 48788
 48863
 48928
 48959
 48973
 49166
 49388
 49473
 49638
 49689
 49719
 49730
 49928
 