0
 0
 0
 0
 0
 72
 213
 237
 309
 566
 632
 732
 747
 876
 898
 951
 1032
 1185
 1325
 1535
 1549
 1587
 1607
 1680
 1967
 2086
 2255
 2336
 2425
 2588
 3069
 3075
 3244
 3679
 3728
 3911
 4020
 4060
 4187
 4428
 4524
 4543
 4604
 4608
 4651
 4847
 4892
 5117
 5123
 5187
 5235
 5363
 5375
 5555
 5787
 5849
 6054
 6156
 6359
 6391
 6725
 7052
 7112
 7322
 7380
 7407
 7489
 7534
 7628
 7692
 7722
 7928
 8159
 8263
 8474
 8523
 8544
 8549
 8554
 8587
 8635
 8790
 8798
 8808
 8826
 9109
 9183
 9398
 9470
 9498
 9575
 9612
 9690
 9716
 9803
 9945
 10089
 10118
 10156
 10187
 10459
 10486
 10643
 10739
 10921
 10948
 10986
 11249
 11325
 11368
 11458
 11671
 11691
 11715
 11830
 11864
 11957
 12159
 12187
 12257
 12282
 12429
 12451
 12753
 12772
 12825
 12882
 12941
 12978
 13098
 13262
 13392
 13419
 13461
 13883
 13951
 13964
 14033
 14047
 14076
 14108
 14678
 14708
 14835
 14959
 15168
 15199
 15334
 15341
 15359
 15544
 15665
 15683
 15754
 15872
 16106
 16312
 16419
 16494
 16602
 16634
 16689
 16759
 16832
 16866
 16949
 17050
 17078
 17480
 17742
 17814
 17868
 18170
 18173
 18201
 18372
 18461
 18549
 18663
 18744
 18758
 18979
 19269
 19316
 19408
 19431
 19480
 19480
 19613
 19812
 19918
 19929
 19954
 20000
 20202
 20561
 20655
 20695
 20859
 20923
 21196
 21284
 21294
 21387
 21725
 21783
 21852
 21978
 22037
 22129
 22222
 22320
 22450
 22487
 22550
 22749
 22859
 22911
 23239
 23282
 23340
 23377
 23523
 23698
 23800
 23829
 23889
 23906
 24008
 24021
 24108
 24265
 24309
 24341
 24384
 24407
 24461
 24588
 24675
 24703
 24855
 24857
 24958
 25303
 25340
 25353
 25565
 25646
 25701
 25849
 25917
 25968
 26377
 26578
 26621
 26776
 26845
 26940
 27027
 27035
 27171
 27258
 27406
 27447
 27476
 27492
 27612
 27637
 27653
 27808
 27880
 27916
 27940
 27970
 28106
 28270
 28304
 28360
 28503
 28822
 28961
 28994
 29093
 29186
 29221
 29253
 29335
 29596
 29959
 30122
 30196
 30447
 30584
 30833
 30899
 30944
 31147
 31283
 31292
 31740
 31750
 31754
 31824
 31913
 32096
 32454
 32489
 32506
 32515
 32525
 32991
 33034
 33039
 33112
 33153
 33295
 33333
 33356
 33368
 33390
 33655
 33681
 33825
 33840
 33845
 34058
 34106
 34120
 34308
 34328
 34348
 34382
 34387
 34733
 34769
 34776
 34813
 34924
 34972
 35078
 35211
 35265
 35269
 35314
 35384
 35385
 35633
 35658
 35973
 36129
 36366
 36487
 36538
 36578
 36661
 36757
 36777
 37043
 37081
 37136
 37193
 37381
 37458
 37649
 38040
 38055
 38361
 38864
 38873
 39130
 39223
 39291
 39432
 39461
 39527
 39560
 39606
 39624
 39693
 39763
 39793
 39843
 40404
 40633
 40755
 40876
 40898
 41306
 41445
 41466
 41522
 41554
 41623
 41674
 41690
 41923
 42098
 42170
 42392
 42488
 42745
 43044
 43097
 43196
 43269
 43314
 43478
 43601
 43663
 44007
 44194
 44220
 44225
 44381
 44426
 44482
 44770
 44937
 45104
 45271
 45337
 45391
 45424
 45454
 45527
 45801
 45875
 45917
 45919
 46218
 46265
 46396
 46547
 46554
 46611
 46647
 46692
 46728
 46759
 46798
 47378
 47493
 47790
 47804
 47860
 47970
 48092
 48133
 48192
 48219
 48329
 48526
 48633
 48684
 48782
 48799
 49012
 49030
 49114
 49238
 49389
 49439
 49549
 49623
 49721
 49744
 49881
 50059
 50125
 50319
 50387
 50416
 50434
 50804
 50822
 50827
 50954
 51040
 51157
 51310
 51473
 51732
 51804
 52169
 52275
 52488
 52532
 52569
 52697
 52715
 52862
 52974
 53216
 53336
 53418
 53507
 53511
 53522
 53607
 53831
 53972
 54339
 54384
 54429
 54439
 54587
 54598
 54680
 54811
 55071
 55504
 55540
 55631
 55780
 55806
 55899
 56024
 56042
 56043
 56126
 56164
 56338
 56350
 56489
 56848
 56864
 56868
 57275
 57332
 57353
 57382
 57405
 57514
 57529
 57537
 57538
 57585
 57599
 57604
 57663
 57967
 58052
 58429
 58521
 58532
 58580
 58588
 58621
 58823
 58883
 59044
 59195
 59351
 59381
 59574
 59845
 59880
 59897
 60007
 60060
 60173
 60196
 60284
 60526
 60559
 60767
 60784
 60794
 60950
 60955
 61094
 61204
 61205
 61319
 61396
 61507
 61728
 61762
 61764
 61823
 61904
 62027
 62189
 62288
 62312
 62334
 62657
 63003
 63247
 63386
 63647
 63661
 63697
 63859
 63897
 64144
 64160
 64176
 64230
 64449
 64648
 64691
 64909
 65004
 65040
 65074
 65182
 65217
 65249
 65309
 65379
 65446
 65500
 65718
 65720
 65822
 65846
 66054
 66148
 66152
 66396
 66433
 66445
 66554
 66666
 66672
 66916
 66989
 67039
 67045
 67094
 67223
 67243
 67479
 67664
 67735
 67780
 67786
 67812
 67914
 68164
 68486
 68512
 68531
 68658
 68733
 68966
 69213
 69217
 69324
 69420
 69599
 69646
 69702
 69784
 69830
 69870
 69886
 69897
 69943
 70035
 70044
 70050
 70084
 70401
 70429
 70449
 70454
 70471
 70507
 70539
 70559
 70603
 70652
 70674
 70842
 70890
 70982
 71016
 71092
 71105
 71181
 71209
 71255
 71361
 71522
 71526
 71645
 71658
 71761
 72435
 72480
 72731
 72780
 72936
 73004
 73031
 73037
 73218
 73436
 73558
 73579
 73602
 73612
 73673
 73802
 73955
 73977
 74129
 74280
 74817
 74831
 74871
 74918
 75004
 75152
 75228
 75397
 75409
 75449
 75481
 75531
 75564
 75566
 75723
 75757
 75785
 75808
 75823
 75851
 75878
 76204
 76280
 76353
 76368
 76619
 76758
 76797
 76876
 76937
 76988
 77010
 77056
 77107
 77183
 77342
 77419
 77461
 77737
 77776
 77838
 78020
 78032
 78072
 78073
 78453
 78637
 78714
 78819
 78825
 78911
 78991
 79011
 79127
 79128
 79138
 79196
 79257
 79270
 79281
 79326
 79402
 79420
 79606
 79616
 79626
 79680
 79720
 79762
 79777
 79832
 79852
 79926
 80306
 80342
 80455
 80568
 80790
 80812
 80842
 80845
 80875
 81027
 81063
 81081
 81219
 81231
 81273
 81314
 81405
 81484
 81632
 81647
 81684
 81949
 82069
 82185
 82221
 82323
 82468
 82477
 82562
 82661
 82741
 82759
 82884
 82901
 83101
 83141
 83150
 83186
 83203
 83333
 83436
 83677
 83746
 83942
 83987
 83999
 84017
 84045
 84153
 84232
 84236
 84252
 84410
 84463
 84731
 84791
 84797
 84803
 85036
 85176
 85270
 85494
 85865
 85921
 86041
 86061
 86261
 86552
 86590
 86791
 86849
 86925
 87012
 87038
 87040
 87141
 87276
 87284
 87316
 87351
 87772
 87900
 88008
 88041
 88090
 88207
 88235
 88307
 88314
 88479
 88552
 88707
 89108
 89141
 89221
 89290
 89336
 89494
 89714
 89768
 90012
 90090
 90173
 90222
 90382
 90529
 90555
 90686
 90823
 91075
 91268
 91323
 91359
 91366
 91734
 91815
 91881
 91962
 91977
 92095
 92130
 92390
 92391
 92404
 92408
 92607
 92654
 92725
 92872
 92946
 93220
 93229
 93262
 93410
 93654
 93728
 93790
 93792
 93922
 94171
 94359
 94393
 94425
 94448
 94527
 94655
 94677
 94721
 94755
 94934
 94964
 95137
 95170
 95200
 95250
 95351
 95394
 95620
 95670
 95682
 95770
 95784
 95877
 95901
 95939
 95979
 96035
 96045
 96068
 96082
 96139
 96447
 96477
 96533
 96553
 97023
 97040
 97128
 97221
 97546
 97584
 97689
 97728
 97794
 97833
 97926
 97927
 98341
 98761
 98935
 98961
 99005
 99134
 99174
 99362
 99456
 99792
 99999
 100070
 100121
 100558
 100603
 100627
 100664
 100692
 100698
 100745
 100916
 100989
 101012
 101154
 101154
 101199
 101280
 101492
 101811
 101818
 101910
 102125
 102154
 102202
 102345
 102763
 102954
 103110
 103282
 103403
 103424
 103485
 103532
 103687
 103712
 103970
 103985
 104411
 104484
 104643
 104866
 104899
 105022
 105199
 105329
 105399
 105582
 105680
 105773
 106063
 106080
 106131
 106142
 106149
 106321
 106364
 106389
 106417
 106490
 106669
 106695
 106747
 106808
 106836
 106870
 106936
 106960
 107227
 107242
 107294
 107522
 107822
 107926
 107965
 107975
 108032
 108061
 108095
 108611
 108674
 108739
 108767
 108932
 109023
 109057
 109072
 109149
 109320
 109523
 109606
 109631
 109746
 109818
 109875
 110276
 110281
 110593
 110731
 110947
 111111
 111111
 111111
 111177
 111277
 111321
 111409
 111584
 111652
 111855
 111932
 111935
 112162
 112221
 112676
 112980
 113009
 113023
 113077
 113100
 113120
 113146
 113254
 113278
 113333
 113425
 113492
 113672
 113762
 113920
 114014
 114020
 114022
 114160
 114264
 114405
 114635
 114656
 114707
 114766
 114987
 115150
 115187
 115463
 115552
 115761
 115853
 115865
 115889
 115956
 116042
 116501
 116666
 116728
 116772
 117178
 117208
 117241
 117333
 117598
 117797
 117840
 118027
 118082
 118181
 118225
 118487
 118584
 118993
 119047
 119052
 119168
 119175
 119205
 119211
 119336
 119634
 119861
 119968
 120034
 120175
 120201
 120668
 120714
 120772
 121293
 121347
 121443
 121621
 121718
 121729
 122050
 122190
 122418
 122541
 122556
 123146
 123315
 123320
 123360
 123567
 123904
 124141
 124253
 124547
 124779
 124833
 124874
 124951
 125197
 125201
 125249
 125318
 125534
 125566
 125627
 125676
 125777
 125808
 126044
 126136
 126176
 126656
 126726
 126784
 127027
 127173
 127340
 127456
 127635
 127639
 127708
 127802
 127892
 127896
 128064
 128189
 128200
 128281
 128355
 128508
 128526
 128538
 128808
 129151
 129192
 129203
 129242
 129283
 129698
 129753
 130189
 130244
 130339
 130390
 130574
 130739
 130801
 130867
 130881
 131040
 131051
 131071
 131078
 131279
 131394
 131749
 131777
 131924
 132065
 132140
 132157
 132286
 132378
 132476
 132538
 132627
 132661
 132788
 132816
 132865
 132913
 132917
 132941
 133006
 133061
 133180
 133183
 133315
 133369
 133801
 133934
 133957
 134126
 134137
 134199
 134309
 134351
 134408
 134775
 134920
 134979
 134988
 135006
 135010
 135015
 135211
 135238
 135341
 135567
 135585
 135734
 135758
 135767
 135811
 135889
 135933
 136199
 136293
 136307
 136336
 136483
 136526
 136672
 136818
 136977
 137222
 137476
 137614
 137715
 137724
 137911
 137984
 137984
 137988
 138042
 138050
 138063
 138068
 138077
 138334
 138412
 138568
 138992
 139015
 139172
 139177
 139200
 139345
 139405
 139421
 139698
 139788
 139839
 139841
 139929
 139955
 140027
 140060
 140362
 140372
 140722
 140858
 140898
 141136
 141277
 141375
 141476
 141519
 141592
 141600
 141858
 141878
 141929
 142041
 142095
 142150
 142158
 142180
 142311
 142316
 142354
 142480
 142775
 143164
 143434
 143499
 143533
 143545
 143554
 143928
 143953
 144000
 144353
 144492
 144541
 144618
 144691
 144884
 145142
 145157
 145161
 145182
 145288
 145390
 145442
 145512
 145557
 145709
 145866
 146140
 146288
 146379
 146666
 146678
 146768
 146772
 146864
 146893
 147000
 147123
 147150
 147331
 147350
 147351
 147657
 147756
 147757
 147852
 148082
 148206
 148269
 148310
 148561
 148780
 149070
 149141
 149179
 149219
 149311
 149522
 149609
 149646
 149696
 149797
 150030
 150266
 150463
 150604
 150665
 150676
 150807
 150875
 150991
 151016
 151124
 151257
 151519
 151586
 151626
 151658
 151682
 151890
 152132
 152160
 152173
 152229
 152331
 152431
 152538
 152538
 152587
 152643
 152681
 152823
 153141
 153151
 153229
 153567
 153594
 153852
 154405
 154445
 154800
 154947
 154956
 155096
 155139
 155288
 155354
 155401
 155405
 155409
 155545
 155686
 155897
 156072
 156177
 156318
 156377
 156450
 156486
 156528
 156550
 156688
 156992
 157006
 157039
 157084
 157094
 157528
 157538
 157629
 157671
 157811
 157813
 158075
 158105
 158175
 158227
 158323
 158575
 158626
 158639
 158766
 158869
 158948
 159095
 159468
 159543
 159548
 159564
 159646
 159723
 159810
 159827
 159951
 160017
 160082
 160484
 160566
 160647
 160679
 160697
 160700
 160700
 160701
 160754
 160876
 160902
 160962
 161163
 161264
 161412
 161505
 161665
 161717
 161719
 161740
 161869
 161901
 161941
 161989
 162038
 162297
 162383
 162438
 162793
 162980
 162991
 163162
 163180
 163310
 163425
 163460
 163487
 163854
 163869
 163893
 163934
 164006
 164058
 164058
 164103
 164181
 164226
 164316
 164400
 164498
 164519
 164562
 164614
 164709
 164976
 165298
 165396
 165516
 165533
 165580
 165820
 165828
 165870
 165955
 166024
 166219
 166261
 166307
 166340
 166407
 166499
 166545
 166640
 166666
 166666
 166905
 166913
 167104
 167126
 167142
 167152
 167217
 167256
 167357
 167390
 167570
 167586
 167618
 167730
 167778
 167818
 167870
 167883
 167987
 168063
 168264
 168346
 168362
 168415
 168440
 168449
 168468
 168688
 168905
 168926
 168990
 169147
 169219
 169467
 169527
 169614
 169630
 169721
 169774
 169797
 169809
 169972
 170040
 170253
 170485
 170516
 170563
 170655
 170658
 170900
 170977
 171236
 171295
 171350
 171502
 171520
 171554
 171633
 171966
 172122
 172246
 172418
 172511
 172628
 172714
 172763
 173153
 173177
 173359
 173366
 173419
 173466
 173481
 173579
 173587
 173886
 174055
 174067
 174228
 174327
 174631
 174645
 174805
 174863
 174906
 174920
 175109
 175124
 175126
 175279
 175510
 175594
 175663
 175823
 176062
 176229
 176309
 176499
 176642
 176758
 177119
 177177
 177305
 177375
 177439
 177469
 177495
 177511
 177522
 177569
 177910
 178008
 178021
 178174
 178187
 178190
 178205
 178342
 178423
 178659
 178683
 178704
 178886
 179001
 179188
 179292
 179373
 179487
 179487
 179564
 179641
 179704
 179775
 179843
 179850
 179891
 179901
 179923
 179924
 179925
 180027
 180200
 180327
 180516
 180638
 180720
 180802
 180821
 180851
 180851
 180861
 180865
 181009
 181154
 181171
 181211
 181236
 181250
 181458
 181493
 181577
 181818
 182201
 182268
 182290
 182393
 182395
 182530
 182818
 182866
 182918
 182939
 183086
 183180
 183181
 183625
 183702
 183816
 183842
 183845
 183950
 184018
 184160
 184435
 184631
 184737
 184807
 185088
 185185
 185217
 185639
 185651
 185804
 185950
 186022
 186039
 186052
 186170
 186203
 186317
 186359
 186495
 186547
 186578
 186720
 186832
 186950
 187025
 187051
 187203
 187367
 187426
 187431
 187542
 187564
 187592
 187602
 187931
 187983
 188002
 188302
 188307
 188385
 188464
 188643
 188841
 188861
 188922
 189002
 189081
 189181
 189196
 189497
 189557
 189710
 189827
 189860
 189977
 190188
 190312
 190476
 190548
 190589
 190900
 190970
 191020
 191080
 191219
 191387
 191455
 191470
 191644
 191877
 191941
 191955
 191980
 192278
 192288
 192297
 192405
 192449
 192461
 192543
 192602
 192704
 192731
 192753
 192873
 192913
 192929
 193145
 193215
 193321
 193336
 193394
 193413
 193524
 193789
 193867
 194045
 194110
 194160
 194350
 194426
 194701
 194850
 194852
 194976
 195009
 195231
 195348
 195509
 195558
 195581
 195618
 195634
 195711
 195749
 195789
 195867
 195919
 195980
 195981
 196127
 196203
 196271
 196317
 196371
 196379
 196539
 196553
 196889
 197545
 197757
 197899
 197925
 198029
 198062
 198132
 198270
 198453
 198665
 198744
 198883
 198920
 198966
 199053
 199155
 199356
 199616
 199646
 199717
 199729
 199747
 199747
 199755
 199786
 199841
 199999
 199999
 200072
 200174
 200234
 200426
 200514
 200519
 200573
 200710
 200781
 200785
 200818
 200839
 201035
 201075
 201188
 201339
 201498
 201507
 201561
 201603
 201781
 201799
 201878
 201967
 201970
 202013
 202083
 202110
 202120
 202397
 202604
 202725
 202779
 203009
 203040
 203224
 203389
 203399
 203399
 203616
 203633
 203767
 203827
 203837
 203844
 203999
 204078
 204313
 204342
 204534
 204560
 204609
 204618
 205017
 205022
 205061
 205073
 205138
 205351
 205546
 205599
 205714
 205786
 205814
 205882
 206016
 206036
 206086
 206232
 206303
 206349
 206540
 206676
 206874
 207112
 207129
 207256
 207430
 207547
 207627
 207686
 207803
 207907
 207909
 207916
 208001
 208338
 208379
 208424
 208539
 208637
 208645
 208737
 208759
 208837
 208983
 208985
 209003
 209484
 209515
 209584
 209702
 209786
 210101
 210144
 210256
 210326
 210327
 210347
 210443
 210556
 210713
 210749
 210915
 210980
 210995
 211015
 211112
 211269
 211413
 211426
 211685
 211698
 211711
 211786
 211855
 211944
 211956
 211981
 212127
 212382
 212384
 212391
 212427
 212488
 212510
 212575
 212653
 212702
 212752
 212772
 213000
 213012
 213135
 213169
 213187
 213296
 213391
 213462
 213487
 213590
 213958
 214027
 214143
 214156
 214161
 214169
 214173
 214285
 214285
 214285
 214312
 214342
 214374
 214508
 214643
 214658
 214701
 214719
 214801
 214871
 214992
 215025
 215143
 215269
 215288
 215329
 215366
 215499
 215525
 215544
 215749
 215770
 215847
 215872
 215981
 216065
 216075
 216374
 216429
 216519
 216520
 216584
 216595
 216698
 216723
 216733
 216926
 217019
 217025
 217114
 217197
 217411
 217630
 217642
 217795
 217812
 217814
 217889
 217940
 218018
 218073
 218120
 218192
 218233
 218292
 218385
 218442
 218693
 218869
 218878
 218938
 218981
 218987
 219027
 219090
 219264
 219284
 219376
 219781
 220101
 220158
 220245
 220282
 220330
 220398
 220507
 220664
 220674
 220758
 220813
 220896
 220921
 220988
 221008
 221025
 221042
 221101
 221162
 221203
 221228
 221311
 221454
 221673
 221811
 221846
 221863
 221925
 221957
 222071
 222348
 222372
 222516
 222541
 222728
 222733
 222784
 222784
 222950
 223269
 223293
 223355
 223457
 223475
 223702
 223753
 223888
 223903
 223913
 223946
 224029
 224319
 224452
 224561
 224803
 224843
 224913
 224969
 224982
 224995
 225082
 225100
 225366
 225419
 225594
 225696
 225706
 225838
 226146
 226205
 226206
 226347
 226360
 226422
 226440
 226466
 226547
 226603
 226625
 226660
 226856
 226983
 227078
 227264
 227272
 227272
 227309
 227367
 227881
 227994
 228145
 228252
 228297
 228394
 228416
 228490
 228563
 228936
 229151
 229177
 229212
 229526
 229618
 229806
 229842
 229915
 230356
 230379
 230528
 230637
 230690
 230739
 230783
 230798
 230844
 230853
 230948
 230950
 230990
 231116
 231402
 231404
 231407
 231511
 231538
 231751
 231838
 231958
 231985
 232142
 232556
 232645
 232673
 232842
 232866
 232887
 233068
 233274
 233343
 233410
 233764
 234074
 234130
 234190
 234264
 234366
 234378
 234433
 234457
 234756
 234769
 235035
 235152
 235507
 235547
 236186
 236212
 236621
 236678
 236884
 237453
 237465
 237540
 237650
 237885
 237888
 238313
 238477
 238533
 238762
 238846
 238871
 238984
 239069
 239234
 239255
 239378
 239761
 239920
 239972
 240102
 240258
 240259
 240278
 240496
 240622
 240704
 240829
 240963
 241054
 241060
 241195
 241295
 241328
 241479
 241532
 241553
 241625
 241625
 241688
 241745
 241803
 241811
 241946
 241975
 242179
 242239
 242335
 242403
 242596
 242629
 242665
 242751
 243243
 243423
 243695
 243736
 243805
 243826
 243886
 243899
 243946
 244156
 244254
 244441
 244548
 244685
 244752
 244759
 245067
 245159
 245206
 245308
 245607
 245634
 245817
 245853
 245877
 246080
 246135
 246452
 246556
 246618
 246631
 246898
 247191
 247223
 247307
 247357
 247428
 247512
 247614
 247651
 247702
 247810
 247968
 247989
 248052
 248172
 248345
 248510
 248659
 248670
 248726
 249098
 249306
 249466
 249588
 249635
 249787
 249839
 249848
 249859
 249870
 250000
 250000
 250053
 250063
 250078
 250132
 250477
 250513
 250562
 250696
 250902
 250952
 251045
 251241
 251263
 251385
 251451
 251614
 251695
 251715
 251793
 251943
 251966
 251990
 251994
 252014
 252100
 252103
 252123
 252136
 252148
 252151
 252242
 252351
 252475
 252499
 252575
 252678
 252816
 252817
 252896
 252938
 253015
 253074
 253227
 253420
 253777
 253954
 254036
 254068
 254123
 254181
 254253
 254261
 254279
 254385
 254385
 254385
 254468
 254498
 254509
 254539
 254632
 254881
 254981
 255017
 255138
 255261
 255266
 255297
 255352
 255498
 255564
 255592
 255636
 255690
 256159
 256402
 256455
 256532
 256722
 256744
 256812
 256901
 257107
 257133
 257270
 257533
 257762
 257789
 257794
 257876
 257897
 257922
 258118
 258122
 258322
 258609
 258616
 258742
 258748
 258814
 258837
 259153
 259194
 259267
 259276
 259346
 259433
 259503
 259538
 259557
 259564
 259649
 259680
 259777
 259780
 259959
 259999
 260000
 260286
 260316
 260325
 260416
 260515
 260539
 260617
 260885
 260905
 260912
 260916
 260978
 261028
 261231
 261306
 261322
 261387
 261393
 261420
 261617
 261647
 261674
 261676
 261756
 261890
 261952
 262033
 262038
 262049
 262109
 262133
 262211
 262258
 262396
 262866
 262880
 263157
 263157
 263190
 263245
 263285
 263444
 263771
 263834
 264044
 264285
 264493
 264551
 264551
 264570
 264820
 264874
 265041
 265056
 265306
 265330
 265408
 265448
 265545
 265609
 265685
 265701
 265827
 265835
 265838
 265970
 266074
 266076
 266131
 266214
 266238
 266260
 266418
 266940
 267092
 267189
 267325
 267441
 267563
 267632
 267677
 267840
 268229
 268240
 268303
 268332
 268335
 268549
 268561
 268632
 268708
 268736
 268741
 268750
 268838
 268844
 268887
 268893
 269074
 269119
 269134
 269190
 269430
 269940
 269959
 269970
 270077
 270143
 270179
 270330
 270399
 270879
 271016
 271048
 271069
 271149
 271285
 271336
 271425
 271467
 271472
 271681
 271739
 271742
 271795
 271796
 271832
 272007
 272015
 272146
 272156
 272205
 272337
 272364
 272436
 272450
 272550
 272650
 272759
 272870
 272911
 273039
 273051
 273231
 273238
 273830
 273844
 273871
 273880
 274546
 274574
 274642
 274758
 274771
 274825
 274848
 274851
 274855
 274878
 274939
 274991
 275031
 275462
 275664
 275686
 275748
 275825
 275825
 275862
 276086
 276155
 276396
 276517
 276517
 276628
 276746
 276766
 276789
 277006
 277078
 277383
 277735
 277740
 277777
 278109
 278130
 278143
 278155
 278215
 278266
 278452
 278504
 278545
 278735
 278915
 279052
 279094
 279112
 279248
 279348
 279508
 279532
 279534
 279754
 279847
 279859
 279882
 279952
 279967
 279974
 279975
 280026
 280104
 280107
 280136
 280219
 280227
 280253
 280258
 280338
 280522
 280648
 280651
 280674
 280696
 280855
 280860
 280884
 281049
 281081
 281212
 281252
 281267
 281303
 281645
 281680
 281789
 281867
 282008
 282131
 282276
 282325
 282332
 282343
 282541
 282625
 282763
 282868
 282874
 282901
 283025
 283130
 283314
 283314
 283432
 283865
 283880
 283901
 284170
 284206
 284209
 284331
 284464
 284669
 284756
 284816
 284871
 285097
 285125
 285492
 285634
 285650
 285733
 285825
 285853
 285890
 286017
 286037
 286145
 286551
 286752
 287260
 287286
 287478
 287485
 287516
 287587
 287595
 287600
 287698
 287759
 287859
 287915
 287941
 288099
 288118
 288430
 288640
 288790
 288804
 288968
 289073
 289115
 289473
 289586
 289589
 289646
 289771
 289848
 289930
 289930
 289996
 290166
 290184
 290220
 290435
 290449
 290464
 290474
 290477
 290495
 290735
 290917
 290967
 291294
 291357
 291366
 291449
 291695
 291788
 292079
 292125
 292125
 292474
 292487
 292585
 292699
 292709
 292746
 293015
 293020
 293069
 293127
 293302
 293381
 293582
 293721
 293725
 293825
 293918
 293944
 294091
 294166
 294568
 294575
 294621
 294861
 294958
 294977
 294988
 295339
 295450
 295509
 295566
 295599
 295635
 295808
 295992
 296080
 296093
 296296
 296377
 296632
 297108
 297255
 297297
 297311
 297388
 297452
 297512
 297514
 297693
 297693
 297812
 298482
 298507
 298624
 298679
 298700
 298826
 298840
 298865
 298957
 298969
 299035
 299065
 299179
 299319
 299340
 299399
 299449
 299538
 299553
 299733
 299737
 299751
 299773
 300079
 300136
 300227
 300293
 300319
 300430
 300649
 300878
 300925
 300995
 301038
 301273
 301534
 301714
 301799
 301843
 301958
 302166
 302362
 302482
 302526
 302607
 302626
 302837
 302936
 303166
 303225
 303235
 303418
 303527
 303565
 303650
 303749
 303751
 303784
 303901
 304111
 304205
 304351
 304469
 305073
 305114
 305138
 305146
 305170
 305191
 305272
 305650
 305701
 305705
 305903
 306121
 306184
 306238
 306243
 306251
 306283
 306300
 306302
 306466
 306505
 306569
 306684
 306912
 307114
 307134
 307225
 307343
 307376
 307422
 307468
 307563
 307593
 307618
 307635
 307787
 307800
 307850
 307853
 307994
 308073
 308176
 308261
 308300
 308379
 308387
 308452
 308501
 308611
 308803
 308810
 308881
 308904
 308940
 309110
 309227
 309682
 309685
 309808
 309933
 309943
 310090
 310172
 310390
 310395
 310397
 310403
 310610
 310667
 310672
 310879
 311111
 311223
 311282
 311313
 311349
 311560
 311691
 311702
 311823
 312003
 312056
 312186
 312233
 312341
 312500
 312545
 312604
 312610
 312664
 312952
 313028
 313117
 313130
 313197
 313326
 313432
 313927
 314230
 314285
 314331
 314342
 314442
 314564
 314574
 314610
 314618
 314683
 314686
 315005
 315029
 315089
 315090
 315116
 315161
 315257
 315308
 315367
 315408
 315494
 315570
 315718
 316409
 316414
 316420
 316431
 316443
 316735
 316850
 316862
 316932
 317019
 317083
 317225
 317239
 317279
 317322
 317337
 317407
 317433
 317494
 317652
 317663
 317741
 317748
 317803
 317854
 317973
 318293
 318341
 318397
 318510
 318534
 318629
 318631
 318844
 318930
 318933
 318956
 318984
 318992
 319127
 319127
 319163
 319411
 319664
 319669
 319857
 319887
 319898
 320067
 320259
 320380
 320853
 320992
 321270
 321290
 321320
 321328
 321405
 321593
 321840
 321893
 322082
 322088
 322282
 322304
 322440
 322614
 322653
 322869
 322908
 322918
 322922
 323063
 323134
 323606
 323618
 323628
 323811
 324042
 324262
 324442
 324590
 324593
 324619
 324727
 324824
 324829
 325015
 325094
 325193
 325279
 325380
 325467
 325513
 325586
 325729
 326070
 326098
 326143
 326248
 326329
 326416
 326496
 326638
 326763
 326908
 327116
 327183
 327425
 327550
 327569
 327631
 327664
 327681
 327885
 328072
 328074
 328228
 328292
 328358
 328377
 328617
 328767
 328947
 328999
 329038
 329043
 329105
 329139
 329148
 329201
 329211
 329294
 329391
 329501
 329513
 329525
 329601
 329605
 329638
 329705
 329714
 329740
 329779
 329813
 329901
 329989
 330008
 330041
 330188
 330192
 330477
 330665
 330687
 330744
 330894
 330985
 330985
 331003
 331366
 331461
 331465
 331491
 331577
 331687
 332036
 332085
 332095
 332113
 332157
 332192
 332225
 332360
 332635
 332639
 332825
 332882
 332940
 333261
 333372
 333457
 333500
 333529
 333565
 333745
 333874
 334042
 334063
 334105
 334159
 334173
 334225
 334248
 334577
 334734
 334806
 334847
 334862
 334873
 334884
 334921
 335075
 335249
 335284
 335302
 335306
 335411
 335446
 335476
 335514
 335520
 335555
 335560
 335610
 335907
 335991
 336018
 336031
 336201
 336246
 336260
 336275
 336283
 336290
 336424
 336429
 336575
 336605
 336988
 337139
 337158
 337272
 337291
 337400
 337621
 337651
 337731
 338095
 338243
 338250
 338294
 338325
 338368
 338368
 338566
 338582
 338686
 338894
 339178
 339274
 339511
 339593
 339615
 339646
 339975
 339986
 340239
 340395
 340471
 340546
 340649
 340694
 340814
 340968
 341050
 341092
 341145
 341165
 341399
 341412
 341442
 341488
 341496
 341578
 341675
 341864
 341873
 342105
 342282
 342343
 342551
 342722
 342839
 343031
 343061
 343082
 343176
 343181
 343232
 343247
 343620
 343664
 343761
 343784
 343971
 344018
 344082
 344171
 344290
 344324
 344353
 344402
 344964
 345183
 345191
 345360
 345368
 345634
 345772
 345919
 345963
 345982
 346018
 346086
 346104
 346285
 346557
 346707
 346743
 346829
 346905
 347012
 347083
 347104
 347176
 347360
 347659
 347695
 347704
 347713
 347731
 347997
 348201
 348203
 348274
 348378
 348443
 348997
 349024
 349062
 349163
 349250
 349511
 349633
 349718
 349728
 349830
 349892
 349999
 350009
 350082
 350150
 350165
 350192
 350279
 350322
 350481
 351063
 351095
 351172
 351405
 351407
 351558
 351603
 351774
 351854
 351910
 352191
 352296
 352475
 352553
 353098
 353148
 353227
 353387
 353455
 353590
 353757
 353951
 354123
 354231
 354422
 354630
 354653
 354830
 354918
 354977
 355189
 355255
 355342
 355359
 355428
 355440
 355465
 355471
 355599
 355603
 355634
 355716
 355922
 355926
 356088
 356211
 356392
 356696
 356756
 356906
 357063
 357142
 357193
 357269
 357405
 357412
 357451
 357575
 357585
 357768
 357807
 357983
 358006
 358108
 358150
 358212
 358274
 358277
 358335
 358410
 358499
 358509
 358522
 358536
 358619
 358623
 358699
 358869
 359037
 359305
 359504
 359591
 359618
 359642
 359675
 359690
 359832
 360096
 360103
 360384
 360450
 360536
 360547
 360797
 360824
 360854
 360895
 360916
 361051
 361086
 361198
 361271
 361429
 361598
 361653
 361812
 361975
 361978
 362097
 362133
 362366
 362620
 362660
 362709
 362818
 363031
 363209
 363215
 363228
 363254
 363331
 363698
 363702
 363715
 363720
 363861
 364172
 364197
 364303
 364317
 364349
 364643
 364657
 364795
 364856
 364932
 364978
 365196
 365291
 365381
 365448
 365544
 365573
 365617
 365714
 365739
 365889
 365954
 366084
 366088
 366144
 366334
 366364
 366475
 366830
 366847
 366878
 366894
 366999
 367148
 367390
 367426
 367540
 367576
 367655
 367751
 367918
 367925
 367982
 368021
 368131
 368196
 368256
 368300
 368385
 368455
 368598
 368795
 368862
 368902
 368995
 369168
 369475
 369520
 369534
 369547
 369675
 369811
 369932
 370106
 370175
 370352
 370382
 370476
 370528
 370673
 370685
 370722
 370741
 370839
 370853
 370964
 370976
 371155
 371194
 371224
 371280
 371497
 371667
 371710
 372001
 372188
 372306
 372424
 372471
 372660
 372680
 372743
 372901
 372950
 373027
 373217
 373423
 373450
 373516
 373611
 373697
 373765
 373767
 373769
 373824
 373855
 373890
 373979
 373995
 374122
 374181
 374208
 374444
 374516
 374620
 374786
 375111
 375119
 375234
 375243
 375389
 375471
 375645
 375829
 376081
 376116
 376208
 376895
 377133
 377146
 377163
 377188
 377380
 377551
 377577
 377642
 377694
 377922
 378063
 378177
 378227
 378343
 378491
 378640
 378657
 378750
 378922
 378927
 379175
 379213
 379233
 379379
 379441
 379648
 379649
 379816
 379831
 380110
 380282
 380410
 380583
 380614
 380682
 380843
 380853
 380952
 381005
 381072
 381119
 381152
 381526
 381544
 381596
 381646
 381720
 381730
 381918
 382010
 382058
 382145
 382199
 382352
 382453
 382536
 382538
 382659
 382733
 383008
 383048
 383309
 383333
 383377
 383612
 383705
 383961
 384045
 384141
 384320
 384380
 384403
 384610
 384688
 384819
 384885
 385048
 385113
 385197
 385248
 385291
 385324
 385477
 385483
 385559
 385586
 385776
 385905
 385913
 385945
 386127
 386206
 386294
 386311
 386330
 386362
 386452
 386458
 386657
 386689
 386776
 386863
 386922
 386978
 387043
 387092
 387190
 387277
 387404
 387453
 387575
 387607
 387749
 387804
 387814
 387878
 387959
 388438
 388457
 388667
 388697
 388724
 388753
 388756
 388888
 388932
 389100
 389159
 389516
 389697
 389704
 389927
 389963
 390043
 390061
 390243
 390264
 390318
 390342
 390417
 390438
 390496
 390531
 391027
 391089
 391129
 391309
 391446
 391531
 391561
 391622
 391647
 391706
 391816
 391872
 391984
 392030
 392053
 392058
 392116
 392116
 392148
 392247
 392368
 392543
 392616
 392735
 392886
 392965
 393034
 393036
 393098
 393142
 393336
 393366
 393404
 393410
 393565
 393596
 393813
 393935
 394270
 394301
 394398
 394507
 394534
 394562
 394568
 394721
 394758
 394762
 394835
 394860
 394912
 395195
 395199
 395216
 395266
 395267
 395312
 395499
 395501
 395647
 395735
 395913
 395918
 396120
 396191
 396193
 396211
 396326
 396373
 396437
 396466
 396496
 396655
 396733
 396851
 396879
 396951
 397004
 397483
 397689
 397709
 397870
 398157
 398540
 398591
 398729
 398925
 399179
 399278
 399399
 399520
 399661
 399821
 399999
 400132
 400262
 400277
 400526
 400701
 400847
 400893
 400905
 400906
 400972
 400977
 401180
 401458
 401459
 401528
 402132
 402221
 402276
 402398
 402467
 402517
 402619
 402840
 402890
 402920
 402990
 403056
 403150
 403218
 403273
 403546
 403604
 403643
 403689
 403751
 403782
 403790
 403840
 403911
 404162
 404312
 404369
 404399
 404673
 404718
 404761
 404813
 404848
 405100
 405175
 405184
 405211
 405263
 405369
 405459
 405507
 405640
 405652
 405895
 405986
 405996
 406008
 406043
 406053
 406149
 406152
 406166
 406318
 406377
 406439
 406848
 406962
 407202
 407231
 407404
 407430
 407780
 407783
 407801
 408096
 408163
 408466
 408489
 408756
 408977
 409124
 409182
 409390
 409401
 409479
 409589
 409594
 409615
 409649
 409907
 409926
 409961
 410065
 410345
 410474
 410842
 410948
 411032
 411173
 411188
 411299
 411417
 411489
 411522
 411551
 411707
 411764
 411845
 411881
 412115
 412154
 412202
 412232
 412280
 412287
 412299
 412378
 412441
 412519
 412737
 412788
 412789
 413019
 413028
 413454
 413461
 413547
 413640
 413741
 413861
 413922
 413958
 414050
 414075
 414141
 414175
 414232
 414325
 414378
 414570
 414604
 414605
 414881
 414906
 414927
 415038
 415227
 415486
 415553
 415722
 415773
 415789
 415794
 415857
 415884
 416073
 416301
 416311
 416324
 416473
 416784
 416911
 416998
 417032
 417110
 417176
 417245
 417316
 417423
 417454
 417716
 417792
 417874
 418176
 418239
 418361
 418457
 418483
 418527
 418604
 418638
 418658
 418678
 418707
 418746
 419033
 419091
 419316
 419381
 419382
 419643
 419687
 419687
 419769
 419911
 419957
 420039
 420072
 420147
 420180
 420186
 420271
 420418
 420668
 420738
 420768
 420825
 420878
 420899
 420950
 421293
 421485
 421521
 421561
 421842
 421905
 421968
 422001
 422069
 422085
 422094
 422094
 422165
 422250
 422285
 422369
 422435
 422500
 422567
 422706
 422790
 422953
 423043
 423069
 423076
 423076
 423132
 423261
 423270
 423461
 423501
 423563
 423622
 423662
 423773
 423905
 423930
 424008
 424012
 424206
 424240
 424308
 424393
 424539
 424870
 424982
 425027
 425080
 425300
 425301
 425302
 425325
 425426
 425504
 425575
 425657
 425784
 425825
 425833
 425916
 425976
 426585
 427330
 427340
 427350
 427356
 427515
 427533
 427630
 427715
 427825
 428067
 428104
 428109
 428130
 428261
 428307
 428441
 428483
 428608
 428665
 428818
 428943
 428952
 429012
 429159
 429166
 429327
 429357
 429381
 429402
 429629
 429708
 430000
 430045
 430127
 430287
 430356
 430562
 430575
 430613
 430649
 430717
 430903
 431026
 431047
 431095
 431212
 431268
 431280
 431372
 431429
 431431
 431638
 431788
 432106
 432229
 432233
 432244
 432278
 432362
 432539
 432580
 432663
 432898
 433190
 433263
 433287
 433648
 433652
 433719
 433976
 434059
 434146
 434407
 434409
 434632
 434647
 434727
 434817
 434899
 435114
 435227
 435315
 435387
 435408
 435426
 435517
 435577
 435652
 435735
 435860
 435983
 435986
 436116
 436235
 436278
 436370
 436376
 436547
 436586
 436664
 436704
 436781
 436800
 437263
 437272
 437282
 437412
 437448
 437502
 437610
 437947
 438148
 438164
 438190
 438264
 438434
 438741
 438820
 438882
 438925
 438937
 439034
 439044
 439557
 439633
 439678
 439704
 439760
 439791
 439870
 439900
 439981
 440007
 440151
 440222
 440455
 440471
 440684
 440911
 440968
 441091
 441176
 441217
 441244
 441457
 441464
 441798
 441837
 441884
 441903
 442036
 442182
 442244
 442274
 442577
 442580
 442650
 442706
 442734
 442748
 442769
 442825
 442955
 442970
 442975
 443168
 443189
 443219
 443317
 443526
 443548
 443652
 443661
 443719
 443799
 443867
 443898
 443929
 444023
 444054
 444069
 444160
 444220
 444254
 444275
 444336
 444367
 444424
 444428
 444481
 444524
 444565
 444738
 444759
 444801
 444911
 444919
 444934
 444960
 445072
 445193
 445391
 445423
 445472
 445491
 445723
 445740
 445743
 445751
 445851
 445929
 445949
 446062
 446103
 446117
 446125
 446400
 446530
 446958
 447031
 447073
 447078
 447115
 447168
 447187
 447196
 447207
 447372
 447439
 447534
 447657
 447706
 447820
 447914
 447985
 448044
 448088
 448216
 448228
 448253
 448385
 448502
 448561
 448584
 448748
 448875
 448882
 448946
 448950
 448992
 449251
 449290
 449554
 449562
 449604
 449617
 449651
 449666
 449914
 449924
 450143
 450217
 450232
 450455
 450484
 450495
 450506
 450630
 450652
 450696
 450769
 450779
 450821
 450918
 450933
 450964
 451061
 451114
 451114
 451276
 451367
 451449
 451455
 451543
 451577
 451580
 451695
 451726
 451755
 451788
 451838
 451887
 451930
 452034
 452041
 452054
 452060
 452201
 452231
 452316
 452426
 452755
 452805
 453019
 453052
 453060
 453067
 453105
 453251
 453425
 453545
 453553
 453574
 453594
 453622
 453690
 453812
 453833
 453858
 453936
 454043
 454263
 454357
 454426
 454649
 454652
 454699
 454800
 454808
 454976
 455001
 455023
 455028
 455105
 455277
 455607
 455625
 455640
 455694
 455707
 455902
 455909
 456022
 456057
 456126
 456227
 456351
 456504
 456623
 456815
 456838
 456900
 457140
 457142
 457364
 457473
 457533
 457551
 457603
 457879
 457889
 458081
 458209
 458259
 458264
 458738
 458761
 458816
 458942
 458980
 459183
 459459
 459582
 459587
 459597
 459612
 459683
 460000
 460008
 460016
 460147
 460150
 460182
 460366
 460464
 460551
 460594
 460896
 461057
 461060
 461082
 461238
 461355
 461538
 462121
 462406
 462487
 462487
 462580
 462598
 462600
 462677
 463038
 463615
 463811
 463874
 463957
 464033
 464056
 464485
 464521
 464587
 464607
 464731
 464766
 464770
 464819
 464863
 465163
 465291
 465361
 465461
 465522
 465561
 465647
 465683
 465746
 465751
 465829
 465970
 465978
 466113
 466190
 466289
 466378
 467060
 467255
 467311
 467329
 467415
 467429
 467647
 467788
 467895
 468005
 468094
 468267
 468478
 468519
 468674
 468710
 468983
 469418
 469447
 469586
 469673
 469939
 470164
 470194
 470416
 470464
 470514
 470588
 470658
 470910
 470938
 470954
 471061
 471131
 471182
 471244
 471644
 471737
 471776
 472022
 472034
 472373
 472386
 472422
 472509
 472564
 472602
 472686
 472796
 472888
 472972
 472984
 472993
 473219
 473252
 473309
 473342
 473358
 473532
 473624
 473669
 473687
 473700
 473770
 473770
 473840
 473972
 474037
 474080
 474084
 474170
 474358
 474729
 474885
 475039
 475107
 475122
 475156
 475173
 475214
 475231
 475247
 475331
 475340
 475430
 475520
 475521
 475537
 475710
 475819
 475862
 475977
 476008
 476076
 476113
 476122
 476135
 476179
 476180
 476221
 476246
 476562
 476656
 476857
 476974
 477047
 477113
 477116
 477141
 477262
 477265
 477272
 477454
 477468
 477504
 477618
 477767
 477771
 477812
 477825
 477872
 477928
 477987
 478063
 478087
 478259
 478504
 478540
 478603
 478628
 478666
 478676
 478802
 478938
 479041
 479188
 479553
 479555
 479632
 479727
 479810
 479821
 479948
 480118
 480160
 480198
 480326
 480371
 480473
 480483
 480519
 480534
 480733
 481159
 481200
 481294
 481311
 481726
 482092
 482160
 482163
 482439
 482447
 482565
 482583
 482613
 482664
 482785
 482798
 482820
 482912
 483030
 483096
 483648
 483648
 483811
 483834
 483998
 484003
 484071
 484126
 484348
 484460
 484640
 484933
 485041
 485142
 485251
 485567
 485818
 485910
 486039
 486163
 486274
 486335
 486460
 486666
 486696
 486718
 486769
 487272
 487394
 487769
 487912
 487916
 487951
 488191
 488300
 488310
 488403
 488538
 488644
 489018
 489063
 489325
 489334
 489341
 489513
 489555
 489743
 489764
 489811
 489842
 489894
 489918
 489996
 490484
 490636
 490654
 490677
 490847
 490890
 490910
 490956
 491043
 491053
 491090
 491270
 491368
 491600
 491649
 491682
 491715
 491776
 491879
 491913
 492098
 492293
 492372
 492390
 492768
 492868
 493037
 493084
 493138
 493268
 493436
 493726
 493801
 493934
 493970
 494022
 494056
 494065
 494245
 494402
 494475
 494541
 494757
 494773
 494946
 495068
 495187
 495269
 495509
 495706
 495735
 495778
 496231
 496262
 496301
 496548
 496583
 496710
 496762
 496788
 496789
 497230
 497347
 497375
 497414
 497450
 497590
 497678
 497711
 497906
 497933
 497971
 497983
 498174
 498186
 498432
 498447
 498557
 498729
 498760
 498840
 498899
 499110
 499173
 499198
 499557
 499675
 499675
 