0
 76
 160
 483
 519
 521
 999
 1122
 1126
 1210
 1222
 1277
 1328
 1560
 1652
 2005
 2139
 2799
 2974
 3144
 3165
 3206
 3252
 3371
 3663
 3667
 3677
 3690
 4063
 4208
 4272
 4490
 4572
 4583
 4678
 4784
 4917
 5167
 5508
 5606
 5633
 5662
 5811
 5878
 5933
 5988
 6024
 6070
 6331
 6414
 6437
 6487
 6503
 6614
 6679
 6686
 7161
 7289
 7293
 7720
 7722
 7901
 7945
 8107
 8112
 8120
 8164
 8257
 8259
 8324
 8783
 8865
 8876
 8891
 9028
 9032
 9257
 9379
 9451
 9523
 9758
 9827
 9938
 10016
 10052
 10102
 10170
 10331
 10426
 10434
 10553
 10610
 10682
 10870
 10899
 10936
 10948
 10992
 11111
 11127
 11146
 11147
 11197
 11271
 11320
 11401
 11883
 11932
 12042
 12176
 12356
 12489
 12509
 12578
 12751
 12814
 12819
 12833
 12913
 12979
 13129
 13132
 13184
 13254
 13342
 13567
 13664
 13882
 14019
 14111
 14257
 14320
 14443
 14587
 14628
 14862
 15029
 15164
 15200
 15219
 15243
 15399
 15405
 15538
 15541
 15708
 15806
 15936
 15956
 16308
 16363
 16374
 16385
 16389
 16590
 16684
 16779
 16865
 16874
 16949
 16976
 16992
 17013
 17153
 17271
 17324
 17416
 17463
 17465
 17486
 18069
 18113
 18128
 18296
 18310
 18561
 18587
 18734
 18781
 18796
 18867
 18905
 18960
 19071
 19127
 19207
 19341
 19348
 19417
 19521
 19545
 19625
 19691
 19786
 19823
 19946
 20040
 20099
 20128
 20388
 20443
 20459
 20558
 20596
 20611
 20700
 20725
 20792
 20880
 20924
 20945
 21257
 21400
 21415
 21517
 21525
 21546
 21922
 22068
 22141
 22265
 22347
 22358
 22455
 22478
 22533
 22688
 22943
 23061
 23189
 23361
 23681
 23766
 24058
 24067
 24145
 24150
 24316
 24390
 24487
 24566
 24613
 24799
 24950
 24976
 25094
 25122
 25127
 25219
 25284
 25367
 25485
 25532
 25615
 25623
 25684
 25727
 25777
 25992
 26226
 26261
 26274
 26385
 26612
 26819
 27329
 27397
 27420
 27559
 27612
 27646
 27685
 28017
 28170
 28183
 28293
 28328
 28412
 28456
 28457
 28547
 28548
 28565
 28659
 28673
 28689
 28700
 28935
 28954
 28975
 28998
 29168
 29213
 29342
 29418
 29455
 29566
 29607
 29611
 29711
 29895
 29965
 30113
 30126
 30420
 30452
 30511
 30653
 30698
 30974
 31017
 31326
 31481
 31500
 31502
 31509
 31514
 31746
 31830
 31913
 32128
 32156
 32172
 32247
 32419
 32835
 32944
 32947
 33038
 33060
 33099
 33101
 33127
 33184
 33190
 33333
 33444
 33665
 33706
 33898
 34128
 34236
 34254
 34301
 34503
 34607
 34794
 35132
 35263
 35341
 35430
 35628
 35664
 35698
 35742
 35952
 36142
 36304
 36351
 36532
 36673
 36703
 36853
 36960
 37157
 37316
 37988
 38030
 38130
 38628
 38683
 38713
 38936
 38950
 39113
 39187
 39218
 39321
 39351
 39545
 39554
 39720
 39796
 39987
 40062
 40125
 40151
 40376
 40549
 40553
 40661
 40704
 40801
 40836
 40856
 41105
 41149
 41209
 41401
 41655
 41762
 42048
 42074
 42110
 42121
 42198
 42253
 42351
 42473
 42479
 42535
 42553
 42632
 42712
 42900
 42966
 43201
 43222
 43336
 43345
 43397
 43478
 43487
 43606
 43741
 43767
 43770
 43814
 43986
 43992
 44092
 44094
 44185
 44198
 44205
 44302
 44367
 44383
 44444
 44456
 44477
 44713
 44954
 45036
 45148
 45262
 45311
 45512
 45517
 45674
 45745
 45897
 45906
 46110
 46461
 46747
 46754
 46780
 47151
 47184
 47195
 47330
 47394
 47615
 47653
 48070
 48071
 48188
 48246
 48279
 48311
 48577
 48767
 48927
 49032
 49077
 49132
 49197
 49206
 49232
 49599
 49748
 49828
 49836
 49919
 50000
 50058
 50238
 50256
 50389
 50445
 50524
 51109
 51185
 51237
 51243
 51340
 51353
 51401
 51471
 51485
 51536
 51557
 51724
 51830
 52097
 52318
 52594
 52770
 53042
 53150
 53402
 53407
 53418
 53627
 53661
 53754
 53849
 53870
 54059
 54101
 54232
 54346
 54607
 54649
 54666
 54751
 54801
 54811
 54968
 55081
 55219
 55253
 55350
 55443
 55718
 55750
 55850
 55881
 56135
 56179
 56370
 56396
 56472
 56541
 56603
 56641
 56723
 56737
 56793
 57072
 57134
 57164
 57259
 57346
 57396
 57743
 57797
 57812
 57820
 57855
 57964
 58073
 58148
 58239
 58243
 58339
 58455
 58468
 58553
 58735
 58741
 58776
 58806
 59006
 59008
 59103
 59140
 59225
 59406
 59437
 59688
 59774
 60322
 60382
 60466
 60714
 60806
 60836
 60842
 60863
 60956
 60973
 61114
 61267
 61347
 61348
 61386
 61485
 61730
 61732
 61778
 61831
 61896
 61950
 62186
 62231
 62279
 62379
 62484
 62516
 62646
 62653
 62685
 62687
 62817
 62937
 63007
 63216
 63241
 63373
 63439
 63467
 63618
 63619
 63631
 63703
 63731
 63853
 63892
 64164
 64167
 64282
 64290
 64462
 64489
 64810
 64812
 64935
 64947
 65009
 65236
 65299
 65323
 65395
 65554
 65588
 65719
 65968
 65989
 66004
 66107
 66268
 66332
 66391
 66547
 66554
 66666
 66767
 66772
 66789
 66811
 66842
 66935
 66980
 67004
 67187
 67279
 67285
 67415
 67427
 67560
 67586
 67659
 67897
 68009
 68051
 68168
 68174
 68211
 68250
 68399
 68418
 68439
 68471
 68496
 68521
 68564
 68980
 69099
 69197
 69342
 69416
 69539
 69727
 69914
 69999
 70046
 70203
 70257
 70307
 70361
 70370
 70381
 70525
 70672
 70739
 70796
 70825
 70866
 71162
 71280
 71526
 71868
 71974
 72069
 72294
 72299
 72450
 72776
 72811
 72901
 72912
 72920
 73064
 73096
 73183
 73199
 73221
 73239
 73240
 73328
 73386
 73544
 73645
 73768
 73859
 74121
 74138
 74255
 74569
 74576
 74792
 74840
 74861
 74935
 75039
 75148
 75204
 75630
 75650
 75770
 76005
 76190
 76212
 76310
 76313
 76463
 76692
 76711
 76772
 76941
 76965
 76984
 76991
 77007
 77119
 77216
 77897
 77941
 78042
 78104
 78212
 78227
 78305
 78407
 78505
 78743
 78752
 78767
 78797
 78820
 78827
 78847
 79170
 79215
 79270
 79456
 79459
 79556
 79581
 79810
 79837
 79908
 79938
 80029
 80087
 80131
 80880
 81001
 81198
 81431
 81452
 81561
 81681
 81806
 81983
 82033
 82041
 82064
 82074
 82088
 82152
 82240
 82290
 82307
 82519
 82706
 83283
 83366
 83602
 83933
 84006
 84023
 84112
 84246
 84315
 84371
 84402
 84712
 84846
 84847
 84895
 84919
 84925
 84950
 85011
 85132
 85393
 85596
 85626
 85811
 85977
 85985
 86294
 86350
 86408
 86415
 86681
 86872
 86927
 86966
 87098
 87340
 87475
 87590
 87849
 88089
 88145
 88255
 88327
 88355
 88448
 88576
 88670
 88787
 88865
 88915
 88967
 88969
 89153
 89293
 89304
 89347
 89513
 89515
 89534
 89596
 89650
 89664
 89700
 89757
 89769
 89802
 89818
 89840
 89872
 89937
 89992
 90012
 90146
 90192
 90215
 90220
 90330
 90447
 90473
 90514
 90674
 90895
 90909
 90946
 91445
 91513
 91543
 91578
 91592
 91608
 91789
 91887
 91934
 92081
 92090
 92154
 92307
 92390
 92401
 92638
 92667
 92715
 92826
 92848
 92904
 92915
 93297
 93535
 93552
 93704
 93750
 93882
 94086
 94093
 94403
 94421
 94442
 94490
 94508
 94546
 94555
 94601
 94629
 94672
 94813
 94820
 94838
 94851
 94980
 95109
 95238
 95283
 95530
 96008
 96175
 96211
 96323
 96507
 96657
 96692
 96868
 96927
 97157
 97317
 97318
 97345
 97595
 97713
 97902
 97954
 98019
 98128
 98133
 98192
 98271
 98395
 98462
 98480
 98560
 98663
 98667
 98817
 98928
 99202
 99244
 99353
 99597
 99619
 99813
 99885
 100014
 100107
 100323
 100331
 100409
 100710
 100714
 101010
 101076
 101088
 101153
 101378
 101428
 101565
 101585
 101679
 101708
 101992
 102026
 102107
 102144
 102236
 102364
 102476
 102505
 102533
 102564
 102681
 102847
 103004
 103037
 103303
 103459
 103598
 103639
 104041
 104150
 104271
 104283
 104294
 104336
 104345
 104450
 104513
 104778
 104880
 104937
 104962
 105076
 105084
 105155
 105189
 105318
 105472
 105507
 105511
 105566
 105688
 105797
 105859
 105878
 106019
 106143
 106158
 106255
 106506
 106768
 107112
 107200
 107377
 107582
 107609
 107632
 107649
 107659
 107791
 107890
 107972
 108104
 108179
 108303
 108324
 108361
 108423
 108632
 108716
 108882
 109014
 109036
 109109
 109176
 109360
 109369
 109407
 109439
 109440
 109702
 109752
 109860
 109914
 110032
 110197
 110472
 110535
 110747
 110763
 110773
 110895
 111111
 111144
 111214
 111240
 111242
 111332
 111418
 111471
 111546
 111687
 111782
 111920
 111940
 112007
 112024
 112130
 112173
 112299
 112465
 112507
 112735
 112742
 112751
 113038
 113123
 113331
 113336
 113439
 113562
 113743
 113818
 113856
 113872
 114924
 115010
 115151
 115276
 115316
 115338
 115431
 115563
 115591
 115610
 115668
 115689
 115697
 115705
 115775
 115879
 115880
 115956
 115974
 116149
 116281
 116637
 116738
 116963
 117016
 117262
 117487
 117500
 117544
 117647
 117834
 117871
 117876
 117970
 118148
 118343
 118463
 118471
 118543
 118841
 118892
 119047
 119206
 119382
 119402
 119791
 119829
 119833
 119849
 119884
 119932
 119963
 119970
 120079
 120218
 120330
 120478
 120515
 120554
 120560
 120655
 120935
 120950
 120951
 121097
 121144
 121227
 121307
 121336
 121375
 121463
 121475
 121539
 121580
 121617
 121724
 121756
 121883
 122175
 122251
 122457
 122501
 122543
 122549
 122600
 122611
 122688
 122729
 122815
 122893
 123050
 123094
 123287
 123341
 123370
 123534
 123726
 123728
 124046
 124085
 124101
 124108
 124233
 124334
 124503
 124565
 124572
 124687
 124706
 124735
 124770
 124777
 124792
 124807
 124849
 124853
 124903
 125364
 125420
 125569
 125571
 125641
 125725
 125751
 125786
 125829
 125925
 125984
 125997
 126032
 126099
 126248
 126276
 126295
 126377
 126393
 126499
 126626
 126770
 127105
 127672
 127727
 127795
 127866
 128227
 128310
 128373
 128418
 128476
 128500
 128632
 128671
 128838
 129071
 129112
 129211
 129339
 129443
 129594
 129704
 129725
 129823
 129885
 130023
 130113
 130208
 130552
 130766
 130819
 130833
 130944
 130967
 131086
 131186
 131339
 131386
 131398
 131420
 131570
 131905
 131937
 132403
 132531
 132774
 132798
 132881
 133032
 133088
 133222
 133297
 133343
 133386
 133440
 133664
 133702
 133735
 134013
 134086
 134107
 134129
 134137
 134181
 134228
 134350
 134376
 134381
 134608
 134717
 135140
 135623
 135648
 135654
 135757
 135809
 135930
 136043
 136332
 136505
 136536
 136623
 136625
 136645
 136736
 136893
 137076
 137096
 137114
 137207
 137313
 137381
 137437
 137467
 137508
 137525
 137608
 137613
 137662
 137668
 137681
 137959
 137962
 137973
 138018
 138088
 138238
 138282
 138796
 138827
 138937
 139040
 139129
 139177
 139236
 139374
 139384
 139479
 139504
 139534
 139546
 139572
 139586
 139593
 139672
 139700
 139807
 140164
 140219
 140283
 140300
 140404
 140580
 140664
 140698
 140740
 140805
 140908
 141003
 141092
 141210
 141241
 141246
 141439
 141451
 141811
 141859
 142046
 142186
 142239
 142435
 142460
 142707
 142857
 143059
 143078
 143103
 143138
 143297
 143400
 143562
 143821
 143837
 143890
 143903
 143993
 144373
 144396
 144428
 144445
 144468
 144628
 144675
 144906
 144922
 145044
 145229
 145251
 145317
 145388
 145616
 145944
 146051
 146380
 146499
 146559
 146567
 146575
 146672
 147073
 147082
 147244
 147292
 147332
 147356
 147473
 147548
 147583
 147647
 147751
 147874
 147993
 148068
 148098
 148135
 148148
 148325
 148387
 148460
 148528
 148664
 148694
 149051
 149130
 149288
 149297
 149338
 149425
 149462
 149505
 149973
 150087
 150199
 150240
 150326
 150397
 150507
 151114
 151145
 151202
 151522
 151555
 151606
 152082
 152412
 152414
 152445
 152535
 152578
 152604
 153291
 153435
 153444
 153524
 153579
 153613
 153662
 153668
 153784
 154034
 154075
 154123
 154261
 154400
 154406
 154489
 154511
 154531
 154624
 154626
 154814
 155089
 155094
 155148
 155251
 155278
 155409
 155438
 155498
 155626
 155762
 156007
 156166
 156182
 156234
 156415
 156436
 156536
 156598
 156630
 156646
 156764
 156829
 156862
 156866
 157155
 157207
 157278
 157286
 157303
 157326
 157423
 157686
 157816
 157857
 157921
 158094
 158133
 158230
 158693
 158730
 158754
 158790
 158859
 158985
 159457
 159680
 159757
 159812
 159890
 159946
 159954
 160000
 160012
 160111
 160260
 160415
 160459
 160477
 160479
 160610
 160700
 160819
 160865
 160962
 161002
 161204
 161230
 161275
 161400
 161408
 161490
 161559
 162003
 162037
 162097
 162154
 162214
 162289
 162390
 162403
 162723
 162800
 162947
 163010
 163210
 163254
 163349
 163372
 163378
 163531
 163590
 163599
 163677
 163923
 163934
 163952
 164057
 164220
 164317
 164326
 164486
 164594
 164612
 164647
 164998
 164999
 165049
 165109
 165278
 165312
 165832
 165867
 166159
 166201
 166226
 166666
 166677
 166743
 167183
 167307
 167454
 167539
 167587
 167714
 167822
 167972
 168082
 168087
 168116
 168268
 168358
 168511
 168600
 168653
 168695
 168701
 168776
 168858
 169083
 169125
 169301
 169396
 169531
 169568
 169627
 169643
 169649
 169656
 169709
 169711
 169719
 169828
 169845
 169858
 169976
 170012
 170049
 170050
 170085
 170100
 170212
 170227
 170374
 170469
 170562
 170731
 170966
 171076
 171243
 171344
 171513
 171573
 171609
 171611
 171895
 171932
 172018
 172031
 172086
 172173
 172289
 172318
 172637
 172677
 172898
 172996
 173164
 173199
 173315
 173473
 173511
 173518
 173535
 173671
 173679
 173811
 173913
 174072
 174139
 174235
 174296
 174340
 174344
 174398
 174452
 174579
 174901
 174993
 175144
 175151
 175219
 175301
 175336
 175446
 175458
 175625
 175830
 175874
 176002
 176058
 176111
 176360
 176402
 176931
 176983
 177067
 177119
 177211
 177215
 177653
 177718
 177775
 177777
 177943
 177952
 178082
 178168
 178405
 178438
 178478
 178502
 178549
 178585
 178669
 178691
 178736
 178915
 179025
 179074
 179084
 179113
 179183
 179213
 179320
 179373
 179702
 179743
 179768
 179792
 180087
 180134
 180193
 180268
 180304
 180327
 180357
 180408
 180609
 180645
 180662
 180674
 180851
 180856
 181043
 181101
 181199
 181555
 181797
 181805
 182369
 182416
 182457
 182518
 182648
 182712
 182892
 182929
 182949
 183031
 183040
 183094
 183673
 183783
 183881
 184453
 184486
 184673
 184852
 184914
 185157
 185185
 185299
 185424
 185575
 185664
 185725
 185788
 185803
 185897
 185925
 185983
 186037
 186114
 186146
 186408
 186467
 186492
 186668
 187007
 187030
 187045
 187096
 187122
 187236
 187345
 187400
 187470
 187546
 187595
 187613
 187618
 187634
 187643
 187649
 187782
 187984
 188126
 188557
 188589
 188782
 188801
 188932
 188940
 189044
 189078
 189098
 189333
 189344
 189375
 189415
 189627
 189671
 189687
 189716
 190280
 190461
 190508
 190523
 190580
 190652
 190672
 190733
 190791
 190892
 191018
 191176
 191188
 191318
 191486
 191538
 191561
 191693
 191721
 191899
 191969
 192484
 192786
 192881
 192905
 193049
 193111
 193209
 193368
 193522
 193587
 193942
 194037
 194110
 194142
 194228
 194715
 194852
 194939
 194954
 195171
 195227
 195322
 195452
 195550
 195596
 195771
 195834
 195928
 196078
 196329
 196468
 196581
 196637
 196650
 196741
 196803
 196837
 196877
 196915
 196952
 197137
 197144
 197169
 197192
 197217
 197269
 197502
 197544
 197616
 197631
 197704
 197892
 197942
 198070
 198197
 198207
 198324
 198480
 198602
 198813
 198863
 198872
 198959
 199187
 199385
 199415
 199517
 199569
 199796
 199863
 199937
 199985
 200000
 200076
 200233
 200275
 200315
 200403
 200436
 200445
 200589
 200681
 200726
 201094
 201134
 201310
 201708
 201732
 201749
 201776
 201835
 201840
 201961
 202408
 202459
 202497
 202515
 202536
 202611
 202677
 202739
 202778
 202780
 202895
 203007
 203307
 203515
 203641
 203694
 203750
 203782
 203919
 204143
 204419
 204458
 204592
 204647
 204678
 204680
 204784
 204868
 204895
 204934
 205047
 205183
 205219
 205272
 205450
 205513
 205541
 205754
 205844
 205897
 205967
 205988
 206133
 206161
 206194
 206435
 206892
 206896
 206979
 207062
 207122
 207192
 207203
 207483
 207547
 207723
 207741
 207835
 207973
 207974
 208261
 208667
 208706
 208751
 208797
 208812
 208869
 209318
 209320
 209452
 209652
 209712
 209832
 209906
 209979
 210066
 210078
 210140
 210187
 210393
 210620
 210629
 210774
 210903
 210944
 210966
 211048
 211148
 211356
 211404
 211415
 211522
 211651
 211690
 211843
 211908
 211931
 211941
 211982
 211990
 212047
 212121
 212131
 212222
 212502
 212545
 212621
 212626
 212896
 212959
 213074
 213293
 213353
 213393
 213520
 213523
 213546
 213566
 213660
 213747
 213788
 213913
 214065
 214095
 214131
 214267
 214484
 214703
 214731
 214750
 214955
 215014
 215053
 215221
 215291
 215308
 215645
 215717
 215750
 215864
 215873
 215917
 215928
 215977
 215988
 216046
 216179
 216192
 216250
 216266
 216358
 216403
 216446
 216609
 216621
 216771
 217120
 217158
 217212
 217308
 217332
 217391
 217403
 217422
 217543
 217675
 217751
 217833
 217984
 218040
 218045
 218056
 218181
 218187
 218311
 218340
 218657
 218713
 218818
 218905
 218966
 219163
 219330
 219370
 219393
 219693
 219854
 219881
 220069
 220084
 220170
 220282
 220610
 220769
 220973
 221095
 221255
 221360
 221402
 221620
 221631
 221747
 222068
 222222
 222261
 222578
 222730
 222784
 222844
 222848
 222913
 223068
 223302
 223393
 223583
 223729
 223781
 223804
 223853
 223879
 224173
 224255
 224260
 224280
 224319
 224505
 224554
 224572
 224595
 224786
 224844
 224866
 224920
 225147
 225225
 225227
 225261
 225335
 225417
 225418
 225419
 225471
 225757
 225857
 225906
 225988
 226146
 226290
 226320
 226723
 226733
 226804
 226870
 226886
 226950
 227184
 227233
 227305
 227539
 227647
 227838
 228092
 228093
 228427
 228541
 228639
 228867
 228894
 229105
 229189
 229216
 229235
 229291
 229332
 229352
 229409
 229524
 229617
 229638
 229757
 229993
 230003
 230208
 230237
 230256
 230623
 230769
 230835
 230838
 231013
 231076
 231167
 231177
 231222
 231370
 231376
 231532
 231587
 231644
 231924
 231927
 232256
 232409
 232515
 232518
 232797
 232850
 232907
 233007
 233085
 233173
 233188
 233305
 233345
 233515
 233544
 233561
 233667
 233730
 233786
 233951
 234042
 234059
 234085
 234116
 234222
 234327
 234391
 234407
 234432
 234458
 234459
 234564
 234686
 234762
 234765
 234837
 234995
 235119
 235194
 235294
 235420
 235474
 235503
 235510
 235592
 235619
 235831
 235847
 235906
 235907
 235936
 235946
 235958
 236136
 236370
 236438
 236447
 236461
 236580
 236686
 236734
 237173
 237237
 237361
 237398
 237525
 237649
 237656
 237914
 237915
 237920
 238348
 238907
 239045
 239191
 239250
 239350
 239426
 239544
 239598
 239871
 239892
 239945
 239948
 239957
 240024
 240297
 240318
 240325
 240398
 240506
 240664
 240963
 241103
 241130
 241185
 241606
 241643
 241649
 241779
 241784
 241925
 241961
 242192
 242705
 242767
 242934
 242959
 242990
 243064
 243221
 243222
 243387
 243505
 243519
 243823
 243870
 243882
 243978
 244064
 244145
 244266
 244435
 244555
 244648
 244674
 244696
 244908
 245172
 245342
 245461
 245513
 245542
 245697
 245708
 245933
 246106
 246165
 246381
 246511
 246575
 246613
 246788
 247048
 247111
 247167
 247226
 247285
 247482
 247535
 247603
 247734
 247892
 247911
 248080
 248164
 248357
 248476
 248479
 248630
 248653
 248681
 248698
 248703
 248886
 248964
 249007
 249158
 249181
 249272
 249320
 249415
 249613
 249749
 249852
 249915
 249957
 250000
 250047
 250303
 250591
 250602
 250709
 250779
 250962
 251177
 251256
 251258
 251401
 251531
 251533
 251534
 251602
 251700
 251797
 251828
 251862
 251863
 251887
 251934
 252078
 252435
 252489
 252595
 252952
 253097
 253111
 253138
 253174
 253218
 253333
 253521
 253561
 253616
 253656
 253750
 253805
 253853
 253867
 254113
 254219
 254401
 254612
 254654
 254757
 254819
 254949
 255100
 255118
 255216
 255427
 255499
 255631
 255657
 255846
 256339
 256361
 256384
 256398
 256686
 256730
 256777
 256814
 256965
 257015
 257067
 257079
 257092
 257199
 257290
 257333
 257499
 257662
 257714
 257744
 257903
 257922
 258018
 258291
 258380
 258403
 258435
 258536
 258580
 258725
 258758
 258992
 259195
 259218
 259224
 259365
 259401
 259501
 259525
 259850
 259930
 260000
 260028
 260349
 260471
 260478
 260609
 260640
 260663
 261091
 261245
 261267
 261398
 261429
 261433
 261507
 261708
 261772
 261780
 261896
 261913
 262105
 262401
 262475
 262710
 262936
 262951
 263003
 263021
 263102
 263157
 263400
 263496
 263549
 264003
 264066
 264109
 264214
 264325
 264357
 264367
 264382
 264639
 264714
 264878
 264879
 265020
 265273
 265274
 265300
 265394
 265836
 265840
 265920
 266017
 266099
 266363
 266375
 266508
 266666
 266694
 266769
 266773
 266898
 267117
 267157
 267216
 267319
 267353
 267853
 268000
 268007
 268159
 268163
 268342
 268429
 268454
 268501
 268646
 268722
 268805
 268931
 269082
 269093
 269141
 269240
 269350
 269417
 269478
 269504
 269554
 269578
 269611
 269741
 269742
 269816
 270148
 270226
 270316
 270573
 270666
 270865
 271003
 271373
 271465
 271504
 271591
 271631
 271715
 271932
 272428
 272452
 272545
 272551
 272552
 272865
 273136
 273221
 273449
 273515
 273529
 273667
 273691
 273700
 273809
 273931
 274346
 274366
 274532
 274564
 274628
 274646
 274658
 274707
 274830
 275166
 275187
 275244
 275510
 275678
 275714
 275817
 275900
 275979
 276011
 276381
 276565
 276644
 276719
 276756
 277010
 277108
 277404
 277848
 278129
 278263
 278283
 278346
 278685
 278851
 278885
 278922
 278933
 278954
 279144
 279298
 279369
 279389
 279500
 279529
 279530
 279554
 279603
 279683
 279792
 279811
 279846
 280108
 280138
 280140
 280287
 280363
 280446
 280454
 280538
 280591
 280632
 280682
 280723
 280730
 280870
 281039
 281081
 281148
 281159
 281294
 281330
 281385
 281402
 281468
 281507
 281524
 281528
 281548
 281634
 281735
 281739
 281923
 281941
 282270
 282482
 282530
 282575
 282736
 282826
 282885
 283199
 283673
 283738
 283900
 284222
 284358
 284475
 284572
 284732
 284737
 284769
 284781
 284861
 285045
 285147
 285158
 285466
 285714
 285910
 286149
 286159
 286189
 286297
 286338
 286343
 286498
 286535
 286655
 286839
 286945
 287022
 287227
 287239
 287806
 287840
 287892
 287904
 287957
 288037
 288055
 288145
 288188
 288491
 288536
 288702
 288805
 289089
 289112
 289258
 289271
 289332
 289338
 289374
 289433
 289558
 289570
 289633
 289770
 290042
 290097
 290141
 290159
 290231
 290394
 290470
 290539
 290629
 290726
 290997
 291715
 292009
 292076
 292295
 292338
 292367
 292434
 292490
 292512
 292527
 292687
 292841
 292861
 292929
 292987
 293052
 293398
 293552
 293587
 293623
 293687
 293695
 293722
 293762
 293853
 293961
 293982
 293991
 294039
 294068
 294133
 294311
 294441
 294453
 294606
 294798
 294900
 295163
 295174
 295307
 295467
 295515
 295651
 295809
 296105
 296155
 296231
 296482
 296488
 296518
 297150
 297209
 297213
 297225
 297295
 297381
 297408
 297444
 297451
 297490
 297674
 297742
 297811
 298095
 298269
 298393
 298546
 298719
 298902
 299061
 299062
 299065
 299162
 299351
 299435
 299450
 299718
 299738
 299872
 299904
 299907
 299910
 300000
 300109
 300114
 300221
 300440
 300473
 300491
 300557
 300588
 300636
 300746
 300782
 300813
 301104
 301369
 302108
 302158
 302256
 302283
 302400
 302457
 302501
 302603
 302721
 302848
 302865
 303113
 303261
 303270
 303282
 303571
 303726
 303736
 303767
 303771
 303798
 303955
 304004
 304053
 304116
 304182
 304192
 304449
 304661
 304666
 304767
 305007
 305059
 305299
 305769
 305836
 305837
 306252
 306392
 306670
 306695
 306707
 306731
 306856
 306995
 307125
 307148
 307530
 307611
 307692
 307772
 307815
 307889
 307950
 308027
 308080
 308223
 308318
 308532
 308554
 308579
 308590
 308959
 309126
 309284
 309713
 309993
 310025
 310026
 310149
 310195
 310242
 310364
 310384
 310541
 310647
 310686
 310945
 311151
 311187
 311356
 311433
 311659
 311898
 311987
 312108
 312346
 312355
 312693
 312722
 312915
 312943
 312950
 313069
 313104
 313157
 313483
 313500
 313533
 313703
 313877
 314178
 314292
 314303
 314312
 314451
 314588
 314600
 314638
 315063
 315217
 315310
 315397
 315786
 315928
 315964
 315989
 315994
 316122
 316235
 316312
 316426
 316490
 316502
 316515
 316532
 316591
 316659
 316831
 316872
 316996
 317000
 317020
 317295
 317444
 317485
 317507
 317508
 317609
 317764
 317770
 317798
 317924
 318139
 318291
 318497
 318584
 318664
 318742
 318767
 318834
 318840
 319125
 319259
 319430
 319452
 319581
 319679
 319759
 319819
 319849
 319972
 320070
 320095
 320194
 320206
 320344
 320394
 320455
 320504
 320734
 320922
 321232
 321343
 321521
 321580
 321955
 321977
 322061
 322108
 322263
 322663
 322835
 322841
 322896
 322956
 323271
 323756
 323790
 323836
 323867
 324047
 324203
 324532
 324591
 324593
 324644
 324695
 324765
 324773
 324775
 324786
 324828
 324846
 324864
 324884
 324992
 325022
 325054
 325196
 325298
 325490
 325581
 325624
 325685
 325917
 326192
 326349
 326395
 326453
 326520
 326786
 326923
 327014
 327054
 327114
 327208
 327313
 327408
 327419
 327437
 327530
 327558
 327597
 327868
 327902
 328467
 328500
 328705
 328711
 328935
 328968
 329468
 329563
 329774
 329847
 329889
 329975
 330027
 330050
 330058
 330081
 330097
 330352
 330363
 330547
 330647
 330676
 330771
 330836
 331078
 331246
 331372
 331390
 331422
 331599
 331936
 331989
 332183
 332194
 332361
 332421
 332509
 332520
 332692
 332827
 332874
 333033
 333048
 333084
 333166
 333333
 333479
 333612
 333692
 333838
 333891
 333931
 333996
 334083
 334155
 334642
 334695
 334757
 334777
 334784
 334998
 335099
 335212
 335501
 335564
 335589
 335625
 335772
 335779
 335937
 335977
 336034
 336057
 336134
 336226
 336331
 336412
 336634
 336748
 336761
 336812
 336859
 336911
 336997
 337167
 337191
 337198
 337363
 337608
 337628
 337723
 337946
 337968
 337981
 338142
 338226
 338273
 338419
 338453
 338528
 338709
 338775
 338867
 338890
 339026
 339099
 339131
 339192
 339315
 339580
 339586
 339587
 339622
 339774
 340026
 340209
 340224
 340270
 340356
 340511
 340775
 340777
 340911
 341127
 341130
 341148
 341183
 341205
 341376
 341479
 341719
 341792
 341837
 341887
 341916
 341951
 342035
 342056
 342146
 342409
 342429
 342462
 342566
 342873
 342879
 342919
 343148
 343217
 343413
 343434
 343651
 343746
 343774
 343976
 344223
 344608
 344808
 345031
 345240
 345329
 345334
 345368
 345413
 345458
 345534
 345596
 345608
 345631
 345699
 345931
 346017
 346039
 346192
 346447
 346518
 346563
 346634
 346769
 346970
 347017
 347036
 347081
 347164
 347248
 347282
 347610
 347671
 347806
 347882
 347900
 348065
 348227
 348273
 348314
 348366
 348462
 348488
 348791
 348817
 348837
 348957
 348966
 349341
 349560
 349565
 349693
 349695
 349820
 349932
 350062
 350133
 350140
 350205
 350343
 350509
 350598
 350679
 350868
 351100
 351135
 351185
 351204
 351231
 351561
 351598
 351732
 351993
 352019
 352075
 352331
 352423
 352568
 352792
 352941
 352965
 353114
 353377
 353384
 353548
 353843
 353960
 354131
 354215
 354295
 354422
 354620
 354757
 354763
 354916
 355113
 355170
 355357
 355455
 355499
 355586
 355647
 355676
 355703
 355800
 355932
 356032
 356034
 356044
 356060
 356084
 356424
 356800
 356947
 357034
 357153
 357185
 357214
 357219
 357279
 357580
 357690
 357869
 358120
 358280
 358296
 358326
 358394
 358413
 358647
 358727
 358728
 358762
 358816
 358834
 358948
 359042
 359073
 359213
 359291
 359615
 359631
 359759
 359808
 359824
 360278
 360694
 360750
 360773
 360788
 360924
 360926
 361106
 361309
 361597
 361702
 361725
 361728
 361782
 361979
 361993
 362020
 362021
 362187
 362225
 362226
 362555
 362717
 362754
 362916
 362994
 363050
 363265
 363482
 363779
 363784
 364102
 364184
 364195
 364217
 364437
 364522
 364684
 364775
 364812
 364977
 364981
 364997
 365027
 365074
 365101
 365166
 365335
 365384
 365526
 365527
 365822
 365833
 365853
 365864
 365909
 365912
 366089
 366194
 366334
 366342
 366390
 366466
 366562
 366564
 366748
 366752
 366759
 366846
 366886
 366899
 366963
 366991
 366994
 367080
 367336
 367395
 367432
 367507
 367886
 368173
 368361
 368701
 368731
 368831
 369184
 369219
 369295
 369497
 369590
 369625
 369785
 369801
 370013
 370212
 370335
 370357
 370439
 370752
 371038
 371148
 371174
 371180
 371428
 371460
 371464
 371476
 371487
 371659
 372028
 372051
 372108
 372195
 372226
 372262
 372274
 372367
 372825
 372930
 372972
 373007
 373008
 373020
 373108
 373183
 373228
 373301
 373532
 373533
 373640
 373663
 373783
 373968
 374080
 374081
 374153
 374198
 374274
 374277
 374438
 374780
 375040
 375610
 375612
 375650
 375759
 375773
 375812
 375838
 375869
 376030
 376059
 376066
 376139
 376282
 376301
 376391
 376576
 376832
 377240
 377352
 377488
 377564
 377909
 378148
 378209
 378329
 378451
 378543
 378554
 378704
 378887
 378917
 378930
 378944
 378947
 379110
 379306
 379310
 379392
 379395
 379407
 379715
 379834
 380010
 380020
 380230
 380257
 380359
 380384
 380485
 380594
 380663
 380821
 380833
 380834
 380945
 380952
 381029
 381040
 381223
 381445
 381528
 381714
 381851
 381853
 381994
 382139
 382389
 382420
 382576
 382684
 382742
 382754
 382920
 383217
 383458
 383523
 383832
 383849
 383903
 383947
 384011
 384099
 384235
 384328
 384479
 384483
 384540
 384558
 384615
 384659
 384671
 384691
 384814
 384909
 385035
 385465
 385466
 385696
 385710
 385762
 385795
 385860
 385917
 386016
 386189
 386230
 386306
 386309
 386531
 386737
 386777
 386861
 387027
 387029
 387063
 387239
 387380
 387426
 387700
 387725
 387793
 387998
 388127
 388248
 388500
 388508
 388569
 388769
 389026
 389262
 389530
 389616
 389634
 389694
 389735
 389781
 389923
 390120
 390150
 390178
 390264
 390356
 390411
 390455
 390472
 390779
 390828
 390834
 390918
 391267
 391307
 391502
 391813
 391880
 391891
 391923
 392036
 392119
 392331
 392607
 392702
 392707
 392778
 392783
 393126
 393205
 393341
 393605
 393994
 393996
 394029
 394052
 394299
 394377
 394866
 394914
 394945
 395131
 395163
 395225
 395291
 395316
 395565
 395685
 395686
 395844
 396111
 396116
 396157
 396252
 396333
 396339
 396401
 396443
 396465
 396786
 396788
 396833
 396892
 396893
 396937
 396956
 397010
 397017
 397089
 397142
 397214
 397294
 397316
 397409
 397411
 397533
 397539
 397569
 397750
 397863
 398018
 398038
 398130
 398190
 398211
 398306
 398444
 398465
 398520
 398549
 398677
 398837
 398858
 398925
 399071
 399272
 399280
 399486
 399507
 399545
 399585
 399891
 399935
 399981
 400096
 400151
 400246
 400264
 400626
 400847
 400922
 400954
 401005
 401068
 401069
 401139
 401409
 401467
 401574
 401644
 401683
 401742
 401758
 401772
 401788
 401864
 401921
 402015
 402216
 402250
 402350
 402412
 402452
 402471
 402655
 402843
 402877
 403006
 403024
 403252
 403410
 403425
 403508
 403517
 403544
 403693
 403726
 403743
 403746
 403826
 403848
 403862
 404025
 404033
 404120
 404141
 404308
 404323
 404348
 404391
 404445
 404479
 404548
 404709
 404833
 404857
 404858
 404869
 405340
 405366
 405371
 405482
 405561
 405575
 405685
 405699
 405872
 405940
 406108
 406435
 406649
 406691
 406705
 406938
 406998
 407005
 407022
 407028
 407075
 407225
 407242
 407356
 407436
 407444
 407536
 407667
 407772
 407804
 407993
 408098
 408567
 408849
 408866
 409028
 409040
 409144
 409197
 409316
 409467
 409470
 409721
 409855
 410051
 410138
 410300
 410351
 410408
 410455
 410553
 410664
 410927
 410967
 411148
 411183
 411230
 411532
 412001
 412023
 412028
 412092
 412116
 412254
 412431
 412687
 412698
 412709
 412787
 412888
 412965
 413138
 413197
 413297
 413324
 413473
 413474
 413931
 413996
 413999
 414012
 414021
 414080
 414129
 414468
 414535
 414727
 414786
 415095
 415103
 415223
 415518
 415522
 415534
 415612
 415859
 416089
 416177
 416193
 416211
 416216
 416228
 416293
 416529
 416570
 416689
 416776
 417097
 417266
 417510
 417617
 417640
 417683
 417977
 418042
 418147
 418203
 418354
 418423
 418495
 418648
 418674
 418766
 418956
 418990
 419082
 419225
 419354
 419497
 419698
 419839
 419881
 419940
 419974
 420181
 420460
 420538
 420583
 420674
 420730
 420861
 420979
 421002
 421004
 421212
 421215
 421217
 421238
 421309
 421318
 421350
 421385
 421389
 421503
 421571
 421609
 421782
 422021
 422163
 422321
 422500
 422539
 422740
 422950
 423076
 423120
 423216
 423329
 423363
 423385
 423568
 423667
 423785
 423891
 423894
 423926
 423936
 423965
 424004
 424271
 424535
 424636
 424812
 424845
 424996
 425004
 425147
 425176
 425232
 425307
 425403
 425415
 426116
 426356
 426378
 426379
 426396
 426477
 426488
 426630
 426872
 426925
 427086
 427118
 427200
 427274
 427524
 427565
 427687
 427718
 427872
 428049
 428185
 428208
 428318
 428338
 428736
 428899
 428962
 429012
 429039
 429044
 429160
 429329
 429398
 429411
 429525
 429560
 429637
 429675
 429735
 429864
 429906
 429941
 430089
 430100
 430193
 430195
 430291
 430449
 430484
 430656
 430727
 430780
 430783
 430793
 431032
 431033
 431142
 431426
 431434
 431712
 431759
 431818
 431984
 432000
 432027
 432119
 432323
 432645
 432646
 432660
 432717
 432762
 433122
 433166
 433228
 433250
 433350
 433463
 433475
 433783
 433789
 433826
 433879
 433962
 433967
 434040
 434181
 434197
 434346
 434494
 434574
 434782
 434908
 435115
 435362
 435701
 435761
 435930
 436010
 436031
 436111
 436261
 436398
 436537
 436563
 437044
 437072
 437232
 437323
 437572
 437699
 437706
 437767
 437819
 437987
 438040
 438324
 438525
 438578
 438596
 438625
 438682
 438848
 438959
 439028
 439072
 439205
 439421
 439446
 439518
 440118
 440200
 440239
 440339
 440344
 440443
 440519
 440648
 440669
 441153
 441313
 441399
 441521
 441558
 441764
 442072
 442169
 442198
 442238
 442318
 442437
 442440
 442518
 442649
 442658
 442679
 442736
 442807
 442818
 443220
 443296
 443298
 443536
 443552
 443604
 443645
 443774
 443880
 443890
 443941
 444021
 444285
 444479
 444524
 444679
 444713
 444717
 444759
 444784
 444843
 444893
 445043
 445191
 445258
 445317
 445333
 445400
 445426
 445476
 445817
 446074
 446227
 446234
 446529
 446698
 446774
 446830
 446839
 446869
 446989
 447005
 447150
 447162
 447229
 447236
 447432
 447444
 447513
 447602
 447628
 447701
 447773
 447980
 447995
 448022
 448279
 448428
 448499
 448622
 448641
 448771
 448835
 448912
 449228
 449237
 449375
 449431
 449454
 449521
 449537
 449590
 449735
 449952
 450166
 450207
 450208
 450229
 450642
 450846
 450884
 450941
 450984
 451044
 451119
 451296
 451391
 451510
 451571
 451705
 451741
 451764
 451790
 451799
 451842
 451894
 451927
 451969
 452080
 452091
 452227
 452250
 452256
 452280
 452329
 452575
 452716
 452737
 452829
 452892
 452921
 453002
 453116
 453235
 453287
 453289
 453402
 453429
 453481
 453536
 453692
 453787
 453881
 453979
 454044
 454351
 454407
 454434
 454521
 454630
 454631
 454697
 454879
 455055
 455095
 455239
 455277
 455293
 455476
 455514
 455716
 455842
 455935
 456320
 456332
 456533
 456735
 456885
 457013
 457211
 457261
 457311
 457332
 457347
 457366
 457385
 457420
 457615
 457669
 457798
 457982
 458020
 458103
 458111
 458333
 458524
 458605
 458619
 458673
 458683
 458738
 458754
 458827
 458895
 458952
 458980
 459013
 459111
 459117
 459136
 459345
 459352
 459560
 459809
 459859
 460027
 460035
 460072
 460210
 460230
 460440
 460501
 460555
 460583
 460803
 460869
 461025
 461052
 461134
 461327
 461377
 461773
 461936
 461944
 462004
 462086
 462142
 462196
 462210
 462230
 462501
 462555
 462712
 462714
 462755
 462757
 462923
 463182
 463245
 463266
 463379
 463563
 463638
 463685
 463775
 463786
 463813
 463969
 464195
 464282
 464444
 464492
 464590
 464765
 464811
 464814
 464885
 464968
 465333
 465376
 465417
 465477
 465753
 465813
 465846
 466007
 466078
 466101
 466112
 466248
 466292
 466294
 466313
 466454
 466548
 466584
 466885
 466892
 466939
 467057
 467091
 467100
 467179
 467197
 467383
 467396
 467662
 467712
 467720
 467787
 468036
 468088
 468096
 468106
 468389
 468431
 468456
 468474
 468503
 468586
 468637
 468660
 468674
 468696
 468734
 468904
 469113
 469126
 469387
 469530
 469749
 469773
 469910
 469977
 469992
 470061
 470098
 470151
 470254
 470259
 470288
 470321
 470349
 470374
 470588
 470800
 471084
 471164
 471213
 471257
 471271
 471344
 471565
 471595
 471639
 471676
 471707
 471801
 471870
 471914
 472046
 472168
 472222
 472417
 472523
 472647
 472812
 472828
 472948
 473152
 473186
 473194
 473253
 473333
 473354
 473382
 473524
 474062
 474146
 474208
 474419
 474446
 474530
 474756
 474818
 474870
 474885
 475013
 475051
 475117
 475129
 475185
 475284
 475543
 475702
 475722
 475780
 476131
 476190
 476393
 476570
 476727
 476747
 476944
 477001
 477081
 477093
 477100
 477191
 477283
 477324
 477333
 477344
 477657
 477697
 477719
 477852
 477876
 478010
 478020
 478038
 478086
 478134
 478142
 478267
 478286
 478290
 478474
 478510
 478511
 478681
 478697
 478805
 478947
 479004
 479105
 479211
 479220
 479266
 479279
 479338
 479428
 479565
 479674
 479742
 479784
 479840
 479847
 479889
 479907
 480115
 480364
 480465
 480554
 480717
 480742
 480867
 480962
 480998
 481001
 481293
 481393
 481509
 481515
 481602
 481865
 481873
 482115
 482153
 482395
 482416
 482585
 482696
 482797
 482799
 482926
 483020
 483030
 483171
 483203
 483293
 483353
 483376
 483427
 483627
 483651
 483701
 483776
 483847
 483875
 483924
 483942
 484181
 484230
 484272
 484289
 484376
 484528
 484536
 484657
 484672
 484743
 485039
 485114
 485201
 485294
 485396
 485446
 485538
 485687
 485715
 485850
 485938
 485965
 485994
 486036
 486118
 486213
 486369
 486486
 486528
 487071
 487237
 487240
 487261
 487552
 487728
 487809
 487955
 487957
 488068
 488295
 488386
 488482
 488529
 488552
 488695
 488975
 488997
 489038
 489199
 489311
 489336
 489571
 489581
 489599
 489628
 489803
 489896
 489907
 489925
 490303
 490798
 490806
 490827
 491126
 491172
 491223
 491314
 491325
 491504
 491597
 491953
 491998
 492149
 492180
 492185
 492334
 492363
 492419
 492448
 492466
 492484
 492532
 492623
 492675
 492877
 492958
 493059
 493492
 493500
 493781
 493868
 493877
 493888
 493903
 493990
 494223
 494227
 494235
 494328
 494448
 494462
 494489
 494731
 494916
 494955
 494970
 495117
 495121
 495144
 495269
 495299
 495327
 495342
 495477
 495854
 496027
 496082
 496131
 496156
 496183
 496240
 496289
 496426
 496911
 496954
 496958
 496977
 497021
 497024
 497040
 497094
 497129
 497149
 497236
 497326
 497418
 497478
 497615
 497706
 497734
 497897
 498007
 498060
 498240
 498243
 498357
 498389
 498458
 498562
 498659
 498733
 499047
 499119
 499364
 499368
 499389
 499580
 499778
 499904
 500000
 500016
 500094
 500118
 500169
 500223
 500254
 500472
 500480
 500583
 500622
 500782
 500798
 500811
 501049
 501089
 501423
 501442
 501488
 501955
 502089
 502284
 502374
 502450
 502566
 502622
 502700
 502720
 502733
 502840
 502854
 502898
 503400
 503480
 503500
 503555
 503608
 503692
 503736
 503894
 503914
 503941
 503966
 503981
 504046
 504065
 504342
 504368
 504441
 504499
 504509
 504737
 504875
 504877
 505113
 505185
 505242
 505368
 505370
 505429
 505440
 505456
 505604
 505617
 505621
 505730
 505755
 505834
 505967
 505982
 506031
 506176
 506240
 506269
 506391
 506416
 506453
 506493
 506530
 506572
 506631
 506639
 506682
 506714
 506819
 506895
 506896
 506910
 506984
 507042
 507215
 507346
 507354
 507458
 507690
 507762
 507890
 507936
 508156
 508244
 508315
 508337
 508423
 508520
 508549
 508571
 508578
 508641
 509302
 509470
 509483
 509576
 509636
 509853
 509959
 509962
 510022
 510063
 510096
 510175
 510196
 510395
 510426
 510465
 510480
 510528
 510860
 511362
 511363
 511514
 511568
 511757
 512048
 512201
 512257
 512298
 512483
 512511
 512798
 513389
 513469
 513520
 513953
 514354
 514495
 514678
 514838
 514964
 514997
 515091
 515192
 515950
 516013
 516099
 516203
 516272
 516281
 516359
 516458
 516556
 516571
 516759
 516816
 516912
 516934
 517030
 517138
 517166
 517222
 517293
 517410
 517412
 517444
 517461
 517531
 517721
 517753
 517773
 517910
 517934
 518056
 518184
 518282
 518476
 518696
 518731
 518749
 519030
 519040
 519141
 519198
 519204
 519527
 519537
 519602
 519630
 519704
 519773
 519904
 519972
 519991
 520208
 520371
 520532
 520590
 520843
 520859
 521043
 521078
 521259
 521334
 521659
 521739
 521751
 521821
 522203
 522261
 522354
 522416
 522620
 522759
 522833
 522882
 522946
 522975
 523098
 523168
 523326
 523353
 523515
 523544
 523555
 523788
 523822
 523903
 524184
 524244
 524255
 524354
 524502
 524540
 524620
 524743
 524765
 524803
 524973
 525101
 525126
 525207
 525874
 526011
 526170
 526241
 526291
 526323
 526444
 526516
 526522
 526526
 526637
 526737
 526747
 526881
 527047
 527241
 527253
 527404
 527601
 527708
 527931
 528033
 528059
 528205
 528285
 528356
 528434
 528466
 528517
 528519
 528629
 528677
 528905
 529266
 529306
 529399
 529482
 529755
 529836
 529902
 529971
 530120
 530142
 530430
 530474
 530543
 530815
 530973
 531206
 531304
 531349
 531361
 531395
 531466
 531551
 531788
 531808
 532019
 532148
 532324
 532328
 532603
 532605
 532610
 532639
 532650
 532687
 532695
 532700
 532711
 532839
 532985
 533042
 533111
 533136
 533237
 533290
 533298
 533333
 533444
 533487
 533543
 533697
 533742
 533941
 534033
 534134
 534337
 534405
 534482
 534512
 534606
 534883
 535068
 535103
 535141
 535213
 535484
 535697
 535882
 535985
 535989
 536000
 536390
 536454
 536518
 536585
 536641
 536688
 536735
 536740
 536878
 536901
 536912
 537069
 537359
 537428
 537491
 537647
 537677
 537683
 537725
 537989
 538199
 538255
 538324
 538370
 538468
 538476
 538504
 538585
 538680
 538703
 538987
 539021
 539234
 539322
 539334
 539517
 539654
 539765
 539810
 539895
 539932
 540020
 540021
 540335
 540486
 540509
 540691
 540907
 541185
 541429
 541441
 541448
 541495
 541650
 541698
 541719
 541729
 541828
 541880
 541887
 541915
 542021
 542065
 542068
 542097
 542235
 542463
 542594
 543261
 543329
 543509
 543537
 543565
 543661
 543728
 543782
 543991
 544186
 544207
 544558
 544587
 544719
 544758
 544921
 544969
 545027
 545079
 545271
 545286
 545352
 545413
 545594
 545690
 545700
 545763
 545837
 545842
 545877
 546020
 546021
 546301
 546315
 546331
 546397
 546401
 546481
 546583
 546670
 546752
 546781
 546841
 546871
 546982
 547341
 547476
 547966
 548007
 548149
 548381
 548478
 548555
 548819
 548834
 548872
 548881
 548937
 549281
 549350
 549376
 549453
 549481
 549666
 549702
 550007
 550073
 550154
 550295
 550415
 550424
 550547
 550570
 550571
 550584
 550619
 550636
 550713
 550858
 550910
 551005
 551043
 551059
 551215
 551301
 551403
 551482
 551637
 551671
 551987
 552018
 552201
 552222
 552517
 552935
 552962
 553197
 553202
 553204
 553336
 553396
 553528
 553601
 553891
 553901
 553955
 554033
 554196
 554241
 554300
 554479
 554502
 554539
 554644
 554716
 554808
 554867
 554993
 555054
 555510
 555534
 555555
 555865
 556135
 556146
 556302
 556328
 556357
 556467
 556496
 556523
 556574
 556726
 556839
 556959
 556962
 556972
 557070
 557090
 557146
 557413
 557575
 557587
 557687
 557714
 557804
 557806
 557815
 557818
 557884
 557901
 557924
 558004
 558024
 558038
 558102
 558162
 558323
 558440
 558566
 558600
 558624
 558688
 558740
 558759
 558823
 559169
 559232
 559292
 559423
 559473
 559512
 559554
 559590
 559770
 559815
 559874
 559884
 560000
 560048
 560136
 560283
 560352
 560360
 560669
 560701
 560780
 560812
 561034
 561126
 561189
 561194
 561228
 561436
 561440
 561484
 561788
 561878
 561892
 561983
 561988
 562026
 562091
 562522
 562586
 562647
 562655
 562996
 563028
 563186
 563193
 563238
 563297
 563357
 563373
 563523
 563868
 563985
 564050
 564067
 564131
 564162
 564197
 564243
 564258
 564274
 564538
 564716
 564817
 564818
 565040
 565538
 565614
 565946
 565970
 566087
 566127
 566142
 566165
 566257
 566317
 566438
 566451
 566504
 566649
 566670
 566863
 566901
 566941
 566985
 567010
 567122
 567217
 567343
 567467
 567529
 567839
 567870
 567992
 568163
 568238
 568345
 568363
 568404
 568477
 568599
 568612
 568725
 568745
 568760
 568940
 568952
 569143
 569230
 569659
 570085
 570290
 570383
 570527
 570538
 570611
 570654
 570766
 570795
 571156
 571235
 571387
 571401
 571450
 571516
 571683
 571776
 571955
 571962
 572368
 572396
 572531
 572725
 572751
 572934
 572940
 573027
 573108
 573154
 573228
 573232
 573457
 573481
 573495
 573529
 573633
 573795
 573895
 573945
 574053
 574069
 574073
 574304
 574446
 574477
 574514
 574758
 574910
 574966
 575003
 575020
 575093
 575199
 575210
 575495
 575566
 575888
 576054
 576056
 576076
 576092
 576308
 576349
 576458
 576498
 576516
 577003
 577038
 577147
 577175
 577211
 577311
 577464
 577581
 577597
 577787
 577860
 578031
 578112
 578127
 578186
 578259
 578384
 578400
 578410
 578473
 578572
 578804
 578841
 578853
 579198
 579351
 579389
 579435
 579487
 579712
 579751
 579881
 580018
 580042
 580259
 580303
 580356
 580426
 580557
 581027
 581079
 581412
 581526
 581609
 581611
 581749
 581782
 581923
 582102
 582178
 582366
 582513
 582690
 582777
 582883
 582960
 583352
 583399
 583407
 583471
 583476
 583564
 583710
 583812
 583842
 583920
 583929
 584114
 584116
 584195
 584222
 584250
 584276
 584358
 584501
 584719
 584827
 584905
 584950
 585185
 585434
 585446
 585601
 585606
 585607
 585683
 585713
 585962
 585990
 586124
 586177
 586252
 586497
 586498
 587006
 587023
 587081
 587173
 587191
 587193
 587319
 587531
 587795
 587799
 587831
 587852
 587985
 587987
 588044
 588151
 588221
 588306
 588342
 588411
 588433
 588633
 588662
 588780
 588833
 588945
 588947
 589060
 589126
 589204
 589314
 589358
 589370
 589511
 589609
 589743
 589809
 589869
 589889
 589942
 589949
 590030
 590042
 590133
 590148
 590154
 590179
 590203
 590638
 590769
 590846
 590909
 590951
 590976
 591090
 591145
 591342
 591380
 591477
 591662
 591735
 591783
 591865
 591881
 591928
 591986
 592029
 592255
 592262
 592422
 592513
 592749
 592764
 592891
 592892
 592945
 592983
 593086
 593181
 593286
 593328
 593340
 593352
 593442
 593530
 593568
 593579
 593583
 593593
 593631
 593783
 593851
 593929
 594008
 594037
 594123
 594264
 594270
 594368
 594594
 594629
 594724
 594733
 594751
 594975
 595019
 595292
 595422
 595559
 595712
 595733
 596149
 596177
 596311
 596846
 596890
 596923
 597009
 597037
 597041
 597087
 597140
 597315
 597346
 597444
 597467
 597475
 597539
 597547
 597683
 597757
 597851
 598056
 598118
 598424
 598485
 598491
 598518
 598601
 598696
 598963
 599123
 599193
 599257
 599382
 599691
 599851
 599880
 599956
 599999
 600095
 600133
 600134
 600197
 600287
 600330
 600513
 600583
 600835
 601100
 601101
 601123
 601395
 601427
 601745
 601751
 601781
 601807
 601881
 601952
 602076
 602180
 602230
 602284
 602307
 602399
 602431
 602580
 602749
 602791
 602916
 602957
 603067
 603151
 603162
 603164
 603196
 603221
 603250
 603267
 603401
 603496
 603498
 603538
 603661
 603671
 603699
 603727
 603746
 603972
 604047
 604275
 604316
 604485
 604745
 604807
 604909
 605240
 605488
 605712
 605714
 605760
 605849
 605859
 605932
 605959
 606133
 606185
 606352
 606537
 606592
 606633
 606957
 607053
 607149
 607161
 607167
 607198
 607305
 607605
 607698
 607741
 607883
 608127
 608465
 608468
 608506
 608685
 608746
 609176
 609317
 609487
 609544
 609555
 609645
 609780
 609965
 610023
 610123
 610157
 610285
 610408
 610514
 610530
 610644
 610652
 610713
 610903
 610916
 610923
 611015
 611140
 611158
 611163
 611496
 611538
 611724
 611938
 611969
 612108
 612110
 612137
 612283
 612411
 612537
 612574
 612772
 612856
 612872
 612903
 613015
 613188
 613239
 613240
 613324
 613436
 613484
 613609
 613673
 613678
 613680
 613777
 613813
 613955
 614081
 614134
 614270
 614295
 614581
 614733
 614876
 614977
 615104
 615145
 615172
 615469
 615496
 615505
 615534
 615590
 615650
 615790
 616149
 616168
 616223
 616314
 616393
 616449
 616507
 616510
 616851
 616988
 617119
 617125
 617161
 617256
 617382
 617396
 617449
 617477
 617492
 617682
 617814
 617996
 618231
 618250
 618269
 618349
 618439
 618443
 618451
 618523
 618604
 618634
 618677
 618715
 618758
 618797
 618847
 618852
 618919
 619047
 619151
 619214
 619299
 619308
 619349
 619407
 619441
 619462
 619512
 619576
 619690
 619718
 619816
 619893
 619914
 620287
 620352
 620460
 620590
 621097
 621275
 621437
 621496
 621621
 621632
 621656
 622067
 622089
 622306
 622336
 622575
 622590
 622690
 622730
 622816
 622865
 623021
 623027
 623227
 623230
 623368
 623441
 623554
 623656
 623866
 623882
 624014
 624016
 624087
 624186
 624200
 624332
 624430
 624538
 624601
 624636
 624685
 624766
 624834
 624873
 624921
 625065
 625107
 625117
 625173
 625214
 625287
 625384
 625403
 625448
 625449
 625481
 625523
 625538
 625559
 625594
 625732
 625830
 625835
 626086
 626134
 626199
 626220
 626506
 626753
 626777
 626889
 626922
 626972
 627066
 627081
 627091
 627119
 627135
 627220
 627281
 627316
 627323
 627405
 627599
 627635
 627690
 627802
 627814
 627903
 627990
 628128
 628318
 628384
 628575
 628616
 628682
 628744
 628795
 628916
 629284
 629301
 629328
 629599
 629638
 629659
 629675
 629710
 629762
 629813
 629994
 630059
 630085
 630177
 630464
 630497
 630639
 630653
 630687
 630729
 630740
 630778
 631180
 631223
 631407
 631409
 631424
 631709
 631818
 631921
 631970
 632014
 632031
 632068
 632121
 632140
 632219
 632233
 632294
 632503
 632686
 632747
 632994
 633140
 633373
 633601
 633700
 633716
 633802
 633817
 634039
 634416
 634423
 634522
 634557
 634691
 635040
 635043
 635120
 635136
 635449
 635544
 635938
 635940
 636047
 636097
 636183
 636319
 636363
 636368
 636375
 636673
 636771
 636932
 637122
 637169
 637198
 637229
 637258
 637276
 637321
 637365
 637717
 637745
 637804
 637856
 638017
 638043
 638190
 638297
 638354
 638371
 638776
 638894
 639061
 639095
 639109
 639147
 639262
 639294
 639512
 639609
 639724
 639762
 639768
 639897
 640151
 640449
 640560
 640856
 640880
 640995
 641046
 641217
 641221
 641267
 641346
 641439
 641442
 641491
 641653
 641723
 642035
 642043
 642079
 642220
 642248
 642275
 642422
 642453
 642525
 642582
 642595
 642632
 642633
 642808
 642879
 642942
 643012
 643130
 643382
 643395
 643467
 643673
 643747
 643835
 643842
 644105
 644140
 644391
 644654
 644762
 644839
 644969
 645197
 645228
 645298
 645333
 645833
 645858
 645871
 645952
 645978
 646105
 646113
 646200
 646207
 646213
 646336
 646350
 646439
 646530
 646715
 646905
 647078
 647081
 647087
 647176
 647205
 647228
 647500
 647502
 647539
 647544
 647755
 647911
 647996
 648010
 648060
 648103
 648212
 648240
 648314
 648491
 648811
 648972
 649122
 649278
 649325
 649336
 649437
 649451
 649540
 649652
 649757
 649774
 649775
 649805
 649806
 650215
 650216
 650228
 650246
 650336
 650400
 650585
 650683
 650731
 650756
 650802
 650845
 650873
 650934
 650979
 651063
 651127
 651233
 651296
 651318
 651336
 651657
 651697
 651703
 651863
 652149
 652241
 652267
 652299
 652469
 652530
 653106
 653173
 653198
 653257
 653444
 653495
 653671
 653789
 653801
 653839
 654390
 654415
 654461
 654473
 654525
 654618
 654775
 654906
 655088
 655172
 655235
 655253
 655279
 655566
 655615
 655764
 655774
 655836
 655913
 656043
 656124
 656197
 656327
 656432
 656520
 656522
 656692
 656708
 656757
 656977
 657232
 657286
 657316
 657525
 657657
 657777
 657802
 657934
 657943
 658087
 658092
 658116
 658435
 658480
 658559
 658595
 658613
 658994
 659045
 659072
 659143
 659225
 659302
 659531
 659577
 659647
 659778
 659946
 659963
 660030
 660580
 660737
 660814
 660923
 660982
 661240
 661283
 661299
 661581
 661659
 661884
 661934
 661953
 662152
 662185
 662263
 662322
 662323
 662332
 662414
 662633
 662638
 662650
 662664
 662748
 663016
 663165
 663231
 663248
 663290
 663403
 663634
 663650
 663667
 663673
 663700
 663704
 663833
 664031
 664039
 664227
 664298
 664432
 664493
 664505
 664578
 664594
 664626
 664655
 664770
 665070
 665145
 665601
 665651
 665943
 665944
 665959
 666001
 666013
 666049
 666084
 666137
 666430
 666666
 666761
 666920
 666946
 666947
 667347
 667349
 667397
 667406
 667497
 667681
 667709
 667838
 667919
 668161
 668163
 668202
 668268
 668303
 668362
 668416
 668419
 668628
 668827
 669134
 669196
 669359
 669370
 669458
 669497
 670077
 670552
 670569
 670769
 670860
 670933
 670972
 671062
 671140
 671152
 671217
 671244
 671270
 671308
 671317
 671428
 671454
 671474
 671601
 671613
 671818
 671986
 672318
 672348
 672440
 672446
 672533
 672712
 672724
 673048
 673090
 673122
 673180
 673207
 673431
 673500
 673549
 673739
 673902
 673983
 674331
 674448
 674698
 674836
 674873
 675052
 675208
 675413
 675496
 675508
 675630
 675675
 675732
 675839
 675920
 675943
 675954
 676001
 676007
 676136
 676164
 676239
 676420
 676505
 676510
 676524
 676527
 676584
 676595
 676702
 676703
 676897
 676975
 677021
 677238
 677269
 677419
 677449
 678231
 678608
 678780
 678851
 678901
 678916
 678958
 679117
 679140
 679207
 679222
 679306
 679497
 679666
 679807
 679937
 680009
 680028
 680157
 680183
 680216
 680268
 680304
 680359
 680435
 680467
 680602
 680628
 680662
 680721
 680752
 681073
 681078
 681373
 681549
 681557
 681865
 681967
 682083
 682404
 682425
 682512
 682539
 682626
 682670
 682744
 682816
 682855
 682909
 682926
 682943
 682988
 683365
 683437
 683453
 683555
 683669
 683688
 683741
 683804
 683834
 683868
 684108
 684151
 684235
 684274
 684655
 684673
 684848
 684859
 684956
 684972
 685274
 685411
 685492
 685517
 685677
 685817
 685916
 686011
 686274
 686351
 686459
 686522
 686777
 686892
 686956
 687061
 687088
 687184
 687415
 687591
 687618
 687690
 687715
 687898
 687998
 688073
 688104
 688163
 688251
 688433
 688621
 688723
 688875
 689038
 689201
 689613
 689655
 689664
 689817
 689950
 690026
 690108
 690144
 690190
 690447
 690688
 691042
 691187
 691309
 691338
 691619
 691788
 691846
 691891
 691957
 691981
 692010
 692032
 692172
 692182
 692289
 692440
 692687
 692727
 692801
 692841
 692856
 692874
 692926
 692970
 693192
 693260
 693397
 693453
 694049
 694060
 694079
 694117
 694309
 694478
 694513
 694571
 694699
 694835
 694837
 694908
 694967
 695117
 695227
 695234
 695335
 695496
 695520
 695652
 696259
 696333
 696353
 696544
 696564
 696665
 696798
 696969
 697003
 697164
 697409
 697539
 697763
 697863
 697903
 697980
 698261
 698337
 698448
 698584
 698623
 698743
 698795
 698817
 698917
 698967
 698979
 698991
 699124
 699231
 699307
 699368
 699586
 699669
 699687
 699859
 699873
 699943
 699975
 700024
 700154
 700432
 700460
 700496
 700578
 700626
 700729
 700806
 700872
 700890
 700964
 701125
 701165
 701434
 701529
 701533
 701842
 702095
 702127
 702134
 702146
 702150
 702290
 702311
 702316
 702339
 702341
 702383
 702502
 702538
 702580
 702702
 702754
 702928
 702996
 703282
 703294
 703332
 703356
 703419
 703436
 703455
 703735
 703763
 703797
 703882
 703929
 704122
 704135
 704185
 704452
 704499
 704614
 704674
 704802
 704811
 704826
 704908
 705052
 705191
 705401
 705550
 705661
 705700
 705743
 705812
 705829
 705882
 706183
 706257
 706266
 706436
 706566
 706670
 706677
 706888
 707317
 707595
 707623
 707754
 707809
 707865
 708124
 708162
 708167
 708175
 708198
 708365
 708441
 708512
 708606
 708699
 708860
 708903
 709064
 709111
 709416
 709513
 709530
 709627
 709665
 709718
 709859
 709923
 710153
 710233
 710335
 710408
 710590
 710610
 710658
 710783
 711226
 711303
 711307
 711568
 711711
 711749
 712006
 712061
 712151
 712167
 712331
 712356
 712435
 712615
 712620
 713092
 713199
 713282
 713342
 713479
 713642
 713684
 713846
 713852
 713961
 714214
 714252
 714264
 714269
 714275
 714285
 714493
 714616
 714912
 715124
 715302
 715559
 715688
 715717
 715821
 715962
 716044
 716127
 716168
 716171
 716232
 716326
 716357
 716391
 716449
 716791
 716892
 716907
 716960
 717038
 717041
 717178
 717180
 717376
 717456
 717497
 717667
 717735
 717760
 717952
 718183
 718213
 718309
 718570
 718620
 718623
 718661
 718728
 718796
 718902
 718916
 718955
 719073
 719290
 719303
 719518
 719582
 719778
 719803
 719842
 719871
 719906
 719956
 720023
 720293
 720347
 720366
 720378
 720520
 720626
 720637
 720726
 720828
 720900
 720925
 721001
 721041
 721077
 721262
 721397
 721434
 721456
 721611
 721662
 721695
 721741
 721750
 721977
 721999
 722139
 722222
 722265
 722282
 722405
 722422
 722424
 722488
 722530
 722617
 722680
 722820
 722845
 722913
 723010
 723021
 723499
 723725
 723766
 723805
 723855
 723863
 724046
 724177
 724240
 724374
 724388
 724434
 724553
 724727
 724747
 724760
 724770
 724930
 724991
 725162
 725210
 725233
 725384
 725452
 725464
 725615
 725685
 725711
 725860
 725895
 726555
 726586
 726622
 726760
 726947
 726970
 727125
 727185
 727456
 727575
 727664
 727668
 727883
 727899
 727957
 727979
 728094
 728267
 728338
 728419
 728501
 728572
 728742
 728833
 729011
 729111
 729167
 729280
 729331
 729349
 729465
 729795
 730000
 730109
 730202
 730206
 730249
 730550
 730777
 730919
 731016
 731024
 731099
 731117
 731171
 731290
 731351
 731452
 731608
 731785
 731818
 731828
 731921
 732046
 732105
 732122
 732186
 732283
 732317
 732349
 732510
 732588
 732673
 732688
 732727
 732740
 732751
 732976
 733196
 733238
 733433
 733505
 733739
 734057
 734097
 734203
 734261
 734284
 734362
 734388
 734406
 734605
 734608
 734782
 735029
 735165
 735186
 735215
 735257
 735320
 735424
 735466
 735497
 735724
 735738
 735745
 735859
 736034
 736068
 736212
 736231
 736340
 736390
 736559
 736801
 737281
 737345
 737419
 737464
 737520
 737602
 737644
 737962
 738117
 738461
 738613
 738816
 738858
 739004
 739032
 739059
 739212
 739229
 739232
 739284
 739350
 739617
 739826
 740090
 740095
 740103
 740143
 740205
 740217
 740252
 740391
 740561
 740653
 740986
 741257
 741290
 741360
 741377
 741457
 741496
 741524
 741537
 741731
 741735
 741888
 742144
 742245
 742336
 742353
 742417
 742577
 742718
 742780
 743044
 743070
 743080
 743252
 743319
 743339
 743350
 743388
 743414
 743511
 743540
 743566
 743642
 743674
 743838
 743975
 744107
 744113
 744297
 744305
 744354
 744547
 744556
 744614
 744615
 745079
 745136
 745445
 745569
 745818
 745913
 745930
 745942
 746009
 746031
 746066
 746089
 746097
 746113
 746525
 746606
 746616
 746666
 746673
 746696
 746796
 746983
 747010
 747073
 747190
 747236
 747462
 747523
 747634
 747675
 747723
 747764
 747821
 747891
 748022
 748050
 748128
 748142
 748228
 748267
 748329
 748335
 748371
 748490
 748576
 748645
 748952
 748987
 749169
 749173
 749368
 749491
 749599
 749831
 749875
 750000
 750200
 750442
 750656
 750836
 751032
 751051
 751121
 751143
 751247
 751417
 751482
 751497
 751556
 751647
 751745
 751754
 751895
 752012
 752096
 752284
 752302
 752318
 752375
 752386
 752451
 752483
 752528
 752542
 752591
 753060
 753140
 753170
 753291
 753398
 753749
 754242
 754298
 754408
 754505
 754792
 754814
 754824
 754932
 755057
 755122
 755157
 755166
 755395
 755570
 755672
 755681
 755823
 755869
 755931
 756042
 756044
 756055
 756080
 756375
 756509
 756542
 756554
 756584
 756679
 756756
 756781
 756909
 757039
 757075
 757095
 757133
 757201
 757209
 757307
 757461
 757739
 757788
 757800
 757837
 757866
 758141
 758153
 758262
 758333
 758526
 758684
 758900
 759129
 759159
 759316
 759442
 759493
 759556
 759665
 759817
 759869
 760069
 760184
 760306
 760324
 760393
 760769
 760846
 760847
 760852
 760902
 760928
 761011
 761061
 761062
 761379
 761408
 761490
 761506
 761546
 761645
 761661
 761732
 761951
 762154
 762165
 762183
 762217
 762547
 762578
 762622
 762666
 762719
 763041
 763099
 763107
 763119
 763134
 763267
 763429
 763711
 763786
 763927
 763986
 763992
 764018
 764174
 764350
 764391
 764404
 764532
 764758
 764792
 764934
 764948
 765015
 765065
 765072
 765101
 765242
 765386
 765704
 765738
 765806
 765914
 766012
 766059
 766178
 766297
 766400
 766840
 766980
 767436
 767620
 767843
 767914
 768031
 768130
 768156
 768384
 768586
 768718
 768892
 769030
 769093
 769221
 769306
 769313
 769360
 769377
 769427
 769552
 769580
 769854
 769921
 769951
 770009
 770016
 770126
 770139
 770192
 770199
 770261
 770277
 770351
 770394
 770424
 770433
 770520
 770595
 770707
 770791
 770795
 770909
 770976
 771041
 771304
 771322
 771428
 771505
 771514
 771572
 771611
 771739
 771743
 771757
 771806
 771822
 771828
 771936
 771941
 771954
 772093
 772253
 772432
 772567
 772569
 772589
 772623
 772634
 772811
 772828
 772864
 772925
 772981
 773028
 773138
 773183
 773219
 773222
 773236
 773259
 773349
 773382
 773462
 773594
 773770
 773790
 773947
 774420
 774489
 774512
 774693
 774848
 774850
 774885
 774887
 774937
 774972
 775082
 775097
 775237
 775355
 775403
 775411
 775438
 775447
 775453
 775701
 775749
 775772
 776029
 776032
 776056
 776091
 776119
 776134
 776237
 776336
 776454
 776486
 776495
 776512
 776834
 776914
 776978
 777137
 777311
 777359
 777362
 777402
 777451
 777469
 777564
 777656
 777777
 777845
 777887
 777898
 778088
 778143
 778158
 778311
 778330
 778448
 778677
 778729
 778817
 778887
 778959
 779119
 779177
 779220
 779397
 779469
 779600
 779636
 779737
 779760
 780082
 780218
 780315
 780545
 780583
 780601
 780733
 780756
 780853
 781096
 781190
 781472
 781490
 781514
 781537
 781587
 781679
 781692
 781862
 782049
 782093
 782117
 782135
 782287
 782315
 782347
 782361
 782386
 782704
 782785
 782800
 782929
 782968
 783128
 783153
 783386
 783415
 783438
 783509
 783568
 783602
 783795
 783845
 783974
 784100
 784160
 784250
 784301
 784345
 784355
 784423
 784507
 784511
 784646
 784746
 784849
 785019
 785119
 785144
 785285
 785312
 785378
 785613
 785879
 785979
 786251
 786318
 786369
 786426
 786718
 786838
 787093
 787234
 787249
 787511
 787575
 787620
 787650
 787911
 787912
 787920
 788166
 788374
 788528
 788551
 788622
 788955
 788980
 789003
 789064
 789149
 789191
 789197
 789203
 789356
 789780
 789821
 789843
 789869
 789884
 790026
 790067
 790209
 790225
 790307
 790322
 790393
 790415
 790513
 790553
 790567
 790636
 790644
 790750
 790943
 791157
 791304
 791409
 791501
 791525
 791660
 791714
 791728
 791798
 791842
 791864
 792225
 792333
 792479
 792603
 792748
 792898
 792904
 792980
 793012
 793070
 793101
 793170
 793354
 793661
 793828
 793831
 793868
 793891
 794036
 794043
 794140
 794184
 794190
 794418
 794419
 794468
 794517
 794527
 795180
 795275
 795496
 795506
 795559
 795597
 795656
 795823
 795936
 795945
 796253
 796298
 796330
 796432
 796564
 796572
 796691
 796715
 796743
 796777
 796839
 796974
 797249
 797315
 797326
 797516
 797518
 797767
 798127
 798331
 798361
 798442
 798453
 798466
 798500
 798594
 798749
 798967
 799226
 799235
 799516
 799833
 799911
 799940
 800088
 800167
 800203
 800352
 800468
 800473
 800595
 800677
 800731
 800853
 800856
 801017
 801041
 801042
 801219
 801239
 801360
 801416
 801615
 801631
 801659
 801908
 801980
 802093
 802273
 802320
 802367
 802401
 802443
 802445
 802545
 802604
 802853
 802989
 803004
 803108
 803237
 803366
 803369
 803385
 803389
 803608
 803734
 803811
 803898
 803911
 803994
 804165
 804431
 804589
 804597
 804721
 804837
 804858
 804878
 804911
 804916
 804938
 804958
 805057
 805178
 805287
 805401
 805460
 805503
 805566
 805579
 806152
 806354
 806761
 806856
 806895
 807082
 807143
 807197
 807520
 807560
 807779
 807826
 807947
 808087
 808247
 808290
 808541
 808549
 808579
 808625
 809187
 809302
 809312
 809809
 810021
 810024
 810046
 810055
 810109
 810256
 810355
 810649
 811320
 811334
 811461
 811468
 811491
 811659
 811853
 811954
 812206
 812274
 812275
 812286
 812288
 812296
 812299
 812375
 812556
 812692
 812778
 812823
 812846
 812863
 812964
 813039
 813096
 813186
 813289
 813383
 813623
 813688
 813736
 814097
 814202
 814516
 814682
 814792
 814796
 814809
 814876
 814927
 815003
 815036
 815118
 815124
 815226
 815238
 815450
 815619
 815642
 815846
 815942
 815983
 815992
 815993
 816037
 816083
 816242
 816278
 816326
 816592
 816608
 816781
 816891
 816901
 816968
 817180
 817240
 817635
 817709
 817717
 817822
 817852
 817916
 817924
 817931
 818056
 818172
 818379
 818680
 818860
 818887
 819032
 819158
 819243
 819291
 819642
 819653
 819732
 820023
 820044
 820070
 820073
 820147
 820245
 820273
 820379
 820409
 821187
 821476
 822001
 822130
 822407
 822429
 822575
 822659
 822660
 822970
 822981
 823064
 823184
 823221
 823286
 823425
 823486
 823493
 823561
 823664
 823754
 823929
 823986
 824039
 824053
 824252
 824303
 824331
 824346
 824516
 824540
 824993
 825037
 825198
 825203
 825622
 825723
 825820
 825986
 826259
 826444
 826477
 826486
 826490
 826529
 826664
 826675
 826785
 826794
 826821
 826856
 827048
 827076
 827232
 827265
 827290
 827350
 827450
 827813
 827893
 827972
 828212
 828370
 828408
 828589
 828635
 828868
 828877
 829136
 829250
 829277
 829291
 829468
 829613
 829654
 829689
 829712
 829871
 830163
 830176
 830305
 830360
 830369
 830396
 830443
 830616
 830646
 830707
 830740
 830764
 830823
 830842
 831008
 831030
 831063
 831101
 831103
 831167
 831192
 831215
 831275
 831305
 831322
 831336
 831544
 831547
 831637
 831773
 831833
 831853
 832072
 832141
 832235
 832250
 832471
 832517
 832575
 832577
 832638
 832777
 832855
 833008
 833323
 833349
 833390
 833414
 833437
 833439
 833503
 833589
 833847
 833865
 833902
 833967
 834069
 834079
 834108
 834146
 834568
 834637
 834641
 834678
 835074
 835294
 835329
 835415
 835443
 835456
 835509
 835573
 835680
 835890
 835901
 835935
 836060
 836386
 836448
 836477
 836536
 836674
 836794
 836866
 836950
 837065
 837117
 837149
 837249
 837502
 837604
 837606
 837646
 837837
 837871
 837889
 837920
 837995
 838291
 838320
 838370
 838407
 838453
 838472
 838554
 838709
 838734
 838801
 838858
 839811
 839853
 839891
 839897
 839915
 840000
 840023
 840235
 840276
 840422
 840488
 840531
 840620
 840648
 840749
 840827
 840890
 840923
 840969
 841391
 841399
 841447
 841652
 841687
 841697
 841726
 841786
 841829
 841889
 842105
 842181
 842192
 842355
 842365
 842385
 842390
 842421
 842429
 842454
 842478
 842589
 842696
 842720
 842787
 843049
 843201
 843383
 843537
 843623
 843698
 843866
 843924
 843948
 843996
 844067
 844231
 844273
 844290
 844362
 844444
 844565
 844567
 844631
 844645
 844698
 844845
 844848
 844852
 844965
 844990
 845134
 845270
 845432
 845502
 845773
 845786
 845846
 845896
 845911
 845994
 846153
 846191
 846303
 846314
 846501
 846507
 846516
 846689
 846734
 846881
 846909
 846917
 846983
 847097
 847133
 847184
 847326
 847475
 847683
 847742
 847745
 848063
 848148
 848283
 848407
 848414
 848419
 848469
 848478
 848484
 848628
 848664
 848766
 848865
 848912
 849259
 849330
 849364
 849492
 849647
 849745
 849854
 849903
 849914
 849925
 849934
 850011
 850248
 850379
 850382
 850417
 850468
 850513
 850608
 850699
 850746
 850814
 850920
 850948
 851060
 851156
 851244
 851261
 851324
 851433
 851565
 851742
 851779
 851925
 851968
 851979
 852021
 852305
 852428
 852957
 853077
 853082
 853155
 853158
 853230
 853367
 853442
 853489
 853658
 853686
 853794
 853910
 853956
 854003
 854014
 854182
 854186
 854206
 854229
 854373
 854536
 854578
 854801
 854824
 854939
 855101
 855179
 855233
 855263
 855297
 855331
 855460
 855532
 855722
 855742
 855805
 855850
 855924
 855999
 856088
 856126
 856491
 856634
 856697
 856762
 856806
 856851
 857037
 857070
 857078
 857142
 857433
 857569
 857659
 857705
 857829
 857868
 857897
 858235
 858267
 858360
 858362
 858549
 858625
 858658
 858751
 858763
 858771
 858823
 858887
 859097
 859121
 859134
 859216
 859217
 859263
 859388
 859389
 859570
 859621
 860059
 860141
 860219
 860335
 860390
 860533
 860646
 860694
 860790
 860924
 861023
 861149
 861409
 861525
 861893
 862036
 862046
 862049
 862421
 862516
 862559
 862586
 862637
 862730
 862747
 862802
 862845
 862943
 862956
 863004
 863031
 863253
 863376
 863393
 863412
 863498
 863543
 863674
 863697
 863708
 863880
 863921
 863952
 863999
 864077
 864414
 864473
 864513
 864516
 864706
 864750
 864945
 865067
 865140
 865203
 865216
 865300
 865377
 865494
 865552
 865635
 865666
 865962
 865995
 866024
 866071
 866116
 866160
 866178
 866230
 866311
 866318
 866322
 866372
 866493
 866526
 866597
 866685
 866768
 867020
 867150
 867588
 867590
 867783
 867789
 868148
 868346
 868414
 868475
 868642
 868686
 868710
 868767
 868913
 869016
 869138
 869204
 869414
 869565
 869956
 869969
 869974
 869997
 870032
 870046
 870050
 870173
 870198
 870229
 870259
 870364
 870399
 870427
 870429
 870501
 870503
 870677
 870704
 870729
 870895
 871243
 871244
 871369
 871814
 871866
 871982
 872001
 872031
 872292
 872368
 872547
 872769
 872870
 873058
 873110
 873197
 873284
 873315
 873476
 873480
 873481
 873498
 873563
 873647
 873836
 873838
 873841
 873870
 873896
 874074
 874139
 874346
 874527
 874551
 874729
 874789
 874837
 874949
 874974
 875084
 875239
 875263
 875302
 875458
 875544
 875598
 875691
 875738
 875816
 875939
 875952
 876044
 876085
 876164
 876285
 876408
 876460
 876476
 876545
 876581
 876608
 876612
 876695
 876701
 876739
 877078
 877131
 877380
 877415
 877646
 877697
 877724
 877813
 877988
 877995
 878005
 878154
 878260
 878270
 878282
 878316
 878375
 878528
 878602
 878672
 878712
 878752
 878787
 878833
 879014
 879029
 879082
 879120
 879142
 879146
 879609
 879736
 879757
 879937
 880012
 880015
 880127
 880402
 880452
 880480
 880565
 880637
 880646
 880810
 880834
 880848
 880974
 881159
 881174
 881204
 881218
 881237
 881294
 881456
 881458
 881481
 881508
 881786
 882025
 882134
 882166
 882174
 882195
 882202
 882276
 882277
 882301
 882337
 882348
 882666
 882948
 883047
 883065
 883082
 883243
 883248
 883317
 883485
 883563
 883578
 883588
 883720
 883742
 883905
 884290
 884297
 884312
 884324
 884381
 884444
 884464
 884554
 884963
 884996
 885033
 885059
 885145
 885258
 885360
 885397
 885432
 885441
 885714
 885906
 885986
 886112
 886295
 886302
 886370
 886409
 886482
 886804
 886912
 886980
 887096
 887115
 887164
 887218
 887627
 887736
 887772
 887847
 887864
 887916
 888070
 888141
 888242
 888256
 888284
 888372
 888399
 888555
 888777
 888860
 888957
 888965
 889002
 889074
 889106
 889148
 889200
 889249
 889457
 889521
 889673
 889779
 889846
 890015
 890076
 890226
 890339
 890518
 890539
 890598
 890625
 890782
 890955
 890961
 891196
 891209
 891257
 891623
 891717
 891729
 891778
 892020
 892123
 892212
 892292
 892410
 892416
 892457
 892596
 892621
 892726
 892793
 893005
 893039
 893084
 893138
 893198
 893338
 893500
 893617
 893771
 893907
 893972
 893978
 893995
 893997
 894004
 894033
 894044
 894073
 894225
 894340
 894621
 894728
 894793
 894865
 894895
 894902
 894940
 895013
 895131
 895843
 895848
 896021
 896100
 896179
 896273
 896331
 896409
 896438
 896446
 896609
 896617
 896704
 896751
 896766
 896907
 896911
 896915
 896925
 897117
 897120
 897196
 897250
 897370
 897376
 897509
 897695
 897852
 897875
 897980
 898121
 898156
 898172
 898203
 898418
 898466
 898739
 898756
 898851
 899074
 899280
 899333
 899476
 899511
 899580
 899802
 899880
 899976
 900149
 900176
 900183
 900253
 900354
 900646
 900726
 900767
 900866
 900880
 900889
 901415
 901433
 901444
 901514
 901524
 901539
 901543
 901561
 901670
 901731
 901759
 901846
 902035
 902141
 902208
 902540
 902765
 902921
 903052
 903165
 903225
 903352
 903751
 903811
 903833
 903843
 903891
 903971
 904151
 904325
 904607
 904649
 904662
 904675
 904738
 904777
 904803
 904826
 904914
 904918
 905259
 905382
 905473
 905579
 905642
 905649
 905811
 905812
 905900
 905940
 905941
 906108
 906186
 906209
 906503
 906508
 906518
 906588
 906603
 906688
 906776
 906812
 906954
 906984
 907038
 907050
 907058
 907317
 907409
 907429
 907467
 907597
 907641
 907763
 907770
 908401
 908435
 908521
 908560
 908610
 908674
 908697
 908778
 908809
 908966
 908980
 908985
 909010
 909159
 909230
 909360
 909400
 909464
 909539
 909677
 909702
 909726
 909800
 909961
 909963
 910153
 910494
 910521
 910569
 910694
 910737
 910953
 911107
 911159
 911213
 911248
 911735
 911811
 911816
 911921
 911939
 911940
 912102
 912125
 912230
 912577
 912601
 912607
 912738
 912819
 912865
 912873
 913043
 913370
 913405
 913531
 913706
 913801
 913829
 913875
 913963
 914118
 914128
 914264
 914360
 914376
 914423
 914626
 914778
 914852
 914902
 914944
 915094
 915384
 915387
 915550
 915766
 915774
 915902
 916059
 916193
 916220
 916236
 916299
 916357
 916414
 916513
 916517
 916526
 916631
 916725
 916890
 917369
 917385
 917445
 917503
 917923
 918034
 918045
 918081
 918105
 918146
 918217
 918349
 918464
 918511
 918702
 918908
 918950
 919226
 919232
 919398
 919459
 919708
 919782
 919807
 919832
 920093
 920214
 920479
 920506
 920970
 921237
 921249
 921262
 921263
 921447
 921591
 921592
 921624
 921766
 921822
 921825
 921855
 922091
 922411
 922572
 922606
 922656
 922706
 922744
 922785
 922829
 923110
 923201
 923223
 923263
 923575
 923718
 923816
 923894
 923895
 924222
 924226
 924245
 924411
 924461
 924528
 924663
 924731
 924812
 925135
 925435
 925449
 925611
 925649
 925794
 925920
 925925
 925986
 925998
 926006
 926027
 926053
 926061
 926146
 926315
 926342
 926380
 926537
 926605
 926747
 926765
 926791
 926928
 926933
 927165
 927180
 927263
 927713
 927798
 927815
 927839
 927966
 928164
 928181
 928280
 928297
 928347
 928390
 928396
 928436
 928526
 928540
 928819
 928914
 929039
 929120
 929222
 929330
 929463
 929505
 929592
 929680
 929706
 929783
 929866
 929878
 929929
 930024
 930248
 930338
 930345
 930576
 930614
 930658
 930755
 930952
 930993
 931037
 931140
 931145
 931350
 931479
 931517
 931746
 931750
 931794
 932077
 932129
 932287
 932565
 932573
 932631
 932652
 932817
 932905
 932932
 933084
 933162
 933205
 933226
 933279
 933802
 933938
 934039
 934068
 934160
 934338
 934342
 934663
 934829
 934903
 935081
 935287
 935552
 935561
 935908
 935963
 936020
 936188
 936205
 936269
 936356
 936477
 936647
 936927
 936953
 936955
 937162
 937301
 937387
 937394
 937469
 937485
 937534
 937543
 937720
 937724
 937802
 937867
 937974
 937977
 938103
 938271
 938272
 938342
 938379
 938434
 938496
 938503
 938837
 938865
 938866
 938878
 939117
 939137
 939311
 939464
 939521
 939536
 939564
 939584
 939628
 939842
 939843
 939844
 939991
 940017
 940068
 940110
 940442
 940445
 940539
 940623
 940722
 941000
 941122
 941176
 941228
 941470
 941472
 941717
 941747
 941921
 941978
 942053
 942357
 942419
 942717
 942735
 942848
 942910
 943423
 943435
 943469
 943553
 943589
 943710
 943729
 943739
 943820
 943833
 943970
 944124
 944328
 944431
 944444
 944622
 944664
 944695
 944808
 944953
 944954
 945030
 945042
 945098
 945267
 945390
 945416
 945644
 945857
 945874
 946134
 946218
 946389
 946496
 946644
 946649
 946655
 946749
 946794
 946930
 946992
 947130
 947145
 947471
 947500
 947608
 947643
 947871
 948282
 948327
 948463
 948711
 948826
 948982
 949180
 949198
 949230
 949311
 949353
 949409
 949522
 949606
 949685
 949717
 949871
 950146
 950340
 950655
 950729
 950905
 951107
 951185
 951283
 951406
 951466
 951541
 951577
 951788
 951829
 951871
 951971
 952092
 952114
 952182
 952303
 952380
 952433
 952451
 952507
 952636
 952830
 952843
 952895
 952951
 952968
 953022
 953102
 953207
 953276
 953372
 953401
 953749
 953798
 954132
 954300
 954346
 954353
 954471
 954651
 954723
 954751
 954867
 954889
 955047
 955121
 955188
 955195
 955270
 955345
 955728
 955752
 955757
 955812
 955830
 955862
 955946
 955967
 956043
 956136
 956188
 956204
 956289
 956366
 956408
 956581
 956599
 956641
 956680
 956721
 956773
 956933
 957144
 957307
 957321
 957415
 957446
 957557
 957609
 957613
 957625
 957808
 958230
 958251
 958293
 958296
 958612
 958815
 958887
 958904
 958980
 958985
 959024
 959149
 959188
 959224
 959232
 959275
 959347
 959352
 959494
 959703
 959737
 959885
 959890
 959973
 960068
 960073
 960190
 960261
 960315
 960342
 960491
 960538
 960717
 960729
 960799
 960806
 960882
 960956
 960957
 961071
 961149
 961221
 961325
 961362
 961478
 961882
 962003
 962057
 962063
 962196
 962249
 962276
 962331
 962498
 962560
 962579
 962685
 962687
 962831
 963143
 963372
 963405
 963458
 963513
 963613
 963639
 963730
 963733
 963758
 963770
 964022
 964025
 964095
 964307
 964486
 964737
 964746
 964914
 964938
 964949
 965130
 965262
 965349
 965360
 965432
 965441
 965450
 965480
 965517
 965601
 965680
 965779
 965858
 966007
 966065
 966088
 966126
 966181
 966359
 966595
 966605
 966611
 966690
 966706
 966804
 966823
 966886
 966895
 967184
 967248
 967253
 967279
 967345
 967580
 967622
 967810
 967811
 967817
 967832
 967856
 967897
 967924
 967961
 967999
 968020
 968183
 968361
 968399
 968493
 968578
 968643
 968683
 968719
 968801
 968896
 969075
 969239
 969538
 969725
 969727
 969923
 969955
 970056
 970327
 970421
 970489
 970643
 970745
 970807
 971081
 971252
 971399
 971488
 971616
 971811
 971904
 971918
 972014
 972086
 972350
 972456
 972480
 972494
 972507
 972533
 972596
 972726
 972839
 972856
 972867
 973133
 973366
 973451
 973478
 973481
 973567
 973587
 973665
 973778
 973913
 973971
 974236
 974272
 974358
 974475
 974764
 975144
 975182
 975187
 975248
 975308
 975317
 975483
 975487
 975515
 975521
 975527
 975818
 975867
 975922
 976040
 976096
 976124
 976143
 976159
 976320
 976354
 976450
 976542
 976577
 976635
 976687
 976836
 976964
 977144
 977152
 977460
 977588
 977995
 978107
 978126
 978142
 978265
 978307
 978544
 978846
 978969
 979071
 979085
 979284
 979343
 979368
 979431
 979432
 980099
 980165
 980286
 980347
 980413
 980575
 980589
 980828
 980830
 980882
 981041
 981104
 981132
 981153
 981222
 981379
 981402
 981422
 981467
 981621
 981958
 982095
 982160
 982166
 982354
 982468
 982655
 982688
 983035
 983093
 983440
 983452
 983474
 983641
 983647
 983688
 983851
 984006
 984126
 984283
 984442
 984494
 984634
 984759
 984896
 985024
 985049
 985050
 985133
 985245
 985353
 985383
 985435
 985559
 985571
 985732
 985788
 985797
 985869
 985930
 986421
 986497
 986558
 986560
 986595
 986672
 986847
 986858
 987096
 987135
 987170
 987418
 987490
 987611
 987756
 987910
 987942
 987991
 988022
 988086
 988106
 988176
 988295
 988630
 988842
 988847
 989091
 989109
 989368
 989402
 989453
 989716
 989880
 989881
 989992
 990404
 990470
 990551
 990614
 990639
 990647
 990684
 990969
 991035
 991172
 991276
 991299
 991515
 991554
 991765
 991783
 991812
 991905
 991977
 992150
 992169
 992220
 992356
 992361
 992382
 992553
 992594
 993096
 993139
 993220
 993249
 993252
 993291
 993370
 993396
 993437
 993520
 993531
 993553
 993581
 993586
 993692
 993786
 993839
 994045
 994177
 994195
 994220
 994298
 994408
 994423
 994520
 994537
 994652
 994696
 994706
 994752
 994878
 995047
 995240
 995256
 995489
 995562
 995637
 995757
 995993
 996370
 996727
 996793
 996847
 997123
 997289
 997437
 997524
 997605
 997630
 997663
 997702
 997854
 997879
 997972
 998125
 998148
 998731
 998830
 998884
 998892
 998982
 999038
 999113
 999189
 999351
 999353
 999411
 999585
 999695
 