0
 216
 287
 366
 703
 785
 848
 962
 1011
 1130
 1201
 1257
 1324
 1330
 1539
 1676
 1712
 2042
 2126
 2211
 2369
 2541
 2657
 2660
 2713
 2789
 2866
 3057
 3225
 3347
 3460
 3476
 3480
 3487
 3501
 3508
 3545
 3693
 3991
 4221
 4279
 4750
 4777
 5116
 5234
 5237
 5383
 5444
 5454
 5462
 5548
 5639
 5788
 5941
 6121
 6335
 6526
 6663
 6700
 6810
 6877
 6888
 6996
 7059
 7176
 7360
 7385
 7462
 7501
 7537
 7700
 7709
 7860
 8180
 8230
 8379
 8598
 8615
 8670
 8719
 8806
 9036
 9118
 9127
 9236
 9293
 9394
 9568
 9695
 9759
 9988
 10337
 10398
 10605
 10845
 10885
 11066
 11072
 11215
 11239
 11264
 11290
 11301
 11406
 11607
 11622
 11659
 11758
 11781
 11981
 12020
 12330
 12382
 12694
 13049
 13071
 13126
 13132
 13145
 13559
 13584
 13665
 13666
 13682
 13768
 14112
 14185
 14196
 14340
 14491
 14583
 14629
 14646
 14902
 14914
 15002
 15103
 15223
 15260
 15365
 15422
 15445
 15812
 15888
 15893
 15949
 16015
 16021
 16069
 16153
 16242
 16433
 16459
 16606
 16695
 16785
 16909
 17040
 17058
 17070
 17387
 17454
 17496
 17596
 17735
 17753
 17856
 18000
 18075
 18120
 18243
 18288
 18298
 18311
 18455
 18662
 18885
 18891
 18941
 18963
 18976
 19011
 19013
 19139
 19211
 19487
 19592
 19759
 19770
 19973
 20091
 20229
 20246
 20257
 20291
 20469
 20494
 20718
 20945
 21057
 21112
 21114
 21336
 21363
 21432
 21480
 21645
 21685
 21704
 21738
 21759
 21783
 21928
 22141
 22150
 22242
 22440
 22708
 22857
 22884
 23015
 23053
 23076
 23193
 23263
 23358
 23379
 23385
 23488
 23552
 23630
 23632
 23680
 23831
 23854
 23976
 24042
 24076
 24344
 24489
 24569
 24609
 24787
 24862
 24882
 25230
 25239
 25272
 25333
 25336
 25575
 25702
 25824
 25827
 25864
 25874
 25917
 26199
 26250
 26286
 26433
 26449
 26452
 26465
 26501
 26520
 26664
 26692
 26703
 26788
 26808
 26833
 26962
 26971
 27121
 27233
 27249
 27279
 27327
 27519
 27589
 27736
 27791
 27795
 27836
 28081
 28233
 28398
 28484
 28669
 28726
 28778
 29070
 29076
 29143
 29287
 29402
 29719
 29796
 29885
 29993
 30160
 30214
 30318
 30346
 30610
 30624
 30776
 30793
 31099
 31184
 31199
 31832
 31947
 31974
 32047
 32163
 32214
 32236
 32256
 32271
 32460
 32514
 32625
 32710
 32829
 32890
 32932
 32992
 33128
 33165
 33184
 33221
 33254
 33292
 33356
 33587
 33618
 33677
 33703
 33720
 33963
 33971
 34004
 34018
 34025
 34313
 34359
 34509
 34662
 34933
 34986
 35087
 35277
 35302
 35513
 35593
 35688
 35860
 35865
 36123
 36154
 36258
 36377
 36513
 36535
 36626
 36632
 36694
 36815
 36932
 36994
 37037
 37080
 37227
 37277
 37293
 37356
 37389
 37445
 37620
 37698
 37924
 38323
 38336
 38354
 38493
 38561
 38622
 38891
 38944
 39097
 39150
 39267
 39902
 39951
 40012
 40076
 40112
 40118
 40149
 40239
 40606
 40644
 40674
 40706
 40774
 40831
 41043
 41159
 41247
 41262
 41281
 41467
 41559
 41645
 41728
 41836
 41903
 41990
 42204
 42388
 42402
 42433
 42513
 42618
 42832
 42886
 42974
 43028
 43101
 43194
 43243
 43255
 43417
 43521
 43647
 43782
 43915
 43968
 44095
 44191
 44278
 44290
 44325
 44360
 44397
 44483
 44576
 44658
 44766
 44787
 44805
 44810
 45029
 45075
 45482
 45637
 45757
 45798
 45914
 46085
 46294
 46405
 46567
 46728
 46733
 46996
 47016
 47038
 47078
 47156
 47238
 47315
 47361
 47379
 47463
 47551
 47670
 48040
 48183
 48628
 48651
 48763
 48910
 48912
 48926
 48996
 49104
 49186
 49273
 49280
 49473
 49495
 49691
 49768
 49798
 49919
 50079
 50141
 50267
 50307
 50351
 50359
 50363
 50404
 50648
 50804
 51102
 51194
 51195
 51196
 51303
 51337
 51358
 51403
 51415
 51532
 51550
 51615
 52243
 52295
 52519
 52752
 52951
 53005
 53068
 53094
 53235
 53284
 53290
 53291
 53322
 53579
 53695
 53717
 53784
 53867
 53872
 54204
 54340
 54818
 55292
 55407
 55482
 55485
 55525
 55592
 55678
 55687
 55714
 55728
 55805
 55871
 55930
 56239
 56381
 56442
 56470
 56541
 56573
 56580
 56613
 56678
 56845
 57306
 57311
 57376
 57646
 57690
 57762
 57763
 57766
 58079
 58228
 58252
 58500
 58696
 58702
 58779
 58854
 59070
 59141
 59274
 59372
 59450
 59585
 59615
 59622
 59784
 59874
 59948
 59957
 60082
 60163
 60202
 60208
 60305
 60570
 60939
 61190
 61358
 61517
 61663
 61876
 61920
 62050
 62075
 62113
 62165
 62189
 62399
 62426
 62593
 62740
 62768
 62838
 62888
 63087
 63141
 63182
 63436
 63489
 63597
 63670
 63718
 63809
 63826
 63830
 63886
 63937
 63966
 64099
 64321
 64462
 64463
 64533
 64685
 64748
 64888
 64927
 65001
 65112
 65175
 65219
 65271
 65321
 65329
 65344
 65605
 65661
 65717
 65833
 65900
 65930
 65941
 66004
 66013
 66036
 66437
 66447
 66677
 66901
 66956
 67092
 67149
 67208
 67234
 67247
 67429
 67484
 67497
 67567
 67685
 67725
 67990
 68108
 68443
 68642
 68674
 68733
 68942
 69118
 69224
 69532
 69538
 69635
 69689
 69780
 69817
 69935
 70100
 70102
 70213
 70234
 70694
 70799
 70826
 70914
 71171
 71251
 71348
 71439
 71466
 71657
 71699
 71706
 71717
 71781
 71979
 72156
 72222
 72259
 72368
 72415
 72556
 72621
 72624
 72896
 72918
 73061
 73075
 73079
 73109
 73292
 73483
 73652
 73658
 73667
 73724
 73734
 73735
 73784
 73821
 73847
 74169
 74347
 74442
 74482
 74585
 74628
 74638
 74804
 74865
 75038
 75109
 75155
 75300
 75345
 75470
 75571
 75657
 75992
 75996
 76050
 76129
 76319
 76449
 76522
 76563
 77110
 77272
 77314
 77468
 77776
 77910
 77931
 77938
 77941
 78130
 78152
 78153
 78327
 78390
 78433
 78655
 78708
 78833
 79332
 79481
 79506
 79649
 79852
 79918
 80008
 80100
 80198
 80302
 80336
 80505
 80541
 80584
 80665
 80778
 80818
 80841
 80847
 80928
 80930
 80958
 81029
 81099
 81157
 81164
 81313
 81329
 81368
 81625
 81729
 81773
 81829
 81835
 81880
 81901
 81976
 81985
 82156
 82197
 82263
 82276
 82417
 82438
 82481
 82551
 82565
 82649
 82747
 82804
 82944
 82979
 83040
 83074
 83197
 83309
 83383
 83461
 83492
 84030
 84083
 84088
 84150
 84281
 84316
 84573
 84605
 84712
 84834
 84912
 84952
 84983
 85037
 85046
 85083
 85235
 85360
 85393
 85550
 85733
 85772
 85831
 85900
 85951
 85984
 86259
 86351
 86379
 86416
 86504
 86520
 86606
 86714
 86847
 87166
 87234
 87278
 87354
 87501
 87586
 87705
 87732
 87855
 87887
 87950
 87968
 88050
 88319
 88336
 88571
 88649
 88668
 88731
 88738
 88783
 88787
 88845
 88913
 88993
 89075
 89286
 89536
 89550
 89589
 89690
 89852
 89900
 90072
 90108
 90131
 90368
 90585
 90592
 90680
 90743
 90870
 90939
 90971
 90976
 90981
 91059
 91256
 91460
 91479
 91682
 91752
 91757
 91978
 92410
 92416
 92607
 92689
 92693
 92747
 92755
 92762
 92763
 92860
 92862
 92976
 93000
 93004
 93154
 93295
 93743
 94016
 94097
 94112
 94186
 94225
 94651
 94783
 94786
 94841
 95130
 95143
 95305
 95385
 95510
 95579
 95674
 95721
 95723
 95775
 95925
 95948
 96207
 96283
 96304
 96348
 96385
 96622
 96829
 96866
 96938
 96949
 96986
 97116
 97157
 97204
 97410
 97766
 97847
 97852
 98062
 98254
 98347
 98382
 98385
 98389
 98505
 98749
 98751
 98764
 98873
 98916
 98999
 99011
 99408
 99449
 99603
 99613
 