0
 43
 217
 234
 244
 463
 688
 719
 816
 833
 896
 958
 1023
 1061
 1117
 1274
 1525
 1531
 1706
 1857
 1975
 2034
 2126
 2190
 2227
 2397
 2700
 3085
 3215
 3525
 3586
 3644
 3651
 3701
 3743
 3745
 3778
 3800
 3879
 3988
 4073
 4220
 4294
 4357
 4583
 4591
 4670
 4691
 4724
 4942
 4993
 5021
 5053
 5056
 5086
 5101
 5103
 5178
 5194
 5296
 5439
 5670
 5683
 5732
 5749
 5779
 5783
 5911
 6084
 6129
 6174
 6200
 6248
 6266
 6389
 6697
 6758
 6788
 6828
 6871
 6882
 6994
 7097
 7125
 7164
 7445
 7649
 7822
 7835
 8389
 8547
 8638
 8802
 9051
 9059
 9072
 9117
 9632
 9833
 9874
 