170
 317
 422
 424
 456
 499
 624
 650
 667
 698
 776
 809
 1017
 1060
 1119
 1188
 1227
 1324
 1377
 1411
 1417
 1551
 1696
 1992
 2126
 2304
 2307
 2311
 2409
 2523
 2561
 2582
 2614
 2703
 2814
 2893
 2904
 3202
 3304
 3351
 3356
 3405
 3432
 3575
 3661
 3974
 4313
 4387
 4439
 4670
 4915
 5004
 5043
 5321
 5478
 5487
 5556
 5563
 5584
 5695
 5790
 5810
 5844
 5992
 6038
 6126
 6261
 6411
 6426
 6440
 6696
 6736
 6752
 7034
 7185
 7240
 7257
 7458
 7466
 7521
 7586
 7610
 7790
 7827
 7969
 7987
 8116
 8160
 8289
 8389
 8458
 8468
 8535
 8596
 8779
 8868
 8871
 8957
 8972
 9045
 9330
 9382
 9523
 9543
 9678
 9763
 9768
 9797
 9865
 9908
 9927
 10018
 10080
 10158
 10458
 10764
 10868
 10959
 11180
 11440
 11455
 11461
 11575
 11866
 11928
 11937
 11949
 11982
 12065
 12080
 12262
 12289
 12349
 12396
 12428
 12611
 13025
 13089
 13130
 13212
 13259
 13324
 13335
 13492
 13498
 13537
 13540
 13608
 13891
 14076
 14199
 14347
 14436
 14456
 14508
 14674
 14800
 14803
 14957
 14989
 15209
 15273
 15533
 15673
 15783
 16071
 16253
 16397
 16428
 16475
 16502
 16535
 16710
 16756
 16779
 16838
 16953
 16972
 17002
 17054
 17182
 17273
 17319
 17439
 17521
 17783
 17796
 17811
 17891
 17899
 18022
 18072
 18075
 18215
 18361
 18430
 18460
 18934
 18979
 19212
 19250
 19268
 19286
 19327
 19423
 19428
 19437
 19439
 19510
 19569
 19794
 19832
 19868
 19999
 20079
 20134
 20147
 20754
 21010
 21032
 21223
 21236
 21544
 21805
 22299
 22340
 22400
 22475
 22476
 22573
 22661
 22771
 23064
 23151
 23191
 23203
 23424
 23458
 23757
 23940
 24007
 24041
 24055
 24056
 24140
 24358
 24525
 24620
 24626
 24737
 24811
 24993
 25025
 25180
 25244
 25288
 25340
 25362
 25490
 25536
 25568
 25762
 25960
 26003
 26048
 26105
 26113
 26473
 26519
 26564
 26625
 26793
 26858
 26957
 26969
 27217
 27394
 27477
 27497
 27523
 27550
 27718
 27822
 27835
 27850
 27926
 27960
 28260
 28394
 28532
 28713
 28775
 28784
 28853
 29079
 29154
 29185
 29213
 29429
 29517
 29639
 29868
 30072
 30096
 30213
 30313
 30452
 30478
 30512
 30567
 30618
 30830
 30862
 30973
 31014
 31118
 31234
 31412
 31512
 31578
 31595
 31654
 31891
 31948
 32024
 32129
 32196
 32250
 32354
 32507
 32528
 32724
 32751
 32767
 33012
 33222
 33376
 33629
 33920
 33944
 33975
 34055
 34101
 34145
 34179
 34243
 34250
 34257
 34370
 34413
 34437
 34467
 34566
 34758
 34782
 34812
 34851
 34854
 34869
 34964
 35060
 35070
 35165
 35166
 35237
 35277
 35313
 35347
 35446
 35591
 35710
 35942
 35946
 35960
 35962
 35999
 36446
 36528
 36612
 36740
 36792
 37057
 37072
 37218
 37311
 37345
 37485
 37625
 37704
 37717
 37727
 37864
 38091
 38113
 38118
 38162
 38179
 38183
 38192
 38202
 38257
 38280
 38345
 38498
 38586
 38588
 38630
 38632
 38639
 38676
 38826
 38834
 38885
 38957
 39205
 39212
 39296
 39314
 39487
 39607
 39679
 39780
 39816
 39870
 39909
 39989
 40003
 40177
 40197
 40242
 40344
 40479
 40494
 40632
 40659
 40786
 41040
 41240
 41315
 41356
 41531
 41664
 41719
 41799
 41811
 41828
 41845
 41975
 42002
 42256
 42485
 42586
 42607
 42651
 42678
 42679
 42821
 42996
 43301
 43479
 43570
 43707
 43862
 44182
 44246
 44247
 44679
 44956
 45008
 45014
 45064
 45080
 45366
 45786
 45845
 46369
 46398
 46525
 46526
 46635
 46639
 46666
 46672
 46745
 47106
 47129
 47244
 47322
 47431
 47440
 47469
 47621
 47658
 47670
 47671
 47769
 47894
 48076
 48111
 48543
 48567
 48672
 48892
 49019
 49104
 49112
 49332
 49472
 49817
 49856
 50057
 50137
 50147
 50154
 50160
 50222
 50472
 50536
 50569
 50607
 50798
 50858
 50922
 50996
 51037
 51039
 51070
 51071
 51182
 51233
 51302
 51336
 51680
 51682
 51722
 51764
 51986
 52063
 52162
 52473
 52588
 52678
 52928
 52962
 53078
 53159
 53594
 53660
 53680
 53907
 54111
 54161
 54244
 54260
 54345
 54424
 54541
 54651
 54767
 54775
 54800
 54812
 54954
 55047
 55116
 55141
 55211
 55673
 55809
 55838
 55881
 56001
 56073
 56298
 56500
 56836
 56945
 56980
 56986
 57158
 57160
 57177
 57239
 57245
 57577
 57698
 57971
 58087
 58189
 58250
 58305
 58321
 58360
 58440
 58493
 58525
 58599
 59389
 59399
 59569
 59628
 59631
 59679
 59744
 59965
 59970
 60000
 60269
 60277
 60296
 60358
 60477
 60625
 60714
 60726
 60830
 61010
 61012
 61216
 61641
 61717
 61776
 61920
 61948
 61963
 62023
 62169
 62393
 62523
 62592
 62702
 62823
 62833
 62941
 63036
 63072
 63123
 63150
 63428
 63507
 63622
 63636
 63643
 63756
 63757
 63810
 63831
 63976
 64060
 64201
 64241
 64256
 64481
 64584
 64587
 64952
 65105
 65234
 65262
 65340
 65361
 65379
 65438
 65568
 65594
 65633
 65661
 65721
 66070
 66148
 66256
 66558
 66655
 66816
 66953
 67011
 67075
 67115
 67138
 67192
 67291
 67404
 67515
 67720
 67723
 67747
 67756
 67861
 68083
 68085
 68115
 68175
 68422
 68701
 68742
 68929
 68979
 69099
 69115
 69336
 69369
 69405
 69476
 69773
 69903
 70114
 70272
 70342
 70368
 70377
 70445
 70469
 70471
 70542
 70549
 70570
 70575
 70887
 70964
 70998
 70999
 71197
 71465
 71514
 71629
 71720
 71755
 71875
 71980
 72005
 72026
 72136
 72182
 72238
 72270
 72273
 72297
 72372
 72407
 72583
 72586
 72743
 72933
 73243
 73333
 73477
 73572
 73838
 73943
 74017
 74074
 74083
 74227
 74369
 74488
 74807
 74815
 74821
 74972
 75093
 75259
 75672
 75713
 75728
 75739
 75750
 75922
 75943
 76113
 76121
 76324
 76473
 76702
 76727
 76918
 77176
 77351
 77471
 77812
 78053
 78101
 78334
 78454
 78676
 78716
 78990
 79000
 79128
 79152
 79227
 79310
 79393
 79527
 79532
 80019
 80115
 80228
 80237
 80288
 80334
 80359
 80519
 80526
 80612
 80622
 80729
 80750
 81035
 81081
 81381
 81435
 81464
 81528
 81549
 81658
 81708
 81776
 82060
 82155
 82274
 82345
 82375
 82469
 82528
 82629
 82853
 82899
 82916
 83008
 83089
 83240
 83368
 83384
 83430
 83488
 83647
 83790
 83820
 83870
 83875
 83878
 84000
 84024
 84073
 84225
 84226
 84265
 84543
 84628
 84685
 84690
 84867
 85082
 85084
 85145
 85378
 85381
 85393
 85411
 85459
 85524
 85838
 85900
 85932
 86136
 86175
 86212
 86243
 86503
 86578
 86690
 86737
 86920
 86923
 87028
 87050
 87111
 87112
 87116
 87381
 87621
 87622
 87745
 87776
 87905
 88006
 88046
 88090
 88432
 88527
 88646
 88708
 88808
 88967
 89052
 89125
 89224
 89298
 89331
 89482
 89512
 89545
 89688
 90008
 90163
 90310
 90520
 90586
 90607
 90614
 90635
 90990
 91118
 91218
 91500
 91534
 91636
 91680
 91709
 91821
 91852
 91953
 92275
 92342
 92349
 92717
 92851
 93170
 93214
 93225
 93611
 93771
 93873
 93874
 94046
 94104
 94213
 94356
 94420
 94483
 94606
 94620
 94862
 94926
 95045
 95068
 95091
 95142
 95240
 95291
 95367
 95412
 95560
 95726
 95729
 95767
 95815
 95838
 95905
 96142
 96166
 96255
 96482
 96551
 96595
 96709
 96749
 96775
 96995
 97020
 97074
 97260
 97268
 97337
 97486
 97562
 97619
 97684
 97882
 98129
 98136
 98316
 98389
 98546
 98550
 98570
 98580
 98703
 98730
 98946
 98983
 99152
 99280
 99345
 99368
 99561
 99593
 99604
 99798
 99974
 