67
 209
 280
 558
 592
 638
 670
 802
 915
 950
 1037
 1135
 1185
 1237
 1376
 1552
 1599
 1698
 1723
 1747
 2144
 2274
 2309
 2404
 2471
 2543
 2570
 2588
 2684
 3045
 3052
 3072
 3182
 3396
 3408
 3480
 3668
 3735
 3775
 3914
 4039
 4061
 4129
 4201
 4369
 4551
 4707
 4769
 4801
 4850
 4856
 5090
 5191
 5194
 5272
 5405
 5676
 5739
 5913
 5919
 5941
 6228
 6315
 6333
 6370
 6538
 6564
 6659
 6723
 7116
 7141
 7241
 7266
 7281
 7330
 7627
 7876
 7928
 8096
 8109
 8166
 8193
 8217
 8237
 8379
 8439
 8447
 8451
 8532
 8641
 8751
 8790
 8896
 9041
 9054
 9058
 9204
 9269
 9546
 9638
 9930
 10159
 10203
 10266
 10469
 10505
 10705
 11041
 11174
 11230
 11798
 11933
 12247
 12281
 12496
 12616
 12804
 12997
 13067
 13081
 13160
 13201
 13339
 13372
 13429
 13463
 13552
 13582
 13634
 13747
 14000
 14073
 14157
 14202
 14241
 14468
 14472
 14488
 14701
 14746
 14749
 14879
 15076
 15257
 15307
 15340
 15354
 15537
 15655
 15763
 15782
 15999
 16271
 16272
 16370
 16819
 16935
 16943
 16978
 17167
 17248
 17368
 17427
 17436
 17583
 17607
 17611
 17693
 17794
 17839
 17926
 17938
 17953
 18129
 18279
 18314
 18370
 18518
 18539
 18800
 18820
 18862
 18884
 18914
 18983
 19170
 19238
 19271
 19395
 19407
 19417
 19575
 19591
 19594
 19825
 20165
 20186
 20335
 20390
 20910
 20972
 21104
 21108
 21474
 21682
 21832
 21967
 22265
 22268
 22329
 22353
 22402
 22441
 22711
 22976
 23025
 23321
 23349
 23424
 23431
 23507
 23527
 23540
 23572
 23920
 23942
 23957
 24328
 24346
 24390
 24498
 24614
 24636
 24802
 24936
 25166
 25168
 25508
 25635
 25692
 25817
 26299
 26412
 26554
 26794
 26804
 27010
 27071
 27166
 27234
 27428
 27528
 27568
 27592
 27601
 27602
 27649
 27697
 27774
 27988
 28172
 28234
 28421
 28434
 28485
 28725
 28748
 28801
 29180
 29273
 29395
 29492
 29716
 29724
 29850
 29873
 29895
 29997
 30108
 30176
 30235
 30272
 30290
 30533
 30711
 30732
 30938
 30996
 31006
 31034
 31147
 31220
 31325
 31357
 31487
 31508
 31586
 31633
 31742
 32071
 32122
 32528
 32583
 32765
 32995
 33004
 33040
 33109
 33180
 33300
 33318
 33362
 33370
 33613
 33777
 33782
 34059
 34074
 34521
 34634
 34668
 34798
 34979
 35025
 35085
 35322
 35348
 35434
 35597
 35774
 35877
 36128
 36379
 36398
 36417
 36467
 36485
 36742
 36819
 36893
 36904
 36924
 37067
 37076
 37095
 37099
 37183
 37323
 37362
 37416
 37479
 37579
 37636
 38009
 38072
 38130
 38181
 38394
 38396
 38410
 38415
 38429
 38437
 38599
 38657
 38698
 38728
 38774
 38894
 39013
 39072
 39144
 39289
 39323
 39541
 39670
 39936
 40017
 40045
 40090
 40153
 40159
 40184
 40531
 40718
 40752
 40758
 40779
 40823
 40898
 40947
 41053
 41265
 41318
 41356
 41389
 41418
 41713
 41804
 41866
 41868
 41891
 42070
 42190
 42271
 42376
 42556
 42657
 42778
 43002
 43092
 43139
 43160
 43445
 43492
 43735
 43794
 43853
 43932
 43960
 43970
 44072
 44113
 44297
 44323
 44340
 44378
 44589
 44615
 44628
 44697
 44713
 44750
 44826
 44853
 44868
 44967
 45178
 45206
 45359
 45460
 45509
 45605
 45653
 46034
 46166
 46397
 46457
 46484
 46683
 46774
 46778
 46831
 46843
 47042
 47225
 47247
 47550
 47562
 47794
 48022
 48036
 48230
 48293
 49110
 49122
 49217
 49427
 49537
 49581
 49982
 49987
 50006
 50126
 50241
 50353
 50382
 50428
 50551
 50591
 50636
 50657
 50764
 50812
 50898
 51110
 51195
 51332
 51428
 51454
 51609
 51640
 51779
 51966
 51967
 51995
 51998
 52001
 52058
 52071
 52129
 52262
 52277
 52362
 52398
 52602
 52885
 53033
 53172
 53201
 53408
 53477
 53562
 53616
 53763
 54017
 54158
 54264
 54352
 54513
 54593
 54648
 54732
 54892
 55068
 55256
 55280
 55546
 55925
 55982
 56095
 56101
 56306
 56518
 56563
 56578
 56840
 56945
 56997
 57051
 57165
 57270
 57415
 57433
 57446
 57528
 57546
 57596
 57612
 57976
 58019
 58153
 58337
 58344
 58485
 58823
 58842
 58849
 59051
 59286
 59300
 59324
 59412
 59573
 59706
 59789
 59804
 59848
 60043
 60325
 60327
 60540
 60720
 60852
 61063
 61202
 61205
 61253
 61273
 61290
 61451
 61466
 61498
 61545
 61565
 61601
 61781
 61880
 61949
 61964
 62008
 62131
 62351
 62475
 62513
 62602
 62767
 62863
 63074
 63133
 63283
 63523
 63622
 63907
 63921
 64071
 64200
 64301
 64389
 64408
 64434
 64477
 64768
 64802
 64825
 64954
 65011
 65201
 65210
 65236
 65300
 65354
 65386
 65427
 65459
 65578
 65791
 65866
 65890
 66235
 66238
 66338
 66412
 66420
 66469
 66482
 66554
 66596
 66668
 66823
 66869
 66903
 66983
 67045
 67157
 67270
 67327
 67432
 67581
 67651
 67660
 67709
 67775
 67823
 68185
 68367
 68454
 68530
 68624
 68680
 68715
 68796
 68820
 68947
 68999
 69030
 69046
 69108
 69261
 69398
 69433
 69519
 69558
 69626
 69860
 69946
 69962
 70064
 70083
 70245
 70286
 70294
 70372
 70432
 70477
 70569
 70668
 70688
 71237
 71390
 71617
 71707
 71733
 71844
 71889
 71999
 72144
 72280
 72282
 72416
 72420
 72462
 72671
 72693
 72764
 72861
 72923
 73008
 73104
 73128
 73191
 73238
 73239
 73363
 73492
 73505
 73513
 73630
 73858
 74055
 74069
 74220
 74269
 74306
 74325
 74352
 74425
 74455
 74466
 74574
 74657
 74776
 74781
 74868
 75131
 75132
 75145
 75225
 75267
 75288
 75777
 76075
 76249
 76293
 76422
 76470
 76532
 76640
 76846
 76926
 77109
 77234
 77235
 77304
 77316
 77348
 77368
 77432
 77461
 77480
 77543
 77633
 77670
 77790
 77794
 77820
 78028
 78042
 78239
 78340
 78541
 78626
 78702
 78738
 78808
 79038
 79132
 79183
 79210
 79254
 79270
 79326
 79379
 79387
 79499
 79513
 79538
 79550
 79559
 79621
 79779
 80745
 80856
 81099
 81209
 81446
 81482
 81527
 81554
 81686
 81727
 81738
 81796
 82013
 82068
 82147
 82168
 82180
 82250
 82442
 82475
 82521
 82543
 82740
 82788
 82804
 82842
 82857
 83068
 83215
 83250
 83526
 83545
 83582
 83764
 83791
 83853
 84203
 84321
 84441
 84458
 84465
 84541
 84668
 84679
 84706
 84924
 84925
 84982
 85078
 85117
 85198
 85203
 85257
 85306
 85376
 85410
 85585
 85601
 85753
 85770
 86079
 86116
 86124
 86186
 86197
 86206
 86341
 86506
 86581
 86600
 86756
 87188
 87266
 87289
 87322
 87356
 87398
 87423
 87594
 87677
 87759
 87899
 87963
 88008
 88183
 88372
 88469
 88474
 88521
 88795
 88796
 88992
 89077
 89082
 89264
 89345
 89465
 89676
 89831
 89977
 90026
 90075
 90199
 90206
 90376
 90492
 90884
 90963
 91442
 91497
 91534
 91581
 91604
 91621
 91819
 91822
 91918
 91936
 92116
 92141
 92296
 92297
 92313
 92424
 92560
 92749
 93239
 93263
 93345
 93350
 93361
 93409
 93456
 93504
 93544
 93559
 93645
 93817
 93892
 94148
 94168
 94177
 94308
 94369
 94479
 94721
 94759
 94766
 94823
 94848
 94882
 94917
 95094
 95136
 95177
 95286
 95331
 95508
 95593
 95599
 95605
 95625
 95892
 95912
 95954
 96170
 96302
 96317
 96441
 96479
 96491
 96516
 96538
 96659
 96743
 96925
 97058
 97115
 97144
 97168
 97183
 97263
 97299
 97333
 97348
 97604
 97846
 98025
 98069
 98097
 98140
 98245
 98444
 98451
 98523
 98583
 98651
 98688
 98765
 98812
 99081
 99143
 99220
 99261
 99336
 99341
 99343
 99828
 99935
 