0
 161
 417
 528
 698
 704
 729
 843
 940
 972
 1002
 1486
 1489
 1550
 1575
 1625
 1816
 1918
 2074
 2165
 2246
 2486
 2675
 2726
 2779
 2860
 2874
 2878
 2919
 3061
 3247
 3307
 3815
 3931
 4027
 4089
 4109
 4143
 4174
 4229
 4504
 4715
 4722
 4936
 5136
 5222
 5294
 5579
 5620
 5682
 5726
 5788
 5854
 6372
 6614
 6848
 6883
 6917
 7055
 7178
 7200
 7235
 7244
 7326
 7517
 8133
 8213
 8254
 8282
 8458
 8628
 8669
 8775
 8787
 8797
 8800
 8848
 8949
 9012
 9150
 9235
 9245
 9523
 9577
 9660
 9730
 9759
 9968
 10054
 10074
 10131
 10291
 10303
 10366
 10399
 10487
 10497
 10500
 10562
 10589
 10886
 11131
 11168
 11269
 11303
 11313
 11496
 11506
 11535
 11678
 11709
 11744
 11776
 12172
 12360
 12480
 12582
 12709
 12762
 12828
 12967
 12991
 13019
 13032
 13047
 13519
 13660
 13843
 14544
 14591
 14604
 14651
 14720
 15264
 15417
 15492
 15531
 15600
 15639
 15654
 15676
 15983
 16149
 16373
 16382
 16480
 16563
 16810
 17004
 17009
 17142
 17301
 17348
 17470
 17540
 17611
 17644
 17688
 17726
 17734
 17835
 17845
 18051
 18055
 18071
 18567
 18648
 18747
 18836
 18867
 18932
 19009
 19076
 19213
 19407
 19549
 19614
 19782
 20030
 20054
 20342
 20415
 20672
 20842
 20854
 20999
 21255
 21329
 21340
 21357
 21421
 21444
 21641
 21744
 21823
 21873
 21904
 21949
 22275
 22282
 22294
 22308
 22471
 22501
 22673
 22712
 22742
 22890
 23022
 23069
 23099
 23119
 23306
 23340
 23488
 23982
 24050
 24134
 24172
 24385
 24843
 25056
 25185
 25201
 25213
 25352
 25481
 25490
 25671
 25701
 25777
 25801
 25915
 26034
 26086
 26211
 26211
 26395
 26401
 26447
 26566
 26588
 26590
 26722
 26805
 27005
 27011
 27351
 27536
 27541
 27564
 27685
 27716
 27759
 27838
 27954
 28107
 28124
 28251
 28345
 28364
 28365
 28380
 28565
 28571
 28583
 28676
 28707
 28736
 28766
 28843
 28971
 28987
 29035
 29198
 29538
 29635
 29676
 29989
 30335
 30432
 30472
 30480
 30792
 30838
 30838
 31008
 31066
 31110
 31335
 31517
 31520
 31528
 31643
 31856
 31930
 31933
 31969
 32085
 32222
 32259
 32422
 32464
 32568
 32616
 32642
 32676
 32865
 32897
 33030
 33085
 33129
 33186
 33286
 33386
 33528
 33651
 33729
 33729
 33924
 34035
 34325
 34340
 34341
 34520
 34563
 34650
 34653
 34669
 34719
 34728
 34861
 35079
 35227
 35264
 35333
 35462
 35547
 35555
 35585
 35666
 35880
 35930
 36027
 36195
 36381
 36417
 36490
 36633
 36635
 36695
 36736
 36761
 36931
 36931
 36936
 37288
 37331
 37441
 37527
 37605
 37668
 37696
 37732
 37784
 38357
 38364
 38388
 38542
 38685
 38776
 38887
 39070
 39374
 39534
 39676
 39911
 39931
 40026
 40111
 40148
 40223
 40276
 40343
 40351
 40404
 40474
 40583
 40888
 40909
 41100
 41312
 41385
 41432
 41458
 41604
 41631
 41710
 41798
 41804
 41871
 41975
 42504
 42545
 42558
 42739
 42761
 42762
 42792
 42976
 42984
 43015
 43138
 43417
 43457
 43469
 43471
 43478
 43542
 43546
 43627
 43709
 43799
 43860
 44107
 44168
 44383
 44396
 44639
 44819
 44876
 44897
 44968
 44976
 45335
 45367
 45470
 45629
 45651
 45810
 45845
 45887
 46010
 46059
 46125
 46369
 46380
 46438
 46471
 46601
 46618
 46636
 46647
 46862
 46901
 46985
 47221
 47233
 47283
 47311
 47360
 47411
 47473
 47608
 47673
 47854
 48197
 48208
 48221
 48274
 48281
 48299
 48613
 48691
 48753
 48859
 48958
 49051
 49069
 49136
 49157
 49242
 49440
 49597
 49710
 49840
 49984
 50000
 50120
 50149
 50329
 50697
 50759
 51057
 51325
 51357
 51412
 51413
 51523
 51576
 51606
 51621
 51813
 51863
 51882
 51898
 51909
 51947
 51981
 52044
 52075
 52128
 52135
 52178
 52258
 52308
 52439
 52691
 52705
 53033
 53063
 53158
 53170
 53395
 53941
 53946
 53960
 53981
 54161
 54216
 54301
 54303
 54366
 54488
 54534
 54604
 54667
 54789
 54881
 54911
 54959
 54993
 55072
 55087
 55098
 55179
 55206
 55218
 55273
 55310
 55414
 55424
 55698
 55798
 55904
 55907
 56012
 56072
 56074
 56080
 56237
 56279
 56334
 56371
 56684
 56779
 56856
 56890
 57089
 57174
 57282
 57362
 57419
 57554
 57739
 57866
 58067
 58072
 58124
 58156
 58230
 58321
 58374
 58492
 58643
 58715
 58841
 58848
 58962
 59007
 59115
 59130
 59235
 59245
 59292
 59566
 59804
 59871
 59913
 60084
 60120
 60336
 60491
 60532
 60553
 60642
 60805
 60878
 60908
 61182
 61227
 61236
 61375
 61479
 61533
 61835
 61843
 61876
 61978
 62049
 62460
 62554
 62576
 62755
 62871
 62874
 62916
 62987
 63003
 63288
 63429
 63753
 63758
 63906
 64030
 64336
 64412
 64476
 64519
 64520
 64622
 64790
 64826
 64963
 64983
 65057
 65088
 65156
 65195
 65229
 65455
 65484
 65633
 65701
 65744
 65919
 66200
 66215
 66325
 66485
 66531
 66603
 66621
 66666
 66686
 66702
 67066
 67130
 67450
 67632
 67651
 67683
 67688
 67797
 68170
 68214
 68244
 68322
 68440
 68443
 68539
 68632
 68771
 68921
 68972
 69303
 69305
 69315
 69327
 69510
 69647
 69666
 69930
 69991
 70266
 70296
 70306
 70336
 70512
 70711
 70800
 70828
 70850
 70960
 70984
 71153
 71183
 71215
 71267
 71357
 71461
 71491
 71559
 71589
 71683
 71689
 71884
 72059
 72209
 72511
 72545
 72614
 72875
 72939
 72944
 73000
 73077
 73091
 73183
 73244
 73307
 73551
 73576
 73690
 73753
 73764
 74062
 74084
 74273
 74340
 74402
 74432
 74463
 74526
 74586
 74637
 74644
 74675
 74812
 74895
 75116
 75140
 75360
 75373
 75452
 75476
 75556
 75575
 75632
 75653
 75782
 75850
 75878
 75933
 76209
 76209
 76368
 76580
 76619
 76703
 76802
 76872
 76954
 76967
 77084
 77471
 77534
 77579
 77771
 78026
 78028
 78053
 78246
 78321
 78461
 78557
 78623
 78697
 78752
 78990
 79001
 79029
 79249
 79310
 79363
 79380
 79450
 79516
 79790
 79942
 79969
 80010
 80019
 80054
 80087
 80109
 80208
 80279
 80342
 80377
 80454
 80616
 80620
 80685
 80783
 80932
 80967
 81119
 81443
 81449
 81526
 81573
 81818
 81893
 81991
 82065
 82186
 82187
 82235
 82309
 82452
 82769
 83032
 83222
 83280
 83430
 83783
 83785
 84004
 84278
 84286
 84344
 84364
 84512
 84572
 84579
 84638
 84651
 84676
 84701
 84868
 85321
 85403
 85557
 85652
 85706
 85958
 85977
 85986
 86078
 86089
 86181
 86250
 86293
 86480
 86545
 86547
 86590
 86628
 86650
 87134
 87199
 87486
 87978
 88045
 88233
 88300
 88336
 88414
 88486
 88521
 88704
 88741
 88763
 88836
 88923
 88987
 89054
 89069
 89129
 89182
 89288
 89490
 89544
 89715
 89738
 89756
 89812
 89864
 89890
 89905
 89984
 90052
 90070
 90308
 90373
 90473
 90559
 90738
 90779
 90875
 90929
 91025
 91276
 91603
 91711
 91790
 91891
 91914
 91957
 91962
 92132
 92163
 92189
 92258
 92357
 92379
 92380
 92400
 92435
 92459
 92501
 92591
 92758
 93381
 93510
 93523
 93642
 93721
 93732
 93885
 93999
 94192
 94537
 94572
 94594
 94595
 94648
 94666
 94707
 95058
 95092
 95221
 95309
 95325
 95325
 95356
 95586
 95749
 95753
 95766
 95958
 95977
 95999
 96065
 96095
 96157
 96205
 96579
 96623
 96673
 96701
 96800
 96811
 97035
 97299
 97607
 97792
 97955
 97979
 98057
 98098
 98116
 98117
 98133
 98443
 98578
 98829
 98834
 98838
 98878
 98996
 99218
 99483
 99567
 99627
 99628
 99867
 99907
 99924
 