0
 53
 65
 68
 90
 106
 140
 212
 335
 453
 506
 573
 742
 792
 888
 1059
 1214
 1350
 1526
 1581
 1609
 1675
 1728
 1826
 1988
 2073
 2108
 2206
 2272
 2361
 2620
 2661
 2662
 2822
 3019
 3162
 3216
 3285
 3426
 3575
 3850
 3861
 3877
 4052
 4205
 4223
 4576
 4617
 4640
 4740
 4816
 4853
 5091
 5210
 5365
 5466
 5623
 5722
 5748
 5772
 5822
 6007
 6026
 6192
 6225
 6262
 6441
 6474
 6532
 6775
 7035
 7069
 7117
 7171
 7284
 7413
 7422
 7439
 7445
 7619
 7943
 7974
 8020
 8022
 8130
 8296
 8656
 8672
 8791
 8995
 9030
 9069
 9183
 9276
 9356
 9380
 9553
 9681
 9733
 9746
 9848
 9972
 10041
 10107
 10126
 10217
 10250
 10274
 10508
 10718
 10938
 11023
 11128
 11145
 11167
 11169
 11181
 11275
 11341
 11398
 11434
 11517
 11550
 11582
 11618
 11657
 11757
 11798
 12000
 12044
 12068
 12112
 12279
 12313
 12348
 12492
 12664
 12800
 13145
 13311
 13354
 13489
 13554
 13567
 13679
 13696
 13913
 13964
 13966
 13969
 13995
 14064
 14065
 14183
 14188
 14207
 14218
 14566
 14634
 14905
 14992
 15081
 15095
 15118
 15475
 15485
 15504
 15543
 15600
 15947
 16020
 16039
 16129
 16223
 16280
 16387
 16518
 16537
 16565
 16574
 16608
 16666
 16800
 16893
 17089
 17115
 17293
 17370
 17609
 17640
 17715
 17763
 17802
 17874
 17971
 18078
 18138
 18235
 18256
 18321
 18349
 18390
 18727
 18728
 18915
 19059
 19256
 19257
 19517
 19694
 19733
 19742
 19940
 20081
 20171
 20181
 20466
 20484
 20704
 20783
 21096
 21101
 21143
 21174
 21191
 21252
 21678
 21727
 21818
 21917
 21918
 21963
 21978
 22016
 22113
 22158
 22247
 22267
 22418
 22531
 22969
 22987
 23281
 23333
 23347
 23418
 23423
 23576
 23605
 23775
 24113
 24132
 24244
 24425
 24626
 24751
 24939
 24959
 24997
 25003
 25053
 25098
 25105
 25112
 25318
 25361
 25450
 25524
 25791
 25879
 25894
 25912
 26086
 26096
 26369
 26481
 26641
 26671
 26690
 27027
 27125
 27126
 27208
 27304
 27401
 27410
 27457
 27592
 27599
 27735
 27824
 27847
 27851
 27949
 28022
 28292
 28343
 28496
 28726
 28815
 28933
 28942
 28996
 29033
 29050
 29099
 29153
 29262
 29630
 29969
 30289
 30352
 30436
 30548
 30846
 31111
 31241
 31262
 31377
 31615
 31713
 31714
 31815
 31982
 31985
 32086
 32178
 32212
 32256
 32311
 32345
 32774
 33091
 33150
 33292
 33315
 33437
 33875
 34000
 34255
 34278
 34454
 34469
 34558
 34609
 34769
 34862
 34875
 35036
 35309
 35344
 35699
 35757
 36065
 36098
 36211
 36264
 36390
 36493
 36537
 36596
 36720
 36778
 36890
 36906
 37077
 37093
 37277
 37321
 37361
 37370
 37589
 37672
 37743
 37745
 37866
 37977
 37998
 38031
 38097
 38135
 38145
 38292
 38407
 38412
 38577
 38636
 38819
 38895
 38900
 39192
 39306
 39322
 39733
 39738
 39940
 40100
 40224
 40295
 40350
 40377
 40471
 40596
 40815
 41090
 41510
 41560
 41657
 41720
 41920
 42062
 42121
 42250
 42441
 42629
 42773
 42893
 43068
 43153
 43170
 43213
 43293
 43314
 43337
 43409
 43437
 43552
 43592
 43663
 43689
 43709
 43771
 43978
 44207
 44316
 44397
 44415
 44647
 44665
 44673
 44746
 44759
 44785
 44945
 44973
 44985
 44987
 45199
 45206
 45273
 45584
 45647
 45762
 45872
 45902
 45961
 46021
 46074
 46281
 46413
 46458
 46562
 46567
 46680
 46717
 46782
 46834
 46901
 47040
 47212
 47260
 47276
 47354
 47406
 47456
 47471
 47477
 47549
 47574
 47729
 47864
 47936
 48174
 48201
 48285
 48341
 48351
 48563
 48584
 48706
 48801
 49088
 49272
 49332
 49334
 49406
 49443
 49624
 49664
 49678
 