0
 253
 269
 451
 487
 553
 612
 643
 648
 693
 930
 957
 1203
 1261
 1298
 1336
 1369
 1595
 1986
 2009
 2084
 2169
 2486
 2570
 2648
 2657
 2842
 2905
 3070
 3274
 3351
 3373
 3406
 3677
 3812
 3949
 4001
 4012
 4146
 4190
 4429
 4440
 4522
 4534
 4714
 4774
 4825
 4935
 4959
 5042
 5046
 5290
 5313
 5356
 5416
 5427
 5460
 5750
 6083
 6264
 6278
 6461
 6485
 6597
 6688
 6800
 6856
 6931
 7042
 7045
 7307
 7369
 7499
 7557
 7675
 7690
 7734
 8003
 8100
 8120
 8165
 8218
 8247
 8410
 8434
 8695
 8716
 8814
 8819
 9135
 9177
 9204
 9345
 9351
 9361
 9401
 9635
 9806
 9822
 9920
 9932
 9951
 10082
 10133
 10155
 10176
 10189
 10214
 10229
 10294
 10307
 10344
 10495
 10566
 10628
 10637
 10883
 10909
 10924
 11024
 11103
 11107
 11152
 11194
 11217
 11347
 11536
 11746
 11776
 11860
 11966
 11996
 12016
 12066
 12172
 12375
 12421
 12540
 12639
 12789
 12851
 12869
 12995
 13099
 13312
 13333
 13505
 13518
 13526
 13829
 14122
 14211
 14220
 14229
 14608
 14613
 14660
 14731
 14890
 15131
 15355
 15360
 15447
 15558
 15581
 15722
 15816
 15969
 16093
 16154
 16347
 16359
 16443
 16551
 16569
 16611
 16746
 16799
 17005
 17075
 17181
 17211
 17504
 18082
 18316
 18418
 18441
 18472
 18557
 18739
 19166
 19177
 19338
 19382
 19432
 19465
 19499
 19676
 19710
 19778
 20015
 20261
 20306
 20404
 20437
 20524
 20547
 20573
 20632
 20799
 20918
 20940
 20981
 21100
 21186
 21193
 21195
 21216
 21274
 21424
 21425
 21619
 21683
 21710
 21773
 21916
 22232
 22240
 22263
 22307
 22437
 22510
 22576
 22591
 22601
 22823
 22849
 22903
 23019
 23272
 23344
 23354
 23367
 23446
 23464
 23528
 23628
 24180
 24186
 24280
 24458
 24880
 24888
 24904
 25035
 25312
 25495
 25593
 25684
 25885
 25890
 25901
 26173
 26297
 26387
 26482
 26501
 26507
 26539
 27207
 27260
 27488
 27546
 27549
 27645
 27655
 27670
 27761
 27905
 28121
 28194
 28319
 28333
 28362
 28429
 28652
 28755
 28903
 29068
 29090
 29146
 29174
 29192
 29421
 29486
 29523
 29679
 29946
 29983
 30039
 30093
 30130
 30617
 30749
 30775
 30814
 30897
 30908
 31377
 31390
 31523
 31718
 31790
 31935
 31961
 32006
 32191
 32289
 32299
 32300
 32362
 32408
 32414
 32528
 32977
 32991
 32997
 33014
 33037
 33044
 33280
 33326
 33336
 33344
 33363
 33568
 33641
 33730
 33793
 34122
 34398
 34462
 34532
 34543
 34608
 34624
 34650
 34711
 34772
 34792
 34826
 34950
 35052
 35188
 35199
 35305
 35400
 35478
 35542
 35794
 35804
 35890
 36018
 36027
 36334
 36557
 36567
 36686
 36788
 36849
 36871
 36984
 37066
 37295
 37383
 37527
 37561
 37571
 37751
 37756
 37788
 37889
 37995
 38045
 38283
 38426
 38461
 38622
 38769
 38834
 38950
 39033
 39294
 39462
 39611
 39728
 39745
 39771
 40006
 40270
 40607
 40618
 40685
 40707
 40789
 40904
 40928
 41003
 41101
 41287
 41310
 41345
 41680
 41699
 42185
 42234
 42239
 42385
 42481
 42484
 42485
 42502
 42547
 42563
 42598
 42656
 42734
 42827
 42857
 43157
 43199
 43369
 43412
 43431
 43570
 43676
 43760
 43806
 43899
 44112
 44160
 44178
 44324
 44594
 44621
 44779
 44784
 44846
 44864
 45019
 45172
 45284
 45500
 45526
 45577
 45872
 45916
 45920
 46068
 46132
 46357
 46402
 46438
 46468
 46526
 46529
 46689
 46794
 47049
 47188
 47353
 47445
 47466
 47491
 47585
 47759
 47826
 47838
 47946
 48016
 48089
 48110
 48214
 48285
 48337
 48484
 48617
 48679
 48769
 48841
 48981
 49183
 49240
 49414
 49484
 49712
 49815
 49828
 49873
 49921
 