3
 87
 187
 600
 724
 910
 950
 1093
 1325
 1362
 1374
 1378
 1399
 1528
 1670
 2038
 2097
 2104
 2127
 2399
 2520
 2547
 2548
 2590
 2669
 2776
 2885
 3031
 3065
 3074
 3115
 3116
 3154
 3175
 3219
 3311
 3422
 3499
 3568
 3570
 3725
 3729
 3750
 3799
 3935
 4051
 4160
 4271
 4468
 4578
 4615
 4694
 4894
 4912
 5038
 5217
 5393
 5506
 5622
 5724
 5785
 5896
 5982
 6319
 6332
 6338
 6553
 6630
 6695
 6769
 6837
 6843
 6881
 6943
 6978
 7100
 7282
 7293
 7460
 7869
 8004
 8139
 8240
 8318
 8409
 8512
 8839
 8872
 8973
 9003
 9102
 9172
 9216
 9388
 9400
 9599
 9619
 9854
 9868
 9939
 