0
 41
 102
 277
 354
 461
 465
 550
 672
 861
 871
 1051
 1083
 1172
 1187
 1540
 1642
 1680
 1771
 1801
 1881
 1903
 2014
 2120
 2275
 2426
 2446
 2558
 2828
 2868
 2981
 3052
 3071
 3243
 3339
 3421
 3638
 3814
 4047
 4101
 4328
 4330
 4504
 4528
 4596
 4723
 4783
 4950
 5017
 5050
 5054
 5172
 5190
 5327
 5826
 5836
 5854
 5874
 5898
 5966
 6095
 6104
 6106
 6309
 6373
 6597
 6713
 6785
 6925
 6930
 6939
 7053
 7318
 7430
 7563
 7606
 7683
 7733
 7747
 7853
 7859
 8078
 8301
 8430
 8551
 8712
 8756
 8933
 8942
 8961
 9011
 9128
 9237
 9353
 9358
 9367
 9536
 9541
 9602
 9827
 10052
 10114
 10139
 10159
 10198
 10310
 10319
 10372
 10619
 10622
 10652
 11066
 11158
 11238
 11407
 11490
 11625
 11640
 11751
 11890
 11939
 12035
 12062
 12153
 12378
 12410
 12535
 12557
 12802
 12880
 12976
 13043
 13129
 13235
 13264
 13284
 13291
 13338
 13385
 13388
 13437
 13691
 13715
 13858
 14058
 14157
 14163
 14185
 14260
 14329
 14928
 14984
 15011
 15093
 15236
 15353
 15360
 15390
 15439
 15606
 15706
 15737
 15790
 16140
 16260
 16273
 16377
 16841
 16927
 16971
 17153
 17229
 17429
 17442
 17482
 17545
 17550
 17721
 17749
 17878
 17977
 18168
 18172
 18360
 18364
 18375
 18521
 18534
 18596
 18782
 18796
 19071
 19217
 19245
 19414
 19518
 19623
 19651
 19749
 19789
 19822
 19837
 19933
 20033
 20090
 20162
 20278
 20457
 20472
 20484
 20578
 20841
 20864
 21029
 21178
 21684
 22043
 22105
 22250
 22315
 22345
 22371
 22394
 22475
 22978
 23374
 23439
 23465
 23495
 23529
 23670
 23847
 23850
 23969
 24121
 24293
 24387
 24582
 24590
 24617
 24763
 24769
 24933
 25084
 25093
 25163
 25340
 25515
 25699
 25721
 25752
 25754
 26026
 26091
 26192
 26286
 26403
 26722
 26816
 26948
 26981
 27167
 27215
 27279
 27392
 27414
 27559
 27584
 27646
 27762
 27928
 28043
 28326
 28491
 28552
 28577
 28789
 28794
 29023
 29193
 29381
 29394
 29523
 29537
 29608
 29803
 29871
 29949
 29994
 29999
 30162
 30331
 30446
 30487
 30632
 30878
 31061
 31094
 31100
 31429
 31479
 31584
 31611
 31684
 31846
 31881
 31899
 31914
 31999
 32107
 32224
 32335
 32458
 32643
 32724
 32878
 33115
 33156
 33322
 33346
 33355
 33506
 33536
 33560
 33743
 33851
 33917
 33951
 34033
 34201
 34295
 34366
 34464
 34477
 34496
 34621
 34726
 34808
 35080
 35292
 35401
 35430
 35433
 35450
 35482
 35487
 35585
 35586
 35810
 35938
 36116
 36126
 36144
 36147
 36157
 36167
 36252
 36385
 36516
 36567
 36666
 36748
 36842
 36967
 36991
 37100
 37229
 37248
 37344
 37364
 37481
 37537
 37790
 37882
 38010
 38070
 38080
 38217
 38238
 38257
 38263
 38283
 38654
 38732
 38743
 38852
 39125
 39382
 39690
 39835
 39874
 39942
 39981
 40013
 40090
 40114
 40168
 40236
 40434
 40687
 40845
 41192
 41215
 41229
 41275
 41419
 41469
 41565
 41583
 41644
 41744
 41818
 41841
 41964
 42015
 42190
 42305
 42308
 42513
 42518
 42672
 42683
 42884
 42897
 42927
 42929
 42954
 43350
 43417
 43422
 43456
 43555
 43634
 43640
 43662
 43676
 43735
 43746
 44026
 44103
 44140
 44185
 44318
 44371
 44397
 44399
 44421
 44547
 44588
 44929
 45065
 45198
 45258
 45299
 45371
 45454
 45556
 45595
 45912
 46277
 46414
 46423
 46431
 46432
 46442
 46518
 46586
 46638
 46889
 46980
 46990
 47039
 47061
 47083
 47144
 47307
 47353
 47634
 47826
 47878
 47901
 47909
 47919
 47920
 47998
 48201
 48398
 48587
 48726
 48957
 49081
 49202
 49332
 49405
 49455
 49542
 49551
 49627
 49683
 49690
 49959
 49992
 50213
 50274
 50403
 50607
 50702
 50753
 50913
 51005
 51039
 51157
 51175
 51177
 51224
 51354
 51457
 51486
 51547
 51571
 51724
 51815
 52057
 52148
 52276
 52384
 52737
 52747
 52763
 52791
 52908
 52964
 53042
 53051
 53308
 53514
 53550
 53566
 53585
 53734
 53748
 54000
 54123
 54179
 54400
 54571
 54644
 54694
 54854
 54862
 55000
 55009
 55089
 55372
 55555
 55606
 55642
 55779
 55841
 55856
 55995
 56031
 56055
 56079
 56338
 56341
 56403
 56485
 56539
 56564
 56737
 56769
 56897
 56955
 57015
 57142
 57220
 57295
 57416
 57450
 57577
 57595
 57683
 57763
 57953
 58139
 58410
 58513
 58563
 58582
 58658
 58681
 58753
 58823
 58939
 59086
 59114
 59218
 59234
 59375
 59489
 59513
 59539
 59672
 59811
 59847
 60104
 60403
 60405
 60413
 60505
 60675
 60703
 61014
 61026
 61052
 61093
 61124
 61126
 61171
 61200
 61203
 61208
 61216
 61484
 61498
 61555
 61572
 61634
 61675
 61731
 61780
 61905
 62003
 62157
 62244
 62247
 62347
 62381
 62441
 62490
 62500
 62765
 62799
 62807
 62848
 62916
 62947
 62962
 63028
 63115
 63360
 63380
 63532
 63605
 63609
 63663
 63751
 63797
 63828
 63880
 64160
 64200
 64315
 64344
 64353
 64383
 64399
 64455
 64477
 64526
 64631
 64635
 64702
 64904
 64936
 64953
 64971
 65041
 65341
 65349
 65385
 65497
 65639
 65724
 66144
 66314
 66316
 66351
 66368
 66695
 66771
 66841
 67178
 67345
 67357
 67520
 67764
 67882
 68074
 68222
 68231
 68359
 68442
 68677
 68682
 68749
 68885
 68923
 69008
 69167
 69303
 69365
 69672
 69949
 69979
 70164
 70334
 70435
 70474
 70506
 70577
 70622
 70745
 70806
 70851
 70903
 71058
 71059
 71085
 71109
 71164
 71218
 71332
 71334
 71428
 71665
 71799
 71846
 72054
 72067
 72222
 72417
 72496
 72510
 72986
 73001
 73033
 73170
 73293
 73344
 73485
 73678
 73705
 73851
 73859
 73994
 74005
 74047
 74181
 74423
 74453
 74514
 74586
 74622
 74666
 74746
 74748
 74805
 75076
 75167
 75308
 75392
 75463
 75709
 75745
 75845
 75909
 76089
 76337
 76354
 76378
 76386
 76402
 76540
 76620
 76931
 77055
 77315
 77357
 77377
 77387
 77408
 77447
 77465
 77637
 77802
 77986
 78198
 78251
 78321
 78405
 78610
 78665
 78837
 78912
 78941
 79012
 79110
 79149
 79204
 79252
 79444
 79481
 79589
 79608
 79650
 79667
 79728
 79742
 79777
 79783
 79795
 79877
 79901
 79990
 79999
 80514
 80787
 81017
 81266
 81389
 81447
 81675
 81691
 81733
 81799
 81884
 81895
 81904
 81918
 82045
 82223
 82275
 82365
 82457
 82525
 82582
 82654
 82713
 82715
 82875
 82911
 83203
 83329
 83497
 83537
 83593
 83800
 83832
 84010
 84109
 84174
 84208
 84224
 84271
 84366
 84578
 84585
 84663
 84894
 84915
 85054
 85102
 85211
 85237
 85272
 85359
 85461
 85521
 85538
 85558
 85674
 85787
 85851
 85855
 85912
 86464
 86561
 86662
 86867
 86956
 87083
 87148
 87176
 87304
 87310
 87406
 87414
 87641
 87654
 87770
 88256
 88392
 88393
 88553
 88607
 88615
 88650
 88703
 88705
 88730
 88785
 88945
 88947
 89074
 89135
 89371
 89442
 89488
 89504
 89551
 89688
 89757
 89865
 89927
 89980
 90376
 90435
 90438
 90630
 90673
 90909
 90957
 91244
 91326
 91434
 91481
 91567
 91598
 91678
 91764
 91800
 91807
 91963
 91984
 92100
 92136
 92544
 92613
 92640
 92848
 92867
 92890
 92922
 92932
 93003
 93064
 93106
 93112
 93128
 93301
 93366
 93380
 93387
 93429
 93457
 93484
 93669
 93880
 93900
 93956
 94020
 94207
 94440
 94582
 94590
 94790
 94840
 94984
 95238
 95466
 95662
 95689
 95700
 95965
 96013
 96492
 96557
 96705
 96707
 96774
 96826
 96862
 96997
 97034
 97093
 97314
 97385
 97430
 97690
 97730
 97757
 97847
 97866
 97978
 98022
 98096
 98330
 98380
 98473
 98493
 98654
 98705
 98710
 98804
 98907
 98979
 99018
 99058
 99106
 99324
 99529
 99659
 99757
 100208
 100616
 100795
 100840
 100877
 101015
 101044
 101084
 101104
 101112
 101117
 101166
 101362
 101466
 101748
 101772
 101831
 101928
 102046
 102269
 102299
 102373
 102459
 102521
 102774
 103024
 103042
 103043
 103092
 103145
 103259
 103439
 103463
 103534
 103550
 103674
 103786
 103996
 104185
 104222
 104308
 104387
 104425
 104455
 104551
 104634
 104733
 104849
 105355
 105437
 105466
 105471
 105523
 105821
 105872
 105886
 105929
 106308
 106358
 106367
 106901
 106911
 106931
 107067
 107430
 107462
 107558
 107574
 108029
 108129
 108177
 108289
 108374
 108416
 108433
 108506
 108816
 108896
 109084
 109279
 109301
 109303
 109363
 109366
 109437
 109468
 109720
 110005
 110160
 110350
 110479
 110498
 110586
 110594
 110635
 110650
 110792
 110802
 110910
 111141
 111197
 111319
 111334
 111393
 111498
 111532
 111590
 111650
 111776
 112008
 112063
 112311
 112367
 112511
 112840
 112865
 112905
 113039
 113119
 113264
 113418
 113451
 113536
 113610
 113622
 113652
 113657
 113912
 113920
 113924
 113947
 114064
 114116
 114153
 114244
 114285
 114630
 114814
 114857
 114863
 115294
 115376
 115469
 115476
 115555
 115629
 115674
 115813
 115819
 115850
 116158
 116166
 116391
 116477
 116663
 116669
 116788
 116821
 116842
 116861
 116939
 116948
 117034
 117036
 117142
 117179
 117241
 117348
 117442
 117573
 117602
 117647
 117691
 117744
 117829
 117888
 117903
 117914
 118192
 118301
 118387
 118628
 118831
 118890
 118979
 119023
 119078
 119126
 119247
 119481
 119505
 119725
 119737
 119769
 120064
 120365
 120400
 120419
 120812
 120856
 121022
 121036
 121074
 121121
 121170
 121198
 121218
 121226
 121356
 121537
 121603
 121612
 121645
 121739
 121789
 121905
 122080
 122661
 122700
 123020
 123035
 123080
 123118
 123126
 123138
 123339
 123366
 123385
 123453
 123461
 123523
 123541
 123562
 123588
 123644
 123700
 123730
 123745
 123804
 124002
 124034
 124144
 124292
 124310
 124348
 124383
 124664
 124697
 124702
 124711
 124830
 124959
 124970
 125000
 125065
 125109
 125257
 125259
 125392
 125521
 125535
 125571
 125708
 125718
 125790
 125929
 126040
 126048
 126073
 126080
 126153
 126208
 126235
 126316
 126699
 126808
 127001
 127099
 127222
 127236
 127272
 127396
 127403
 127829
 127835
 128307
 128311
 128355
 128420
 128471
 128486
 128533
 128565
 128661
 128721
 128784
 128842
 128957
 129022
 129045
 129763
 129858
 129984
 129996
 130081
 130123
 130136
 130234
 130257
 130298
 130301
 130359
 130676
 130855
 130883
 130924
 130995
 131036
 131059
 131313
 131356
 131382
 131454
 131476
 131528
 131533
 131640
 131689
 131697
 132007
 132075
 132126
 132200
 132469
 132587
 132745
 132784
 132845
 132918
 132967
 133083
 133193
 133233
 133335
 133370
 133448
 133462
 133556
 133579
 133721
 134155
 134557
 134738
 134744
 134812
 134907
 135123
 135271
 135311
 135340
 135532
 135587
 135791
 135826
 135910
 135919
 135960
 136077
 136089
 136214
 136259
 136320
 136339
 136678
 136726
 136907
 136950
 137240
 137357
 137543
 137614
 137689
 137844
 137846
 137977
 138009
 138120
 138297
 138394
 138447
 138512
 138694
 138757
 138791
 138885
 138901
 138923
 138928
 139025
 139134
 139479
 139503
 139710
 139821
 139874
 140051
 140087
 140552
 140820
 140978
 141125
 141369
 141768
 141799
 141860
 141959
 142261
 142329
 142465
 142527
 142559
 142599
 142739
 142743
 142866
 143051
 143098
 143120
 143285
 143312
 143369
 143523
 143618
 143767
 143948
 144006
 144030
 144112
 144185
 144190
 144239
 144393
 144466
 144486
 144551
 144794
 144838
 144845
 144847
 144988
 145038
 145118
 145119
 145130
 145190
 145347
 145349
 145355
 145363
 145422
 145521
 145619
 145831
 145880
 146081
 146133
 146285
 146407
 146494
 146549
 146598
 146681
 146750
 146979
 147033
 147049
 147107
 147127
 147279
 147311
 147491
 147507
 147754
 147836
 147874
 147887
 147936
 147941
 147951
 148249
 148308
 148352
 148457
 148500
 148548
 148565
 148614
 148725
 148844
 149042
 149142
 149173
 149182
 149188
 149298
 149378
 149418
 149487
 149692
 149714
 149734
 149801
 149815
 150016
 150069
 150161
 150201
 150293
 150435
 150876
 150992
 151306
 151347
 151417
 151460
 151659
 151862
 151981
 152396
 152479
 152582
 152664
 152701
 152772
 152808
 153017
 153273
 153283
 153289
 153307
 153345
 153537
 153632
 153661
 153688
 153846
 154008
 154067
 154155
 154186
 154230
 154234
 154322
 154811
 154981
 154986
 155015
 155018
 155033
 155230
 155324
 155330
 155389
 155575
 155720
 155764
 155779
 156006
 156123
 156134
 156169
 156313
 156553
 156631
 156714
 156847
 156872
 157280
 157284
 157361
 157545
 157648
 157689
 157752
 157803
 157884
 157970
 158021
 158061
 158160
 158193
 158295
 158380
 158523
 158639
 158780
 158803
 158864
 158874
 158906
 158963
 159057
 159154
 159171
 159294
 159473
 159475
 159521
 159717
 159878
 159884
 160059
 160085
 160237
 160490
 160700
 160820
 160849
 161095
 161191
 161291
 161311
 161317
 161350
 161353
 161628
 161682
 161687
 161706
 161821
 161831
 161927
 162255
 162261
 162313
 162400
 162537
 162583
 162584
 162595
 162690
 162796
 162848
 162944
 162971
 163029
 163096
 163163
 163175
 163374
 163556
 163639
 163720
 163736
 163775
 163780
 163868
 164109
 164119
 164136
 164150
 164187
 164216
 164586
 164821
 164823
 164932
 165048
 165208
 165429
 165662
 165771
 165777
 165784
 165803
 166011
 166044
 166052
 166083
 166128
 166153
 166208
 166264
 166322
 166566
 166581
 166666
 166734
 166767
 166801
 166960
 167092
 167124
 167190
 167320
 167351
 167360
 167627
 167655
 167819
 167953
 168167
 168331
 168460
 168477
 168536
 168539
 168591
 168815
 168841
 169156
 169238
 169561
 169667
 169772
 169811
 169860
 169926
 169963
 170052
 170060
 170143
 170270
 170285
 170385
 170560
 170676
 170771
 170866
 170869
 170928
 171192
 171375
 171444
 171480
 171486
 171501
 171707
 171723
 171750
 171800
 171831
 171924
 171943
 172029
 172045
 172131
 172158
 172203
 172347
 172414
 172478
 172541
 172858
 173086
 173211
 173653
 173675
 173691
 173763
 173874
 173925
 174035
 174116
 174185
 174301
 174574
 174644
 174706
 174771
 175080
 175133
 175536
 175684
 175725
 175882
 176031
 176069
 176108
 176179
 176285
 176330
 176341
 176348
 176426
 176590
 176817
 176861
 176890
 176904
 177125
 177265
 177269
 177361
 177392
 177566
 177613
 177617
 177777
 177857
 177909
 178351
 178726
 178795
 178865
 178896
 179293
 179727
 179778
 179803
 179915
 180028
 180036
 180161
 180262
 180648
 180676
 180743
 180819
 180926
 181164
 181190
 181212
 181262
 181411
 181450
 181495
 181513
 181572
 181818
 181843
 181937
 181963
 182170
 182342
 182417
 182534
 182621
 182628
 182670
 182813
 182975
 183002
 183144
 183161
 183222
 183250
 183265
 183591
 183910
 183982
 184004
 184234
 184348
 184628
 184684
 184762
 184842
 185081
 185123
 185165
 185232
 185658
 185721
 185780
 185820
 185840
 185858
 185890
 185964
 186479
 186515
 186577
 186580
 186611
 186614
 186647
 186701
 186758
 186768
 186800
 186974
 187026
 187117
 187463
 187714
 187743
 187817
 187874
 187919
 187939
 187989
 188003
 188017
 188127
 188181
 188417
 188602
 188645
 188695
 188995
 189087
 189180
 189262
 189322
 189335
 189495
 189564
 189631
 189642
 189953
 190067
 190136
 190370
 190412
 190451
 190460
 190476
 190490
 190632
 190923
 190984
 191263
 191290
 191306
 191393
 191474
 191546
 191666
 191753
 191760
 191787
 191809
 191841
 191874
 192078
 192167
 192313
 192347
 192507
 192531
 192547
 192576
 192722
 192734
 192776
 192783
 192795
 192845
 192944
 193015
 193117
 193124
 193342
 193343
 193512
 193682
 193849
 193975
 194432
 194490
 194574
 194581
 194604
 194629
 194809
 194884
 194945
 195046
 195204
 195230
 195249
 195414
 195421
 195458
 195540
 195593
 195721
 196014
 196397
 196443
 196459
 196583
 196594
 197113
 197220
 197245
 197264
 197425
 197440
 197601
 197659
 197832
 198005
 198103
 198176
 198298
 198344
 198408
 198522
 198776
 199053
 199115
 199118
 199201
 199216
 199515
 199538
 199588
 199598
 199720
 199812
 199820
 199999
 200000
 200203
 200214
 200232
 200366
 200416
 200437
 200507
 200740
 200858
 200943
 200973
 201009
 201047
 201107
 201147
 201158
 201277
 201579
 201657
 201746
 201853
 202039
 202109
 202327
 202401
 203006
 203047
 203222
 203323
 203419
 203767
 203774
 203782
 203809
 203838
 203925
 204081
 204188
 204195
 204225
 204406
 204514
 204615
 204631
 204645
 204798
 205041
 205140
 205404
 205605
 205608
 205625
 205750
 205759
 206171
 206219
 206222
 206323
 206331
 206518
 206563
 206693
 206746
 206956
 206972
 206974
 206991
 207065
 207126
 207325
 207450
 207605
 207623
 207637
 208156
 208429
 208446
 208548
 208581
 208628
 208753
 208838
 208964
 209129
 209230
 209249
 209387
 209618
 209677
 209722
 209764
 209796
 209908
 209988
 210121
 210240
 210274
 210412
 210713
 210875
 210885
 211078
 211141
 211367
 211465
 211569
 211585
 211697
 211774
 211875
 211935
 212127
 212157
 212660
 212707
 213008
 213243
 213353
 213585
 213590
 213799
 214065
 214114
 214285
 214405
 214427
 215050
 215073
 215093
 215105
 215106
 215391
 215395
 215666
 215675
 215725
 215742
 215859
 216129
 216136
 216193
 216451
 216509
 216522
 216577
 216581
 216653
 216807
 216815
 216891
 216950
 217000
 217034
 217123
 217238
 217549
 217562
 217619
 217840
 217860
 218201
 218205
 218232
 218315
 218526
 218538
 218875
 219141
 219166
 219554
 219592
 219780
 219900
 220128
 220390
 220545
 220867
 220898
 220902
 220976
 221020
 221317
 221320
 221642
 221649
 221852
 221876
 221968
 222195
 222209
 222312
 222368
 222424
 222428
 222503
 222526
 222642
 222725
 222813
 223031
 223062
 223218
 223241
 223325
 223329
 223404
 223589
 223673
 223728
 224172
 224306
 224419
 224467
 224594
 224738
 224749
 224909
 224933
 224968
 225108
 225205
 225236
 225281
 225357
 225397
 225528
 225806
 225990
 226002
 226011
 226012
 226025
 226027
 226108
 226199
 226249
 226318
 226404
 226506
 226623
 226625
 226988
 227132
 227166
 227272
 227453
 227575
 227625
 227686
 227756
 227857
 227882
 227929
 228008
 228077
 228153
 228269
 228372
 228437
 228456
 228503
 228518
 228560
 228592
 228697
 228827
 229134
 229171
 229384
 229507
 229547
 229685
 229811
 229832
 229879
 230038
 230052
 230055
 230148
 230319
 230742
 230778
 231053
 231063
 231155
 231511
 231652
 231680
 231689
 231740
 231818
 231911
 231920
 231931
 232063
 232099
 232124
 232132
 232254
 232456
 232483
 232511
 232635
 232639
 232646
 232748
 232755
 232933
 232985
 233021
 233045
 233080
 233243
 233331
 233360
 233741
 233866
 234020
 234027
 234091
 234134
 234158
 234242
 234328
 234359
 234360
 234436
 234494
 234548
 234590
 234603
 234626
 234888
 234942
 235043
 235199
 235431
 235435
 235450
 235658
 235760
 235849
 235918
 236102
 236162
 236408
 236465
 236979
 237073
 237359
 237511
 237526
 237659
 237666
 237928
 238023
 238431
 238535
 238641
 238656
 238664
 238805
 238835
 238884
 238914
 238959
 238974
 238975
 238993
 239130
 239182
 239361
 239577
 239760
 239769
 239811
 239994
 240046
 240164
 240225
 240252
 240259
 240611
 240784
 240944
 240956
 240995
 241085
 241259
 241443
 241444
 241573
 241600
 241706
 241715
 241786
 241799
 241814
 241837
 241853
 241962
 242109
 242194
 242308
 242386
 242471
 242618
 242779
 242955
 243038
 243233
 243244
 243420
 243583
 243589
 243902
 244032
 244063
 244083
 244262
 244412
 244416
 244621
 244686
 244693
 244788
 244877
 244995
 245163
 245296
 245372
 245428
 245429
 245713
 245737
 245782
 245928
 246059
 246367
 246550
 246672
 246722
 246728
 246756
 246778
 246822
 246863
 246949
 247050
 247183
 247312
 247334
 247770
 247819
 248024
 248106
 248239
 248452
 248481
 248521
 248523
 248544
 248847
 248918
 249062
 249064
 249074
 249146
 249152
 249167
 249320
 249412
 249430
 249476
 249521
 249541
 249571
 249622
 249699
 249783
 249806
 249894
 249933
 250060
 250186
 250232
 250291
 250305
 250512
 250704
 250803
 250840
 250868
 250922
 250953
 251216
 251226
 251334
 251427
 251504
 251546
 251647
 251840
 251937
 251941
 252106
 252107
 252111
 252196
 252274
 252332
 252510
 252834
 252882
 252999
 253181
 253216
 253257
 253271
 253285
 253346
 253707
 253728
 253738
 253760
 253807
 253833
 254151
 254163
 254215
 254218
 254570
 254633
 254659
 254716
 254725
 254858
 254998
 255000
 255172
 255233
 255377
 255712
 255839
 256279
 256417
 256465
 256508
 256582
 256734
 256886
 256916
 256919
 257094
 257268
 257301
 257433
 257628
 257766
 257791
 257898
 257900
 257905
 258151
 258153
 258220
 258426
 258474
 258529
 258730
 258921
 259071
 259125
 259192
 259406
 259425
 259619
 259851
 260051
 260079
 260147
 260173
 260175
 260253
 260376
 260496
 260504
 260676
 260742
 260869
 260915
 261023
 261039
 261147
 261372
 261487
 261515
 261694
 261702
 261744
 261934
 262031
 262249
 262446
 262559
 262585
 262705
 262784
 262785
 262879
 263033
 263122
 263177
 263246
 263316
 263528
 263565
 263607
 263616
 263672
 263735
 263797
 263839
 263939
 264044
 264296
 264355
 264519
 264541
 264636
 264639
 264681
 264738
 264867
 264905
 265038
 265081
 265205
 265272
 265375
 265451
 266048
 266097
 266404
 266572
 266587
 266666
 266695
 266914
 266963
 266978
 267077
 267259
 267366
 267379
 267538
 267605
 267612
 267692
 267869
 267969
 268062
 268231
 268244
 268464
 268468
 268495
 268728
 268818
 268827
 268996
 269003
 269230
 269277
 269473
 269511
 269568
 269611
 269666
 269718
 269784
 269818
 269899
 269935
 269995
 270164
 270357
 270367
 270406
 270420
 270491
 270654
 270814
 270873
 271035
 271272
 271357
 271437
 271478
 271658
 271670
 271797
 271854
 271866
 271967
 272140
 272170
 272193
 272372
 272483
 272530
 272607
 272727
 273072
 273102
 273135
 273296
 273396
 273413
 273535
 273589
 273622
 273667
 273680
 273736
 273806
 273823
 273871
 273898
 273913
 274107
 274250
 274272
 274361
 274365
 274421
 274509
 274730
 274744
 274963
 275077
 275109
 275112
 275161
 275348
 275372
 275417
 275488
 275666
 275670
 275810
 275918
 276010
 276011
 276061
 276268
 276405
 276439
 276532
 276620
 276672
 276774
 276876
 277008
 277049
 277098
 277137
 277158
 277259
 277576
 277580
 277710
 277760
 277843
 278003
 278050
 278074
 278182
 278220
 278309
 278332
 278387
 278549
 278755
 279027
 279065
 279068
 279570
 279580
 279757
 279874
 279880
 279918
 280034
 280040
 280217
 280224
 280243
 280332
 280341
 280352
 280394
 280406
 280428
 280490
 280556
 280647
 280665
 280739
 281104
 281253
 281324
 281424
 281477
 281922
 281930
 282062
 282103
 282261
 282409
 282428
 282527
 282595
 282733
 282876
 282881
 283118
 283173
 283314
 283408
 283462
 283612
 283631
 283716
 283757
 283760
 283923
 284036
 284044
 284057
 284074
 284118
 284176
 284336
 284355
 284581
 284661
 284688
 284931
 284977
 285045
 285108
 285283
 285451
 285563
 285574
 285776
 285966
 286186
 286197
 286265
 286626
 286949
 287272
 287458
 287598
 287652
 287703
 287962
 287981
 288056
 288092
 288129
 288135
 288167
 288235
 288350
 288494
 288503
 288558
 288783
 288884
 288924
 289029
 289179
 289345
 289361
 289565
 289687
 289694
 289914
 290022
 290138
 290193
 290356
 290368
 290550
 290688
 290788
 290937
 290966
 291379
 291456
 291458
 291536
 291623
 291840
 292069
 292132
 292190
 292333
 292395
 292452
 292644
 292950
 293016
 293052
 293061
 293085
 293206
 293229
 293246
 293275
 293457
 293849
 293887
 293926
 293929
 293943
 294197
 294200
 294247
 294491
 294671
 294803
 294805
 294851
 294869
 294883
 294918
 295238
 295395
 295426
 295559
 295598
 295666
 295708
 295739
 295788
 295795
 295915
 295939
 296161
 296293
 296420
 296455
 296565
 296668
 296698
 296746
 296777
 296821
 296899
 296918
 296976
 297092
 297390
 297401
 297632
 297668
 297939
 298009
 298041
 298339
 298443
 298556
 298711
 298816
 298891
 298913
 298976
 299027
 299184
 299232
 299325
 299399
 299426
 299566
 299576
 299581
 299863
 300111
 300319
 300339
 300518
 300709
 300715
 300888
 300897
 300957
 301194
 301202
 301337
 301497
 301680
 301837
 301850
 302001
 302011
 302121
 302245
 302284
 302342
 302451
 302459
 302562
 302633
 302702
 302771
 303083
 303102
 303192
 303274
 303466
 303509
 303539
 303544
 303672
 303924
 303948
 304005
 304037
 304235
 304317
 304414
 304425
 304444
 304466
 304549
 304563
 304757
 304819
 304957
 305005
 305039
 305194
 305225
 305309
 305754
 305972
 306317
 306340
 306466
 306476
 306482
 306510
 306769
 307032
 307055
 307066
 307119
 307228
 307272
 307338
 307486
 307508
 307520
 307556
 307568
 307623
 307692
 307698
 307886
 307913
 307981
 308022
 308043
 308116
 308219
 308287
 308303
 308473
 308491
 308588
 308833
 308889
 309060
 309070
 309298
 309367
 309376
 309700
 309774
 309801
 310002
 310185
 310382
 310430
 310457
 310554
 310562
 310818
 310820
 310923
 310952
 311023
 311101
 311150
 311214
 311257
 311377
 311436
 311452
 311467
 311637
 311648
 311760
 311804
 311871
 311999
 312063
 312121
 312210
 312363
 312432
 312559
 312600
 312704
 312715
 312734
 312759
 312824
 312835
 312886
 312974
 312990
 313037
 313117
 313133
 313413
 313473
 313522
 313595
 313636
 313880
 313904
 313924
 314125
 314142
 314167
 314221
 314309
 314365
 314389
 314940
 314967
 315050
 315066
 315142
 315239
 315262
 315358
 315388
 315457
 315594
 315626
 315650
 315807
 315839
 316000
 316062
 316173
 316628
 316744
 316942
 317237
 317419
 317505
 317710
 317771
 317813
 317978
 317994
 318006
 318027
 318051
 318144
 318227
 318231
 318343
 318399
 318425
 318476
 318627
 318733
 318959
 319103
 319230
 319328
 319396
 319455
 319499
 319571
 319634
 319660
 319788
 319964
 320060
 320141
 320232
 320277
 320375
 320529
 320628
 320782
 320794
 321164
 321314
 321505
 321632
 321733
 321843
 322042
 322045
 322205
 322275
 322301
 322384
 322572
 322771
 322785
 322824
 322850
 322917
 322973
 323271
 323421
 323502
 323580
 323623
 323687
 323787
 323930
 323956
 324049
 324052
 324069
 324152
 324165
 324281
 324492
 324652
 324877
 324909
 324940
 325006
 325033
 325057
 325078
 325143
 325156
 325176
 325284
 325314
 325382
 325535
 325568
 325784
 326014
 326280
 326396
 326486
 326502
 326619
 326665
 326686
 326770
 326806
 326950
 327184
 327252
 327559
 327630
 327722
 327845
 327891
 327963
 327982
 328034
 328047
 328249
 328413
 328458
 328480
 328508
 328674
 328832
 328837
 328889
 328913
 329032
 329037
 329202
 329319
 329340
 329383
 329435
 329505
 329685
 329708
 329913
 330047
 330062
 330073
 330136
 330271
 330299
 330354
 330434
 330436
 330482
 330737
 330872
 330897
 330909
 330916
 331269
 331293
 331322
 331342
 331366
 331369
 331384
 331521
 331666
 331697
 331759
 331985
 332504
 332613
 332703
 332774
 332791
 332971
 333030
 333102
 333103
 333333
 333590
 334074
 334260
 334368
 334526
 334545
 334548
 334763
 334786
 334809
 334901
 334993
 335020
 335034
 335037
 335046
 335103
 335193
 335248
 335283
 335451
 335483
 335490
 335495
 335517
 335694
 335723
 335863
 335936
 336086
 336252
 336533
 336572
 336679
 336687
 336727
 336785
 336833
 336967
 337843
 337874
 337883
 338008
 338333
 338357
 338364
 338368
 338749
 338855
 338983
 339194
 339259
 339444
 339450
 339617
 339659
 339970
 340145
 340363
 340543
 340646
 340660
 340664
 340941
 341059
 341071
 341105
 341121
 341134
 341210
 341255
 341401
 341447
 341571
 341585
 341602
 341642
 341686
 341711
 341788
 342398
 342641
 342672
 342873
 342881
 342961
 343171
 343322
 343338
 343373
 343605
 343626
 343714
 343830
 343921
 343975
 344041
 344280
 344285
 344333
 344354
 344590
 344601
 344748
 344944
 345043
 345068
 345075
 345242
 345359
 345364
 345381
 345519
 345565
 345920
 345926
 346249
 346574
 346592
 346657
 346698
 346986
 347008
 347288
 347505
 347608
 347721
 347740
 347913
 348042
 348108
 348195
 348400
 348544
 348773
 348815
 348819
 348861
 348972
 349030
 349125
 349242
 349675
 349725
 350103
 350105
 350148
 350181
 350199
 350237
 350455
 350496
 350740
 350870
 350957
 351205
 351255
 351406
 351492
 351553
 351611
 351658
 351721
 351728
 351826
 351896
 352032
 352079
 352168
 352219
 352362
 352431
 352442
 352552
 352724
 352785
 353327
 353366
 353369
 353479
 353735
 353830
 354053
 354133
 354187
 354285
 354324
 354659
 354664
 354665
 354739
 354762
 354980
 354989
 355056
 355145
 355153
 355332
 355333
 355408
 355456
 355464
 355721
 356375
 356386
 356387
 356403
 356967
 357045
 357071
 357160
 357422
 357465
 357482
 357740
 357872
 358088
 358144
 358170
 358328
 358332
 358376
 358413
 358427
 358589
 358699
 358714
 358719
 358778
 358931
 358947
 359073
 359269
 359339
 359361
 359451
 359521
 359802
 359843
 359872
 360059
 360163
 360165
 360174
 360454
 360478
 360556
 360608
 360778
 360825
 361026
 361290
 361335
 361839
 361928
 362008
 362162
 362192
 362231
 362697
 362834
 362837
 363031
 363041
 363177
 363280
 363367
 363373
 363395
 363475
 363941
 364061
 364114
 364122
 364129
 364130
 364301
 364553
 364617
 364623
 364668
 364745
 364779
 364795
 364910
 364984
 365133
 365454
 365585
 365650
 365845
 365853
 365961
 366014
 366139
 366227
 366371
 366404
 366559
 366804
 367013
 367014
 367052
 367132
 367136
 367278
 367435
 367475
 367500
 367568
 367660
 367715
 367740
 367817
 367997
 368035
 368107
 368225
 368230
 368244
 368374
 368709
 368788
 368929
 369039
 369101
 369232
 369318
 369506
 369678
 369727
 369739
 369997
 370063
 370153
 370370
 370410
 370446
 370534
 370559
 370579
 370871
 371019
 371086
 371141
 371221
 371246
 371262
 371428
 371505
 371664
 371681
 371685
 371760
 371825
 371974
 371991
 372180
 372330
 372372
 372492
 372830
 372916
 372952
 372964
 373011
 373057
 373139
 373252
 373410
 373422
 373436
 373575
 373739
 373830
 373873
 373895
 374053
 374058
 374318
 374321
 374436
 374529
 374538
 374567
 374679
 374732
 374744
 374770
 374919
 375080
 375144
 375322
 375536
 375751
 375858
 375872
 376066
 376156
 376292
 376366
 376576
 376657
 376677
 376693
 377068
 377228
 377311
 377324
 377347
 377404
 377417
 377528
 377660
 377730
 377820
 377884
 377893
 377952
 378020
 378074
 378119
 378318
 378408
 378417
 378518
 378563
 378636
 378653
 378749
 378817
 378948
 379104
 379111
 379139
 379239
 379494
 379497
 379504
 379785
 380009
 380054
 380129
 380147
 380174
 380287
 380540
 380692
 380726
 380819
 381023
 381104
 381222
 381285
 381434
 381597
 381749
 381855
 381870
 382106
 382322
 382351
 382374
 382390
 382435
 382711
 382788
 383054
 383169
 383199
 383289
 383311
 383318
 383330
 383474
 383622
 383644
 383905
 383913
 383945
 383974
 384000
 384251
 384421
 384459
 384513
 384615
 384619
 384762
 384769
 384828
 384864
 384879
 385021
 385022
 385186
 385353
 385392
 385696
 385795
 385804
 385816
 385897
 385976
 386127
 386158
 386189
 386220
 386269
 386319
 386417
 386778
 386851
 386877
 386977
 386990
 387096
 387180
 387253
 387314
 387662
 387690
 387713
 387775
 387821
 387824
 387901
 388001
 388014
 388129
 388172
 388382
 388535
 388598
 388714
 388869
 389215
 389245
 389830
 390243
 390429
 390451
 390495
 390525
 390625
 390744
 390895
 390928
 391130
 391139
 391201
 391304
 391325
 391436
 391712
 391734
 391902
 392363
 392459
 392483
 392544
 392560
 392782
 393046
 393157
 393332
 393415
 393572
 393614
 393625
 393962
 394067
 394325
 394436
 394461
 394466
 394506
 394511
 394669
 394740
 394894
 394923
 394933
 395055
 395068
 395147
 395366
 395590
 395693
 395822
 395861
 396091
 396190
 396226
 396264
 396513
 396551
 396592
 396669
 396965
 397163
 397459
 397663
 397738
 397805
 397834
 397873
 397900
 397959
 398114
 398217
 398384
 398531
 398584
 398601
 398687
 398785
 398876
 399074
 399194
 399283
 399661
 400055
 400057
 400121
 400198
 400971
 401097
 401169
 401186
 401226
 401330
 401359
 401381
 401460
 401557
 401613
 402012
 402031
 402294
 402310
 402325
 402371
 402479
 402495
 402772
 402838
 402885
 402903
 402943
 403025
 403242
 403247
 403385
 403437
 403655
 403713
 403718
 403803
 404094
 404287
 404476
 404549
 404710
 404787
 404986
 405107
 405116
 405268
 405343
 405412
 405854
 405862
 405873
 406056
 406138
 406189
 406216
 406260
 406292
 406328
 406411
 406442
 406443
 406579
 406600
 406659
 406660
 406735
 406793
 406828
 406877
 406976
 407134
 407163
 407201
 407408
 407602
 407722
 407745
 407868
 408022
 408036
 408129
 408179
 408348
 408419
 408477
 408516
 408520
 408721
 408823
 409236
 409297
 409389
 409728
 409805
 409915
 410065
 410144
 410212
 410316
 410479
 410500
 410626
 410669
 410724
 410727
 410743
 410793
 410797
 410812
 410861
 411071
 411090
 411207
 411459
 411815
 411860
 411905
 412067
 412071
 412333
 412442
 412473
 412501
 412890
 413016
 413036
 413061
 413090
 413098
 413298
 413333
 413470
 413522
 413573
 413684
 413793
 414044
 414128
 414230
 414290
 414336
 414543
 414689
 414917
 414937
 415044
 415052
 415057
 415101
 415161
 415182
 415464
 415624
 415848
 415872
 416190
 416231
 416234
 416248
 416464
 416561
 416566
 416594
 416630
 416666
 416743
 416784
 416825
 416858
 417017
 417043
 417051
 417063
 417072
 417102
 417112
 417236
 417455
 417544
 417571
 417603
 417732
 417734
 417762
 417991
 418026
 418042
 418079
 418215
 418336
 418380
 418441
 418461
 418512
 418825
 418918
 418975
 418979
 418985
 419099
 419184
 419243
 419399
 419501
 419566
 419664
 419769
 419795
 419812
 419835
 419911
 420000
 420152
 420289
 420432
 420534
 420632
 420713
 420845
 420884
 421001
 421030
 421052
 421059
 421195
 421213
 421265
 421446
 421464
 421512
 421561
 421595
 421801
 421993
 422052
 422074
 422093
 422137
 422153
 422268
 422276
 422293
 422341
 422508
 422536
 422561
 422734
 422775
 422825
 422920
 422931
 423040
 423215
 423340
 423371
 423387
 423435
 423505
 423818
 423874
 424167
 424236
 424513
 424563
 424641
 424647
 424710
 424778
 424796
 424879
 424955
 425118
 425166
 425250
 425447
 425745
 425925
 426072
 426293
 426380
 426463
 426517
 426542
 426800
 426829
 427104
 427122
 427138
 427272
 427321
 427486
 427755
 427867
 427910
 427918
 428120
 428244
 428279
 428388
 428443
 428545
 428560
 428571
 428686
 428865
 428886
 428912
 428931
 428980
 429128
 429218
 429512
 429646
 429802
 429804
 430060
 430063
 430076
 430157
 430189
 430318
 430344
 430522
 430541
 430548
 430587
 430668
 430743
 430828
 430970
 431050
 431074
 431297
 431321
 431562
 431571
 431774
 431997
 432070
 432071
 432307
 432539
 432673
 432693
 432733
 432773
 432780
 432826
 432949
 432961
 433104
 433148
 433250
 433442
 433548
 433590
 433805
 433816
 433849
 433958
 433994
 434097
 434184
 434242
 434395
 434846
 435227
 435233
 435300
 435311
 435324
 435393
 435501
 435574
 435875
 436009
 436050
 436102
 436151
 436202
 436451
 436483
 436815
 436835
 436856
 436862
 436875
 436881
 436900
 436956
 437064
 437286
 437409
 438206
 438222
 438251
 438344
 438388
 438403
 438481
 438595
 438678
 438802
 438888
 438969
 439017
 439277
 439292
 439883
 440103
 440105
 440231
 440262
 440306
 440356
 440470
 440533
 441332
 441356
 441372
 441394
 441407
 441441
 441564
 441721
 441833
 441854
 441922
 441935
 442002
 442017
 442203
 442216
 442294
 442379
 442384
 442563
 442681
 442716
 442763
 442978
 443020
 443036
 443144
 443221
 443320
 443412
 443449
 443597
 443661
 443714
 443735
 443859
 443879
 443970
 444113
 444121
 444143
 444287
 444370
 444399
 444444
 444469
 444606
 444779
 444875
 444933
 445017
 445326
 445378
 445425
 445762
 445834
 445864
 445888
 446017
 446122
 446293
 446431
 446538
 446566
 446604
 446666
 446759
 446920
 446973
 447000
 447008
 447039
 447224
 447232
 447642
 447658
 447781
 447784
 447932
 448079
 448098
 448106
 448216
 448372
 448812
 448901
 449042
 449183
 449192
 449197
 449275
 449350
 449363
 449408
 449509
 449719
 449950
 449989
 450042
 450204
 450229
 450260
 450267
 450320
 450611
 450672
 450772
 450855
 450883
 450901
 450952
 451189
 451295
 451446
 451570
 451602
 451709
 451736
 451784
 451971
 452006
 452010
 452012
 452148
 452160
 452185
 452333
 452409
 452641
 452681
 452717
 452930
 453196
 453344
 453348
 453410
 453744
 453829
 453905
 453987
 454218
 454392
 454418
 454431
 454446
 454778
 454959
 455111
 455322
 455633
 455658
 455820
 455981
 456055
 456168
 456677
 456865
 456895
 456966
 457095
 457352
 457561
 457593
 457625
 457632
 457929
 458031
 458064
 458097
 458109
 458137
 458224
 458235
 458392
 458586
 458804
 458824
 458917
 458966
 458993
 459030
 459040
 459043
 459073
 459077
 459090
 459163
 459186
 459196
 459309
 459488
 459504
 459595
 459664
 459713
 459715
 459768
 459792
 459826
 459846
 459998
 460004
 460302
 460317
 460410
 460447
 460570
 460598
 460894
 461286
 461314
 461622
 461626
 461651
 461733
 461746
 461780
 461908
 462023
 462176
 462258
 462339
 462370
 462410
 462599
 462859
 462941
 463075
 463078
 463082
 463141
 463265
 463318
 463388
 463392
 463503
 463809
 463860
 464038
 464231
 464781
 464824
 464859
 464865
 465249
 465434
 465553
 465600
 465743
 465770
 465816
 465828
 465909
 465946
 466011
 466207
 466240
 466364
 466492
 466780
 466806
 466814
 466819
 466945
 467006
 467036
 467292
 467497
 467518
 467529
 467536
 467592
 467602
 467726
 467956
 468012
 468015
 468027
 468099
 468205
 468315
 468421
 468425
 468720
 468777
 468903
 468911
 469448
 469449
 469469
 469578
 469894
 469942
 470109
 470303
 470396
 470438
 470440
 470628
 470787
 470809
 470931
 470945
 470968
 471159
 471177
 471402
 471467
 471519
 471659
 471706
 471775
 471830
 471879
 471947
 472095
 472252
 472274
 472408
 472646
 472699
 472807
 472835
 472851
 472870
 472888
 473210
 473231
 473296
 473338
 473547
 473886
 473917
 473945
 474025
 474177
 474352
 474378
 474391
 474459
 474492
 474675
 474773
 474801
 474926
 475023
 475063
 475186
 475331
 475420
 475425
 475773
 475791
 476060
 476097
 476190
 476210
 476556
 476992
 477151
 477247
 477522
 477531
 477547
 477658
 477815
 477858
 477888
 478009
 478072
 478456
 478594
 478762
 478915
 479022
 479025
 479606
 479713
 480126
 480135
 480142
 480267
 480268
 480317
 480615
 480617
 480764
 480920
 481331
 481404
 481818
 481943
 481981
 481989
 482007
 482031
 482033
 482073
 482129
 482173
 482239
 482250
 482344
 482345
 482363
 482370
 482422
 482426
 482593
 482605
 482888
 482982
 483271
 483347
 483378
 483471
 484070
 484142
 484158
 484228
 484381
 484403
 484533
 484711
 485049
 485051
 485348
 485392
 485592
 485637
 485794
 485988
 486186
 486210
 486215
 486334
 486358
 486715
 486729
 486782
 486790
 486818
 487080
 487143
 487147
 487163
 487381
 487697
 487801
 487953
 487996
 488603
 488610
 488650
 488764
 489033
 489110
 489206
 489334
 489354
 489382
 489503
 489536
 489540
 489649
 489655
 489797
 490050
 490196
 490277
 490333
 490391
 490412
 490590
 490812
 491241
 491312
 491385
 491479
 491493
 491537
 491622
 491668
 491691
 491707
 491762
 491801
 491833
 491964
 492082
 492510
 492563
 492599
 492628
 492662
 492805
 492892
 492941
 493058
 493079
 493086
 493200
 493272
 493336
 493488
 493577
 493609
 493691
 493783
 493962
 493997
 494036
 494161
 494224
 494271
 494283
 494320
 494454
 494456
 494511
 494551
 494588
 494684
 494907
 494966
 494992
 495271
 495305
 495643
 495663
 495761
 495778
 495817
 495970
 495972
 496181
 496464
 496531
 496715
 496810
 496960
 497169
 497242
 497364
 497461
 497572
 497636
 497810
 497867
 497873
 497907
 497963
 497970
 498019
 498027
 498190
 498200
 498286
 498533
 498631
 498640
 498642
 498881
 499117
 499294
 499306
 499380
 499410
 499450
 499763
 499932
 499955
 