0
 0
 124
 307
 373
 432
 595
 712
 721
 722
 756
 792
 872
 924
 971
 1105
 1209
 1395
 1522
 1524
 1529
 1566
 1631
 1805
 1807
 2032
 2109
 2369
 2511
 2651
 2705
 2908
 2967
 3123
 3203
 3378
 3497
 3546
 3562
 3759
 3867
 3912
 4052
 4113
 4257
 4281
 4400
 4460
 4598
 4675
 4699
 4707
 4712
 4794
 4867
 4905
 4937
 4950
 5003
 5172
 5420
 5448
 5510
 5572
 5613
 5733
 5977
 6069
 6166
 6329
 6365
 6404
 6489
 6672
 6747
 6802
 6921
 6969
 7043
 7128
 7329
 7670
 8064
 8340
 8411
 8622
 8966
 9117
 9227
 9461
 9470
 9557
 9626
 10113
 10162
 10401
 10413
 10541
 10744
 10836
 10982
 11192
 11464
 11501
 11723
 11869
 12076
 12133
 12203
 12276
 12578
 12594
 12742
 12784
 12790
 12862
 12888
 12962
 13018
 13076
 13119
 13132
 13249
 13257
 13313
 13344
 13432
 13582
 13607
 13694
 13748
 13924
 13945
 13957
 14019
 14106
 14130
 14226
 14335
 14386
 14634
 14722
 14925
 14963
 15050
 15107
 15197
 15197
 15263
 15307
 15357
 15361
 15370
 15416
 15463
 15578
 15625
 15708
 15884
 15962
 16000
 16006
 16035
 16139
 16249
 16291
 16326
 16588
 16599
 16708
 16755
 16909
 16941
 16946
 17252
 17363
 17390
 17542
 17703
 18124
 18156
 18200
 18238
 18522
 18717
 18730
 18762
 18773
 18779
 18831
 18897
 19061
 19157
 19262
 19304
 19334
 19385
 19431
 19619
 19703
 20035
 20042
 20269
 20490
 20528
 20556
 20579
 20680
 20727
 20751
 20756
 20961
 21071
 21129
 21235
 21344
 21455
 21510
 21626
 21739
 21748
 21785
 21928
 21955
 22033
 22257
 22432
 22623
 22780
 22826
 22855
 22994
 23098
 23191
 23335
 23600
 23809
 23939
 24021
 24051
 24074
 24094
 24106
 24201
 24473
 24511
 24815
 25104
 25117
 25280
 25565
 25630
 25763
 25842
 25852
 25892
 26130
 26236
 26286
 26308
 26315
 26552
 26709
 26906
 26953
 26974
 27202
 27243
 27295
 27320
 27352
 27439
 27450
 27460
 27498
 27500
 27571
 27671
 27708
 27894
 27960
 28012
 28104
 28210
 28294
 28348
 28495
 28524
 28554
 28599
 28706
 28814
 29157
 29189
 29280
 29368
 29372
 29386
 29477
 29535
 29672
 29823
 29852
 29980
 29993
 30026
 30125
 30129
 30386
 30462
 30641
 30770
 30839
 30858
 30896
 30900
 31199
 31243
 31301
 31453
 31597
 31652
 31655
 31759
 31857
 32115
 32217
 32264
 32277
 32299
 32686
 32761
 32824
 32830
 32889
 32899
 33009
 33047
 33054
 33127
 33147
 33488
 33498
 33511
 33668
 33766
 33780
 33951
 33971
 34033
 34213
 34512
 34548
 34759
 34864
 34945
 35061
 35482
 35747
 35784
 35832
 35971
 35983
 36115
 36123
 36191
 36302
 36444
 36490
 36524
 36545
 36633
 36655
 36812
 37061
 37164
 37309
 37534
 37703
 37704
 37920
 38052
 38054
 38134
 38170
 38227
 38240
 38243
 38341
 38369
 38372
 38418
 38657
 38705
 38716
 38772
 38788
 38792
 38810
 38947
 39025
 39280
 39382
 39405
 39642
 39682
 39837
 39922
 40250
 40299
 40308
 40357
 40381
 40710
 40718
 40840
 41010
 41273
 41447
 41618
 41809
 41815
 41851
 42027
 42038
 42085
 42106
 42162
 42177
 42179
 42214
 42364
 42435
 42450
 42465
 42502
 42537
 42577
 42666
 42896
 42974
 43156
 43187
 43283
 43389
 43412
 43478
 43610
 43841
 43921
 43947
 44014
 44356
 44360
 44412
 44586
 44671
 44756
 44883
 44897
 45019
 45077
 45084
 45142
 45212
 45287
 45323
 45426
 45563
 45730
 46581
 46594
 46779
 46815
 47000
 47063
 47127
 47150
 47169
 47236
 47250
 47302
 47381
 47430
 47596
 47619
 47634
 47717
 47744
 48062
 48132
 48162
 48276
 48289
 48502
 48573
 48648
 48656
 48973
 49016
 49080
 49105
 49188
 49283
 49295
 49323
 49417
 49451
 49667
 49765
 49901
 49936
 49961
 49976
 50130
 50151
 50276
 50314
 50503
 50651
 50794
 50966
 51020
 51367
 51400
 51446
 51503
 51528
 51583
 52028
 52030
 52040
 52056
 52147
 52294
 52390
 52443
 52573
 52805
 52815
 52819
 52867
 52911
 52975
 53092
 53207
 53217
 53256
 53301
 53338
 53473
 53551
 53673
 53756
 53933
 54037
 54048
 54064
 54081
 54118
 54230
 54259
 54276
 54336
 54481
 54483
 54516
 54696
 54721
 54794
 54918
 55031
 55073
 55162
 55216
 55248
 55471
 56075
 56224
 56331
 56461
 56890
 56931
 56940
 57020
 57045
 57268
 57280
 57297
 57479
 57556
 57574
 57577
 57624
 57851
 57888
 57915
 58090
 58111
 58210
 58265
 58377
 58460
 58604
 58790
 58972
 59001
 59051
 59062
 59168
 59439
 59668
 59899
 60007
 60165
 60256
 60405
 60565
 60640
 60674
 60828
 60852
 60969
 60987
 61018
 61126
 61126
 61342
 61348
 61434
 61600
 62035
 62065
 62181
 62347
 62699
 62975
 63081
 63084
 63102
 63255
 63276
 63300
 63364
 63404
 63592
 63748
 63823
 63903
 63981
 64021
 64216
 64682
 64784
 65217
 65292
 65396
 65562
 65600
 65605
 65652
 65903
 65988
 66008
 66226
 66285
 66286
 66486
 66552
 66730
 66911
 66941
 67095
 67378
 67414
 67703
 67761
 67776
 67790
 67925
 68045
 68117
 68227
 68272
 68311
 68324
 68345
 68493
 68509
 68570
 68635
 68691
 69537
 69580
 69691
 69695
 70390
 70493
 70543
 70629
 70726
 70782
 70796
 70870
 70896
 71070
 71185
 71194
 71236
 71294
 71479
 71482
 71592
 71609
 71713
 71811
 71847
 71932
 71979
 72000
 72108
 72108
 72109
 72191
 72314
 72322
 72445
 72864
 72895
 72898
 72900
 72974
 73024
 73064
 73092
 73347
 73426
 73947
 73965
 73966
 74377
 74527
 74557
 74626
 74772
 74776
 74861
 75055
 75078
 75109
 75172
 75186
 75492
 75742
 76243
 76345
 76378
 76395
 76513
 76674
 76711
 76946
 77102
 77153
 77275
 77331
 77373
 77379
 77481
 77698
 77714
 77733
 77750
 77764
 77777
 77778
 77877
 77896
 78167
 78205
 78215
 78220
 78271
 78423
 78469
 78488
 78530
 78703
 78728
 78858
 78914
 78947
 79136
 79243
 79365
 79624
 79785
 79812
 80099
 80152
 80242
 80329
 80398
 80470
 80540
 80572
 80879
 81081
 81175
 81209
 81212
 81492
 81540
 81591
 81619
 81728
 81951
 82029
 82085
 82110
 82115
 82211
 82232
 82277
 82443
 82485
 82519
 82661
 82753
 82791
 82970
 83013
 83345
 83426
 83501
 83516
 83565
 83724
 83739
 83835
 84187
 84275
 84276
 84369
 84405
 84487
 84717
 84896
 84914
 84969
 84978
 84996
 85165
 85395
 85414
 85488
 85536
 85729
 85759
 86378
 86654
 86817
 86925
 86956
 86977
 87074
 87115
 87166
 87237
 87247
 87301
 87385
 87419
 87510
 87665
 87672
 87929
 87968
 88002
 88258
 88316
 88585
 88621
 88691
 88692
 88787
 89119
 89329
 89339
 89640
 89686
 89728
 89752
 89845
 89892
 89906
 89954
 90041
 90102
 90122
 90245
 90389
 90440
 90648
 90746
 90762
 90767
 91058
 91298
 91355
 91377
 91414
 91498
 91660
 91857
 92009
 92132
 92134
 92569
 92652
 92660
 92665
 92728
 92783
 93089
 93156
 93166
 93503
 93535
 93797
 93811
 93938
 94176
 94194
 94281
 94380
 94430
 94537
 94556
 94618
 94773
 94855
 94908
 95013
 95125
 95197
 95238
 95438
 95503
 95510
 95567
 95589
 95784
 95879
 95903
 95927
 96014
 96048
 96118
 96193
 96416
 96536
 96665
 96751
 97350
 97374
 97386
 97591
 97729
 97811
 97937
 98031
 98108
 98134
 98188
 98276
 98427
 98431
 98548
 98646
 98668
 98696
 98742
 98813
 98831
 98997
 99094
 99120
 99395
 99523
 99634
 99649
 99723
 99868
 100000
 100003
 100178
 100251
 100277
 100442
 100484
 100515
 100556
 100759
 100785
 101584
 101585
 101765
 101931
 102032
 102061
 102116
 102154
 102280
 102476
 102493
 102504
 102583
 103040
 103091
 103174
 103181
 103192
 103545
 103680
 103702
 103755
 103790
 103818
 103913
 104045
 104069
 104160
 104363
 104377
 104449
 104510
 104521
 104651
 104934
 104952
 105007
 105123
 105354
 105368
 105468
 105658
 105734
 105858
 105865
 106043
 106093
 106106
 106121
 106132
 106189
 106281
 106423
 106738
 106778
 106800
 106873
 106969
 107067
 107088
 107206
 107227
 107517
 107643
 107667
 107845
 107886
 107893
 107901
 107908
 108153
 108465
 108479
 108579
 108688
 108821
 108933
 109094
 109121
 109184
 109409
 109454
 109613
 109776
 109803
 109870
 109917
 109943
 110017
 110277
 110335
 110461
 110507
 110609
 110821
 110897
 111508
 111655
 111953
 112075
 112141
 112296
 112312
 112314
 112353
 112497
 112575
 112676
 112698
 112705
 113130
 113668
 113704
 113872
 113878
 113902
 114116
 114244
 114247
 114306
 114495
 114511
 114616
 114657
 114696
 114725
 114760
 114873
 114938
 115115
 115170
 115189
 115201
 115524
 115527
 115622
 115624
 115681
 115802
 115814
 115834
 115975
 116004
 116041
 116257
 116280
 116381
 116408
 116417
 116497
 116510
 116599
 116845
 116874
 116958
 117033
 117054
 117057
 117115
 117157
 117178
 117246
 117299
 117331
 117428
 117896
 118068
 118333
 118364
 118459
 118465
 118859
 118886
 118914
 118942
 119072
 119132
 119149
 119332
 119440
 119475
 119487
 119489
 119502
 120006
 120148
 120358
 120359
 120525
 120555
 120723
 120728
 120805
 121104
 121132
 121199
 121217
 121256
 121347
 121398
 121399
 121495
 121575
 121580
 121613
 121726
 121780
 121860
 121875
 121921
 121967
 121998
 122082
 122248
 122303
 122336
 122439
 122507
 122629
 122708
 122713
 122780
 122872
 123106
 123122
 123139
 123173
 123225
 123291
 123495
 123518
 123529
 123561
 123724
 123769
 123868
 124002
 124179
 124336
 124352
 124399
 124452
 124491
 124503
 124521
 124547
 124593
 124600
 124633
 124653
 124723
 124885
 124899
 124942
 124954
 125000
 125243
 125420
 125499
 125545
 125797
 125918
 125984
 126089
 126126
 126195
 126637
 126710
 126837
 126873
 126910
 126978
 126997
 127198
 127291
 127429
 127473
 127593
 127733
 127813
 127855
 127932
 128177
 128201
 128388
 128663
 128809
 128954
 129043
 129384
 129406
 129466
 129474
 129566
 129714
 129791
 129881
 130198
 130296
 130300
 130359
 130460
 130573
 130613
 130699
 130710
 130808
 130813
 130817
 130902
 130929
 130969
 131028
 131110
 131311
 131322
 131339
 131490
 131535
 131572
 131633
 131691
 131761
 131820
 132587
 132616
 132911
 133352
 133356
 133402
 133466
 133477
 133480
 133555
 133692
 133719
 133821
 134200
 134427
 134452
 134513
 134664
 134742
 134819
 134952
 134955
 135140
 135164
 135179
 135189
 135302
 135498
 135510
 135635
 135658
 135907
 135938
 136150
 136184
 136347
 136363
 136363
 136641
 136679
 136710
 136720
 136749
 136907
 136958
 137001
 137006
 137022
 137054
 137095
 137311
 137884
 137911
 137947
 138059
 138090
 138142
 138488
 138584
 138619
 138718
 138796
 138800
 138825
 138876
 138941
 139017
 139185
 139218
 139265
 139270
 139315
 139382
 139602
 139630
 139644
 139654
 139708
 139730
 139732
 139824
 139847
 139918
 140184
 140193
 140299
 140469
 140666
 140669
 140688
 140745
 141015
 141057
 141091
 141192
 141217
 141231
 141293
 141486
 141522
 141556
 141680
 141848
 141975
 142009
 142118
 142151
 142186
 142196
 142284
 142300
 142575
 142743
 142750
 142781
 142810
 143130
 143398
 143442
 143459
 143620
 143696
 143884
 143975
 144052
 144115
 144127
 144264
 144286
 144319
 144371
 144519
 144721
 144779
 144840
 144898
 145003
 145303
 145354
 145545
 145585
 145844
 145913
 146016
 146057
 146296
 146348
 146389
 146445
 146540
 146706
 146707
 146887
 146893
 147039
 147423
 147636
 147647
 147678
 147784
 147789
 147812
 147971
 147983
 148035
 148102
 148244
 148430
 148487
 148590
 148674
 148864
 149055
 149104
 149145
 149355
 149704
 149777
 150376
 150413
 150416
 150468
 150569
 150675
 150820
 150913
 150989
 151048
 151050
 151061
 151195
 151213
 151368
 151405
 151417
 151556
 151614
 151845
 152042
 152077
 152203
 152292
 152426
 152484
 152509
 152613
 152627
 152845
 152921
 152991
 153052
 153558
 153567
 153726
 153846
 153846
 153846
 153889
 153899
 153946
 154007
 154008
 154011
 154028
 154209
 154236
 154367
 154543
 154685
 154779
 154810
 154814
 154831
 154848
 154924
 154950
 155060
 155159
 155359
 155510
 155555
 155567
 155595
 155701
 155803
 155881
 156085
 156271
 156294
 156330
 156595
 156671
 156732
 156806
 157049
 157157
 157403
 157470
 157608
 157679
 157696
 157722
 157813
 157937
 158014
 158093
 158144
 158215
 158385
 158455
 158457
 158532
 158555
 158708
 158728
 158763
 159025
 159046
 159181
 159441
 159442
 159494
 159584
 159600
 159663
 159736
 159781
 159793
 159800
 159939
 160039
 160092
 160156
 160170
 160243
 160420
 160501
 160543
 160589
 160751
 160904
 160978
 161132
 161317
 161486
 161486
 161553
 161616
 161721
 161843
 161974
 162141
 162155
 162489
 162635
 162664
 162704
 162773
 162863
 162930
 163134
 163205
 163387
 163528
 163560
 163576
 163597
 163842
 163935
 164043
 164502
 164540
 164624
 164636
 164658
 164773
 165008
 165087
 165122
 165214
 165331
 165499
 165607
 165613
 166044
 166175
 166388
 166404
 166640
 166697
 166927
 167055
 167106
 167126
 167166
 167191
 167300
 167467
 167508
 167536
 167563
 167768
 167921
 167945
 168088
 168183
 168229
 168292
 168330
 168336
 168357
 168389
 168576
 168601
 168606
 168645
 168662
 168680
 168704
 168744
 168921
 168961
 169011
 169141
 169310
 169567
 169590
 169685
 169895
 169992
 170008
 170131
 170269
 170294
 170333
 170357
 170374
 170445
 170838
 171214
 171222
 171240
 171314
 171347
 171527
 171827
 171878
 172134
 172173
 172192
 172397
 172543
 172608
 172752
 173270
 173292
 173348
 173449
 173469
 173498
 173512
 173669
 173672
 173913
 173942
 174044
 174078
 174159
 174442
 174563
 174630
 174668
 174715
 174864
 174864
 174975
 175000
 175113
 175165
 175171
 175293
 175452
 175457
 175458
 175654
 175732
 175834
 176034
 176137
 176700
 176925
 177165
 177230
 177462
 177492
 177857
 177907
 178199
 178288
 178438
 178442
 178482
 178590
 178661
 178717
 178722
 179013
 179189
 179369
 179389
 179484
 179505
 179590
 179620
 179768
 179998
 180071
 180139
 180216
 180242
 180301
 180327
 180439
 180450
 180505
 180831
 180837
 180952
 181052
 181082
 181786
 181793
 181818
 181935
 181945
 181967
 181989
 182269
 182352
 182524
 182593
 182647
 182870
 183011
 183207
 183232
 183377
 183450
 183457
 183786
 183806
 183948
 183957
 184069
 184241
 184462
 184538
 184560
 184601
 184693
 184847
 185061
 185084
 185149
 185233
 185294
 185389
 185655
 185751
 185806
 185990
 186015
 186200
 186226
 186446
 186453
 186482
 186509
 186544
 186633
 186808
 186940
 187040
 187129
 187188
 187382
 187479
 187568
 187583
 187684
 187898
 187984
 187984
 188138
 188426
 188552
 188563
 188802
 188931
 188962
 188976
 188979
 189017
 189066
 189066
 189082
 189426
 189463
 189535
 189573
 189743
 189847
 189920
 190107
 190113
 190218
 190450
 190561
 190694
 190826
 190944
 191012
 191055
 191619
 191732
 191825
 191973
 192019
 192132
 192233
 192244
 192245
 192307
 192637
 192677
 192731
 192809
 192891
 192929
 192950
 193022
 193050
 193060
 193072
 193264
 193382
 193447
 193797
 193877
 193995
 194266
 194310
 194312
 194317
 194349
 194509
 194607
 194850
 194963
 194987
 195011
 195016
 195091
 195193
 195226
 195313
 195404
 195641
 195687
 195789
 195864
 196047
 196191
 196317
 196324
 196333
 196700
 196702
 196824
 197018
 197081
 197125
 197140
 197298
 197717
 197831
 197865
 197883
 198025
 198076
 198372
 198767
 198879
 198884
 199159
 199454
 199459
 199473
 199697
 199699
 199809
 199875
 199885
 199948
 200214
 200283
 200332
 200430
 200473
 200626
 200701
 200705
 200999
 201012
 201052
 201239
 201354
 201406
 201407
 201454
 201637
 202195
 202209
 202265
 202330
 202372
 202421
 202469
 202496
 202509
 202862
 202915
 203045
 203194
 203205
 203484
 203588
 203592
 203600
 203614
 203900
 204046
 204184
 204252
 204290
 204324
 204325
 204347
 204435
 204467
 204580
 204724
 204724
 204778
 204819
 204840
 204972
 204977
 205106
 205203
 205449
 205747
 206086
 206296
 206327
 206425
 206714
 207053
 207069
 207253
 207341
 207393
 207498
 207540
 208185
 208278
 208442
 208544
 208732
 208829
 208840
 209204
 209215
 209255
 209258
 209407
 209465
 209728
 209851
 209946
 209955
 210012
 210021
 210117
 210125
 210140
 210268
 210290
 210308
 210341
 210379
 210588
 210616
 210659
 210706
 210745
 210811
 210905
 210949
 211128
 211289
 211472
 211703
 211743
 211757
 211854
 211894
 211921
 211962
 211997
 212227
 212343
 212394
 212580
 212805
 213008
 213049
 213070
 213094
 213108
 213198
 213230
 213284
 213330
 213359
 213749
 213846
 214275
 214413
 214413
 214460
 214589
 214734
 214801
 215096
 215146
 215156
 215241
 215279
 215338
 215445
 215464
 215739
 215823
 215929
 216083
 216150
 216271
 216402
 216681
 216850
 216988
 216990
 217014
 217028
 217042
 217257
 217327
 217475
 217718
 217934
 218006
 218016
 218065
 218100
 218132
 218181
 218329
 218363
 218368
 218448
 218462
 218547
 218871
 218921
 218972
 218981
 219109
 219233
 219450
 219566
 219628
 219678
 219830
 219935
 220017
 220040
 220174
 220320
 220514
 220517
 220546
 220566
 220675
 220722
 220765
 221068
 221469
 221564
 221770
 221796
 221821
 221869
 222033
 222144
 222186
 222457
 222463
 222761
 222793
 222825
 222868
 222994
 223099
 223145
 223322
 223403
 223469
 223821
 223825
 223845
 223846
 223854
 223892
 224094
 224104
 224131
 224214
 224253
 224307
 224484
 224499
 224608
 224625
 225010
 225044
 225328
 225444
 225607
 225710
 225852
 226035
 226084
 226192
 226207
 226270
 226388
 226428
 226805
 227024
 227168
 227177
 227426
 227792
 227807
 227865
 227869
 227925
 227953
 227984
 228000
 228016
 228025
 228041
 228443
 228534
 228693
 228755
 229288
 229408
 229454
 229516
 229612
 230064
 230065
 230141
 230181
 230252
 230470
 230546
 230698
 230749
 230764
 230848
 230901
 230970
 231143
 231190
 231529
 231745
 231819
 231939
 232068
 232098
 232118
 232196
 232223
 232324
 232558
 232595
 232628
 232933
 233324
 233495
 233532
 233588
 233644
 233737
 233815
 233895
 234058
 234214
 234305
 234324
 234330
 234612
 234656
 234693
 234913
 234954
 234996
 235018
 235092
 235204
 235294
 235480
 235570
 235571
 235578
 235599
 235665
 235678
 235748
 235799
 235907
 235964
 235970
 236019
 236099
 236263
 236263
 236418
 236456
 236536
 236565
 237054
 237264
 237366
 237410
 237509
 237586
 237614
 237619
 237622
 237732
 237773
 237784
 237808
 238080
 238145
 238149
 238375
 238398
 238547
 238618
 238829
 238868
 239525
 239530
 239598
 239689
 239726
 239893
 239974
 239982
 239998
 240170
 240506
 240636
 240750
 240908
 241073
 241096
 241099
 241145
 241365
 241393
 241432
 241433
 241636
 241645
 241712
 241935
 241940
 242011
 242095
 242123
 242233
 242476
 242516
 242610
 242693
 242807
 242885
 243001
 243097
 243210
 243278
 243311
 243553
 243634
 243650
 243661
 243740
 243885
 243902
 243973
 244066
 244436
 244488
 244696
 244966
 245036
 245164
 245198
 246104
 246177
 246301
 246374
 246525
 246566
 246595
 246603
 246657
 246702
 246753
 246813
 246839
 246852
 246903
 246929
 247036
 247046
 247230
 247352
 247863
 248016
 248027
 248240
 248266
 248498
 248526
 248596
 248654
 248723
 248979
 249267
 249375
 249494
 249502
 249504
 249516
 249569
 249874
 249883
 249938
 249974
 250064
 250069
 250323
 250332
 250391
 250704
 250833
 250855
 250903
 250944
 251113
 251201
 251243
 251360
 251367
 251612
 251731
 251795
 251816
 251863
 251888
 251903
 251981
 252018
 252081
 252154
 252172
 252181
 252302
 252350
 252415
 252608
 252747
 252800
 252912
 252958
 252960
 253006
 253067
 253414
 253451
 253454
 253479
 253580
 253718
 253826
 253941
 253978
 254012
 254040
 254102
 254185
 254223
 254273
 254320
 254425
 254526
 254649
 254712
 254763
 254847
 254863
 254898
 255042
 255367
 255443
 255474
 255656
 255710
 255770
 255777
 255794
 255801
 255857
 255989
 256131
 256218
 256257
 256345
 256382
 256454
 256621
 256656
 256818
 256962
 257119
 257177
 257222
 257260
 257610
 257626
 257629
 257640
 257710
 257730
 257772
 257870
 258195
 258256
 258426
 258643
 258677
 258703
 258706
 258788
 258928
 259084
 259102
 259138
 259323
 259361
 259455
 259834
 259844
 259873
 259900
 260141
 260180
 260215
 260356
 260358
 260378
 260501
 260772
 261030
 261136
 261141
 261154
 261301
 261311
 261495
 261562
 261604
 261959
 261969
 262160
 262253
 262410
 262541
 262760
 262845
 263032
 263040
 263109
 263211
 263233
 263315
 263360
 263529
 263606
 263737
 264201
 264211
 264215
 264340
 264434
 264610
 264681
 264690
 264935
 264951
 265130
 265132
 265445
 265551
 265746
 265822
 265859
 265964
 266133
 266328
 266437
 266448
 266451
 266592
 266666
 266757
 266857
 266931
 267110
 267236
 267246
 267610
 267775
 267797
 267851
 267878
 267893
 267917
 267961
 267967
 267981
 268122
 268129
 268308
 268380
 268528
 268583
 268894
 268913
 268992
 269160
 269218
 269294
 269300
 269443
 269445
 269710
 269834
 269847
 269936
 269969
 269993
 270033
 270043
 270287
 270339
 270455
 270532
 270574
 270577
 270676
 270766
 270846
 271026
 271041
 271096
 271309
 271342
 271363
 271524
 271689
 271714
 271739
 271783
 271800
 271938
 272324
 272391
 272484
 272570
 272704
 272738
 272766
 272832
 272899
 272901
 273239
 273615
 273800
 273983
 274070
 274087
 274124
 274157
 274170
 274277
 274365
 274400
 274545
 274760
 274789
 274916
 274976
 275037
 275103
 275107
 275118
 275142
 275203
 275204
 275536
 275556
 275622
 275676
 275676
 275738
 275815
 275919
 275959
 275959
 276136
 276315
 276317
 276576
 276635
 276670
 276762
 276767
 276773
 276780
 276993
 277223
 277368
 277417
 277431
 277902
 277906
 277917
 278127
 278217
 278301
 278330
 278639
 278699
 278711
 278947
 278987
 278996
 279071
 279106
 279153
 279346
 279403
 279833
 280104
 280570
 280732
 280885
 280983
 280995
 281200
 281230
 281250
 281314
 281398
 281489
 281503
 281581
 281687
 281756
 281866
 281946
 281948
 281996
 282180
 282194
 282234
 282320
 282527
 282546
 282676
 282773
 282840
 283019
 283044
 283390
 283402
 283493
 283582
 283703
 283714
 283740
 283810
 284071
 284304
 284308
 284325
 284378
 284422
 284492
 284551
 284560
 284626
 284672
 284688
 284762
 285211
 285324
 285400
 285532
 285538
 285547
 285918
 285960
 285980
 286020
 286046
 286082
 286127
 286185
 286442
 286507
 286640
 286980
 287030
 287117
 287130
 287262
 287483
 287516
 287536
 287575
 287577
 287635
 287749
 287917
 288089
 288307
 288409
 288551
 288594
 288723
 288762
 288977
 289107
 289168
 289349
 289502
 289528
 289596
 289644
 289765
 289773
 289779
 289797
 289902
 290180
 290652
 290670
 290721
 290787
 290830
 290869
 290984
 290993
 291004
 291247
 291249
 291304
 291399
 291497
 291508
 291550
 291558
 291669
 291677
 291695
 291709
 291878
 292098
 292125
 292417
 292448
 292527
 292605
 292658
 292694
 292764
 292796
 292871
 292945
 293074
 293082
 293093
 293110
 293130
 293179
 293335
 293620
 293622
 293729
 293829
 293838
 293980
 294004
 294018
 294209
 294233
 294417
 294456
 294465
 294467
 294675
 294888
 294934
 294960
 295024
 295093
 295148
 295402
 295602
 295682
 295682
 295829
 296066
 296170
 296324
 296340
 296510
 296616
 296679
 296836
 296900
 297220
 297271
 297357
 297379
 297382
 297925
 297926
 297987
 298048
 298219
 298343
 298571
 298583
 298663
 298675
 298679
 298706
 298878
 298887
 299004
 299028
 299074
 299140
 299389
 299435
 299493
 299630
 299675
 299867
 299999
 299999
 300023
 300037
 300124
 300390
 300402
 300452
 300528
 300565
 300713
 300763
 300801
 300847
 300917
 300919
 301006
 301165
 301175
 301290
 301406
 301417
 301514
 301518
 301616
 301725
 301747
 301891
 301909
 301924
 301994
 302002
 302058
 302141
 302250
 302275
 302319
 302325
 302330
 302368
 302810
 302835
 302926
 302947
 302952
 302964
 303241
 303252
 303259
 303547
 303560
 303564
 303762
 303947
 304129
 304297
 304394
 304482
 304491
 304574
 304624
 304728
 304816
 304901
 304902
 305057
 305389
 305475
 305687
 305770
 305828
 305925
 305961
 305976
 306066
 306301
 306308
 306416
 306493
 306558
 306609
 306672
 306680
 306750
 306832
 306896
 306912
 307143
 307172
 307265
 307483
 307483
 307627
 307650
 307662
 307754
 307829
 307977
 308328
 308345
 308365
 308411
 308450
 308510
 308617
 308671
 308697
 308899
 309046
 309200
 309261
 309295
 309525
 309590
 309602
 309748
 309866
 309890
 310171
 310209
 310219
 310232
 310245
 310249
 310512
 310626
 310682
 310747
 310832
 311023
 311320
 311459
 311636
 311691
 311812
 312186
 312236
 312305
 312569
 312588
 312712
 312769
 312813
 312883
 312967
 312970
 313159
 313286
 313297
 313477
 313646
 313666
 313675
 313790
 314110
 314125
 314382
 314525
 314764
 314786
 314843
 314876
 314929
 315124
 315294
 315317
 315346
 315632
 315648
 315693
 315789
 315821
 315855
 315890
 316117
 316190
 316210
 316391
 316393
 316543
 316558
 316688
 316713
 316842
 317215
 317322
 317325
 317338
 317540
 317708
 317833
 317938
 318033
 318043
 318282
 318329
 318400
 318781
 318847
 319008
 319069
 319201
 319758
 319860
 319897
 319992
 320210
 320226
 320317
 320330
 320408
 320420
 320430
 320505
 320512
 320567
 320901
 320993
 321172
 321270
 321349
 321494
 321529
 321680
 321701
 321890
 321988
 322002
 322132
 322331
 322434
 322435
 322785
 323271
 323321
 323379
 323448
 323519
 323550
 323581
 323681
 323741
 324136
 324351
 324560
 324617
 324639
 324641
 324681
 324776
 324842
 324999
 325031
 325093
 325103
 325237
 325320
 325439
 325454
 325538
 325618
 325651
 325755
 325805
 325863
 325977
 326050
 326090
 326180
 326187
 326260
 326261
 326274
 326336
 326342
 326345
 326542
 326612
 326652
 326653
 326910
 327135
 327145
 327190
 327272
 327433
 327500
 327523
 327538
 327652
 327769
 327790
 327828
 327906
 327945
 328054
 328056
 328149
 328294
 328374
 328378
 328383
 328396
 328601
 328821
 328903
 328940
 328944
 328957
 328966
 329049
 329059
 329099
 329144
 329379
 329577
 329596
 329712
 330076
 330079
 330153
 330328
 330400
 330403
 330406
 330508
 330565
 330719
 330789
 330897
 330919
 330937
 330966
 331002
 331207
 331632
 331699
 331901
 331905
 332112
 332552
 332688
 332887
 333333
 333333
 333333
 333755
 333801
 333815
 333995
 334005
 334096
 334113
 334126
 334234
 334247
 334331
 334623
 334719
 334733
 334753
 334812
 334839
 334877
 334953
 334984
 335084
 335106
 335214
 335247
 335294
 335307
 335915
 335921
 335955
 336078
 336167
 336234
 336363
 336722
 336785
 336787
 337029
 337121
 337499
 337530
 337606
 337743
 337883
 337956
 338038
 338225
 338243
 338368
 338614
 338661
 338930
 339192
 339208
 339237
 339393
 339484
 339586
 339636
 339999
 340138
 340419
 340467
 340637
 340703
 341297
 341300
 341302
 341404
 341471
 341612
 341720
 341731
 341743
 341778
 341828
 341907
 341978
 342130
 342145
 342204
 342263
 342299
 342514
 342561
 342756
 342847
 342900
 343057
 343059
 343129
 343247
 343398
 343403
 343671
 343750
 343766
 343847
 344096
 344501
 344569
 344702
 344736
 344944
 345074
 345337
 345438
 345542
 345544
 345544
 345575
 345835
 345843
 346153
 346178
 346286
 346439
 346469
 346681
 347060
 347246
 347427
 347573
 347761
 347826
 347856
 347970
 347972
 347991
 348252
 348258
 348461
 348563
 348659
 348695
 348861
 348873
 349346
 349514
 349532
 349686
 349757
 349931
 350117
 350206
 350214
 350387
 350716
 350757
 350817
 350894
 351202
 351311
 351412
 351459
 351486
 351610
 351630
 351647
 351943
 352059
 352064
 352697
 352820
 353089
 353263
 353579
 353620
 353679
 353933
 353945
 353957
 353994
 354163
 354309
 354330
 354457
 354504
 354618
 354897
 355067
 355123
 355159
 355174
 355305
 355326
 355332
 355400
 355425
 355453
 355468
 355528
 355543
 355617
 355769
 356280
 356456
 356479
 356725
 356730
 356896
 356985
 356986
 357188
 357192
 357272
 357692
 357771
 357835
 358073
 358150
 358205
 358313
 358444
 358566
 358580
 358615
 358669
 358757
 358841
 358922
 358947
 359044
 359177
 359200
 359223
 359417
 359427
 359550
 359560
 359880
 359997
 360037
 360197
 360218
 360406
 360446
 360483
 360507
 360528
 360640
 360911
 361054
 361058
 361211
 361272
 361298
 361538
 361571
 361591
 361652
 361667
 361957
 362091
 362230
 362324
 362452
 362703
 362757
 362837
 362847
 362972
 363018
 363175
 363276
 363369
 363500
 363606
 363696
 363715
 363787
 363971
 364060
 364081
 364092
 364098
 364102
 364185
 364240
 364534
 364588
 364702
 364718
 364835
 364856
 364930
 364935
 365074
 365310
 365484
 365560
 365594
 365647
 365791
 365827
 365831
 365843
 365937
 365986
 366141
 366244
 366334
 366404
 366678
 366774
 366782
 366863
 366919
 366942
 367029
 367029
 367097
 367157
 367340
 367371
 367378
 367393
 367461
 367479
 367553
 367554
 367600
 367662
 367691
 368028
 368162
 368289
 368307
 368582
 368597
 368776
 368924
 369101
 369116
 369125
 369149
 369368
 369369
 369812
 369842
 369998
 370029
 370152
 370405
 370625
 370784
 370820
 370844
 370943
 371095
 371174
 371254
 371311
 371312
 371391
 371392
 371633
 371656
 371699
 371853
 371944
 371978
 372093
 372267
 372340
 372475
 372549
 372696
 373002
 373124
 373134
 373325
 373328
 373368
 373426
 373549
 373946
 374101
 374197
 374313
 374471
 374480
 374570
 374583
 374668
 374670
 374884
 374980
 375050
 375069
 375438
 375448
 375552
 375588
 375660
 375689
 375700
 375730
 375829
 376054
 376065
 376235
 376292
 376422
 376427
 376475
 376514
 376572
 376692
 376866
 377060
 377214
 377269
 377344
 377646
 377646
 377652
 377916
 377927
 377992
 378042
 378046
 378220
 378224
 378274
 378304
 378403
 378410
 378632
 378676
 378692
 378693
 378700
 379060
 379255
 379310
 379542
 379746
 380090
 380138
 380654
 380675
 380952
 381047
 381074
 381206
 381248
 381614
 381619
 381740
 381802
 382189
 382338
 382357
 382372
 382416
 382449
 382456
 382567
 382588
 383447
 383674
 383716
 383950
 384245
 384296
 384297
 384366
 384554
 384591
 384906
 384922
 384945
 385062
 385556
 385747
 385876
 385908
 386106
 386160
 386353
 386379
 386381
 386452
 386513
 386514
 386518
 386537
 386552
 386700
 386778
 386844
 386851
 387355
 387358
 387365
 387374
 387426
 387559
 387723
 387755
 387989
 388027
 388071
 388079
 388158
 388414
 388636
 388809
 388845
 388888
 388888
 388951
 389057
 389072
 389086
 389119
 389207
 389221
 389261
 389682
 389700
 389794
 389864
 389898
 389939
 390004
 390070
 390098
 390462
 390468
 390681
 390697
 390712
 390719
 390894
 391006
 391037
 391038
 391166
 391209
 391486
 391652
 391739
 391800
 391818
 391893
 391923
 392046
 392156
 392207
 392440
 392441
 392613
 392653
 392729
 392835
 392876
 392923
 392985
 393004
 393016
 393096
 393162
 393312
 393355
 393507
 393722
 393775
 393779
 393903
 394093
 394324
 394422
 394709
 394733
 395015
 395058
 395152
 395177
 395287
 395345
 395393
 395409
 395501
 395550
 395604
 395717
 395722
 395845
 395850
 396172
 396227
 396306
 396434
 396551
 396634
 396725
 396857
 396887
 396904
 397056
 397113
 397477
 397812
 397854
 398185
 398585
 398588
 398619
 398663
 398683
 398761
 399126
 399218
 399301
 399318
 399633
 399650
 399852
 399967
 399999
 400030
 400245
 400416
 400464
 400560
 400581
 400621
 400882
 400905
 401123
 401136
 401257
 401305
 401410
 401433
 401473
 401481
 401493
 401552
 401576
 401788
 401801
 401801
 401852
 401890
 402051
 402129
 402253
 402455
 402602
 402632
 402646
 402853
 403056
 403148
 403167
 403168
 403372
 403681
 403723
 403760
 403775
 403940
 404015
 404134
 404314
 404347
 404689
 404726
 404794
 405102
 405263
 405275
 405277
 405321
 405519
 405520
 405550
 405704
 405872
 405904
 406015
 406158
 406532
 406605
 406669
 406782
 407026
 407355
 407423
 407473
 407780
 407849
 408009
 408011
 408240
 408267
 408345
 408573
 408627
 408637
 408766
 409090
 409135
 409504
 409746
 409860
 409860
 409868
 409882
 410007
 410025
 410076
 410146
 410150
 410156
 410232
 410372
 410438
 410582
 410628
 410879
 410893
 411060
 411060
 411102
 411201
 411276
 411329
 411333
 411467
 411481
 411515
 411651
 411688
 411795
 411878
 412036
 412068
 412297
 412568
 412763
 412864
 412908
 413038
 413038
 413064
 413074
 413087
 413160
 413191
 413223
 413280
 413288
 413558
 413720
 413987
 414219
 414263
 414336
 414446
 414460
 414554
 414634
 414690
 414871
 414897
 414945
 415045
 415141
 415195
 415355
 415633
 415658
 415789
 415860
 415887
 416017
 416031
 416153
 416224
 416237
 416341
 416363
 416385
 416485
 416494
 416511
 416597
 416824
 416835
 417016
 417140
 417170
 417426
 417693
 417699
 417712
 417721
 417911
 418049
 418076
 418108
 418158
 418202
 418219
 418332
 418387
 418444
 418575
 418784
 418804
 418991
 419004
 419099
 419187
 419294
 419318
 419330
 419423
 419686
 419689
 419817
 419896
 419925
 419925
 419927
 420127
 420245
 420323
 420374
 420801
 420936
 421142
 421209
 421219
 421267
 421292
 421383
 421399
 421446
 421473
 421556
 421601
 421617
 421636
 421648
 421828
 421983
 422018
 422081
 422270
 422316
 422370
 422480
 422621
 422637
 422922
 423076
 423182
 423234
 423350
 423391
 423469
 423499
 423687
 423785
 423808
 423822
 423871
 423936
 424003
 424070
 424116
 424171
 424286
 424682
 424788
 424851
 424876
 424902
 424906
 424941
 424997
 425024
 425066
 425138
 425143
 425208
 425264
 425552
 425706
 425738
 425878
 425884
 426099
 426185
 426536
 426744
 426750
 426752
 426793
 426887
 426913
 427083
 427161
 427209
 427368
 427489
 427654
 427693
 427734
 427755
 427795
 427849
 427993
 428228
 428240
 428312
 428443
 428496
 428566
 428820
 428901
 428983
 429350
 429352
 429494
 429632
 429699
 429714
 429804
 429806
 429866
 430125
 430144
 430154
 430324
 430400
 430481
 430563
 430609
 430634
 430769
 430782
 430986
 431036
 431038
 431116
 431119
 431140
 431232
 431326
 431428
 431699
 431767
 431860
 432003
 432093
 432179
 432183
 432280
 432498
 432590
 432740
 432743
 432780
 432857
 432890
 433006
 433033
 433060
 433102
 433149
 433249
 433319
 433372
 433437
 433518
 433573
 433670
 433713
 433812
 433879
 434048
 434191
 434302
 434388
 434392
 434407
 434470
 434479
 434643
 434775
 434892
 434894
 434897
 435027
 435056
 435064
 435180
 435355
 435483
 435540
 435650
 435675
 435865
 435884
 436054
 436235
 436470
 436505
 436615
 436634
 436697
 436775
 436896
 436911
 436918
 437010
 437011
 437109
 437154
 437200
 437275
 437324
 437484
 437487
 437530
 437533
 437555
 437927
 438098
 438200
 438900
 438978
 438983
 438985
 439060
 439164
 439196
 439201
 439207
 439255
 439276
 439454
 439525
 439557
 439570
 439783
 439804
 439885
 439904
 439924
 439935
 439945
 440021
 440050
 440454
 440526
 440654
 440754
 440800
 440862
 441176
 441187
 441371
 441571
 441755
 441784
 441800
 441948
 441958
 442157
 442176
 442231
 442488
 442513
 442578
 442657
 442796
 442822
 442891
 442909
 443029
 443084
 443252
 443252
 443334
 443422
 443684
 443880
 443892
 444058
 444063
 444223
 444369
 444552
 444681
 444820
 444839
 444883
 445126
 445136
 445162
 445184
 445254
 445348
 445403
 445563
 445606
 445746
 445859
 446182
 446239
 446623
 446741
 447033
 447368
 447400
 447404
 447661
 447886
 447911
 447977
 448033
 448121
 448135
 448184
 448308
 448330
 448497
 448527
 448751
 448822
 448837
 448852
 449004
 449151
 449155
 449171
 449276
 449364
 449367
 449395
 449667
 449677
 449727
 449751
 449804
 450030
 450078
 450208
 450341
 450413
 450523
 450550
 450635
 450756
 450823
 450991
 451066
 451219
 451234
 451258
 451290
 451337
 451351
 451363
 451479
 451496
 451707
 451761
 451787
 451851
 452141
 452151
 452174
 452279
 452331
 452439
 452476
 452526
 452708
 452761
 452854
 452856
 452909
 452935
 453214
 453455
 453457
 453544
 453614
 453624
 453625
 453686
 454212
 454230
 454233
 454265
 454441
 454510
 454692
 455046
 455448
 455460
 455496
 455546
 455555
 455593
 455677
 456074
 456215
 456319
 456331
 456546
 456758
 456806
 456898
 456960
 457087
 457174
 457345
 457413
 457547
 457592
 457657
 458014
 458036
 458140
 458246
 458343
 458474
 458495
 458624
 458682
 458691
 458730
 458732
 458807
 458937
 458976
 459181
 459245
 459406
 459518
 459540
 459545
 459612
 459668
 459680
 459719
 459756
 459786
 459807
 459859
 459874
 459910
 460204
 460259
 460396
 460401
 460430
 460498
 460544
 460559
 460801
 460990
 461025
 461029
 461047
 461104
 461242
 461338
 461538
 461538
 461544
 461832
 461834
 462238
 462292
 462326
 462406
 462439
 462445
 462577
 462735
 462819
 462862
 462885
 462891
 462915
 463166
 463236
 463276
 463276
 463279
 463283
 463506
 463587
 463862
 463983
 463994
 464020
 464135
 464257
 464356
 464449
 464450
 464555
 464686
 464824
 465124
 465236
 465340
 465345
 465631
 465656
 465811
 465834
 466052
 466197
 466202
 466228
 466325
 466380
 466554
 467122
 467262
 467280
 467323
 467374
 467532
 467682
 467800
 467849
 468031
 468170
 468173
 468229
 468233
 468296
 468560
 468582
 468611
 468665
 468682
 468889
 468896
 468940
 469079
 469095
 469164
 469333
 469739
 469889
 470032
 470099
 470147
 470237
 470422
 470437
 470467
 470617
 470760
 470917
 471225
 471245
 471402
 471626
 471954
 471963
 472216
 472219
 472266
 472276
 472356
 472482
 472602
 472612
 472633
 472664
 472887
 473089
 473118
 473180
 473259
 473347
 473584
 473794
 473882
 473938
 473947
 474008
 474025
 474186
 474267
 474435
 475005
 475124
 475159
 475244
 475350
 475381
 475381
 475382
 475443
 475558
 475720
 475803
 475841
 476197
 476202
 476213
 476303
 476412
 476581
 476734
 476842
 476864
 476987
 477041
 477195
 477293
 477389
 477537
 477627
 477663
 478068
 478114
 478139
 478183
 478295
 478548
 478648
 478727
 478773
 479007
 479029
 479147
 479198
 479217
 479267
 479281
 479285
 479310
 479409
 479461
 479487
 479528
 479575
 479682
 479803
 479933
 480080
 480095
 480117
 480148
 480236
 480347
 480703
 480738
 480786
 480814
 480821
 481010
 481473
 481487
 481571
 481579
 481751
 481755
 481818
 481983
 482190
 482271
 482310
 482520
 482617
 482734
 482852
 482953
 482993
 483024
 483127
 483238
 483259
 483290
 483516
 483904
 483929
 483980
 484036
 484074
 484092
 484104
 484123
 484218
 484393
 484562
 484622
 484797
 484811
 484928
 485043
 485096
 485271
 485383
 485430
 485484
 485609
 485658
 485682
 485735
 485791
 485915
 486031
 486061
 486300
 486338
 486431
 486541
 486573
 486646
 486715
 486761
 486910
 486964
 487006
 487012
 487059
 487083
 487179
 487336
 487447
 487578
 487618
 487669
 487695
 487956
 488181
 488372
 488376
 488398
 488456
 488498
 488681
 488794
 488804
 488851
 489051
 489086
 489103
 489186
 489408
 489429
 489459
 489552
 489563
 489690
 489907
 489925
 490058
 490085
 490179
 490296
 490355
 490366
 490442
 490464
 490647
 490657
 490889
 490897
 490934
 490956
 491020
 491084
 491131
 491272
 491376
 491393
 491428
 491464
 491516
 491702
 491945
 491992
 492027
 492203
 492212
 492440
 492897
 492994
 493297
 493333
 493429
 493445
 493475
 493567
 493825
 493892
 493923
 493962
 494177
 494297
 494320
 494365
 494486
 494519
 494829
 495075
 495107
 495142
 495309
 495685
 495829
 495852
 495888
 496081
 496232
 496282
 496308
 496493
 496495
 496822
 496934
 496937
 497117
 497150
 497177
 497295
 497297
 497448
 497556
 497630
 497744
 497862
 497863
 497932
 497961
 498010
 498071
 498099
 498130
 498202
 498228
 498356
 498358
 498394
 498618
 498644
 498961
 499000
 499054
 499090
 499163
 499278
 499285
 499582
 499629
 499689
 499694
 