0
 0
 0
 0
 0
 0
 0
 0
 0
 0
 0
 0
 0
 0
 0
 0
 0
 0
 0
 441
 820
 833
 919
 985
 1141
 1212
 1397
 1491
 1533
 1643
 1737
 1758
 1919
 1988
 2038
 2132
 2217
 2258
 2292
 2314
 2332
 2372
 2449
 2754
 2791
 2877
 2881
 2888
 2926
 3205
 3336
 3353
 3401
 3407
 3523
 3555
 3580
 3594
 3840
 3845
 3846
 3983
 3992
 4066
 4291
 4534
 4627
 4832
 4843
 4904
 4922
 4924
 5005
 5091
 5110
 5138
 5457
 5477
 5575
 5648
 5881
 5967
 6013
 6021
 6094
 6096
 6362
 6408
 6420
 6552
 6575
 6700
 6734
 6869
 6872
 6976
 7246
 7327
 7527
 7619
 7704
 7708
 7770
 8119
 8187
 8284
 8346
 8576
 8614
 8742
 8759
 9014
 9096
 9157
 9262
 9657
 9724
 9729
 9845
 9952
 10025
 10247
 10286
 10338
 10342
 10388
 10430
 10453
 10506
 10524
 10675
 10724
 10775
 10825
 10904
 10976
 11071
 11458
 11467
 11561
 11730
 11772
 11772
 11790
 11848
 11903
 11952
 11994
 12052
 12064
 12175
 12461
 12572
 12609
 12612
 12779
 12889
 12919
 13002
 13076
 13164
 13181
 13192
 13228
 13242
 13264
 13356
 13364
 13452
 13527
 13553
 13641
 13752
 13840
 13955
 13998
 14010
 14038
 14184
 14302
 14362
 14466
 14512
 14789
 14814
 15697
 15738
 15997
 16009
 16089
 16107
 16146
 16316
 16471
 17113
 17149
 17307
 17604
 17640
 17751
 17791
 17816
 17894
 17926
 17982
 17987
 18078
 18103
 18113
 18120
 18304
 18449
 18527
 18587
 18629
 18660
 18737
 18753
 18780
 19121
 19229
 19230
 19242
 19354
 19434
 19558
 19605
 19607
 19762
 19899
 20031
 20061
 20073
 20109
 20185
 20229
 20236
 20249
 20282
 20311
 20342
 20398
 20408
 20623
 20627
 20680
 20901
 20927
 20934
 21001
 21061
 21079
 21243
 21251
 21433
 21495
 21513
 21627
 21822
 21903
 21927
 21952
 21986
 22227
 22286
 22359
 22539
 22606
 22640
 22721
 22743
 22784
 22914
 22999
 23119
 23122
 23231
 23243
 23244
 23281
 23337
 23529
 23597
 23905
 23908
 24027
 24119
 24149
 24387
 24405
 24463
 24582
 24592
 24635
 24731
 25031
 25098
 25107
 25271
 25412
 25514
 25620
 25720
 25766
 25902
 25940
 25995
 26239
 26273
 26467
 26473
 26504
 26640
 26767
 26866
 26936
 27148
 27187
 27395
 27406
 27692
 27913
 27982
 28037
 28087
 28169
 28206
 28335
 28422
 28428
 28594
 28602
 28629
 28685
 28719
 28773
 29269
 29284
 29469
 29473
 29618
 29856
 29898
 29928
 30077
 30088
 30280
 30300
 30537
 30549
 30581
 30735
 30861
 31150
 31189
 31237
 31285
 31366
 31399
 31475
 31897
 32013
 32362
 32459
 32511
 32700
 32776
 32812
 32826
 32868
 32870
 32931
 32959
 33043
 33072
 33121
 33210
 33210
 33273
 33347
 33576
 33613
 33630
 33632
 33678
 33910
 33961
 34136
 34322
 34463
 34617
 34716
 34724
 34799
 34824
 34867
 34954
 34983
 35087
 35096
 35303
 35375
 35440
 35526
 35559
 35613
 35639
 35768
 36064
 36093
 36122
 36129
 36173
 36275
 36377
 36455
 36629
 37225
 37241
 37433
 37466
 37560
 37727
 37764
 37959
 37978
 38307
 38338
 38450
 38565
 38846
 38862
 38975
 38998
 39025
 39084
 39118
 39207
 39277
 39287
 39308
 39323
 39526
 39548
 39745
 39912
 39918
 40064
 40162
 40262
 40354
 40407
 40440
 40475
 40637
 40662
 40669
 40739
 40751
 40788
 40848
 40853
 40950
 41032
 41297
 41327
 41413
 41897
 41911
 42030
 42128
 42148
 42386
 42391
 42407
 42585
 42712
 42727
 42853
 42900
 43005
 43010
 43093
 43243
 43297
 43478
 43478
 43504
 43630
 43630
 43915
 43933
 43959
 43976
 44469
 44591
 44653
 44675
 44710
 44776
 44781
 44883
 45025
 45028
 45112
 45146
 45146
 45202
 45206
 45474
 45736
 45755
 45787
 45798
 45805
 45892
 45992
 45997
 46122
 46199
 46366
 46400
 46479
 46607
 46997
 47316
 47677
 47710
 47808
 47884
 47939
 47956
 47959
 48102
 48253
 48289
 48390
 48472
 48476
 48628
 48632
 48769
 48780
 48854
 48901
 48944
 48947
 49022
 49168
 49220
 49243
 49411
 49649
 50043
 50050
 50145
 50305
 50368
 50373
 50382
 50437
 50550
 50565
 50619
 50912
 50932
 50960
 51041
 51289
 51375
 51510
 51614
 51662
 51741
 51763
 51830
 51908
 52041
 52111
 52282
 52357
 52386
 52582
 52631
 52816
 53036
 53201
 53242
 53340
 53341
 53398
 53416
 53477
 53519
 53617
 53646
 53733
 53800
 53877
 53894
 53955
 54026
 54209
 54262
 54347
 54471
 54527
 54556
 54691
 54739
 54757
 54806
 55025
 55089
 55143
 55189
 55347
 55426
 55442
 55491
 55602
 55846
 55918
 56139
 56165
 56179
 56338
 56395
 56493
 56603
 56605
 56706
 56907
 56923
 56989
 57101
 57176
 57219
 57240
 57361
 57370
 57381
 57481
 57766
 57868
 57913
 58074
 58097
 58131
 58201
 58286
 58295
 58373
 58463
 58540
 58589
 58745
 58797
 58823
 58924
 59042
 59099
 59577
 59647
 60014
 60060
 60115
 60185
 60297
 60647
 60676
 60829
 60917
 60939
 60950
 60988
 61026
 61184
 61198
 61304
 61469
 61490
 61505
 61747
 61893
 61917
 61979
 61994
 62117
 62334
 62388
 62500
 63157
 63233
 63473
 63492
 63677
 63720
 63734
 63766
 63825
 63908
 63986
 63999
 63999
 64014
 64101
 64199
 64254
 64714
 64983
 65111
 65116
 65276
 65306
 65308
 65538
 65558
 65559
 65810
 65874
 65934
 66121
 66224
 66317
 66326
 66351
 66436
 66629
 66630
 66759
 66801
 66857
 66984
 67264
 67341
 67466
 67476
 67483
 67619
 67782
 68052
 68072
 68169
 68540
 68605
 68666
 68799
 69052
 69153
 69164
 69210
 69262
 69764
 69797
 69846
 69894
 69918
 70016
 70050
 70211
 70335
 70341
 70549
 70671
 70910
 70953
 70972
 71070
 71152
 71156
 71428
 71946
 72027
 72463
 72721
 72917
 72987
 73055
 73135
 73333
 73527
 73791
 73930
 73972
 74098
 74178
 74227
 74256
 74313
 74640
 75186
 75346
 75362
 75377
 75455
 75550
 75754
 75805
 76076
 76264
 76289
 76290
 76338
 76343
 76452
 76474
 76475
 76528
 76562
 76684
 76696
 76797
 76923
 76974
 76982
 77022
 77049
 77087
 77102
 77151
 77157
 77257
 77273
 77363
 77419
 77453
 77735
 77749
 77803
 77864
 77944
 77954
 78095
 78142
 78206
 78245
 78310
 78376
 78437
 78627
 78957
 79170
 79231
 79306
 79470
 79488
 79699
 79703
 79723
 79807
 79830
 80000
 80000
 80020
 80078
 80159
 80205
 80281
 80321
 80346
 80405
 80476
 80638
 81161
 81316
 81352
 81373
 81520
 81526
 81670
 81676
 81756
 81978
 82009
 82039
 82132
 82148
 82201
 82389
 82695
 82813
 82830
 82883
 82910
 82926
 83056
 83092
 83137
 83228
 83314
 83694
 84039
 84043
 84398
 84457
 84493
 84507
 84674
 84709
 84731
 84951
 84986
 85231
 85419
 85466
 85471
 85495
 85513
 85521
 85651
 85765
 85975
 86047
 86281
 86282
 86289
 86313
 86345
 86398
 86520
 86555
 86629
 86679
 86706
 86734
 86845
 86891
 86969
 87203
 87323
 87655
 87964
 88060
 88235
 88256
 88448
 88657
 88696
 88697
 88835
 88918
 89069
 89081
 89102
 89221
 89301
 89329
 89373
 89473
 89694
 89697
 89723
 89873
 89879
 89957
 90040
 90055
 90096
 90153
 90335
 90398
 90449
 90499
 90564
 90568
 90576
 90686
 90873
 90960
 91070
 91131
 91387
 91445
 91523
 91584
 91643
 91751
 91810
 91891
 91962
 91967
 92097
 92427
 92461
 92462
 92626
 92832
 92943
 93101
 93309
 93605
 93660
 93662
 93670
 93821
 93992
 94037
 94090
 94476
 94667
 94677
 94807
 94991
 95089
 95142
 95166
 95225
 95623
 95625
 95793
 95805
 95847
 95972
 96097
 96147
 96153
 96225
 96631
 96762
 96774
 96923
 96972
 97027
 97028
 97115
 97217
 97225
 97242
 97270
 97426
 97486
 97528
 97740
 97778
 97939
 98021
 98203
 98273
 98297
 98303
 98493
 98622
 98640
 98777
 98822
 98858
 99078
 99138
 99197
 99270
 99298
 99441
 99475
 99498
 99756
 99805
 99839
 99842
 100000
 100296
 100414
 100613
 100679
 100917
 100939
 100953
 100999
 101141
 101148
 101168
 101337
 101768
 101876
 102097
 102158
 102200
 102298
 102339
 102455
 102766
 103168
 103170
 103206
 103225
 103380
 103439
 103538
 103561
 103712
 103757
 104007
 104054
 104189
 104219
 104275
 104348
 104392
 104704
 104705
 104778
 104905
 105032
 105235
 105256
 105263
 105263
 105274
 105393
 105394
 105412
 105701
 105813
 105881
 105989
 106080
 106111
 106129
 106165
 106352
 106403
 106566
 106626
 106757
 106761
 106785
 106836
 106945
 106987
 107288
 107914
 108077
 108108
 108181
 108228
 108320
 108421
 108464
 108542
 108622
 108705
 109003
 109070
 109168
 109223
 109259
 109269
 109385
 109522
 109589
 109718
 109796
 109818
 109910
 109911
 110036
 110188
 110190
 110200
 110213
 110226
 110258
 110321
 110366
 110558
 110568
 110959
 111172
 111193
 111547
 111647
 111672
 111758
 111829
 111963
 112293
 112494
 112582
 112587
 112659
 112692
 112734
 112736
 112837
 112907
 112932
 112984
 113002
 113038
 113150
 113162
 113168
 113277
 113397
 113544
 113698
 113753
 113786
 113838
 113992
 114017
 114138
 114702
 114725
 114836
 114857
 114927
 114994
 115022
 115129
 115362
 115472
 115678
 115712
 115712
 115757
 116193
 116707
 116767
 116770
 116968
 117003
 117061
 117106
 117219
 117257
 117302
 117362
 117413
 117508
 117647
 117647
 117752
 117777
 117801
 118174
 118791
 118942
 118997
 119082
 119267
 119486
 119521
 119732
 119811
 119941
 119974
 119997
 119999
 120029
 120121
 120366
 120385
 120430
 120452
 120631
 120695
 120823
 120999
 121052
 121076
 121153
 121271
 121567
 121596
 121616
 121720
 121778
 121816
 121877
 122039
 122142
 122168
 122221
 122270
 122379
 122522
 122533
 122640
 122648
 123017
 123066
 123069
 123163
 123232
 123287
 123539
 123541
 123686
 123899
 124233
 124378
 124593
 124726
 124782
 124876
 124944
 125091
 125216
 125437
 125644
 125991
 126113
 126572
 126623
 126671
 126712
 126743
 126820
 126961
 127007
 127121
 127172
 127401
 127659
 127902
 128180
 128364
 128418
 128433
 128440
 128493
 128722
 129139
 129339
 129456
 129563
 129576
 129668
 129986
 129989
 129994
 130009
 130148
 130233
 130332
 130495
 130509
 130641
 130651
 130811
 130959
 131002
 131014
 131153
 131226
 131283
 131324
 131376
 131386
 131395
 131401
 131527
 131578
 131611
 131645
 131826
 131931
 131945
 131952
 132007
 132063
 132344
 132410
 132418
 132535
 132546
 132551
 132633
 132693
 132957
 133152
 133309
 133333
 133401
 133422
 133553
 133833
 133971
 134307
 134343
 134398
 134424
 134461
 134820
 134829
 134897
 134951
 135018
 135084
 135197
 135276
 135502
 135595
 135649
 135718
 135789
 136258
 136285
 136338
 136608
 136717
 136725
 136776
 136870
 137308
 137541
 137645
 137872
 137931
 137967
 138185
 138215
 138438
 138557
 138613
 138675
 138683
 138726
 138757
 138813
 138814
 138823
 138884
 138937
 139056
 139108
 139194
 139281
 139393
 139428
 139534
 139668
 139707
 139708
 139881
 140119
 140271
 140312
 140464
 140631
 140636
 140684
 140817
 141010
 141078
 141165
 141175
 141235
 141529
 141602
 142040
 142134
 142434
 142473
 142477
 142649
 142963
 143057
 143084
 143217
 143440
 143608
 143626
 143762
 143860
 144020
 144131
 144173
 144181
 144186
 144245
 144436
 144589
 144708
 144819
 144881
 145007
 145045
 145122
 145216
 145377
 145391
 145420
 145457
 145521
 145523
 145532
 145776
 145827
 145860
 145991
 145998
 146151
 146199
 146373
 146429
 146461
 146495
 146597
 146634
 146651
 146706
 146715
 146875
 147081
 147110
 147158
 147272
 147377
 147577
 147816
 147960
 148125
 148146
 148170
 148205
 148239
 148387
 148399
 148409
 148509
 148794
 148879
 148904
 149073
 149225
 149397
 149403
 149627
 149648
 149694
 149841
 150149
 150154
 150184
 150336
 150381
 150416
 150518
 150541
 150652
 150945
 150951
 150976
 151153
 151188
 151285
 151313
 151392
 151504
 151608
 151641
 151738
 151784
 151815
 151829
 151845
 151864
 152241
 152380
 152441
 152455
 152508
 152536
 152769
 152926
 153008
 153092
 153203
 153320
 153493
 153506
 153595
 153628
 153684
 153942
 154040
 154197
 154351
 154471
 154531
 154673
 154696
 154953
 155156
 155265
 155365
 155391
 155505
 155541
 155596
 155789
 155903
 156005
 156097
 156138
 156173
 156320
 156402
 156537
 156614
 156621
 156934
 157223
 157271
 157272
 157819
 157836
 157894
 158054
 158076
 158110
 158192
 158334
 158384
 158450
 158463
 158750
 158811
 158965
 159022
 159151
 159314
 159318
 159361
 159362
 159445
 159474
 159536
 159591
 159643
 159683
 160159
 160180
 160402
 160427
 160445
 160483
 160534
 160572
 160694
 160835
 160883
 161055
 161073
 161157
 161214
 161385
 161393
 161542
 161633
 161679
 161735
 161740
 161816
 161859
 162058
 162106
 162285
 162411
 162441
 162528
 162561
 162765
 162878
 163046
 163253
 163286
 163328
 163562
 163735
 163782
 163942
 164156
 164161
 164232
 164456
 164464
 164548
 164556
 164558
 164914
 165010
 165354
 165380
 165610
 165628
 165664
 165785
 165829
 165891
 166210
 166266
 166274
 166623
 166642
 166666
 166756
 166949
 166984
 167543
 167552
 167746
 167970
 167993
 168386
 168451
 168534
 168656
 168755
 168927
 168941
 169237
 169299
 169322
 169336
 169385
 169758
 169768
 170009
 170043
 170050
 170204
 170382
 170414
 170682
 170731
 170741
 170954
 171171
 171267
 171333
 171350
 171489
 171503
 171641
 171694
 171708
 171775
 171851
 171987
 172010
 172142
 172226
 172229
 172234
 172254
 172327
 172436
 172509
 172582
 172583
 172661
 172673
 172677
 172793
 172839
 172882
 173027
 173251
 173289
 173453
 173462
 173532
 173602
 173603
 173945
 174025
 174545
 174587
 174610
 174784
 174787
 174885
 174886
 175048
 175074
 175348
 175506
 175558
 175644
 175693
 176086
 176224
 176282
 176384
 176405
 176433
 176516
 176519
 176529
 176873
 177003
 177015
 177050
 177099
 177414
 177654
 177657
 177688
 177958
 178030
 178044
 178071
 178114
 178239
 178438
 178472
 178689
 178785
 178811
 179273
 179458
 179564
 179664
 179732
 179865
 179883
 179912
 179965
 180295
 180613
 180680
 180765
 180858
 181055
 181065
 181138
 181499
 181581
 181683
 181981
 182074
 182242
 182506
 182519
 182523
 182611
 182626
 182777
 182899
 182915
 182961
 183122
 183213
 183312
 183425
 183565
 183580
 183591
 183682
 183739
 183766
 183853
 183939
 184052
 184208
 184229
 184287
 184442
 184615
 184634
 184732
 184843
 184881
 184953
 185036
 185316
 185419
 185577
 185602
 185611
 185761
 185852
 185875
 186072
 186119
 186151
 186187
 186257
 186315
 186661
 186732
 186808
 186849
 186980
 187112
 187155
 187189
 187190
 187270
 187312
 187318
 187355
 187431
 187500
 187740
 187779
 188021
 188040
 188056
 188166
 188240
 188311
 188475
 188640
 188658
 188680
 188767
 188767
 188976
 189107
 189195
 189255
 189379
 189446
 189674
 189684
 189703
 189916
 189958
 190049
 190053
 190065
 190359
 190375
 190455
 190561
 190644
 190646
 190651
 190707
 190802
 191128
 191150
 191407
 191506
 191853
 191881
 191902
 191954
 192011
 192015
 192114
 192134
 192406
 192557
 192579
 192586
 192629
 192786
 192985
 193189
 193214
 193235
 193367
 193384
 193455
 193608
 193839
 194162
 194209
 194214
 194256
 194275
 194285
 194317
 194635
 194729
 194777
 194805
 194820
 194824
 194908
 194984
 195121
 195245
 195302
 195488
 195636
 195704
 195968
 196031
 196093
 196145
 196211
 196333
 196349
 196696
 196897
 197026
 197101
 197267
 197459
 197481
 197592
 197625
 197663
 197714
 197774
 197860
 197985
 198161
 198328
 198347
 198439
 198731
 198899
 198917
 199184
 199261
 199268
 199296
 199344
 199442
 199497
 199549
 199564
 199576
 199643
 199776
 199904
 199935
 199935
 199964
 199968
 199999
 200072
 200267
 200346
 200520
 200632
 200641
 200734
 200795
 200814
 200989
 200997
 201424
 201428
 201510
 201549
 201690
 201802
 201821
 201853
 202065
 202115
 202224
 202247
 202339
 202542
 202549
 202597
 202836
 202857
 203118
 203386
 203635
 203638
 203806
 203873
 203936
 204058
 204142
 204289
 204303
 204351
 204430
 204743
 204774
 204819
 204842
 204977
 204986
 205152
 205184
 205264
 205278
 205361
 205387
 205585
 205675
 205724
 205724
 205854
 205980
 206073
 206134
 206341
 206427
 206427
 206534
 206627
 206735
 206764
 207059
 207109
 207172
 207630
 207657
 207776
 207792
 207851
 207920
 208056
 208277
 208283
 208556
 208709
 208964
 208970
 209273
 209369
 209424
 209502
 209558
 209626
 209708
 209745
 209920
 209961
 210006
 210029
 210195
 210290
 210414
 210490
 210508
 210572
 210842
 210848
 210921
 211180
 211198
 211345
 211438
 211538
 211546
 211720
 211820
 211886
 211928
 212111
 212161
 212178
 212201
 212208
 212353
 212362
 212690
 212827
 212997
 213056
 213058
 213111
 213158
 213201
 213326
 213397
 213545
 213622
 214005
 214016
 214080
 214249
 214325
 214516
 214814
 214904
 214913
 214953
 214954
 215317
 215563
 215620
 215702
 215890
 215935
 216028
 216140
 216169
 216171
 216354
 216393
 216482
 216681
 216752
 216828
 217010
 217034
 217123
 217146
 217360
 217391
 217511
 217616
 217815
 217950
 217989
 218068
 218069
 218408
 218556
 218707
 218750
 218853
 218968
 219027
 219045
 219504
 219512
 219965
 219998
 220012
 220115
 220118
 220176
 220674
 220892
 221264
 221694
 221712
 221733
 221826
 221828
 221895
 221932
 222042
 222045
 222111
 222120
 222137
 222166
 222222
 222262
 222319
 222356
 222521
 222666
 222821
 222860
 222887
 223062
 223106
 223182
 223217
 223371
 223409
 223436
 223478
 223620
 223788
 223877
 223880
 224054
 224077
 224093
 224261
 224415
 224418
 224432
 224535
 224626
 224677
 224787
 224864
 225085
 225376
 225403
 225449
 225595
 225756
 225780
 225917
 226115
 226177
 226181
 226450
 226691
 226758
 226832
 226981
 227080
 227239
 227277
 227579
 227792
 227799
 227953
 228043
 228139
 228168
 228196
 228222
 228297
 228388
 228413
 228516
 228554
 228809
 228965
 229054
 229097
 229159
 229213
 229235
 229289
 229292
 229440
 229470
 229616
 229665
 229721
 229736
 229752
 229929
 229980
 230021
 230769
 230769
 230769
 230820
 230952
 231006
 231034
 231088
 231280
 231459
 231548
 231674
 231760
 231797
 231901
 232040
 232095
 232120
 232369
 232427
 232428
 232479
 232491
 232531
 232558
 232567
 232742
 232786
 232835
 232931
 233005
 233073
 233112
 233141
 233155
 233351
 233430
 233656
 233784
 233807
 233885
 234020
 234042
 234067
 234101
 234154
 234162
 234680
 234847
 234974
 235008
 235205
 235223
 235294
 235331
 235400
 235540
 235694
 235758
 235848
 235903
 235955
 236264
 236459
 236517
 236585
 236680
 236860
 236896
 236935
 236971
 237221
 237238
 237248
 237274
 237372
 237397
 237489
 237553
 237745
 237921
 238116
 238119
 238218
 238272
 238340
 238471
 238537
 238553
 238592
 238662
 238687
 238695
 238767
 238819
 238875
 239043
 239060
 239218
 239366
 239487
 239500
 239647
 239707
 239728
 239753
 239777
 239891
 239917
 240282
 240346
 240366
 240556
 240565
 240670
 240754
 240802
 240823
 240993
 240995
 241132
 241287
 241323
 241418
 241444
 241556
 241629
 241651
 241706
 241726
 241804
 242134
 242469
 242510
 242692
 242702
 242801
 242980
 243020
 243050
 243149
 243149
 243282
 243320
 243570
 243573
 243609
 243656
 243942
 243944
 243947
 244104
 244453
 244541
 244592
 244769
 244793
 244867
 245038
 245161
 245318
 245398
 245466
 245480
 245512
 245950
 246005
 246054
 246122
 246153
 246205
 246235
 246490
 246567
 246738
 247000
 247150
 247198
 247445
 247493
 248092
 248128
 248583
 248627
 248739
 248750
 248764
 248783
 248804
 249135
 249254
 249296
 249313
 249449
 249504
 249567
 249610
 249675
 249742
 249764
 249888
 250067
 250088
 250384
 250454
 250564
 250655
 250672
 250789
 250909
 250969
 250998
 251005
 252004
 252084
 252086
 252099
 252210
 252250
 252321
 252379
 252578
 252618
 252621
 252980
 253003
 253119
 253248
 253342
 253377
 253394
 253419
 253827
 253897
 254231
 254318
 254338
 254372
 254483
 254549
 254570
 255014
 255014
 255126
 255185
 255319
 255368
 255384
 255414
 255489
 255559
 255801
 255813
 255813
 255889
 256025
 256037
 256042
 256074
 256387
 256557
 256755
 256830
 256837
 256975
 257010
 257026
 257122
 257448
 257522
 257712
 258064
 258095
 258215
 258239
 258314
 258638
 258930
 258987
 259046
 259131
 259169
 259174
 259241
 259325
 259361
 259397
 259465
 259592
 259614
 259653
 259754
 259830
 260162
 260229
 260257
 260315
 260409
 260414
 260442
 260618
 260643
 260866
 261167
 261332
 261346
 261435
 261712
 261822
 261937
 262139
 262208
 262284
 262295
 262530
 262646
 262706
 262773
 262984
 263007
 263029
 263157
 263540
 263665
 263681
 263977
 264039
 264112
 264139
 264428
 264697
 264836
 264844
 264909
 265194
 265306
 265335
 265353
 265425
 265594
 265608
 265629
 265674
 265698
 265720
 265736
 265812
 265897
 265926
 265940
 265968
 266023
 266121
 266133
 266262
 266294
 266460
 266621
 266666
 266666
 266711
 266892
 266959
 267215
 267255
 267362
 267446
 267454
 267515
 267637
 267686
 267716
 267759
 267931
 267956
 267979
 268064
 268088
 268239
 268326
 268426
 268547
 268881
 268952
 268972
 269135
 269682
 269794
 269841
 269916
 269930
 269945
 269971
 269990
 270043
 270137
 270141
 270149
 270255
 270314
 270324
 270407
 270425
 270546
 270562
 270657
 270693
 270704
 270843
 271056
 271329
 271369
 271604
 271695
 271708
 271801
 271868
 271902
 271960
 271996
 272146
 272249
 272319
 272571
 272727
 272906
 273268
 273485
 273578
 273755
 273785
 273792
 273812
 273815
 273880
 273915
 273947
 274086
 274294
 274544
 274569
 274571
 274618
 274797
 274837
 275043
 275172
 275184
 275217
 275271
 275273
 275369
 275402
 275540
 275647
 275733
 275746
 275769
 275898
 276054
 276132
 276293
 276368
 276408
 276453
 276454
 276473
 276495
 276823
 276843
 277050
 277102
 277115
 277139
 277166
 277250
 277337
 277551
 277823
 277866
 277874
 277877
 277889
 277907
 277940
 277972
 278016
 278084
 278108
 278254
 278294
 278362
 278493
 278580
 278625
 278831
 278859
 278894
 278921
 278989
 279078
 279213
 279231
 279288
 279315
 279452
 279574
 279827
 280000
 280032
 280396
 280498
 280612
 280622
 280651
 280715
 280787
 280916
 280968
 281158
 281268
 281297
 281376
 281493
 281508
 281914
 281926
 281942
 282082
 282275
 282305
 282532
 282608
 282623
 282711
 282822
 282864
 282870
 282973
 283163
 283339
 283471
 283476
 283721
 283724
 283798
 283876
 283880
 283923
 284031
 284151
 284171
 284178
 284324
 284418
 284527
 284645
 284679
 284796
 284824
 285121
 285186
 285255
 285277
 285527
 285582
 285714
 285892
 285967
 286021
 286049
 286116
 286149
 286290
 286575
 286666
 286839
 286854
 286917
 286983
 287030
 287064
 287098
 287140
 287197
 287236
 287398
 287490
 287533
 288032
 288160
 288305
 288419
 288438
 288515
 288632
 288888
 288951
 289079
 289520
 289752
 290076
 290362
 290365
 290622
 290641
 290701
 290820
 290909
 290916
 291170
 291257
 291412
 291435
 291618
 291784
 292002
 292035
 292036
 292355
 292387
 292391
 292433
 292561
 292673
 292868
 293012
 293322
 293411
 293552
 293593
 293847
 293872
 293900
 293989
 294000
 294131
 294253
 294337
 294350
 294736
 294780
 294883
 295081
 295171
 295229
 295334
 295468
 295492
 295506
 295582
 295584
 295589
 295708
 295715
 295895
 295941
 296005
 296016
 296089
 296271
 296401
 296490
 296629
 296764
 296811
 296998
 297044
 297161
 297163
 297282
 297419
 297467
 297486
 297510
 297547
 297700
 297820
 297870
 297917
 298047
 298340
 298787
 298835
 298894
 298898
 299000
 299318
 299359
 299502
 299505
 299550
 299589
 299600
 299697
 300063
 300106
 300170
 300309
 300583
 300625
 300738
 300866
 300892
 300943
 300970
 301130
 301222
 301384
 301455
 301455
 301506
 301634
 301655
 301724
 301760
 301779
 301978
 302084
 302095
 302159
 302183
 302354
 302533
 302562
 302999
 303115
 303357
 303408
 303457
 303553
 303624
 303627
 303715
 303783
 304157
 304219
 304286
 304392
 304736
 305058
 305138
 305145
 305351
 305362
 305420
 305498
 305552
 305559
 305745
 305812
 305861
 305865
 306180
 306184
 306361
 306404
 306463
 306516
 306620
 307014
 307145
 307208
 307358
 307506
 307692
 308080
 308461
 308553
 308681
 308717
 308768
 308860
 309128
 309261
 309294
 309380
 309529
 309552
 309601
 309711
 309717
 309757
 309859
 309877
 309896
 309904
 310105
 310134
 310228
 310233
 310280
 310344
 310443
 310487
 310623
 310862
 310972
 310984
 311036
 311304
 311388
 311480
 311534
 311637
 311731
 311805
 311865
 311959
 311969
 311977
 312270
 312307
 312502
 312521
 312586
 312691
 312802
 312872
 312977
 313154
 313249
 313291
 313360
 313409
 313477
 313509
 313698
 313928
 313937
 314032
 314186
 314210
 314218
 314412
 314446
 314495
 314553
 314564
 314567
 314625
 314647
 314664
 314741
 314843
 314903
 314946
 314978
 315013
 315115
 315266
 315335
 315400
 315605
 315666
 315706
 315765
 315789
 315816
 315994
 316470
 316482
 316635
 316931
 316943
 317010
 317011
 317109
 317290
 317343
 317369
 317467
 317602
 317636
 317667
 317831
 317842
 317866
 317915
 317997
 318143
 318308
 318347
 318454
 318663
 318771
 318835
 318840
 318840
 318874
 318953
 319049
 319125
 319125
 319181
 319222
 319418
 319458
 319790
 319935
 320000
 320093
 320247
 320251
 320397
 320493
 320584
 320629
 320840
 320976
 321326
 321402
 321712
 321797
 321824
 321847
 322056
 322080
 322124
 322172
 322293
 322343
 322451
 322601
 322908
 322928
 323100
 323160
 323308
 323349
 323413
 323583
 323684
 323901
 324036
 324106
 324123
 324146
 324295
 324343
 324590
 324762
 324863
 325220
 325281
 325354
 325357
 325432
 325634
 325696
 325714
 325798
 325811
 325827
 325933
 326036
 326129
 326182
 326228
 326261
 326275
 326615
 326778
 326797
 326876
 327393
 327516
 327671
 327734
 327797
 327868
 328049
 328244
 328271
 328373
 328537
 329013
 329071
 329177
 329223
 329363
 329368
 329422
 329572
 329590
 329623
 329653
 329725
 329817
 329941
 330011
 330138
 330231
 330298
 330406
 330587
 330736
 331027
 331363
 331458
 331755
 331774
 331876
 331970
 331977
 331984
 331988
 332023
 332204
 332268
 332366
 332451
 332498
 332566
 332678
 332769
 332780
 332888
 332949
 333333
 333333
 333333
 333376
 333497
 333561
 333717
 333723
 333741
 333901
 334024
 334032
 334082
 334131
 334246
 334299
 334376
 334634
 334657
 334716
 334725
 334790
 334976
 335149
 335161
 335282
 335302
 335559
 335576
 335616
 335652
 335767
 335768
 335781
 335895
 335926
 335952
 336283
 336301
 336368
 336432
 336585
 336585
 336594
 336650
 336734
 336842
 337076
 337154
 337176
 337221
 337535
 337550
 337559
 337586
 337634
 337659
 337995
 338303
 338396
 338569
 338632
 339041
 339296
 339346
 339458
 339528
 339627
 339631
 339652
 339775
 340134
 340183
 340206
 340388
 340976
 340989
 341017
 341164
 341232
 341407
 341526
 341572
 341875
 342265
 342348
 342497
 342551
 342583
 342593
 342622
 342657
 342897
 342995
 343132
 343363
 343426
 343522
 343547
 343587
 343607
 343775
 343830
 343845
 343915
 343925
 344060
 344311
 344462
 344489
 344531
 344581
 344739
 344822
 344851
 344909
 345116
 345155
 345167
 345282
 345394
 345454
 345527
 345647
 346041
 346111
 346218
 346313
 346354
 346407
 346434
 346440
 346516
 346575
 346775
 346938
 347062
 347084
 347258
 347281
 347485
 347557
 347569
 347629
 347652
 347696
 347754
 348111
 348129
 348255
 348281
 348395
 348494
 348717
 348762
 348778
 348800
 348958
 349048
 349300
 349357
 349633
 349640
 349719
 349735
 349873
 349933
 350060
 350111
 350265
 350525
 350782
 350804
 350962
 351055
 351113
 351215
 351311
 351348
 351427
 351554
 352068
 352116
 352422
 352438
 352525
 352582
 352680
 352893
 352927
 352941
 352941
 352952
 353018
 353040
 353233
 353367
 353421
 353467
 353623
 353637
 353798
 354207
 354225
 354445
 354447
 354544
 354720
 354863
 355116
 355197
 355374
 355422
 355452
 355549
 355553
 355594
 355629
 355667
 355872
 355932
 355984
 356004
 356024
 356161
 356299
 356310
 356369
 356420
 356552
 356567
 356707
 356719
 356840
 356902
 356931
 356953
 356961
 356975
 357018
 357128
 357135
 357170
 357240
 357312
 357346
 357364
 357429
 357482
 357512
 357514
 357616
 357634
 357649
 357888
 357934
 358046
 358271
 358648
 358699
 358722
 358826
 358876
 358877
 358891
 358904
 358974
 359010
 359115
 359236
 359848
 359876
 359984
 360134
 360159
 360237
 360348
 360367
 360602
 361139
 361189
 361230
 361262
 361271
 361407
 361433
 361578
 361616
 361809
 361829
 361921
 361960
 361963
 361963
 362112
 362191
 362261
 362349
 362502
 362508
 362614
 362681
 362821
 362921
 362962
 363094
 363281
 363363
 363451
 363689
 363773
 363794
 363951
 364048
 364098
 364201
 364223
 364251
 364285
 364389
 364422
 364652
 364842
 365438
 365569
 365612
 365640
 365714
 365760
 365839
 365894
 366005
 366193
 366275
 366419
 366430
 366492
 366549
 366610
 366762
 366762
 366869
 367154
 367234
 367468
 367601
 367675
 367718
 367808
 368421
 368421
 368459
 368508
 368516
 368520
 368647
 368907
 369070
 369120
 369358
 369366
 369396
 369400
 369444
 369659
 369676
 369826
 369847
 369952
 369978
 370056
 370161
 370242
 370343
 370390
 370402
 370570
 370630
 370650
 370705
 370786
 370858
 370875
 371352
 371358
 371599
 371663
 371677
 371724
 371787
 371825
 371871
 372007
 372071
 372113
 372344
 372634
 372756
 372900
 372953
 373012
 373203
 373258
 373315
 373537
 373711
 373759
 373927
 374069
 374122
 374308
 374370
 374409
 374459
 374539
 374716
 374889
 375000
 375000
 375087
 375158
 375160
 375326
 375435
 375520
 375566
 375707
 375939
 376010
 376047
 376144
 376184
 376232
 376382
 376534
 376597
 376606
 376681
 376723
 376827
 376845
 376881
 376885
 376997
 377066
 377086
 377212
 377390
 377406
 377442
 377443
 377471
 377510
 377541
 377570
 377639
 377808
 377858
 377921
 377999
 378147
 378238
 378417
 378444
 378448
 378733
 378830
 379011
 379254
 379345
 379425
 379429
 379478
 379513
 379526
 379591
 379820
 379965
 380122
 380141
 380233
 380254
 380431
 380525
 380610
 380627
 381063
 381286
 381355
 381391
 381405
 381589
 381717
 381836
 381933
 382576
 382870
 382942
 383297
 383440
 383534
 384074
 384114
 384308
 384430
 384543
 384546
 384811
 384825
 384846
 385054
 385379
 385417
 385683
 385892
 386272
 386493
 386529
 386632
 387118
 387192
 387199
 387248
 387464
 387478
 387572
 387633
 387854
 387939
 388106
 388123
 388145
 388251
 388571
 388601
 388603
 388611
 388703
 388749
 388779
 388841
 388865
 389241
 389274
 389407
 389679
 389731
 389761
 389849
 389893
 390151
 390299
 390444
 390498
 390544
 390747
 390752
 390895
 390950
 391001
 391229
 391230
 391434
 391489
 391507
 391548
 391620
 391820
 391910
 392217
 392353
 392358
 392371
 392375
 392568
 392609
 392634
 392794
 392801
 392903
 392940
 393347
 393538
 393765
 393951
 393961
 394051
 394055
 394441
 394447
 394495
 394565
 394670
 394720
 394742
 394747
 394765
 394843
 395026
 395034
 395394
 395416
 395522
 395673
 395839
 395934
 395954
 396101
 396350
 396648
 396795
 397089
 397204
 397337
 397360
 397377
 397432
 397564
 397712
 397825
 397849
 397931
 398105
 398229
 398688
 398784
 398909
 398945
 398988
 399035
 399044
 399300
 399370
 399389
 399538
 399550
 399564
 399607
 399639
 399720
 399896
 399999
 399999
 400000
 400000
 400035
 400138
 400208
 400265
 400369
 400427
 400747
 400857
 401013
 401045
 401238
 401265
 401302
 401661
 401727
 401757
 401790
 401797
 401798
 401902
 402072
 402218
 402239
 402376
 402399
 402414
 402439
 402527
 402625
 402667
 402771
 402878
 402890
 403100
 403114
 403155
 403244
 403276
 403369
 403616
 403650
 403731
 403809
 403937
 403971
 404123
 404175
 404186
 404334
 404349
 404458
 404684
 404712
 404902
 405071
 405099
 405174
 405438
 405505
 405513
 405515
 405554
 405725
 405805
 405938
 405987
 406136
 406159
 406160
 406174
 406209
 406217
 406584
 406653
 406901
 406938
 406970
 406971
 407134
 407183
 407216
 407385
 407454
 407496
 407563
 407638
 407656
 407772
 408140
 408248
 408255
 408277
 408332
 408397
 408508
 408533
 408752
 409211
 409267
 409270
 409349
 409540
 409546
 409660
 409724
 409791
 410190
 410451
 410786
 410851
 410852
 410898
 410900
 411109
 411117
 411166
 411258
 411274
 411329
 411330
 411334
 411450
 411497
 411507
 411729
 411824
 411914
 412167
 412189
 412199
 412282
 412380
 412477
 412533
 412612
 412663
 412897
 412939
 412945
 413073
 413133
 413172
 413205
 413206
 413211
 413305
 413341
 413457
 413502
 413533
 413586
 413662
 413748
 413793
 413899
 413919
 414104
 414325
 414325
 414355
 414424
 414467
 414488
 414523
 414838
 415052
 415139
 415190
 415213
 415227
 415295
 415340
 415374
 415418
 415511
 415519
 415533
 415721
 415791
 416097
 416142
 416156
 416207
 416269
 416280
 416289
 416502
 416593
 416594
 416702
 416781
 416844
 417067
 417163
 417449
 417696
 417824
 417910
 418029
 418100
 418197
 418250
 418478
 418587
 418633
 418664
 418715
 418873
 418883
 419081
 419383
 419478
 419480
 419666
 419676
 420215
 420257
 420512
 420555
 420567
 420605
 420639
 420752
 420919
 420961
 421052
 421121
 421251
 421438
 421613
 421779
 421788
 421815
 422072
 422155
 422302
 422325
 422635
 422760
 422884
 422910
 423082
 423104
 423129
 423191
 423334
 423365
 423445
 423478
 423533
 423653
 423760
 423928
 424139
 424420
 424554
 424563
 424704
 424791
 424860
 424934
 425106
 425126
 425346
 425370
 425374
 425425
 425539
 425540
 425548
 425674
 425706
 425879
 425887
 426191
 426406
 426443
 426501
 426534
 426955
 427009
 427129
 427198
 427225
 427233
 427259
 427378
 427451
 427462
 427480
 427484
 427552
 427606
 427629
 427878
 427955
 428013
 428065
 428304
 428348
 428412
 428467
 428531
 428540
 428571
 428644
 428653
 428670
 428852
 428925
 429028
 429267
 429289
 429454
 429469
 429576
 429660
 429715
 429740
 429741
 429745
 429756
 429800
 429895
 429909
 430050
 430056
 430082
 430152
 430178
 430262
 430383
 430606
 430632
 430700
 430766
 430858
 430875
 430887
 430951
 430954
 430969
 431095
 431153
 431514
 431682
 431953
 432062
 432169
 432248
 432295
 432386
 432399
 432423
 432498
 432506
 432718
 433021
 433021
 433243
 433318
 433557
 433939
 434046
 434175
 434277
 434313
 434479
 434481
 434930
 434941
 435051
 435197
 435271
 435391
 435533
 435574
 435606
 435626
 435939
 436069
 436228
 436374
 436421
 436551
 436595
 436603
 436626
 436630
 436645
 436741
 436761
 436937
 437007
 437010
 437228
 437345
 437775
 437780
 437864
 438063
 438194
 438197
 438256
 438330
 438413
 438448
 438461
 438570
 438704
 438709
 438709
 438713
 439168
 439209
 439232
 439238
 439263
 439268
 439398
 439499
 439579
 439593
 439839
 439840
 439902
 439913
 440058
 440170
 440341
 440513
 440545
 440593
 440724
 440900
 441014
 441111
 441175
 441191
 441232
 441421
 441542
 441591
 441637
 441759
 441912
 442077
 442127
 442144
 442211
 442232
 442316
 442331
 442400
 442411
 442412
 442438
 442563
 442594
 442656
 442905
 443060
 443111
 443130
 443148
 443202
 443251
 443357
 443380
 443386
 443697
 443758
 443759
 443806
 443854
 443873
 444027
 444037
 444262
 444274
 444349
 444452
 444488
 444536
 444571
 444572
 444604
 444651
 444753
 444948
 445082
 445213
 445515
 445544
 445808
 445830
 445848
 445963
 446094
 446138
 446215
 446377
 446436
 446453
 446535
 446546
 446651
 447098
 447170
 447264
 447395
 447535
 447614
 447616
 447681
 447714
 447927
 448137
 448272
 448460
 448571
 448595
 448604
 448789
 449149
 449258
 449280
 449291
 449502
 449720
 449811
 449879
 450034
 450102
 450203
 450211
 450244
 450271
 450365
 450430
 450482
 450499
 450626
 451309
 451363
 451376
 451387
 451424
 451612
 451619
 451819
 451864
 452105
 452105
 452116
 452308
 452453
 452498
 452611
 452832
 452905
 453016
 453034
 453172
 453217
 453286
 453475
 453548
 453717
 453766
 453809
 453863
 454017
 454081
 454177
 454527
 454658
 454714
 454787
 454895
 454909
 455237
 455319
 455355
 455447
 455487
 455525
 455830
 455867
 455938
 456008
 456038
 456210
 456269
 456375
 456401
 456438
 456467
 456661
 456702
 456749
 456775
 456839
 456933
 457036
 457175
 457208
 457295
 457326
 457374
 457534
 457648
 457733
 457807
 457995
 458052
 458087
 458288
 458394
 458559
 458598
 458891
 458932
 459009
 459035
 459233
 459518
 459523
 459609
 459633
 459759
 459759
 460042
 460066
 460282
 460300
 460529
 460665
 460711
 460773
 460791
 461035
 461057
 461095
 461205
 461260
 461359
 461412
 461467
 461477
 461600
 461755
 461885
 462039
 462043
 462058
 462095
 462100
 462290
 462557
 462599
 462715
 462863
 462875
 463206
 463261
 463307
 463373
 463422
 463442
 463652
 463698
 463786
 463818
 463860
 463885
 463939
 464283
 464409
 464466
 464498
 464557
 464565
 464619
 464646
 464775
 464853
 464859
 464867
 464890
 464915
 465125
 465441
 465557
 465638
 465668
 465703
 465753
 465813
 465981
 466042
 466082
 466242
 466251
 466254
 466423
 466451
 466494
 466494
 466904
 466942
 467179
 467547
 467575
 467576
 467632
 467841
 467865
 467897
 467908
 467964
 468059
 468096
 468109
 468173
 468247
 468253
 468543
 468603
 468624
 468917
 468994
 469137
 469308
 469437
 469464
 469516
 469586
 469807
 469967
 469992
 470026
 470233
 470309
 470482
 470588
 470609
 470626
 470752
 470786
 470814
 470826
 470848
 471127
 471135
 471188
 471228
 471244
 471405
 471473
 471518
 471616
 471669
 471786
 471910
 471910
 471943
 471949
 472046
 472372
 472490
 472583
 472822
 472838
 472874
 472965
 473029
 473074
 473160
 473189
 473191
 473372
 473672
 473684
 473712
 474027
 474040
 474060
 474135
 474149
 474163
 474191
 474224
 474626
 474693
 474935
 475003
 475141
 475221
 475294
 475348
 475353
 475366
 475570
 475723
 475724
 476105
 476199
 476309
 476379
 476437
 476510
 476787
 477051
 477081
 477164
 477451
 477590
 477658
 477898
 477926
 478235
 478632
 478875
 479166
 479242
 479435
 479529
 479640
 479641
 479722
 480041
 480463
 480496
 480668
 480813
 480849
 480911
 480929
 481078
 481167
 481347
 481372
 481571
 481642
 481691
 481722
 481819
 481890
 481938
 481950
 481955
 482068
 482101
 482129
 482230
 482248
 482259
 482403
 482438
 482467
 482539
 482868
 483138
 483432
 483443
 483757
 483814
 483822
 483870
 484040
 484060
 484062
 484183
 484313
 484360
 484361
 484409
 484419
 484427
 484441
 484552
 484723
 484866
 484951
 485106
 485303
 485386
 485401
 485489
 485552
 485714
 485885
 485928
 485999
 486107
 486115
 486293
 486474
 486530
 486615
 486725
 486768
 486988
 487058
 487231
 487328
 487603
 487660
 487721
 487782
 487787
 487822
 487873
 487874
 487915
 487922
 487948
 488043
 488188
 488294
 488396
 488530
 488584
 488888
 488981
 489032
 489324
 489402
 489454
 489479
 489528
 489677
 489734
 489744
 489815
 489932
 489946
 489955
 489966
 490046
 490208
 490317
 490367
 490524
 490683
 490760
 490866
 490907
 490990
 491094
 491210
 491287
 491325
 491338
 491375
 491733
 491813
 491836
 491842
 492063
 492167
 492654
 492849
 493333
 493432
 493492
 493521
 493583
 493633
 493673
 493717
 493796
 493950
 493954
 494013
 494084
 494154
 494188
 494293
 494377
 494422
 494441
 494571
 494736
 494829
 494878
 494946
 494956
 495057
 495092
 495303
 495361
 495453
 495724
 495836
 495937
 495966
 496033
 496183
 496221
 496299
 496457
 496565
 496613
 496984
 497107
 497232
 497579
 497584
 497638
 497687
 497884
 497933
 498075
 498367
 498585
 498587
 498591
 498635
 498708
 498736
 498847
 499045
 499111
 499127
 499225
 499361
 499447
 499557
 499644
 499646
 499673
 499676
 499808
 499811
 499879
 500000
 500000
 500000
 500000
 500000
 500000
 500319
 500656
 500673
 500692
 500699
 500757
 500943
 500956
 501018
 501312
 501414
 501415
 501581
 501599
 501639
 501664
 501700
 501959
 502009
 502140
 502187
 502435
 502652
 502652
 502659
 502747
 502750
 502778
 502869
 502934
 503043
 503102
 503134
 503193
 503203
 503282
 503365
 503365
 503437
 503549
 503729
 503896
 504058
 504077
 504125
 504284
 504400
 504616
 504702
 504836
 504838
 504932
 504987
 505007
 505100
 505149
 505343
 505698
 505772
 505800
 505813
 505829
 505929
 506108
 506302
 506522
 506905
 506988
 507003
 507042
 507153
 507203
 507385
 507544
 507549
 507749
 507860
 507936
 508148
 508315
 508746
 508949
 509029
 509113
 509133
 509412
 509417
 509488
 509567
 509638
 509671
 509803
 509846
 509920
 509999
 510062
 510101
 510144
 510193
 510204
 510204
 510220
 510243
 510385
 510408
 510508
 511026
 511277
 511285
 511338
 511401
 511431
 511436
 511551
 511718
 511807
 512122
 512215
 512300
 512323
 512558
 512665
 512785
 512820
 512998
 513048
 513184
 513209
 513245
 513256
 513281
 513295
 513535
 513587
 513885
 513885
 514086
 514092
 514125
 514167
 514172
 514257
 514345
 514528
 514575
 514580
 514908
 514923
 514929
 515030
 515126
 515164
 515236
 515243
 515479
 515532
 515587
 515825
 515850
 515960
 516029
 516129
 516164
 516390
 516405
 516436
 516524
 516653
 516711
 516747
 516804
 516897
 516971
 517130
 517145
 517221
 517367
 517702
 517747
 517911
 517984
 518002
 518190
 518243
 518272
 518442
 518476
 518560
 518667
 519141
 519201
 519273
 519281
 519399
 519402
 519468
 519493
 519533
 519717
 519820
 519822
 519862
 519869
 519999
 520114
 520179
 520307
 520370
 520489
 520527
 520761
 520885
 520899
 521061
 521079
 521203
 521212
 521454
 521455
 521579
 521926
 521962
 522189
 522418
 522638
 522816
 522821
 522911
 522944
 522982
 523027
 523154
 523177
 523610
 523614
 523668
 523783
 523927
 524254
 524339
 524390
 524576
 524590
 524738
 524781
 524843
 524883
 524988
 525007
 525114
 525206
 525353
 525369
 525389
 525399
 525841
 525887
 526043
 526140
 526315
 526331
 526398
 526467
 526532
 526882
 526967
 527013
 527076
 527084
 527388
 527539
 527761
 527781
 528018
 528039
 528052
 528119
 528155
 528424
 528459
 528486
 528525
 528618
 528700
 528823
 528839
 528849
 529129
 529175
 529248
 529349
 529359
 529393
 529411
 529461
 529467
 529541
 529571
 529658
 529686
 529914
 530045
 530054
 530061
 530260
 530355
 530406
 530418
 530471
 530803
 530811
 531132
 531203
 531207
 531233
 531413
 531511
 531769
 531920
 532060
 532140
 532145
 532195
 532521
 532588
 532666
 532712
 532752
 532919
 533047
 533234
 533333
 533448
 533940
 534090
 534167
 534246
 534468
 534535
 534545
 534726
 534866
 534932
 534989
 535061
 535378
 535553
 535705
 535714
 535718
 536050
 536067
 536094
 536144
 536164
 536235
 536419
 536517
 536554
 536656
 536663
 536768
 536916
 537012
 537170
 537261
 537322
 537333
 537502
 537801
 537891
 537966
 538003
 538093
 538162
 538394
 538461
 538748
 538804
 538839
 538984
 539171
 539259
 539469
 539477
 539490
 539531
 539556
 539700
 539967
 540222
 540431
 540456
 540486
 540733
 540784
 540794
 540851
 541161
 541173
 541561
 541629
 541760
 541760
 541813
 541823
 541984
 542039
 542079
 542145
 542188
 542189
 542198
 542214
 542224
 542289
 542377
 542416
 542465
 542647
 542717
 542773
 543066
 543163
 543170
 543209
 543307
 543420
 543665
 543766
 544157
 544194
 544235
 544436
 544451
 544540
 544586
 545222
 545359
 545454
 545504
 545520
 545631
 545652
 545671
 545692
 545719
 546002
 546077
 546151
 546161
 546180
 546241
 546241
 546404
 546430
 546683
 546747
 546924
 546926
 547080
 547255
 547287
 547325
 547372
 547478
 547494
 547552
 547591
 547684
 547694
 548074
 548173
 548387
 548429
 548785
 548791
 549014
 549025
 549264
 549317
 549317
 549571
 549579
 549628
 549750
 549769
 549779
 549815
 549927
 550095
 550128
 550266
 550407
 550453
 550530
 550539
 550545
 550577
 550681
 550789
 550805
 550895
 551267
 551330
 551386
 551446
 551470
 551551
 551671
 551754
 551768
 551783
 551855
 552103
 552108
 552285
 552569
 552686
 552711
 552735
 552763
 553014
 553187
 553191
 553535
 553580
 553833
 553846
 553980
 554023
 554047
 554069
 554192
 554300
 554408
 554579
 554652
 554666
 554670
 554778
 554874
 554879
 555555
 555577
 555640
 555863
 555956
 556136
 556204
 556279
 556297
 556355
 556485
 556577
 556727
 556794
 556816
 556915
 556927
 556994
 557139
 557184
 557374
 557437
 558317
 558712
 558784
 559015
 559309
 559322
 559345
 559587
 559712
 559970
 560097
 560453
 560612
 560641
 560652
 560702
 560847
 560872
 560872
 560930
 561161
 561236
 561282
 561490
 561659
 561680
 561785
 561794
 561841
 562092
 562113
 562150
 562213
 562416
 562568
 562648
 563134
 563218
 563398
 563465
 563474
 563551
 563698
 563967
 564003
 564063
 564086
 564115
 564127
 564396
 564815
 564881
 564978
 565022
 565104
 565352
 565457
 565485
 565539
 565752
 566140
 566157
 566247
 566302
 566402
 566645
 566779
 566870
 566878
 566944
 566965
 566975
 566981
 567215
 567262
 567324
 567410
 567509
 567530
 567556
 567567
 567583
 567589
 567694
 567752
 567808
 567923
 568090
 568285
 568596
 568598
 568728
 568904
 569064
 569068
 569250
 569317
 569322
 569344
 569490
 569682
 569919
 569987
 570161
 570165
 570327
 570797
 570915
 571034
 571106
 571166
 571193
 571249
 571293
 571428
 571428
 571539
 571542
 571561
 571597
 571637
 571698
 571775
 571953
 571980
 571984
 572247
 572344
 572344
 572596
 572622
 572700
 572874
 573030
 573055
 573056
 573096
 573195
 573267
 573302
 573541
 573968
 574209
 574245
 574423
 574720
 574722
 574746
 574748
 574861
 574953
 574989
 575329
 575626
 575627
 575649
 575757
 575791
 575825
 575977
 576045
 576301
 576302
 576395
 576428
 576434
 576508
 576576
 576595
 576710
 576923
 576946
 577032
 577077
 577334
 577452
 577494
 577529
 577713
 577878
 577915
 578015
 578100
 578147
 578313
 578333
 578378
 578466
 578489
 578547
 578635
 578707
 578813
 578947
 578947
 579139
 579149
 579245
 579274
 579294
 579591
 579690
 579701
 579710
 579832
 579938
 579950
 580077
 580099
 580230
 580315
 580389
 580429
 580477
 580487
 580592
 580739
 580821
 581019
 581262
 581268
 581349
 581395
 581414
 581431
 581469
 581529
 581620
 581846
 581867
 582108
 582132
 582417
 583144
 583148
 583788
 583834
 583879
 583929
 583971
 584020
 584083
 584242
 584349
 584546
 584627
 584635
 584717
 584830
 584868
 584905
 584962
 584972
 585297
 585303
 585347
 585365
 585443
 585660
 585668
 585794
 585809
 585824
 585885
 585910
 585945
 586021
 586039
 586093
 586109
 586113
 586145
 586271
 586339
 586688
 586924
 587196
 587213
 587571
 587593
 587641
 587870
 587987
 588179
 588291
 588425
 588574
 588657
 588723
 588808
 588815
 588815
 588880
 589287
 589652
 589663
 589743
 589786
 589794
 589833
 589926
 590029
 590062
 590143
 590229
 590235
 590395
 590589
 590790
 590803
 590901
 591475
 591549
 591720
 591752
 591770
 592011
 592161
 592266
 592442
 592456
 592568
 592594
 592646
 592647
 592662
 592702
 592785
 592804
 592915
 593059
 593397
 593644
 593687
 593929
 594009
 594038
 594151
 594242
 594348
 594436
 594567
 594594
 594613
 594733
 595177
 595192
 595333
 595419
 595617
 595720
 595725
 595795
 595870
 595879
 596095
 596129
 596150
 596211
 596212
 596343
 596412
 596621
 596642
 596714
 596725
 596847
 596897
 596945
 596982
 597028
 597033
 597056
 597082
 597195
 597202
 597277
 597501
 597557
 597676
 597765
 597769
 597830
 597890
 598174
 598252
 598283
 598384
 598477
 598521
 598610
 598731
 598739
 598810
 598823
 598856
 599065
 599065
 599235
 599247
 599266
 599316
 599483
 599567
 599919
 599999
 600000
 600012
 600040
 600157
 600402
 600461
 600671
 600841
 600858
 600867
 600874
 600913
 601131
 601145
 601201
 601286
 601291
 601342
 601432
 601448
 601495
 601503
 601654
 601694
 601716
 601768
 601838
 602220
 602635
 602734
 602736
 602759
 602764
 602809
 602832
 602923
 603009
 603048
 603084
 603093
 603123
 603194
 603470
 603642
 603667
 603686
 603726
 603799
 603999
 604031
 604162
 604276
 604308
 604351
 604426
 604428
 604526
 604721
 604811
 604854
 604919
 605200
 605207
 605591
 605597
 605629
 605730
 605783
 605809
 605914
 606046
 606554
 606625
 606645
 606969
 607009
 607009
 607030
 607054
 607111
 607181
 607275
 607421
 607494
 607626
 607850
 607993
 608033
 608070
 608084
 608383
 608490
 608546
 608680
 608695
 608705
 608830
 608896
 609016
 609296
 609301
 609492
 609571
 609659
 609742
 609902
 609977
 610121
 610169
 610244
 610277
 610290
 610297
 610378
 610389
 610563
 611079
 611130
 611143
 611376
 611556
 611582
 611914
 611971
 612095
 612357
 612704
 612903
 612930
 612935
 613186
 613435
 613458
 613587
 613590
 613603
 613703
 613862
 614407
 614457
 614735
 614739
 614982
 615040
 615246
 615487
 615502
 615612
 615620
 615635
 615884
 615942
 616101
 616312
 616591
 616651
 616651
 616686
 616746
 616899
 616920
 616987
 617088
 617090
 617122
 617129
 617152
 617210
 617422
 617459
 617511
 617533
 617541
 617594
 617686
 617894
 617910
 618039
 618124
 618289
 618353
 618414
 618433
 618778
 618831
 618966
 619047
 619305
 619433
 619567
 619570
 619590
 619808
 619834
 619858
 619916
 619952
 619975
 620039
 620052
 620109
 620226
 620241
 620385
 620896
 620964
 621045
 621218
 621355
 621377
 621388
 621501
 621503
 621539
 621679
 621942
 621959
 621966
 622075
 622265
 622295
 622397
 622496
 622525
 622561
 622574
 622635
 622650
 622710
 622718
 622766
 623273
 623531
 623539
 623707
 623717
 623733
 623808
 623885
 624620
 624760
 624765
 624959
 624962
 625256
 625288
 625326
 625443
 625514
 625587
 625918
 626010
 626100
 626168
 626349
 626360
 626443
 626449
 626501
 626644
 626907
 627006
 627016
 627160
 627180
 627228
 627257
 627290
 627450
 627455
 627517
 627643
 627677
 627708
 627764
 627854
 627861
 628264
 628790
 628860
 628872
 629019
 629107
 629315
 629395
 629507
 629642
 629824
 629905
 630229
 630303
 630392
 630407
 630578
 630740
 630836
 630880
 630902
 631127
 631142
 631197
 631204
 631284
 631419
 631429
 631514
 631524
 631526
 631697
 631713
 631948
 632092
 632349
 632427
 632503
 632789
 632794
 633140
 633307
 633409
 633603
 633629
 633631
 633645
 633739
 634036
 634071
 634181
 634275
 634491
 634539
 634602
 634812
 634844
 635002
 635012
 635044
 635193
 635515
 635549
 635579
 635611
 635625
 635718
 635794
 636061
 636061
 636066
 636363
 636608
 636647
 636710
 636823
 636841
 637113
 637130
 637216
 637347
 637579
 637811
 637867
 637869
 638083
 638109
 638113
 638126
 638146
 638159
 638203
 638837
 638904
 638930
 638938
 639316
 639471
 639705
 639768
 639796
 639803
 639846
 640173
 640176
 640239
 640452
 640716
 640859
 640866
 640881
 640951
 640955
 640995
 641083
 641316
 641606
 641669
 641720
 641785
 641963
 641998
 642073
 642105
 642114
 642155
 642296
 642378
 642405
 642464
 642629
 642736
 642780
 642814
 642912
 643360
 643564
 643577
 643625
 643655
 643735
 643837
 643879
 643969
 644047
 644162
 644611
 645028
 645180
 645237
 645276
 645642
 645743
 645760
 645803
 646101
 646228
 646353
 646369
 646425
 646496
 646575
 646576
 646608
 646653
 646684
 646695
 647017
 647156
 647164
 647417
 647466
 647480
 647700
 647904
 647994
 648059
 648306
 648562
 648829
 648967
 649223
 649321
 649473
 649509
 649544
 649635
 649836
 649849
 649892
 649910
 650273
 650354
 650406
 650532
 650590
 650669
 650754
 650798
 650863
 650880
 651103
 651142
 651190
 651283
 651380
 651533
 651592
 651628
 651819
 651884
 651960
 652000
 652282
 652379
 652422
 652587
 652607
 652775
 652997
 653133
 653267
 653291
 653379
 653592
 653846
 653887
 653913
 653918
 654262
 654371
 654450
 654843
 654851
 654980
 654995
 655010
 655046
 655051
 655103
 655140
 655306
 655358
 655467
 655628
 655717
 655812
 655842
 655872
 655920
 656009
 656018
 656063
 656089
 656164
 656250
 656285
 656629
 656633
 656694
 656892
 657191
 657212
 657242
 657289
 657326
 657697
 657748
 657881
 657937
 658128
 658177
 658189
 658344
 658558
 658694
 658775
 658832
 658914
 658929
 658959
 659101
 659135
 659260
 659532
 659611
 659662
 659664
 659685
 660084
 660194
 660338
 660675
 660919
 660975
 661333
 661375
 661439
 661517
 661708
 661808
 661852
 662050
 662133
 662180
 662182
 662228
 662251
 662276
 662316
 662363
 662674
 662686
 662777
 662966
 662974
 663439
 663467
 663468
 663602
 663737
 663748
 663844
 664081
 664108
 664126
 664224
 664286
 664464
 664725
 664937
 664955
 664969
 665163
 665243
 665435
 665482
 665674
 665940
 666003
 666037
 666172
 666291
 666300
 666483
 666666
 666666
 666666
 666666
 666722
 666821
 666863
 666899
 666919
 667107
 667134
 667150
 667217
 667493
 667891
 668030
 668041
 668128
 668204
 668286
 668387
 668415
 668452
 668472
 668812
 668892
 668930
 668980
 669074
 669086
 669280
 669348
 669374
 669416
 669426
 669454
 669530
 669710
 669832
 669908
 669947
 669948
 669988
 670103
 670135
 670415
 670486
 670543
 670574
 670970
 671044
 671198
 671278
 671395
 671454
 671458
 671498
 671600
 671632
 671679
 671719
 671816
 671899
 671997
 672012
 672075
 672223
 672249
 672359
 672413
 672519
 672530
 672557
 672686
 672839
 672853
 672855
 672954
 673153
 673191
 673256
 673265
 673271
 673295
 673361
 673594
 673796
 673826
 673994
 674063
 674178
 674212
 674357
 674398
 674418
 674437
 674548
 674664
 674688
 674718
 674801
 674813
 674818
 674918
 675016
 675129
 675159
 675264
 675275
 675472
 675481
 675572
 675585
 675740
 675755
 675776
 675788
 675828
 675883
 675885
 676060
 676065
 676302
 676632
 676723
 676805
 676840
 677006
 677089
 677502
 677613
 677856
 677978
 677983
 678008
 678060
 678215
 678445
 678526
 678566
 678633
 678696
 678706
 678883
 679015
 679134
 679215
 679296
 679370
 679508
 679534
 679558
 679695
 679707
 679718
 679748
 679752
 679776
 679877
 679909
 679911
 679969
 679999
 680186
 680319
 680412
 680445
 680498
 680513
 680533
 680659
 680673
 680696
 680770
 680879
 681133
 682086
 682136
 682312
 682327
 682336
 682379
 682418
 682502
 682576
 682635
 682693
 682809
 682988
 682989
 683176
 683229
 683288
 683329
 683363
 683386
 683402
 683484
 683575
 683691
 683793
 683875
 684152
 684210
 684279
 684505
 684561
 684921
 684931
 684974
 685042
 685054
 685154
 685236
 685327
 685396
 685497
 685793
 685827
 685836
 686022
 686238
 686281
 686337
 686425
 686541
 686567
 686862
 686894
 687008
 687203
 687222
 687226
 687333
 687433
 687540
 687584
 687811
 687879
 687891
 687922
 687980
 688058
 688162
 688410
 688888
 688959
 689107
 689113
 689131
 689315
 689561
 689599
 689886
 690047
 690051
 690226
 690265
 690270
 690351
 690459
 690632
 690657
 690679
 690759
 690767
 690851
 690930
 691034
 691066
 691128
 691179
 691207
 691371
 691648
 691699
 691976
 692044
 692081
 692140
 692307
 692349
 692396
 692561
 692665
 692672
 692756
 692802
 692882
 692927
 692967
 693026
 693253
 693293
 693310
 693354
 693361
 693556
 693901
 693984
 694320
 694873
 694951
 695001
 695157
 695285
 695287
 695287
 695353
 695427
 695623
 695652
 695652
 695679
 695808
 695953
 696140
 696179
 696181
 696258
 696302
 696337
 696356
 696376
 696384
 696456
 696502
 696572
 696610
 696887
 696920
 696955
 697160
 697205
 697292
 697379
 697434
 697560
 697674
 697759
 698059
 698535
 698548
 698838
 698962
 699047
 699133
 699480
 699509
 699594
 699691
 699699
 699903
 699930
 699976
 700066
 700249
 700347
 700673
 701008
 701222
 701337
 701489
 701521
 701562
 701605
 701639
 701650
 701821
 701954
 702014
 702186
 702328
 702343
 702388
 702476
 702522
 702928
 702931
 703030
 703180
 703248
 703304
 703370
 703577
 703719
 703789
 703898
 704014
 704485
 704878
 704952
 705015
 705285
 705379
 705406
 705730
 705747
 705815
 705882
 705893
 705899
 705971
 706020
 706040
 706099
 706162
 706284
 706382
 706417
 706582
 706585
 706613
 706709
 706722
 706813
 706827
 707087
 707287
 707302
 707367
 707375
 707399
 707446
 707577
 707671
 707713
 707741
 707757
 708002
 708178
 708265
 708388
 708583
 708632
 708647
 708661
 708674
 708732
 708737
 708798
 708833
 708947
 708989
 709053
 709064
 709196
 709320
 709362
 709666
 709752
 709790
 710150
 710188
 710247
 710332
 710417
 710487
 710520
 710542
 710729
 710734
 710880
 710950
 711101
 711167
 711287
 711312
 711454
 711478
 711508
 711621
 711648
 711661
 711719
 712185
 712255
 712325
 712401
 712564
 712719
 712781
 712907
 713006
 713109
 713262
 713833
 714172
 714209
 714248
 714285
 714285
 714285
 714323
 714457
 714483
 714566
 714639
 714765
 714785
 714982
 715001
 715161
 715270
 715270
 715517
 715530
 715555
 715736
 715768
 715794
 715830
 715860
 716090
 716094
 716161
 716430
 716622
 716752
 716859
 716958
 716981
 717058
 717159
 717198
 717365
 717642
 717841
 718139
 718249
 718324
 718360
 718475
 718577
 718634
 718709
 718868
 718909
 719015
 719322
 719338
 719389
 719435
 719606
 719652
 719664
 719708
 719729
 719751
 719761
 719774
 719865
 719952
 720014
 720185
 720572
 720688
 720778
 720980
 721000
 721567
 721655
 721831
 721925
 721991
 722391
 722603
 722625
 722668
 722694
 722707
 722793
 722935
 722981
 723014
 723076
 723114
 723129
 723185
 723540
 723703
 723817
 723856
 723938
 723952
 723995
 724211
 724233
 724238
 724390
 724472
 724713
 724716
 724738
 724897
 725073
 725089
 725173
 725423
 725541
 725610
 725699
 725735
 725823
 725938
 726044
 726099
 726375
 726493
 726703
 726755
 726853
 726971
 727066
 727089
 727165
 727303
 727479
 727521
 727569
 727572
 727897
 727928
 727967
 727999
 728000
 728025
 728050
 728089
 728147
 728413
 728472
 728929
 728950
 729021
 729040
 729268
 729411
 729493
 729551
 729617
 729644
 729810
 729921
 729994
 730353
 730559
 730735
 730756
 730895
 730902
 731017
 731092
 731573
 731617
 731713
 731796
 731958
 732095
 732122
 732203
 732608
 732762
 733106
 733134
 733408
 733512
 733552
 733558
 733799
 733882
 734277
 734307
 734309
 734369
 734402
 734521
 734578
 734691
 734708
 734724
 734810
 734854
 735016
 735028
 735127
 735133
 735299
 735376
 735650
 735751
 735849
 735871
 736156
 736260
 736654
 736659
 736770
 736974
 737085
 737385
 737419
 737464
 737518
 737749
 737826
 737891
 737898
 738111
 738131
 738187
 738310
 738349
 738412
 738423
 738562
 738678
 738775
 738882
 738894
 739023
 739255
 739442
 739536
 739650
 739687
 740191
 740204
 740294
 740300
 740645
 740727
 740740
 740854
 740894
 741009
 741243
 741431
 741453
 741505
 741589
 741737
 741933
 741935
 741935
 741935
 741950
 741959
 742181
 742243
 742351
 742574
 742608
 742659
 742692
 742740
 742798
 742885
 742946
 742995
 743061
 743152
 743155
 743401
 743470
 743535
 743559
 743572
 743585
 743707
 743802
 743805
 743877
 744035
 744186
 744220
 744223
 744233
 744340
 744391
 744616
 744650
 744722
 744776
 744780
 744799
 744946
 745144
 745175
 745185
 745366
 745396
 745474
 745512
 745676
 745730
 745736
 745774
 745894
 746000
 746616
 746835
 746987
 747015
 747019
 747026
 747097
 747320
 747374
 747412
 747454
 747502
 747532
 747533
 747756
 747882
 748086
 748129
 748298
 748464
 748694
 748769
 748788
 748801
 749041
 749058
 749347
 749347
 749368
 749442
 749506
 749579
 749687
 750191
 750216
 750363
 750457
 750472
 750499
 750539
 750597
 750676
 751122
 751194
 751249
 751315
 751724
 751930
 752058
 752060
 752080
 752088
 752164
 752198
 752248
 752337
 752380
 752492
 752811
 752994
 753018
 753033
 753141
 753323
 753339
 753429
 753471
 753561
 753593
 753714
 753733
 753831
 753860
 753860
 753904
 753911
 753942
 754049
 754151
 754215
 754337
 754404
 754470
 754554
 754563
 754569
 754706
 754820
 754944
 755090
 755181
 755265
 755394
 755448
 755787
 755923
 755945
 755965
 756157
 756202
 756236
 756238
 756289
 756311
 756407
 756551
 756674
 756726
 756760
 756785
 756944
 756972
 757041
 757156
 757173
 757190
 757346
 757439
 757560
 757575
 757653
 757655
 757817
 757883
 757975
 758069
 758111
 758158
 758197
 758256
 758278
 758525
 758542
 758558
 758972
 759192
 759389
 759669
 759695
 759783
 759914
 760057
 760308
 760413
 760498
 760850
 760872
 761102
 761170
 761266
 761297
 761297
 761324
 761340
 761457
 761556
 761698
 761958
 762114
 762179
 762374
 762472
 762501
 762634
 762661
 762668
 762711
 762718
 762788
 762813
 762842
 762941
 762946
 762979
 763021
 763025
 763328
 763346
 763426
 763469
 763493
 763600
 763627
 763636
 763706
 763735
 763942
 763975
 764044
 764059
 764201
 764345
 764375
 764502
 764576
 764603
 764694
 764871
 764934
 765067
 765167
 765227
 765227
 765239
 765260
 765422
 765422
 765570
 765606
 765622
 765636
 765847
 765957
 766088
 766141
 766315
 766496
 766525
 766623
 766895
 767080
 767309
 767320
 767388
 767469
 767584
 767645
 767711
 768025
 768150
 768421
 768683
 768800
 768942
 769230
 769253
 769257
 769269
 769398
 769804
 769890
 770000
 770586
 770618
 770693
 770704
 770926
 771024
 771072
 771113
 771190
 771289
 771302
 771338
 771380
 771468
 771709
 771769
 771813
 771881
 772119
 772176
 772211
 772277
 772309
 772343
 772471
 772611
 772617
 772749
 772882
 772968
 772998
 773182
 773229
 773231
 773251
 773299
 773527
 773559
 773584
 773589
 773732
 773838
 773841
 773851
 774059
 774203
 774270
 774367
 774385
 774392
 774523
 774638
 774752
 774919
 774921
 775041
 775046
 775084
 775220
 775244
 775340
 775466
 775594
 775743
 775892
 775897
 775991
 776000
 776141
 776176
 776742
 777158
 777364
 777396
 777403
 777532
 777628
 777637
 777777
 777777
 777787
 777813
 777904
 778039
 778041
 778129
 778137
 778168
 778197
 778266
 778294
 778337
 778410
 778413
 778414
 778557
 778620
 778723
 778734
 779009
 779125
 779148
 779236
 779404
 779566
 779602
 779646
 779683
 779685
 779707
 779790
 779872
 780091
 780153
 780310
 780431
 780635
 780645
 780727
 780846
 781122
 781209
 781321
 781328
 781343
 781395
 781553
 781603
 781651
 781843
 782003
 782120
 782205
 782268
 782319
 782330
 782483
 782551
 782735
 782765
 782799
 782811
 783053
 783063
 783245
 783437
 783758
 783765
 783830
 783876
 783885
 783906
 783999
 784302
 784313
 784363
 784511
 784619
 784653
 784863
 784899
 784918
 785005
 785010
 785034
 785046
 785153
 785154
 785333
 785429
 785460
 785490
 785627
 785668
 785747
 785774
 786011
 786080
 786312
 786383
 786397
 786476
 786666
 787030
 787112
 787114
 787129
 787212
 787239
 787254
 787357
 787375
 787379
 787521
 787663
 787684
 787718
 787921
 787928
 788061
 788076
 788125
 788144
 788208
 788320
 788359
 788375
 788417
 788485
 788696
 788741
 788774
 788868
 788887
 788936
 789084
 789115
 789168
 789715
 789716
 789725
 789734
 789751
 789915
 789976
 789976
 790005
 790061
 790062
 790225
 790316
 790446
 790679
 790697
 790786
 790830
 790896
 790973
 791102
 791514
 791563
 791589
 791604
 791663
 791670
 791690
 791790
 791822
 791869
 791987
 792114
 792143
 792193
 792227
 792295
 792322
 792462
 792469
 792651
 792703
 792733
 792848
 792910
 793019
 793043
 793173
 793201
 793223
 793408
 793547
 793548
 793552
 793650
 793696
 793738
 793764
 793768
 793826
 793875
 793952
 794009
 794221
 794242
 794268
 794367
 794474
 794539
 794540
 794756
 794779
 794781
 794827
 794988
 795090
 795123
 795132
 795273
 795286
 795505
 795645
 795680
 795767
 796012
 796066
 796234
 796703
 796794
 796812
 796901
 796908
 796948
 796963
 797044
 797198
 797254
 797362
 797458
 797596
 797782
 797887
 797912
 797960
 797985
 798201
 798210
 798235
 798235
 798298
 798306
 798314
 798743
 798848
 798913
 798955
 799229
 799235
 799275
 799671
 799738
 799830
 799836
 799873
 799950
 799954
 799989
 799999
 800000
 800000
 800000
 800018
 800229
 800305
 800426
 800452
 800461
 800493
 800546
 800581
 800813
 800875
 801025
 801203
 801227
 801622
 801625
 801777
 802125
 802328
 802330
 802407
 802583
 802721
 802841
 803214
 803223
 803359
 803415
 803428
 803457
 803535
 803950
 803985
 804098
 804207
 804276
 804283
 804445
 804496
 804517
 804744
 804778
 804828
 804901
 804938
 805019
 805123
 805151
 805268
 805357
 805369
 805555
 805901
 805902
 805934
 805961
 806077
 806101
 806155
 806309
 806651
 806716
 806718
 806811
 806879
 806929
 806933
 807022
 807027
 807099
 807160
 807219
 807351
 807368
 807385
 807459
 807542
 807631
 807716
 807891
 807997
 808419
 808611
 808686
 808913
 809168
 809210
 809255
 809281
 809431
 809570
 809668
 809780
 809807
 809905
 809951
 810117
 810177
 810375
 810511
 810590
 810752
 810982
 810986
 811104
 811243
 811320
 811382
 811612
 811721
 811838
 812042
 812374
 812755
 812762
 812963
 813104
 813246
 813330
 813390
 813583
 813684
 813687
 813716
 813720
 813890
 814046
 814283
 814349
 814365
 814394
 814417
 814438
 814482
 814554
 814584
 814621
 814676
 815005
 815102
 815230
 815270
 815280
 815450
 815465
 815474
 815668
 815740
 815794
 815830
 815848
 815865
 815935
 816032
 816176
 816343
 816412
 816563
 816579
 816606
 816723
 816841
 816890
 816933
 817070
 817084
 817293
 817350
 817435
 817486
 817551
 817650
 817771
 817793
 817960
 818075
 818115
 818141
 818402
 818519
 818525
 818607
 818759
 818921
 819020
 819047
 819097
 819283
 819634
 819653
 819793
 819838
 819905
 820015
 820031
 820189
 820588
 820604
 820683
 820715
 820985
 820989
 821125
 821129
 821430
 821440
 821964
 822014
 822028
 822141
 822190
 822222
 822274
 822418
 822539
 822577
 822675
 822803
 822838
 823021
 823022
 823023
 823070
 823171
 823216
 823552
 823583
 823631
 823642
 823702
 823740
 823867
 823927
 823979
 824029
 824133
 824176
 824206
 824429
 824512
 824627
 824713
 824719
 824742
 824742
 824767
 824816
 824824
 824838
 824989
 824997
 825108
 825232
 825250
 825303
 825362
 825528
 825565
 826373
 826382
 826458
 826490
 826538
 826574
 826627
 826636
 826675
 826750
 826895
 827067
 827126
 827136
 827160
 827309
 827411
 827586
 827684
 827885
 827909
 828074
 828282
 828316
 828362
 828371
 828507
 828530
 828648
 828704
 828705
 828715
 828881
 829017
 829031
 829288
 829326
 829382
 829585
 829666
 829686
 829715
 829804
 829838
 829875
 829930
 829971
 830090
 830092
 830298
 830328
 830337
 830494
 830501
 830596
 830637
 830649
 830698
 830780
 830846
 831067
 831132
 831198
 831975
 832001
 832335
 832572
 832899
 833048
 833081
 833245
 833671
 833824
 833844
 833910
 834006
 834109
 834114
 834142
 834355
 834521
 834689
 834700
 834897
 834951
 835069
 835071
 835443
 835529
 835594
 835653
 835735
 835796
 835832
 835952
 836288
 836409
 836415
 836500
 836527
 836624
 836636
 836702
 836720
 836781
 836796
 836804
 836843
 836851
 836976
 837080
 837093
 837392
 837631
 837663
 837785
 838021
 838107
 838323
 838426
 838502
 838578
 838709
 838737
 838809
 838839
 839064
 839183
 839301
 839542
 839543
 839619
 839819
 839826
 839876
 840044
 840047
 840119
 840390
 840581
 840592
 840724
 840786
 840799
 840825
 840861
 840898
 841025
 841186
 841230
 841336
 841351
 841354
 841402
 841619
 841679
 842315
 842415
 842468
 842535
 842564
 842612
 842616
 842671
 842706
 842750
 842965
 843019
 843062
 843554
 843575
 843632
 843669
 843694
 843822
 843875
 843885
 843910
 843917
 844088
 844482
 844519
 844527
 844534
 844686
 844732
 844908
 844911
 844914
 844976
 845074
 845311
 845417
 845528
 845569
 845641
 845688
 845771
 845911
 845941
 846051
 846352
 846497
 846523
 846748
 846767
 846975
 847058
 847132
 847371
 847390
 847942
 847997
 848032
 848294
 848309
 848342
 848344
 848496
 848542
 848551
 849021
 849129
 849153
 849468
 849524
 849607
 849671
 849962
 850039
 850494
 850523
 850681
 850777
 850833
 850946
 851015
 851256
 851335
 851349
 851469
 851577
 851715
 851771
 851851
 852185
 852327
 852359
 852391
 852478
 852604
 852648
 852676
 852698
 852705
 853099
 853118
 853345
 853599
 853688
 853768
 853790
 853790
 853928
 853939
 854043
 854091
 854262
 854386
 854434
 854576
 854608
 854709
 854918
 855021
 855142
 855294
 855315
 855421
 855437
 855712
 855728
 855732
 855930
 855973
 856026
 856187
 856344
 856394
 856502
 856682
 856955
 857067
 857288
 857440
 857451
 857639
 857681
 857799
 857863
 857919
 858002
 858076
 858116
 858209
 858209
 858457
 858620
 858661
 858666
 858751
 858823
 859060
 859115
 859142
 859345
 859581
 859673
 859675
 859795
 859928
 859973
 860011
 860071
 860071
 860156
 860252
 860296
 860379
 860483
 860592
 860635
 860648
 860701
 860704
 860720
 860725
 860763
 860869
 861066
 861082
 861102
 861212
 861288
 861325
 861559
 861594
 861645
 861751
 861857
 861886
 861972
 862005
 862104
 862200
 862225
 862281
 862283
 862453
 862483
 862612
 862852
 862879
 862935
 862953
 863149
 863216
 863285
 863505
 863557
 863599
 863612
 863652
 863672
 863684
 863762
 864136
 864261
 864316
 864327
 864406
 864421
 864434
 864517
 864748
 864804
 864957
 864977
 865041
 865150
 865155
 865253
 865305
 865319
 865341
 865344
 865378
 865533
 865576
 865614
 865638
 865653
 865704
 865739
 865740
 865842
 865867
 865873
 865898
 866092
 866162
 866340
 866544
 866581
 866646
 866711
 866751
 866981
 867108
 867128
 867190
 867401
 867588
 867709
 867873
 867909
 868007
 868081
 868084
 868117
 868427
 868566
 868631
 868660
 868702
 868774
 868812
 868851
 868903
 868914
 868929
 868997
 869242
 869333
 869401
 869479
 869624
 869813
 869876
 870153
 870182
 870257
 870344
 870423
 870466
 870540
 870712
 870996
 871102
 871224
 871279
 871292
 871552
 871720
 872045
 872093
 872124
 872468
 872506
 872530
 872631
 872703
 872785
 872960
 873159
 873214
 873505
 873790
 873901
 874150
 874180
 874195
 874554
 874558
 874584
 874587
 874617
 874926
 875015
 875050
 875063
 875169
 875228
 875307
 875585
 875586
 875650
 875834
 875893
 876039
 876096
 876163
 876274
 876355
 876374
 876471
 876683
 876712
 876714
 876739
 876813
 877015
 877237
 877579
 877626
 877670
 878052
 878278
 878360
 878484
 878510
 878598
 878684
 878759
 878787
 878907
 878909
 879101
 879190
 879253
 879284
 879372
 879387
 879446
 879485
 879580
 879620
 879733
 879765
 879992
 880000
 880065
 880252
 880326
 880345
 880407
 880472
 880487
 880510
 880546
 880621
 880913
 881061
 881095
 881142
 881155
 881204
 881270
 881322
 881446
 881695
 881695
 881757
 881817
 881890
 882055
 882094
 882137
 882258
 882624
 882741
 882981
 883074
 883482
 883641
 883748
 883770
 883776
 883841
 883950
 883958
 884051
 884070
 884089
 884326
 884417
 884572
 884665
 884769
 884816
 884868
 885025
 885053
 885063
 885273
 885316
 885321
 885405
 885415
 885608
 885780
 885854
 885859
 885860
 885881
 885937
 886075
 886096
 886119
 886275
 886380
 886676
 887023
 887043
 887353
 887563
 887846
 887936
 887989
 888033
 888086
 888088
 888221
 888256
 888268
 888432
 888701
 888790
 888790
 888793
 888857
 888861
 888888
 888962
 889215
 889321
 889452
 889552
 889631
 889687
 889755
 889979
 890115
 890143
 890220
 890222
 890228
 890337
 890392
 890441
 890527
 890665
 890879
 890949
 891034
 891346
 891483
 891506
 891532
 891551
 891637
 891682
 891710
 892030
 892215
 892215
 892215
 892333
 892424
 892432
 892577
 892589
 892661
 892912
 893087
 893148
 893288
 893330
 893385
 893553
 893557
 893630
 893711
 893832
 893949
 894071
 894078
 894248
 894279
 894363
 894374
 894423
 894508
 894574
 894575
 894602
 894872
 894952
 894973
 895174
 895250
 895276
 895309
 895357
 895399
 895408
 895505
 895527
 895703
 896232
 896265
 896274
 896347
 896376
 896606
 896799
 896836
 897035
 897052
 897090
 897203
 897211
 897513
 897520
 897564
 897690
 897757
 897792
 898288
 898305
 898456
 898643
 898910
 899093
 899445
 899585
 899705
 899736
 899891
 899895
 899923
 900032
 900277
 900299
 900383
 900409
 900673
 900779
 900806
 900852
 901139
 901140
 901167
 901177
 901277
 901420
 901508
 901515
 901674
 901678
 901800
 901969
 901991
 902264
 902309
 902536
 902568
 902713
 902825
 902895
 903030
 903065
 903103
 903175
 903225
 903360
 903490
 903858
 903913
 903936
 903945
 904056
 904108
 904247
 904370
 904436
 904539
 904593
 904795
 904864
 904897
 904915
 904928
 904934
 904986
 905056
 905071
 905328
 905372
 905491
 905548
 905613
 905659
 905759
 905792
 905806
 905894
 905903
 906389
 906430
 906602
 906726
 906776
 906934
 907038
 907170
 907206
 907362
 907641
 907776
 907848
 907953
 908108
 908202
 908370
 908573
 908583
 908664
 908678
 908708
 908891
 909090
 909161
 909513
 909608
 909668
 909672
 909698
 909857
 909968
 910171
 910363
 910561
 910575
 910613
 910726
 910755
 910902
 910970
 910986
 911209
 911240
 911442
 911459
 911502
 911670
 911850
 911940
 911964
 911996
 912117
 912222
 912271
 912389
 912818
 912967
 912983
 913156
 913307
 913330
 913339
 913349
 913385
 913409
 913466
 913522
 913691
 913901
 913969
 914012
 914270
 914285
 914325
 914333
 914421
 914555
 914566
 914623
 914651
 914782
 914795
 914838
 915403
 915482
 915516
 915582
 915629
 915667
 916162
 916176
 916201
 916641
 916661
 916751
 916784
 916945
 916970
 916994
 917250
 917459
 917544
 917610
 917615
 917687
 917688
 917732
 917837
 917914
 918020
 918041
 918207
 918309
 918414
 918508
 918545
 918641
 918713
 919013
 919036
 919080
 919087
 919179
 919624
 919786
 919880
 919925
 920021
 920070
 920090
 920150
 920235
 920556
 920618
 920646
 920648
 920659
 920704
 921135
 921159
 921269
 921454
 921480
 921504
 921671
 921710
 921778
 921823
 921853
 921865
 922002
 922032
 922255
 922367
 922414
 922437
 922526
 922918
 922921
 923140
 923428
 923658
 923694
 923731
 923954
 924095
 924360
 924420
 924460
 924538
 924539
 924765
 924812
 924849
 924937
 925164
 925173
 925198
 925218
 925282
 925288
 925377
 925497
 925575
 925703
 925912
 926080
 926095
 926337
 926346
 926605
 926686
 926714
 926795
 926876
 926887
 926926
 926927
 927018
 927033
 927211
 927371
 927417
 927455
 927536
 927555
 927601
 927649
 927710
 927927
 928034
 928147
 928155
 928264
 928490
 928680
 928849
 928902
 929086
 929144
 929178
 929189
 929266
 929340
 929387
 929515
 929532
 929595
 929663
 929732
 929734
 929811
 929819
 929971
 930121
 930232
 930263
 930309
 930434
 930481
 930516
 930763
 930783
 930841
 930929
 930984
 931007
 931082
 931110
 931134
 931162
 931305
 931435
 931623
 931973
 932140
 932545
 932612
 932618
 932671
 932797
 932835
 933016
 933038
 933275
 933333
 933402
 933499
 933520
 933809
 933979
 934207
 934357
 934376
 934393
 934443
 934575
 934593
 934646
 934699
 934884
 935156
 935260
 935326
 935401
 935483
 935860
 935862
 935904
 935927
 936025
 936026
 936027
 936188
 936335
 936337
 936416
 936440
 936533
 936574
 936887
 936891
 936936
 936991
 937019
 937046
 937112
 937180
 937211
 937246
 937251
 937283
 937388
 937485
 937519
 937763
 937792
 937919
 938474
 938505
 938775
 938821
 939001
 939023
 939076
 939121
 939130
 939149
 939401
 939449
 939511
 939992
 940034
 940229
 940364
 940491
 940524
 940543
 940779
 940828
 940933
 940966
 940974
 941176
 941233
 941261
 941332
 941399
 941449
 941614
 941774
 941786
 942009
 942135
 942225
 942231
 942240
 942307
 942389
 942511
 943000
 943023
 943117
 943144
 943392
 943557
 943630
 943661
 943716
 943765
 943854
 943866
 943925
 943947
 944237
 944262
 944358
 944381
 944621
 944784
 944873
 945026
 945118
 945139
 945227
 945278
 945454
 945530
 945606
 945793
 945897
 945907
 946047
 946251
 946371
 946378
 946384
 946609
 946614
 947036
 947123
 947576
 947580
 947596
 947663
 947704
 947753
 947832
 948099
 948145
 948161
 948165
 948216
 948582
 948635
 948728
 948805
 948992
 949088
 949182
 949330
 949355
 949475
 949646
 950329
 950372
 950407
 950609
 950736
 950797
 950905
 950981
 951003
 951085
 951239
 951515
 951721
 951772
 951830
 952046
 952080
 952181
 952223
 952229
 952380
 952495
 952540
 952554
 952584
 952655
 952669
 952907
 952979
 953012
 953036
 953196
 953198
 953416
 953503
 953552
 953637
 953722
 953855
 953917
 953927
 953941
 954022
 954204
 954229
 954420
 954457
 954533
 954829
 954838
 954962
 955088
 955223
 955230
 955295
 955312
 955318
 955361
 955534
 955898
 956188
 956228
 956305
 956373
 956390
 956521
 956904
 956926
 956932
 956992
 957254
 957425
 957914
 957981
 957988
 958005
 958247
 958269
 958279
 958316
 958415
 958766
 958874
 958926
 959093
 959127
 959346
 959385
 959428
 959491
 959506
 959559
 959706
 959842
 959857
 959929
 959999
 960070
 960077
 960144
 960277
 960644
 960687
 960696
 960988
 961072
 961143
 961223
 961256
 961286
 961394
 961395
 961409
 961412
 961507
 961595
 961721
 961739
 961923
 962167
 962291
 962313
 962416
 962510
 962536
 962575
 962701
 962791
 962992
 963204
 963236
 963290
 963302
 963478
 963482
 963498
 963575
 963644
 963679
 963910
 963927
 963979
 964126
 964238
 964467
 964537
 964555
 964892
 965079
 965185
 965227
 965291
 965345
 965408
 965438
 965585
 965604
 965669
 965833
 965859
 965955
 966009
 966101
 966249
 966309
 966350
 966587
 966659
 966702
 967225
 967367
 967536
 967601
 967985
 968146
 968433
 968473
 968540
 968573
 968942
 969003
 969040
 969151
 969182
 969215
 969230
 969361
 969474
 969689
 969772
 969882
 969924
 969958
 970035
 970168
 970281
 970443
 970645
 970741
 970912
 971153
 971261
 971343
 971463
 971476
 971505
 971520
 971706
 971822
 972006
 972089
 972093
 972230
 972267
 972270
 972332
 972392
 972413
 972537
 972608
 972634
 972755
 972788
 972864
 972907
 973042
 973091
 973140
 973147
 973227
 973230
 973250
 973317
 973358
 973451
 973497
 973606
 973705
 973812
 973959
 974004
 974144
 974208
 974239
 974414
 974616
 974655
 974759
 974798
 974965
 975364
 975378
 975609
 975749
 975979
 976056
 976152
 976237
 976352
 976447
 976483
 976514
 976641
 976749
 976790
 976824
 976899
 976917
 977194
 977207
 977358
 977366
 977396
 977561
 977804
 978048
 978311
 978385
 978495
 978497
 978555
 978627
 978632
 978941
 978953
 979240
 979530
 979682
 979761
 979816
 979914
 980094
 980096
 980325
 980414
 980527
 980586
 980630
 980688
 980994
 981122
 981258
 981295
 981329
 981609
 981622
 981651
 981687
 981873
 982246
 982332
 982370
 982417
 982825
 982906
 982940
 982986
 983040
 983085
 983132
 983405
 983804
 983818
 983839
 983945
 983973
 984298
 984301
 984420
 984565
 984575
 984601
 984636
 984654
 984682
 984766
 984769
 984868
 984890
 984974
 985114
 985382
 985533
 985790
 986046
 986078
 986121
 986243
 986244
 986414
 986436
 986464
 986492
 986592
 986628
 986789
 986858
 986922
 986928
 986981
 987012
 987138
 987186
 987208
 987317
 987325
 987511
 987539
 987551
 987598
 987642
 987878
 987987
 988031
 988097
 988139
 988423
 988446
 988546
 988821
 988913
 988919
 988960
 989073
 989103
 989109
 989169
 989199
 989220
 989221
 989449
 989564
 989619
 989848
 989876
 990037
 990173
 990220
 990308
 990414
 990480
 990605
 990626
 990661
 990704
 990791
 990897
 990921
 990925
 991066
 991075
 991128
 991141
 991150
 991212
 991294
 991313
 991392
 991431
 991742
 991905
 992180
 992208
 992278
 992602
 992930
 992990
 993104
 993108
 993335
 993420
 993490
 993521
 993576
 993685
 993777
 993784
 993830
 993950
 993953
 994015
 994039
 994286
 994436
 994786
 994823
 994981
 994982
 994989
 995189
 995230
 995257
 995404
 995530
 995562
 995615
 995936
 996115
 996228
 996293
 996491
 996547
 996565
 996567
 996571
 996699
 996983
 997053
 997194
 997272
 997336
 997372
 997386
 997445
 997457
 997540
 997580
 997580
 997598
 997652
 997982
 998036
 998237
 998246
 998607
 998707
 998784
 998827
 998982
 999289
 999318
 999563
 999581
 999742
 999747
 999760
 999850
 999925
 