91
 246
 295
 325
 370
 455
 599
 630
 667
 673
 763
 842
 874
 891
 900
 973
 1011
 1078
 1115
 1231
 1411
 1498
 1734
 1738
 1996
 2141
 2261
 2295
 2316
 2491
 2496
 2829
 2907
 2909
 2980
 3057
 3088
 3526
 3670
 3722
 3849
 3865
 4351
 4366
 4600
 4611
 4755
 4822
 4910
 4926
 5024
 5093
 5134
 5154
 5225
 5262
 5291
 5348
 5373
 5588
 5783
 5815
 5880
 5901
 5946
 5970
 6196
 6476
 6543
 6708
 6827
 6829
 6901
 6974
 7009
 7119
 7297
 7619
 7748
 7762
 7775
 7795
 7947
 7989
 8202
 8325
 8625
 8822
 9013
 9122
 9123
 9143
 9529
 9637
 9708
 9752
 9787
 9906
 9929
 9932
 