0
 110
 212
 223
 228
 286
 392
 645
 898
 1011
 1067
 1111
 1344
 1482
 1512
 1653
 1822
 1946
 1997
 2028
 2070
 2319
 2413
 2440
 2493
 2694
 2714
 2758
 2803
 2888
 2974
 3168
 3287
 3303
 3337
 3447
 3475
 3496
 3531
 3717
 3974
 4098
 4156
 4220
 4422
 4484
 4535
 4584
 4718
 4733
 4739
 4782
 4875
 4979
 5037
 5279
 5293
 5365
 5478
 5573
 5600
 5809
 5833
 6084
 6194
 6254
 6323
 6379
 6560
 6711
 6773
 6885
 6902
 6912
 7246
 7322
 7473
 7782
 7825
 7957
 8143
 8145
 8462
 8510
 8661
 8712
 8800
 8843
 9144
 9171
 9205
 9426
 9540
 9926
 9978
 10101
 10146
 10305
 10315
 10365
 10435
 10531
 10626
 10803
 10869
 10912
 11049
 11099
 11160
 11234
 11309
 11324
 11486
 11542
 11714
 11808
 12024
 12110
 12146
 12280
 12448
 12568
 12663
 12925
 12929
 12997
 13237
 13320
 13394
 13558
 13695
 13713
 13761
 13907
 14167
 14245
 14447
 14571
 14574
 14759
 14835
 15014
 15344
 15469
 15476
 15593
 15789
 15800
 15957
 16281
 16374
 16411
 16610
 16614
 16756
 16809
 16955
 17030
 17077
 17229
 17241
 17318
 17343
 17612
 17692
 17738
 17783
 17876
 17922
 17950
 17997
 18050
 18073
 18112
 18143
 18238
 18505
 18516
 18985
 19136
 19494
 19522
 19594
 19740
 19757
 19864
 19873
 19947
 20036
 20197
 20296
 20367
 20400
 20451
 20550
 20785
 20813
 20902
 20987
 21018
 21163
 21559
 21766
 21969
 22125
 22156
 22687
 22728
 22746
 22956
 22959
 23004
 23198
 23205
 23551
 23893
 23979
 24085
 24092
 24106
 24120
 24166
 24251
 24265
 24314
 24318
 24390
 24394
 24464
 24570
 24824
 24926
 25040
 25191
 25202
 25213
 25250
 25367
 25381
 25632
 25670
 25727
 25733
 26022
 26302
 26339
 26580
 26600
 26827
 26980
 26994
 27161
 27215
 27322
 27410
 27559
 27579
 27604
 27918
 27936
 28594
 28619
 28689
 28692
 28776
 28845
 28886
 28989
 29000
 29010
 29299
 29438
 29455
 29624
 29783
 29840
 29936
 29972
 29973
 30168
 30208
 30213
 30301
 30322
 30331
 30406
 30429
 30459
 30494
 30500
 30502
 30545
 30686
 31006
 31019
 31207
 31250
 31317
 31433
 31457
 31498
 31512
 31702
 31897
 31916
 32048
 32152
 32353
 32608
 32675
 32760
 32997
 33075
 33181
 33240
 33302
 33360
 33633
 33735
 33995
 34307
 34465
 34525
 34595
 34883
 35053
 35114
 35159
 35199
 35278
 35568
 35776
 35798
 35807
 35860
 35928
 36144
 36273
 36419
 36485
 36603
 36668
 36727
 36944
 37005
 37037
 37062
 37105
 37110
 37117
 37200
 37230
 37541
 37553
 37734
 37761
 37791
 37964
 37983
 38074
 38081
 38115
 38224
 38461
 38672
 38756
 38854
 38872
 38873
 39035
 39133
 39240
 39411
 39553
 39571
 39862
 39877
 39934
 39972
 39976
 40199
 40405
 40499
 40652
 40682
 40727
 40828
 40967
 41081
 41106
 41151
 41210
 41214
 41485
 41540
 41554
 41609
 42018
 42077
 42107
 42171
 42174
 42222
 42238
 42401
 42409
 42800
 42846
 42857
 42876
 42936
 43003
 43040
 43077
 43115
 43273
 43390
 43458
 43693
 43737
 43805
 43944
 43986
 44052
 44334
 44402
 44426
 44487
 44505
 44518
 44680
 44843
 44850
 44891
 45234
 45267
 45546
 45561
 45643
 45707
 45945
 46040
 46109
 46155
 46167
 46169
 46202
 46291
 46292
 46692
 46925
 47075
 47228
 47229
 47288
 47530
 47841
 47930
 48024
 48122
 48166
 48170
 48304
 48321
 48493
 48557
 48561
 48899
 48991
 49077
 49172
 49186
 49295
 49442
 49568
 49674
 49928
 50054
 50151
 50407
 50492
 50520
 50546
 50624
 50651
 50769
 50809
 50911
 51016
 51047
 51089
 51093
 51118
 51232
 51272
 51387
 51397
 51519
 51541
 51577
 51583
 51628
 51683
 51895
 51951
 52048
 52059
 52215
 52226
 52443
 52447
 52485
 52669
 52694
 52911
 52930
 53056
 53576
 53633
 53664
 53738
 53775
 53792
 53822
 53973
 54056
 54164
 54301
 54336
 54402
 54559
 54789
 54890
 54973
 55088
 55193
 55214
 55306
 55309
 55369
 55448
 55475
 55487
 55532
 55580
 55605
 55630
 55722
 55743
 55923
 56017
 56501
 56521
 56698
 56792
 57139
 57160
 57216
 57574
 57636
 57907
 57928
 58009
 58058
 58290
 58611
 58714
 58823
 58866
 58875
 58878
 59129
 59176
 59191
 59386
 59458
 59602
 59757
 59873
 59897
 60341
 60416
 60489
 60505
 60532
 60626
 60651
 60706
 60935
 61072
 61100
 61224
 61272
 61310
 61421
 61491
 61586
 61610
 61780
 61939
 61953
 62240
 62268
 62340
 62417
 62432
 62470
 62549
 62831
 62854
 62899
 62946
 63064
 63081
 63206
 63265
 63366
 63782
 63815
 63818
 64119
 64128
 64188
 64233
 64259
 64382
 64457
 64458
 64484
 64616
 64633
 64935
 65017
 65118
 65123
 65158
 65165
 65296
 65374
 65487
 65520
 65725
 65811
 66044
 66097
 66155
 66265
 66581
 66641
 66702
 66799
 66906
 66946
 66949
 66984
 67078
 67235
 67340
 67434
 67744
 67876
 67965
 68167
 68206
 68415
 68553
 68965
 69230
 69353
 69407
 69797
 69857
 69899
 69955
 70190
 70195
 70207
 70382
 70411
 70438
 70441
 70453
 70473
 70636
 70688
 70778
 70832
 70842
 70938
 71061
 71228
 71324
 71500
 71553
 71658
 71664
 71756
 71930
 71988
 72146
 72200
 72535
 72890
 72895
 73007
 73170
 73414
 73492
 73598
 73683
 73738
 73827
 73947
 74144
 74585
 74678
 74758
 74814
 74969
 75072
 75097
 75148
 75258
 75285
 75342
 75407
 75484
 75734
 75757
 75899
 75926
 76086
 76218
 76227
 76238
 76706
 76766
 76855
 77209
 77230
 77326
 77342
 77490
 77669
 77745
 77753
 78041
 78044
 78050
 78157
 78193
 78230
 78260
 78269
 78427
 78597
 78613
 78799
 78832
 78892
 78996
 79049
 79342
 79614
 79629
 79694
 79710
 79889
 79957
 79999
 80093
 80113
 80307
 80355
 80433
 80674
 80731
 80789
 80875
 80948
 81006
 81011
 81069
 81372
 81570
 81636
 81647
 81750
 81833
 81904
 82388
 82534
 82572
 82583
 82859
 82943
 82955
 83124
 83132
 83269
 83324
 83371
 83503
 83695
 83883
 84073
 84079
 84154
 84189
 84278
 84379
 84415
 84487
 84490
 84734
 84872
 84894
 84967
 85005
 85077
 85166
 85309
 85392
 85537
 85576
 85671
 85706
 85735
 85815
 85895
 86058
 86068
 86135
 86206
 86800
 86802
 86904
 86993
 87107
 87251
 87330
 87364
 87459
 87500
 87548
 87649
 87757
 87999
 88019
 88121
 88459
 88512
 88614
 88654
 88779
 88947
 89006
 89059
 89152
 89226
 89252
 89277
 89449
 89490
 89492
 89591
 89770
 89952
 89954
 89971
 90149
 90157
 90243
 90408
 90596
 90628
 90738
 90785
 90794
 90936
 91009
 91075
 91166
 91240
 91312
 91373
 91676
 91763
 91861
 91891
 92035
 92081
 92316
 92649
 92669
 92799
 92895
 92984
 93098
 93131
 93257
 93294
 93476
 93519
 93578
 93769
 93843
 93891
 93969
 94082
 94118
 94140
 94157
 94325
 94339
 94509
 94602
 94646
 94708
 94873
 94892
 95134
 95150
 95269
 95279
 95435
 95448
 95466
 95547
 95581
 95606
 95687
 95714
 95788
 96020
 96021
 96036
 96083
 96321
 96350
 96392
 96496
 96548
 96560
 96597
 96627
 96665
 96741
 97037
 97154
 97198
 97202
 97214
 97262
 98012
 98036
 98121
 98130
 98239
 98317
 98328
 98479
 98555
 98627
 98730
 99500
 99530
 99697
 99932
 100229
 100263
 100432
 100557
 100604
 100872
 101049
 101237
 101553
 101588
 101646
 101753
 101766
 101782
 102040
 102099
 102238
 102469
 102486
 102640
 102673
 102698
 102711
 102814
 102836
 103004
 103093
 103190
 103202
 103277
 103340
 103386
 103627
 103742
 103857
 103858
 103930
 103960
 104039
 104191
 104306
 104620
 104846
 105040
 105418
 105618
 105766
 105798
 105860
 105968
 106100
 106296
 106342
 106345
 106367
 106411
 106441
 106558
 106786
 106815
 106823
 106846
 106900
 106985
 107069
 107124
 107335
 107657
 107834
 107878
 107999
 108241
 108278
 108476
 108499
 108843
 108881
 108910
 109053
 109152
 109170
 109334
 109366
 109393
 109746
 109991
 109999
 110065
 110066
 110196
 110200
 110213
 110607
 110620
 110734
 110770
 110859
 110873
 111016
 111032
 111165
 111302
 111327
 111490
 111854
 111980
 112041
 112106
 112184
 112187
 112208
 112305
 112336
 112504
 112828
 112975
 113297
 113430
 113522
 113603
 113668
 114043
 114272
 114302
 114305
 114420
 114505
 114761
 114795
 114821
 114869
 114967
 114980
 115070
 115080
 115297
 115384
 115393
 115498
 115547
 115591
 115631
 115660
 115709
 115942
 115969
 116023
 116205
 116281
 116391
 116432
 116546
 116586
 116648
 116744
 117000
 117081
 117242
 117255
 117258
 117279
 117449
 117516
 117523
 117584
 117631
 117800
 117936
 117975
 118120
 118221
 118548
 118627
 118731
 118752
 118803
 118811
 118863
 119014
 119165
 119200
 119233
 119319
 119336
 119834
 119937
 120000
 120016
 120093
 120348
 120402
 120502
 120576
 120579
 120655
 120919
 121146
 121175
 121209
 121531
 121620
 121622
 121732
 121803
 121999
 122103
 122117
 122475
 122522
 122536
 122551
 122786
 122886
 123063
 123139
 123155
 123321
 123428
 123680
 123757
 124038
 124168
 124288
 124598
 124624
 124638
 124640
 124660
 124707
 124758
 125000
 125065
 125123
 125308
 125355
 125619
 125626
 126623
 126687
 126720
 126821
 126862
 126906
 126934
 126992
 127021
 127121
 127178
 127194
 127200
 127610
 127653
 127746
 127835
 127916
 127922
 127927
 127955
 127999
 128081
 128110
 128201
 128318
 128336
 128527
 128584
 128735
 128765
 128773
 128980
 129251
 129651
 129769
 129841
 129923
 130013
 130014
 130024
 130089
 130104
 130141
 130173
 130189
 130225
 130408
 130717
 131075
 131076
 131113
 131395
 131699
 131793
 131911
 131984
 132008
 132026
 132156
 132212
 132279
 132348
 132444
 132451
 132653
 132795
 132857
 132859
 132892
 132920
 132942
 132947
 132965
 132986
 133029
 133096
 133100
 133112
 133259
 133260
 133315
 133596
 133732
 133741
 133786
 133891
 133893
 134169
 134170
 134300
 134392
 134435
 134819
 134844
 134868
 134886
 134908
 134912
 134948
 135059
 135153
 135389
 135407
 135462
 135533
 135613
 135692
 135922
 136033
 136141
 136321
 136491
 136955
 137113
 137339
 137343
 137500
 137506
 137732
 137835
 137979
 138065
 138132
 138170
 138226
 138386
 138579
 138594
 138646
 138648
 138703
 138806
 138815
 138856
 138960
 139044
 139092
 139281
 139367
 139498
 139689
 139940
 140682
 140889
 140926
 141002
 141104
 141114
 141120
 141168
 141260
 141310
 141350
 141357
 141436
 141553
 141682
 142028
 142109
 142203
 142288
 142329
 142339
 142369
 142390
 142482
 142560
 142577
 142770
 142945
 143097
 143122
 143157
 143361
 143388
 143502
 143513
 143678
 143680
 143704
 143776
 144104
 144171
 144272
 144357
 144404
 144478
 144482
 144512
 144532
 144680
 144822
 144825
 144835
 145189
 145220
 145359
 145384
 145430
 145608
 145935
 145976
 146403
 146505
 146520
 146550
 146793
 146987
 147010
 147110
 147137
 147429
 147476
 147525
 147563
 147649
 147790
 147888
 148255
 148300
 148540
 148575
 148647
 148938
 148950
 149000
 149032
 149141
 149296
 149351
 149388
 149739
 149999
 150071
 150220
 150310
 150650
 150793
 150937
 151046
 151052
 151081
 151179
 151360
 151405
 151412
 151626
 151687
 151911
 151931
 151961
 152006
 152098
 152105
 152179
 152207
 152226
 152229
 152249
 152337
 152360
 152494
 152683
 152869
 152970
 153048
 153061
 153195
 153214
 153399
 153758
 153778
 153796
 153846
 153888
 153979
 153984
 154019
 154034
 154079
 154103
 154178
 154356
 154478
 154487
 154495
 154509
 154562
 154693
 154732
 154751
 154893
 154899
 154990
 155109
 155172
 155191
 155331
 155367
 155410
 155508
 155629
 155642
 155677
 155737
 155785
 155855
 155910
 156173
 156175
 156243
 156424
 156441
 156508
 156716
 156736
 156999
 157045
 157124
 157259
 157296
 157326
 157455
 157554
 157587
 157639
 157833
 157840
 158039
 158228
 158263
 158381
 158525
 158574
 158683
 158691
 158701
 158703
 158767
 158874
 158916
 158944
 159020
 159133
 159174
 159267
 159368
 159403
 159540
 159590
 159795
 159955
 160000
 160078
 160220
 160231
 160268
 160316
 160345
 160388
 160445
 160455
 160683
 160754
 160760
 160913
 160995
 161087
 161205
 161364
 161630
 161642
 161705
 161794
 161864
 161877
 161878
 161936
 161947
 162329
 162465
 162668
 162672
 163160
 163340
 163405
 163451
 163592
 163628
 163682
 163743
 163778
 163907
 163971
 164160
 164201
 164278
 164353
 164420
 164442
 164449
 164619
 164643
 164733
 164846
 165089
 165137
 165273
 165310
 165432
 165449
 165641
 165669
 165725
 166060
 166094
 166252
 166444
 166455
 166490
 166508
 166592
 166666
 166786
 166930
 167133
 167221
 167460
 167481
 167533
 167733
 167795
 167828
 167952
 167959
 167966
 168162
 168184
 168429
 168433
 168434
 168528
 168793
 168858
 168913
 169090
 169103
 169155
 169246
 169559
 169657
 169829
 170153
 170419
 170486
 170653
 170735
 170926
 170978
 171071
 171095
 171143
 171238
 171320
 171345
 171391
 171423
 171428
 171547
 171664
 171745
 172028
 172173
 172183
 172199
 172203
 172316
 172874
 172884
 173184
 173419
 173634
 173664
 173716
 173902
 173991
 174008
 174041
 174063
 174140
 174142
 174197
 174377
 174512
 174581
 175134
 175306
 175413
 175577
 175591
 175627
 175885
 176498
 176589
 176900
 176979
 177170
 177437
 177517
 177631
 178019
 178140
 178242
 178486
 178516
 178684
 178917
 178991
 179161
 179385
 179419
 179516
 179517
 179692
 179697
 179785
 179908
 179910
 179919
 179921
 179982
 179984
 179992
 180072
 180077
 180314
 180320
 180335
 180396
 180406
 180451
 180546
 180829
 180843
 180954
 180988
 181156
 181318
 181404
 181661
 181887
 181965
 182051
 182198
 182281
 182440
 182575
 182723
 183012
 183060
 183109
 183122
 183310
 183376
 183509
 183537
 183567
 183708
 183832
 183888
 183983
 184104
 184138
 184322
 184397
 184507
 184751
 184803
 184818
 185066
 185185
 185384
 185411
 185436
 185452
 185530
 185810
 185814
 185979
 186057
 186084
 186139
 186201
 186325
 186366
 186400
 186403
 186988
 187029
 187074
 187098
 187112
 187258
 187434
 187470
 187576
 187609
 187740
 187749
 187858
 187990
 188003
 188361
 188384
 188406
 188548
 189024
 189173
 189204
 189273
 189277
 189369
 189614
 189697
 189714
 189762
 189808
 189831
 189840
 189917
 190000
 190093
 190128
 190274
 190326
 190373
 190440
 190476
 190484
 190631
 190639
 190702
 190779
 190803
 190851
 190860
 190891
 190943
 191017
 191059
 191116
 191141
 191283
 191603
 191637
 191726
 191747
 191786
 191881
 192067
 192174
 192241
 192307
 192364
 192433
 192442
 192708
 192748
 192827
 192857
 192905
 192937
 192965
 193005
 193009
 193211
 193321
 193604
 193792
 193890
 193918
 194089
 194139
 194226
 194350
 194642
 194682
 194743
 194750
 194880
 194881
 194902
 194949
 194956
 195000
 195087
 195172
 195214
 195246
 195319
 195364
 195409
 195555
 196087
 196239
 196579
 196604
 196629
 196792
 196858
 197038
 197164
 197594
 197897
 197971
 198028
 198211
 198302
 198546
 198664
 198742
 198795
 198840
 198860
 199048
 199223
 199254
 199343
 199394
 199411
 199420
 199461
 199503
 199781
 199999
 200000
 200031
 200032
 200077
 200088
 200129
 200225
 200386
 200616
 200836
 201051
 201083
 201175
 201192
 201576
 201668
 201754
 201798
 201858
 201888
 201959
 202064
 202172
 202275
 202401
 202741
 203020
 203370
 203408
 203816
 203846
 203918
 203923
 204016
 204206
 204257
 204308
 204351
 204366
 204521
 204581
 204720
 204787
 205007
 205201
 205390
 205439
 205641
 205785
 205812
 205817
 206051
 206220
 206301
 206309
 206441
 206502
 206514
 206642
 206671
 206936
 206946
 206973
 207100
 207610
 207624
 207679
 207686
 207724
 207765
 207775
 207943
 208036
 208094
 208149
 208462
 208525
 208801
 208860
 208874
 208937
 208994
 209007
 209127
 209143
 209218
 209393
 209465
 209476
 209531
 209615
 209656
 209846
 210204
 210349
 210651
 210749
 210788
 210907
 210914
 211078
 211110
 211245
 211288
 211337
 211547
 211947
 212017
 212024
 212040
 212218
 212247
 212264
 212317
 212343
 212415
 212458
 212479
 212511
 212519
 212544
 212631
 212741
 212893
 212994
 213118
 213170
 213259
 213277
 213278
 213306
 213314
 213382
 213435
 213587
 213793
 213800
 213902
 214002
 214042
 214067
 214177
 214186
 214276
 214285
 214348
 214573
 214694
 215006
 215019
 215171
 215258
 215411
 215416
 215442
 215765
 215838
 216114
 216241
 216275
 216291
 216336
 216399
 216417
 216432
 216540
 216703
 216713
 216778
 216981
 217024
 217350
 217391
 217481
 217736
 217799
 217821
 217832
 217854
 218017
 218239
 218385
 218481
 218683
 218928
 219001
 219098
 219101
 219160
 219403
 219518
 219683
 219730
 219806
 219818
 219890
 220078
 220079
 220120
 220241
 220563
 220579
 220585
 220768
 221112
 221206
 221229
 221326
 221349
 221370
 221573
 221581
 221602
 222133
 222182
 222222
 222271
 222384
 222419
 222626
 222653
 222675
 222837
 222852
 222979
 223121
 223160
 223205
 223260
 223312
 223350
 223535
 223589
 223855
 223914
 223963
 223969
 224046
 224166
 224390
 224474
 224677
 224887
 224952
 225059
 225144
 225407
 225484
 225656
 225720
 225727
 225863
 225905
 226093
 226147
 226174
 226195
 226361
 226492
 226611
 226624
 226817
 226857
 226923
 226925
 227033
 227056
 227212
 227490
 227696
 227752
 227803
 227871
 227921
 228047
 228072
 228148
 228161
 228236
 228267
 228395
 228440
 228498
 228610
 228665
 228835
 228847
 228968
 229030
 229040
 229551
 229808
 229813
 229935
 230103
 230590
 230649
 230732
 230769
 230898
 231078
 231216
 231271
 231280
 231300
 231559
 231586
 231613
 231641
 231724
 231744
 231882
 232046
 232120
 232241
 232420
 232463
 232496
 232637
 232756
 232767
 232851
 232899
 232984
 233189
 233250
 233253
 233439
 233451
 233468
 233502
 233882
 233889
 233904
 233939
 234034
 234311
 234332
 234356
 234463
 234475
 234486
 234641
 234700
 234848
 234942
 235001
 235253
 235280
 235291
 235294
 235429
 235457
 235539
 235603
 235661
 236117
 236201
 236263
 236496
 236677
 236708
 236789
 237099
 237142
 237258
 237484
 237504
 237702
 237771
 238000
 238041
 238109
 238206
 238283
 238490
 238755
 239061
 239599
 239625
 239651
 239739
 239766
 239787
 239813
 239947
 240090
 240265
 240558
 240679
 240706
 240768
 240809
 240888
 241200
 241266
 241355
 241440
 241526
 241614
 241625
 241639
 241652
 241660
 241804
 241831
 241926
 241972
 241984
 242142
 242188
 242199
 242224
 242362
 242398
 242722
 242784
 242787
 242857
 243089
 243118
 243147
 243198
 243251
 243289
 243315
 243505
 243589
 243696
 243756
 243775
 243798
 243814
 243863
 243887
 244305
 244499
 244615
 244704
 244726
 244737
 244753
 244785
 244863
 244876
 244894
 244914
 244989
 245043
 245102
 245215
 245332
 245424
 245516
 245558
 245640
 245662
 245770
 245939
 245948
 245957
 246071
 246226
 246577
 246808
 246849
 247044
 247165
 247540
 247579
 247595
 247751
 247829
 247909
 248023
 248146
 248367
 248387
 248406
 248470
 248553
 248575
 248590
 248857
 249086
 249256
 249333
 249433
 249522
 249524
 249623
 249681
 249684
 249696
 249698
 249946
 250000
 250100
 250250
 250327
 250376
 250477
 250540
 250565
 250848
 250871
 251021
 251024
 251667
 251740
 251742
 251879
 251913
 251920
 252046
 252235
 252411
 252531
 252532
 252577
 252604
 253237
 253329
 253523
 253719
 253899
 253917
 253945
 254124
 254133
 254328
 254409
 254433
 254476
 254617
 254618
 254877
 254964
 255176
 255215
 255217
 255237
 255289
 255447
 255482
 255701
 255905
 255947
 255953
 255957
 256146
 256317
 256341
 256413
 256469
 256528
 256752
 256781
 256857
 256971
 256989
 257042
 257170
 257260
 257272
 257428
 257530
 257620
 257651
 257734
 257969
 258029
 258081
 258157
 258201
 258343
 258366
 258472
 258506
 258620
 258660
 258667
 258858
 258922
 259090
 259340
 259352
 259400
 259441
 259553
 259749
 259751
 259779
 259862
 259906
 259915
 259996
 260196
 260207
 260273
 260363
 260548
 260553
 260684
 260898
 261016
 261100
 261380
 261426
 262048
 262067
 262477
 262506
 262852
 262869
 263008
 263144
 263175
 263384
 263507
 263522
 263610
 263714
 263862
 264092
 264211
 264390
 264411
 264531
 264559
 264574
 264686
 264715
 264809
 264897
 264962
 265047
 265087
 265098
 265141
 265192
 265218
 265277
 265356
 265380
 265709
 266124
 266283
 266306
 266776
 266805
 266871
 266926
 266994
 267072
 267130
 267196
 267225
 267284
 267293
 267310
 267386
 267453
 267488
 267605
 267830
 267871
 267892
 267903
 267973
 268055
 268140
 268217
 268224
 268321
 268344
 268471
 268575
 268605
 268622
 268652
 268668
 268694
 268849
 268892
 269016
 269086
 269140
 269230
 269252
 269317
 269368
 269452
 269456
 269530
 269560
 269632
 269668
 269684
 269722
 269725
 269895
 270015
 270218
 270257
 270335
 270555
 270626
 270658
 270772
 270788
 270810
 270845
 270952
 271075
 271324
 271367
 271505
 271587
 271689
 271831
 271844
 271847
 271883
 271901
 272124
 272187
 272431
 272518
 272570
 272786
 272908
 273036
 273117
 273327
 273364
 273653
 273676
 273707
 273731
 273916
 273998
 274087
 274307
 274414
 274423
 274713
 274784
 274789
 274814
 274830
 274879
 274977
 275065
 275158
 275160
 275290
 275468
 275553
 275800
 275818
 275862
 275981
 276097
 276223
 276276
 276315
 276525
 276598
 276843
 276897
 277220
 277246
 277311
 277362
 277423
 277539
 277566
 277571
 277602
 277611
 277691
 277730
 277777
 277855
 277870
 277933
 278239
 278311
 278343
 278351
 278360
 278378
 278409
 278463
 278613
 278696
 278792
 278860
 279031
 279114
 279171
 279177
 279193
 279264
 279336
 279372
 279411
 279422
 279661
 279922
 279939
 279955
 279967
 280058
 280075
 280077
 280144
 280317
 280431
 280506
 280676
 281110
 281160
 281236
 281246
 281270
 281319
 281441
 281456
 281606
 281631
 281657
 281757
 281874
 281900
 281954
 282115
 282135
 282207
 282270
 282319
 282429
 282511
 282529
 282639
 282647
 282719
 282751
 282797
 282847
 282984
 283032
 283071
 283103
 283123
 283234
 283258
 283383
 283514
 283555
 283645
 283746
 283814
 283928
 283941
 284042
 284107
 284153
 284172
 284224
 284334
 284443
 284472
 284549
 284704
 284746
 285125
 285149
 285418
 285697
 285824
 285899
 285972
 286040
 286266
 286282
 286392
 286407
 286545
 286605
 286700
 286727
 286780
 286893
 287011
 287023
 287074
 287167
 287318
 287345
 287435
 287460
 287761
 287865
 287947
 287978
 287980
 287992
 288113
 288219
 288274
 288407
 288622
 288643
 288944
 289090
 289113
 289241
 289391
 289400
 289401
 289564
 289608
 289670
 289755
 290005
 290083
 290131
 290559
 290764
 290788
 290936
 291038
 291152
 291330
 291405
 291429
 291618
 291691
 291902
 291907
 291929
 291940
 292355
 292585
 292890
 292990
 293066
 293160
 293169
 293211
 293348
 293372
 293401
 293470
 293583
 293666
 293869
 293966
 294326
 294418
 294501
 294558
 294562
 294564
 294754
 294827
 294896
 295024
 295056
 295192
 295232
 295417
 295826
 295906
 296015
 296135
 296193
 296298
 296302
 296353
 296396
 296433
 296453
 297043
 297060
 297077
 297095
 297151
 297157
 297504
 297511
 297596
 297638
 297674
 297678
 297851
 297995
 298091
 298219
 298412
 298458
 298469
 298507
 298800
 298895
 299026
 299126
 299188
 299212
 299405
 299497
 299509
 299759
 299830
 300024
 300099
 300343
 300358
 300451
 300548
 300760
 300909
 300966
 301059
 301198
 301255
 301295
 301386
 301437
 301474
 301520
 301577
 301706
 301783
 301886
 302023
 302134
 302148
 302442
 302522
 302560
 302590
 302612
 302771
 302790
 302924
 302940
 303104
 303282
 303348
 303361
 303382
 303429
 303437
 303485
 303550
 303642
 303744
 303751
 303926
 304008
 304022
 304164
 304177
 304355
 304394
 304646
 304761
 304789
 304790
 305071
 305252
 305296
 305530
 305857
 305964
 305977
 306019
 306214
 306423
 306482
 306677
 306867
 307005
 307034
 307125
 307208
 307263
 307350
 307351
 307709
 307734
 307962
 307977
 308000
 308004
 308056
 308143
 308162
 308390
 308419
 308693
 308720
 308867
 308900
 308953
 308986
 309106
 309178
 309314
 309396
 309497
 309639
 309796
 309828
 310030
 310039
 310169
 310258
 310271
 310357
 310414
 310624
 310657
 310805
 311005
 311069
 311084
 311188
 311216
 311241
 311281
 311294
 311379
 311900
 312015
 312050
 312057
 312170
 312189
 312223
 312236
 312270
 312436
 312569
 312783
 312877
 312942
 312974
 313059
 313325
 313427
 313445
 313481
 313490
 313814
 313843
 313861
 313879
 313955
 314023
 314052
 314189
 314307
 314398
 314432
 314557
 314818
 314876
 314969
 315001
 315154
 315251
 315270
 315288
 315390
 315450
 315514
 315636
 315709
 315732
 315830
 315890
 315976
 316133
 316299
 316464
 316647
 316655
 316806
 316865
 317074
 317230
 317264
 317398
 317515
 317635
 317663
 317667
 317679
 317714
 317833
 318018
 318333
 318469
 318484
 318497
 318542
 318815
 318819
 319082
 319187
 319273
 319305
 319440
 319606
 319718
 319771
 319844
 319861
 319929
 320030
 320308
 320386
 320513
 320538
 320825
 320832
 320881
 321044
 321124
 321126
 321149
 321237
 321296
 321435
 321440
 321589
 321614
 321635
 321656
 321758
 321811
 321828
 321854
 322023
 322048
 322101
 322112
 322131
 322162
 322266
 322367
 322600
 322805
 322828
 322834
 322968
 322985
 323078
 323559
 323696
 323716
 323804
 323880
 324109
 324258
 324417
 324550
 324687
 324714
 324964
 325039
 325056
 325074
 325277
 325352
 325358
 325550
 325591
 325788
 326168
 326186
 326205
 326209
 326245
 326411
 326472
 326565
 326628
 326640
 326886
 326998
 327048
 327116
 327153
 327264
 327319
 327321
 327376
 327525
 327540
 327868
 327957
 328059
 328105
 328125
 328343
 328408
 328658
 328677
 328782
 328843
 329001
 329270
 329278
 329562
 329580
 329785
 329799
 329809
 329810
 329853
 330072
 330414
 330471
 330520
 330596
 330605
 330754
 330783
 330788
 330858
 330866
 330961
 331033
 331081
 331169
 331175
 331182
 331210
 331273
 331287
 331341
 331389
 331496
 331509
 331525
 331625
 331866
 331913
 332010
 332023
 332078
 332262
 332298
 332441
 332450
 332458
 332460
 332754
 332803
 332909
 333206
 333333
 333467
 333481
 333489
 333605
 333652
 333653
 333979
 334007
 334139
 334251
 334313
 334412
 334511
 334599
 334693
 334761
 334862
 335018
 335108
 335222
 335357
 335384
 335420
 335629
 335661
 335741
 335794
 336193
 336227
 336451
 336536
 336563
 336828
 336882
 336913
 336962
 336997
 337018
 337089
 337223
 337284
 337349
 337741
 337777
 337891
 338010
 338862
 338990
 339072
 339357
 339474
 339531
 339617
 339650
 339682
 339769
 339842
 339882
 339906
 340090
 340172
 340219
 340336
 340489
 340548
 340927
 340973
 340999
 341109
 341129
 341197
 341208
 341341
 341426
 341548
 341642
 341674
 341791
 341888
 342022
 342044
 342105
 342108
 342155
 342327
 342368
 342410
 342482
 342534
 342578
 342664
 342697
 342749
 342780
 342908
 342922
 342991
 343074
 343270
 343598
 343778
 343935
 343956
 344050
 344062
 344093
 344139
 344183
 344273
 344349
 344380
 344474
 344561
 344582
 344684
 344746
 344846
 345114
 345172
 345181
 345341
 345530
 345584
 345624
 345727
 345922
 345936
 345948
 346054
 346072
 346248
 346316
 346327
 346438
 346448
 346564
 346861
 346866
 346997
 347006
 347016
 347076
 347095
 347133
 347150
 347155
 347162
 347246
 347270
 347324
 347402
 347623
 347653
 347676
 347777
 347849
 347940
 348037
 348122
 348361
 348628
 348651
 348671
 348698
 348741
 348753
 348797
 348859
 348925
 349022
 349029
 349422
 349468
 349482
 349508
 349530
 349546
 349630
 349673
 349717
 349751
 349771
 349824
 350195
 350241
 350412
 350591
 350674
 350793
 350951
 351018
 351044
 351397
 351585
 351722
 352012
 352234
 352274
 352386
 352445
 352480
 352573
 352686
 352691
 352735
 352794
 353006
 353239
 353403
 353605
 353652
 353658
 353810
 353946
 353971
 354013
 354414
 354539
 354608
 354693
 354734
 354738
 354801
 354964
 354981
 355033
 355056
 355178
 355414
 355617
 356008
 356038
 356111
 356297
 356390
 356462
 356548
 356697
 356845
 356875
 357142
 357319
 357343
 357351
 357460
 357470
 357493
 357507
 357717
 357730
 357752
 357772
 357876
 357897
 357904
 357945
 357994
 358133
 358165
 358275
 358450
 358460
 358502
 358667
 358681
 358711
 358813
 358917
 358921
 358958
 359029
 359421
 359439
 359444
 359526
 359552
 359563
 359610
 359762
 359920
 360049
 360107
 360205
 360399
 360574
 360611
 360674
 360774
 360837
 360883
 360908
 361109
 361302
 361464
 361482
 361486
 361525
 361526
 361538
 361566
 361633
 361650
 361697
 361749
 361965
 362146
 362188
 362285
 362314
 362342
 362517
 362662
 362675
 362678
 362914
 363036
 363070
 363187
 363264
 363363
 363499
 363764
 363820
 363902
 363912
 363968
 364019
 364050
 364064
 364290
 364338
 364362
 364375
 364607
 364645
 364654
 364744
 364848
 364899
 364905
 364916
 364921
 364985
 365015
 365040
 365079
 365111
 365155
 365214
 365345
 365498
 365543
 365641
 365802
 365939
 366060
 366071
 366412
 366501
 366550
 366721
 366794
 366831
 366850
 366856
 366977
 367360
 367373
 367506
 367544
 367696
 367758
 367783
 367819
 367849
 368068
 368089
 368122
 368362
 368413
 368528
 368670
 368732
 368827
 368876
 368913
 368990
 369012
 369069
 369196
 369230
 369288
 369583
 369660
 369705
 369772
 369774
 370370
 370427
 370466
 370506
 370556
 370894
 370948
 371344
 371347
 371428
 371551
 371592
 371807
 371841
 371864
 371907
 371940
 372088
 372096
 372244
 372332
 372496
 372846
 372857
 372944
 372958
 373134
 373135
 373178
 373332
 373354
 373362
 373384
 373584
 373768
 373796
 374175
 374215
 374294
 374459
 374500
 374811
 375273
 375343
 375425
 375660
 375691
 375799
 375857
 376092
 376114
 376404
 376443
 376856
 376935
 377023
 377240
 377300
 377312
 377619
 377726
 377844
 378048
 378142
 378179
 378234
 378299
 378322
 378451
 378455
 378521
 378531
 378575
 378581
 378686
 378735
 378787
 378848
 378964
 379087
 379130
 379158
 379160
 379240
 379310
 379321
 379338
 379448
 379546
 379682
 379860
 379967
 380000
 380078
 380095
 380215
 380294
 380368
 380420
 380552
 380585
 380617
 380806
 380925
 380945
 381070
 381094
 381109
 381145
 381203
 381257
 381299
 381324
 381974
 381975
 382024
 382035
 382106
 382128
 382147
 382280
 382386
 382392
 382542
 382594
 382626
 382647
 382730
 382813
 382890
 382892
 383126
 383232
 383324
 383561
 384009
 384089
 384213
 384502
 384565
 384594
 384865
 384922
 384971
 385093
 385200
 385207
 385476
 385485
 385624
 385638
 385949
 385964
 386017
 386100
 386176
 386254
 386363
 386401
 386578
 386632
 386744
 386786
 386792
 386810
 386852
 386881
 387271
 387374
 387732
 387764
 387956
 388020
 388298
 388438
 388642
 388716
 388769
 388831
 388835
 388875
 388888
 388909
 388922
 388925
 389330
 389351
 389352
 389423
 389443
 389711
 389894
 389899
 390118
 390167
 390581
 390699
 390705
 390768
 390804
 390849
 390938
 391459
 391720
 391822
 391880
 391891
 392070
 392146
 392481
 392678
 392813
 392853
 392954
 393024
 393202
 393233
 393338
 393391
 393558
 393676
 393698
 393801
 393825
 393835
 393899
 393988
 394076
 394142
 394172
 394308
 394423
 394540
 394582
 394618
 394859
 394871
 394922
 395001
 395038
 395059
 395248
 395550
 395704
 395724
 395906
 395910
 395923
 395981
 396172
 396361
 396436
 396520
 396955
 397001
 397082
 397187
 397214
 397487
 397553
 397575
 397576
 397656
 397810
 397886
 397888
 397922
 397958
 397966
 397982
 397996
 398095
 398456
 398565
 398694
 398796
 398823
 398933
 398977
 399029
 399090
 399174
 399385
 399483
 399497
 399541
 399665
 399788
 399837
 399937
 400000
 400249
 400290
 400392
 400396
 400593
 400599
 400878
 401002
 401109
 401110
 401138
 401290
 401439
 401526
 401801
 401921
 401947
 401957
 401989
 402031
 402091
 402213
 402319
 402332
 402379
 402428
 402440
 402560
 402833
 402878
 403012
 403151
 403155
 403269
 403421
 403633
 403709
 403753
 403851
 403919
 403933
 403975
 404043
 404062
 404259
 404406
 404541
 404614
 404628
 404761
 404785
 404856
 404963
 405230
 405264
 405275
 405405
 405433
 405510
 405563
 405928
 406082
 406084
 406099
 406102
 406121
 406309
 406479
 406511
 406532
 406590
 406678
 406690
 406818
 406893
 406954
 406993
 407104
 407156
 407310
 407360
 407470
 407473
 407616
 407825
 407934
 408238
 408353
 408450
 408494
 408705
 408762
 408775
 408822
 409031
 409098
 409109
 409229
 409319
 409713
 409799
 409888
 409911
 409961
 410000
 410009
 410244
 410256
 410631
 411428
 411522
 411758
 411820
 411951
 411981
 412266
 412332
 412349
 412554
 412574
 412606
 412636
 412688
 412711
 412915
 413276
 413535
 413654
 413657
 413814
 414016
 414426
 414475
 414541
 414554
 414646
 414652
 414693
 414752
 414814
 414893
 415038
 415201
 415204
 415434
 415438
 415563
 415627
 415746
 415821
 415878
 415893
 415913
 416224
 416337
 416525
 416571
 416650
 416697
 417028
 417127
 417200
 417286
 417321
 417323
 417552
 417617
 417783
 417848
 417989
 417995
 418002
 418039
 418313
 418354
 418407
 418648
 418848
 418923
 419047
 419061
 419077
 419143
 419246
 419274
 419296
 419374
 419458
 419472
 419680
 419948
 419968
 419974
 419986
 420026
 420207
 420454
 420477
 420598
 420619
 420731
 420782
 420799
 421008
 421041
 421085
 421313
 421372
 421555
 421660
 421751
 421907
 422054
 422262
 422298
 422300
 422303
 422334
 422344
 422466
 422523
 422679
 422797
 422818
 422846
 422940
 423086
 423122
 423322
 423366
 423587
 423704
 423787
 423928
 423965
 424099
 424164
 424167
 424390
 424396
 424398
 424587
 424763
 424959
 424980
 425138
 425287
 425320
 425347
 425495
 425550
 425600
 425618
 425658
 425685
 425726
 425743
 425761
 425777
 425988
 426040
 426229
 426343
 426505
 426610
 426694
 426796
 426834
 426899
 426900
 426905
 426947
 426959
 427268
 427314
 427399
 427549
 427677
 427693
 427835
 427939
 427945
 427966
 427991
 428027
 428232
 428291
 428335
 428414
 428503
 428522
 428597
 428640
 428653
 428806
 428832
 428961
 429121
 429188
 429338
 429339
 429391
 429715
 430058
 430091
 430113
 430193
 430266
 430340
 430493
 430550
 430729
 430939
 431021
 431034
 431110
 431197
 431217
 431266
 431334
 431646
 431728
 431885
 431936
 431978
 432140
 432150
 432179
 432270
 432327
 432347
 432434
 432571
 432617
 432746
 432901
 432920
 433035
 433114
 433297
 433377
 433568
 433686
 433951
 434131
 434192
 434256
 434545
 434556
 434559
 434574
 434604
 434803
 434911
 434975
 435019
 435089
 435278
 435407
 435730
 435742
 435803
 435830
 435961
 436157
 436213
 436271
 436505
 436608
 436897
 437068
 437234
 437383
 437453
 437584
 437586
 437611
 437625
 437722
 437764
 437770
 437984
 438086
 438199
 438388
 438396
 438534
 438635
 439034
 439066
 439120
 439228
 439240
 439316
 439382
 439406
 439467
 439604
 439718
 439856
 439863
 439879
 439952
 439956
 439989
 440216
 440260
 440503
 440559
 440677
 440712
 441018
 441240
 441505
 441522
 441542
 441601
 441726
 441918
 441951
 441972
 442028
 442060
 442072
 442147
 442211
 442243
 442347
 442379
 442423
 442534
 442671
 442696
 442718
 442733
 442924
 443386
 443526
 443548
 443622
 443652
 443714
 443725
 443859
 443910
 443966
 443974
 444156
 444304
 444556
 444618
 444651
 444907
 445017
 445058
 445070
 445203
 445242
 445273
 445276
 445291
 445480
 445518
 445706
 445799
 445824
 445863
 446162
 446311
 446341
 446355
 446412
 446458
 446657
 446802
 446914
 447454
 447739
 447755
 447757
 447812
 448015
 448226
 448344
 448353
 448356
 448465
 448743
 448769
 448854
 449046
 449094
 449193
 449289
 449328
 449346
 449367
 449520
 449638
 449830
 449988
 450035
 450211
 450214
 450263
 450471
 450670
 450819
 450942
 450972
 450980
 451109
 451149
 451229
 451267
 451359
 451461
 451483
 451578
 451626
 451657
 451763
 451792
 451796
 451803
 451932
 452024
 452098
 452334
 452456
 452493
 452631
 452714
 452909
 453092
 453179
 453182
 453228
 453261
 453429
 453460
 453633
 453711
 453789
 453889
 453919
 454089
 454137
 454253
 454483
 454545
 454650
 454750
 454760
 454770
 454863
 454908
 455135
 455248
 455288
 455546
 455653
 455696
 455731
 455782
 455936
 456028
 456140
 456327
 456342
 456541
 456576
 456955
 457087
 457210
 457211
 457245
 457346
 457471
 457478
 457624
 457735
 457964
 457970
 457985
 458034
 458174
 458375
 458414
 458492
 458537
 458593
 458612
 458831
 458865
 458873
 458901
 458925
 459016
 459067
 459157
 459165
 459229
 459317
 459483
 459563
 459695
 459795
 460000
 460072
 460078
 460142
 460230
 460248
 460295
 460525
 460571
 460591
 460922
 461027
 461123
 461247
 461279
 461488
 461538
 461621
 461702
 461768
 461838
 461896
 462096
 462411
 462474
 462689
 462757
 463037
 463079
 463106
 463258
 463489
 463720
 463959
 463983
 464057
 464299
 464309
 464333
 464452
 464506
 464522
 464565
 464824
 464893
 465171
 465222
 465441
 465483
 465665
 465780
 465871
 465954
 466001
 466097
 466334
 466351
 466724
 466828
 466834
 466935
 467027
 467154
 467297
 467412
 467482
 467604
 467680
 467698
 467782
 467853
 467927
 468219
 468271
 468363
 468365
 468735
 468754
 468838
 468887
 469034
 469125
 469200
 469234
 469529
 469752
 469815
 469918
 469932
 470100
 470247
 470298
 470611
 470684
 470907
 470924
 471038
 471070
 471117
 471390
 471404
 471436
 471452
 471581
 471776
 471778
 471822
 471983
 471997
 472031
 472222
 472328
 472460
 472537
 472832
 472841
 472982
 473024
 473025
 473087
 473267
 473277
 473287
 473319
 473355
 473827
 473862
 474010
 474040
 474065
 474084
 474110
 474208
 474268
 474377
 474592
 474593
 474764
 474777
 474858
 474900
 475107
 475222
 475296
 475324
 475451
 475636
 475975
 476003
 476026
 476168
 476369
 476490
 476611
 476651
 476801
 476884
 476890
 476913
 476989
 477134
 477172
 477260
 477339
 477390
 477591
 477640
 477652
 477694
 477753
 477880
 478155
 478180
 478255
 478603
 478733
 478804
 478873
 478901
 479177
 479191
 479407
 479463
 479779
 479899
 479912
 479985
 480066
 480086
 480208
 480213
 480475
 480487
 480619
 480834
 480919
 481004
 481093
 481304
 481458
 481740
 481780
 482052
 482085
 482200
 482253
 482352
 482554
 482614
 482640
 482673
 482870
 482993
 483003
 483074
 483154
 483233
 483265
 483361
 483367
 483386
 483669
 483713
 483729
 483898
 484115
 484226
 484243
 484282
 484441
 484591
 484632
 484682
 484705
 484707
 484777
 484909
 485143
 485455
 485463
 485575
 485620
 485714
 485798
 485804
 485895
 486071
 486305
 486308
 486332
 486610
 486617
 486658
 486710
 486737
 486752
 486779
 486828
 486866
 486888
 486969
 487167
 487188
 487211
 487264
 487282
 487349
 487509
 487694
 487822
 487826
 487877
 487972
 488032
 488252
 488254
 488283
 488409
 488569
 488641
 488648
 488805
 489144
 489239
 489349
 489485
 489524
 489533
 489555
 489716
 489837
 489866
 489974
 490042
 490111
 490171
 490434
 490453
 490468
 490620
 490651
 490680
 490706
 490771
 490836
 490854
 490932
 491006
 491020
 491028
 491037
 491229
 491561
 491635
 491708
 491823
 491969
 491978
 492001
 492205
 492465
 492548
 492685
 492828
 492863
 492913
 493045
 493150
 493188
 493461
 493470
 493572
 493582
 493603
 493835
 493963
 494006
 494235
 494326
 494505
 494541
 494576
 494577
 494687
 494709
 494717
 494888
 494943
 494949
 494964
 495006
 495007
 495015
 495289
 495404
 495446
 495578
 495720
 495862
 496051
 496155
 496166
 496187
 496433
 496461
 496473
 496700
 496707
 496742
 496784
 496826
 497109
 497114
 497126
 497238
 497256
 497478
 497664
 497668
 497737
 498161
 498233
 498248
 498290
 498318
 498368
 498396
 498415
 498683
 499040
 499165
 499288
 499496
 499559
 499899
 