0
 0
 0
 0
 0
 0
 0
 0
 0
 0
 0
 0
 0
 0
 0
 160
 257
 534
 644
 679
 691
 715
 780
 793
 1008
 1096
 1174
 1360
 1429
 1553
 1714
 1772
 1924
 1929
 2011
 2064
 2267
 2329
 2422
 2565
 2579
 2776
 2781
 2962
 3031
 3130
 3143
 3498
 3518
 3544
 3656
 3780
 3797
 3839
 3969
 4130
 4149
 4226
 4543
 4645
 4738
 5042
 5082
 5083
 5084
 5231
 5256
 5355
 5391
 5528
 5727
 5790
 5807
 5917
 6032
 6100
 6561
 6649
 6694
 6790
 6811
 6834
 6887
 7042
 7115
 7117
 7127
 7159
 7208
 7209
 7212
 7400
 7475
 7533
 7814
 7838
 8052
 8573
 8593
 8636
 8642
 8755
 8805
 8820
 9046
 9186
 9429
 9910
 9917
 9925
 9967
 9975
 10069
 10204
 10214
 10223
 10257
 10341
 10452
 10480
 10609
 10759
 10781
 10989
 11012
 11063
 11078
 11173
 11199
 11206
 11221
 11355
 11377
 11407
 11637
 11704
 11816
 11898
 12021
 12113
 12422
 12454
 12578
 12773
 12883
 12888
 13049
 13050
 13058
 13330
 13444
 13470
 13588
 13722
 13803
 13857
 13898
 13966
 14062
 14183
 14237
 14260
 14279
 14521
 14569
 15061
 15104
 15270
 15522
 15723
 15793
 15880
 15903
 15932
 15942
 16056
 16056
 16129
 16136
 16201
 16228
 16278
 16387
 16423
 16456
 16509
 16638
 16708
 16806
 16835
 16906
 16906
 17001
 17125
 17232
 17402
 17611
 17618
 17709
 17750
 17774
 17788
 17847
 17859
 17965
 17969
 18043
 18074
 18220
 18223
 18255
 18317
 18400
 18405
 18500
 18903
 18905
 19028
 19085
 19108
 19138
 19264
 19329
 19342
 19435
 19477
 19546
 19657
 19729
 19837
 19877
 19955
 20162
 20279
 20471
 20535
 20583
 20618
 20681
 20790
 20792
 20830
 20915
 20936
 21371
 21409
 21451
 21480
 21744
 21754
 21798
 21842
 21860
 21999
 22079
 22161
 22433
 22596
 22715
 22732
 22738
 22755
 22905
 23154
 23254
 23274
 23402
 23556
 23856
 23858
 23869
 24026
 24063
 24079
 24248
 24299
 24307
 24333
 24333
 24575
 24714
 24715
 24729
 24795
 25139
 25250
 25411
 25432
 25869
 26006
 26184
 26258
 26278
 26476
 26760
 26901
 27068
 27134
 27347
 27461
 27603
 27976
 28016
 28061
 28124
 28169
 28264
 28340
 28363
 28418
 28437
 28478
 28481
 28591
 28731
 28857
 28874
 28878
 29023
 29130
 29140
 29171
 29537
 29619
 29631
 29664
 29726
 29994
 30045
 30084
 30253
 30320
 30468
 30752
 30769
 30915
 31023
 31107
 31116
 31235
 31354
 31624
 31697
 31707
 31788
 31998
 32005
 32014
 32240
 32534
 32708
 32931
 33006
 33091
 33182
 33294
 33302
 33398
 33557
 33653
 33897
 33898
 34220
 34288
 34293
 34321
 34403
 34662
 34824
 34904
 34940
 34961
 35014
 35087
 35153
 35159
 35186
 35252
 35512
 35516
 35580
 35649
 35696
 35724
 35788
 35961
 35985
 36092
 36126
 36307
 36376
 36529
 36539
 36671
 36742
 36804
 37401
 37436
 37576
 37611
 37741
 37769
 37839
 38068
 38195
 38231
 38302
 38600
 38607
 38707
 38817
 38898
 39007
 39024
 39122
 39172
 39300
 39541
 39708
 39942
 39988
 40314
 40335
 40345
 40392
 40435
 40633
 40647
 40649
 40767
 40789
 40802
 40842
 40858
 40878
 40878
 40934
 41056
 41061
 41062
 41095
 41123
 41187
 41480
 41656
 41666
 41734
 41778
 41830
 41835
 41838
 42022
 42039
 42124
 42364
 42408
 42414
 42758
 42789
 42928
 42930
 43027
 43062
 43076
 43285
 43478
 43596
 43789
 43805
 43972
 44012
 44063
 44078
 44105
 44273
 44414
 44438
 44516
 44655
 44912
 44936
 44939
 45003
 45022
 45248
 45301
 45373
 45433
 45551
 45552
 45775
 45884
 45907
 46036
 46117
 46167
 46460
 46514
 46519
 46677
 46693
 46827
 46852
 46961
 47052
 47135
 47223
 47327
 47358
 47430
 47508
 47509
 47592
 47619
 47624
 47714
 47962
 48052
 48139
 48201
 48499
 48577
 48584
 48721
 48923
 48948
 48981
 49105
 49420
 49484
 49490
 49495
 49586
 49715
 49915
 50003
 50158
 50213
 50248
 50421
 50687
 50694
 50883
 50904
 50984
 51002
 51077
 51120
 51286
 51329
 51338
 51366
 51456
 51633
 51834
 51849
 51871
 51933
 51991
 52089
 52321
 52369
 52459
 52500
 52640
 52698
 52726
 52734
 52738
 52868
 52996
 53239
 53333
 53449
 53630
 53657
 53782
 54001
 54038
 54063
 54106
 54150
 54191
 54202
 54385
 54400
 54644
 54673
 55043
 55058
 55351
 55498
 55559
 55579
 55602
 55833
 55841
 55916
 56059
 56247
 56263
 56308
 56406
 56472
 56564
 56572
 56755
 56757
 56796
 56803
 56942
 56970
 57089
 57200
 57438
 57518
 57542
 57576
 57698
 57710
 57912
 58103
 58122
 58358
 58521
 58598
 58651
 58714
 58716
 58865
 59381
 59405
 59596
 59614
 59647
 59746
 59759
 59798
 59821
 59881
 60273
 60301
 60316
 60804
 61009
 61058
 61141
 61227
 61516
 61588
 61635
 61874
 62047
 62144
 62146
 62156
 62164
 62247
 62455
 62610
 62698
 62782
 62966
 63012
 63091
 63209
 63524
 63571
 63693
 63802
 63970
 64073
 64312
 64312
 64425
 64619
 64726
 64740
 64888
 64889
 64935
 64955
 64974
 65036
 65077
 65283
 65437
 65510
 65564
 65620
 65637
 65718
 65729
 65895
 66024
 66037
 66077
 66174
 66183
 66355
 66420
 66423
 66493
 66623
 66688
 66773
 67016
 67209
 67226
 67357
 67433
 67602
 67658
 67735
 67796
 67810
 67908
 68062
 68192
 68433
 68459
 68535
 69050
 69091
 69138
 69191
 69527
 69574
 70110
 70143
 70208
 70490
 70520
 70523
 70542
 70777
 71131
 71279
 71381
 71595
 71982
 72241
 72252
 72374
 72422
 72542
 72966
 73073
 73092
 73176
 73193
 73221
 73325
 73349
 73640
 73697
 73749
 73790
 73918
 74074
 74107
 74228
 74492
 74630
 74822
 74866
 74908
 74911
 75161
 75171
 75187
 75322
 75383
 75485
 75560
 75640
 75806
 76067
 76201
 76274
 76341
 76344
 76386
 76477
 76527
 76578
 76724
 76770
 76923
 76923
 76923
 77165
 77258
 77556
 77557
 77747
 77803
 77845
 77864
 77951
 78330
 78339
 78715
 78856
 78899
 78952
 79194
 79403
 79464
 79658
 79753
 79808
 79822
 79975
 80000
 80088
 80239
 80563
 80565
 80715
 80729
 80741
 80748
 80815
 81019
 81081
 81203
 81307
 81414
 81419
 81426
 81808
 81923
 82122
 82164
 82206
 82299
 82496
 82502
 82653
 82850
 82981
 83049
 83086
 83265
 83333
 83546
 83888
 83958
 84124
 84237
 84297
 84318
 84337
 84367
 84379
 84411
 84723
 84770
 84802
 84913
 84941
 85064
 85139
 85242
 85316
 85413
 85440
 85673
 85830
 85859
 85862
 85878
 85929
 85977
 86175
 86200
 86243
 86292
 86386
 86394
 86457
 86530
 86619
 86752
 86938
 87041
 87184
 87185
 87284
 87343
 87537
 87608
 87706
 87773
 88002
 88014
 88047
 88204
 88252
 88311
 88591
 88777
 88803
 88803
 88858
 88881
 88965
 89087
 89132
 89361
 89401
 89459
 89466
 89495
 89575
 89823
 89943
 89965
 89968
 90173
 90185
 90210
 90241
 90325
 90338
 90358
 90487
 90557
 90601
 90686
 90729
 91064
 91241
 91292
 91557
 91629
 91698
 91806
 91950
 92003
 92252
 92261
 92528
 92661
 92762
 92783
 92807
 92885
 92888
 93041
 93085
 93096
 93192
 93234
 93434
 93509
 93527
 93671
 93819
 93880
 93905
 94147
 94205
 94212
 94310
 94327
 94513
 94520
 94674
 95015
 95057
 95073
 95095
 95300
 95327
 95354
 95443
 95543
 95731
 95955
 96073
 96098
 96108
 96237
 96306
 96394
 96429
 96690
 96911
 96986
 97102
 97208
 97264
 97298
 97443
 97482
 97494
 97846
 97848
 97885
 97947
 98017
 98069
 98070
 98139
 98274
 98389
 98481
 98652
 98690
 98721
 98736
 98777
 98939
 98961
 99076
 99236
 99425
 99500
 99663
 99667
 99715
 99733
 100181
 100252
 100294
 100342
 100354
 100375
 100983
 101094
 101152
 101196
 101240
 101304
 101317
 101405
 101415
 101573
 101747
 101843
 101851
 102018
 102111
 102217
 102343
 102379
 102586
 102684
 102742
 102766
 102870
 102870
 102936
 102964
 102981
 103012
 103091
 103113
 103114
 103163
 103198
 103241
 103379
 103512
 103607
 103828
 103864
 103910
 104024
 104033
 104228
 104235
 104315
 104427
 104470
 104590
 104615
 105046
 105263
 105312
 105354
 105851
 105973
 106020
 106040
 106048
 106241
 106263
 106271
 106271
 106273
 106366
 106399
 106406
 106424
 106439
 106580
 106721
 106821
 106839
 106841
 106847
 107095
 107491
 107552
 107610
 107613
 107641
 107683
 107880
 108116
 108249
 108287
 108427
 108482
 108663
 109058
 109090
 109215
 109567
 109593
 109750
 109809
 109883
 110018
 110052
 110263
 110556
 110870
 110992
 111052
 111111
 111395
 111422
 111606
 111688
 111822
 111881
 112044
 112090
 112477
 112630
 112882
 112988
 113093
 113129
 113134
 113170
 113196
 113207
 113253
 113478
 113843
 113890
 114068
 114070
 114152
 114172
 114174
 114284
 114285
 114307
 114539
 114589
 114595
 114969
 115392
 115660
 115669
 115811
 115886
 115951
 115997
 116026
 116036
 116045
 116379
 116530
 116552
 116633
 116705
 116719
 116752
 116752
 117157
 117375
 117408
 117437
 117819
 117852
 117898
 117903
 117974
 117982
 118149
 118541
 118604
 118708
 118811
 119133
 119161
 120092
 120263
 120291
 120331
 120479
 120556
 120573
 120582
 120893
 121132
 121176
 121271
 121521
 121574
 121764
 121883
 121903
 121916
 122240
 122249
 122482
 122622
 122718
 122785
 122835
 122975
 123075
 123184
 123417
 123591
 123739
 123740
 123923
 123960
 123984
 124025
 124121
 124227
 124231
 124254
 124293
 125034
 125221
 125240
 125487
 125562
 125622
 125832
 125885
 125938
 125946
 125966
 126050
 126076
 126136
 126139
 126381
 126414
 126655
 126915
 126988
 127313
 127327
 127423
 127482
 127828
 127842
 127919
 128507
 128590
 128959
 129086
 129155
 129300
 129372
 129424
 129460
 129484
 129519
 129663
 129788
 129911
 129918
 130025
 130148
 130273
 130404
 130577
 130711
 130722
 130741
 130842
 130857
 130955
 131147
 131265
 131313
 131336
 131510
 131564
 131672
 131888
 132139
 132212
 132231
 132232
 132237
 132243
 132442
 132531
 132729
 132729
 132905
 132955
 132998
 133091
 133215
 133455
 133566
 133813
 133828
 134170
 134175
 134190
 134217
 134278
 134287
 134416
 134459
 134848
 134903
 135019
 135124
 135135
 135289
 135346
 135427
 135541
 135542
 135719
 135895
 135911
 135922
 136012
 136026
 136211
 136305
 136316
 136363
 136385
 136444
 136445
 136619
 136780
 136881
 136892
 137050
 137137
 137207
 137566
 137641
 137753
 137789
 137859
 137883
 138033
 138136
 138226
 138237
 138311
 138564
 138612
 138634
 138671
 138676
 138693
 138696
 138830
 138893
 138896
 139026
 139035
 139549
 139564
 139663
 139720
 139761
 139852
 139883
 139925
 139948
 140259
 140286
 140306
 140383
 140461
 140505
 140618
 140648
 140860
 140921
 140939
 141046
 141167
 141298
 141382
 141388
 141440
 141593
 141603
 141680
 141946
 141998
 142005
 142028
 142061
 142316
 142364
 142459
 142558
 142561
 142636
 142806
 142857
 142857
 142857
 142898
 142923
 143042
 143207
 143294
 143372
 143403
 143458
 143528
 143597
 143629
 143712
 143727
 143731
 143810
 143915
 143992
 144056
 144155
 144206
 144227
 144504
 144569
 144633
 144667
 144778
 144814
 144941
 145203
 145317
 145332
 145358
 145359
 145404
 145462
 145503
 145518
 145584
 145602
 145656
 145720
 145960
 145979
 146048
 146048
 146122
 146176
 146211
 146228
 146303
 146448
 146570
 146715
 146720
 146786
 146861
 146863
 147039
 147185
 147289
 147302
 147351
 147442
 147614
 147630
 147671
 147692
 147738
 147864
 148207
 148253
 148261
 148453
 148538
 148777
 149002
 149091
 149100
 149181
 149189
 149210
 149355
 149550
 149692
 149697
 149773
 149920
 150047
 150295
 150335
 150365
 150465
 150672
 150777
 150926
 151008
 151438
 151560
 151580
 151761
 151931
 151947
 151965
 152173
 152182
 152229
 152234
 152248
 152501
 152510
 152588
 152597
 152601
 152734
 152899
 152932
 152942
 153089
 153330
 153383
 153386
 153418
 153680
 153708
 154027
 154103
 154156
 154175
 154212
 154406
 154436
 154645
 154748
 154771
 154946
 155347
 155371
 155399
 155432
 155567
 155583
 155598
 155615
 155723
 155749
 155777
 156176
 156340
 156347
 156396
 156438
 156536
 156621
 156639
 156687
 156708
 156729
 156799
 156905
 157078
 157155
 157379
 157500
 157650
 157677
 157742
 157764
 157811
 157844
 157894
 158188
 158390
 158525
 158577
 158631
 158874
 159092
 159339
 159398
 159478
 159628
 159723
 159875
 159913
 159914
 159996
 160070
 160110
 160261
 160264
 160431
 160448
 160504
 160571
 160574
 160601
 160670
 160810
 161010
 161174
 161383
 161680
 161853
 161874
 161876
 162071
 162381
 162486
 162685
 162720
 162869
 162917
 163060
 163069
 163212
 163220
 163248
 163285
 163352
 163393
 163520
 163559
 163624
 163653
 163789
 163809
 163842
 163993
 164044
 164067
 164147
 164184
 164218
 164230
 164432
 164497
 164687
 164788
 164838
 164949
 164953
 164970
 164989
 165336
 165404
 165467
 165488
 165584
 165681
 165717
 165957
 166046
 166111
 166123
 166176
 166193
 166197
 166250
 166314
 166405
 166437
 166470
 166555
 166634
 167059
 167136
 167198
 167304
 167342
 167408
 167464
 167649
 167674
 167682
 167695
 168105
 168150
 168220
 168696
 168974
 168980
 169062
 169201
 169258
 169368
 169397
 169451
 169452
 169625
 169680
 169923
 169974
 170172
 170297
 170355
 170469
 170535
 170703
 170830
 170971
 171051
 171365
 171496
 171627
 171762
 171836
 171914
 171983
 172004
 172065
 172070
 172222
 172266
 172347
 172413
 172413
 172451
 172603
 172611
 173111
 173123
 173178
 173252
 173614
 173807
 173816
 173826
 173837
 174197
 174240
 174405
 174903
 175061
 175163
 175252
 175289
 175450
 175533
 175543
 175735
 175893
 175953
 176004
 176154
 176163
 176186
 176291
 176346
 176390
 176426
 176433
 176451
 176494
 176496
 176511
 176736
 177068
 177310
 177384
 177413
 177473
 177546
 177650
 177823
 177920
 178100
 178338
 178371
 178409
 178411
 178443
 178610
 178722
 178725
 178852
 178859
 178896
 178932
 179104
 179287
 179588
 179624
 179633
 179701
 179702
 179802
 179865
 179883
 179962
 180018
 180327
 180488
 180668
 180711
 180751
 180952
 180957
 180963
 181041
 181084
 181141
 181352
 181415
 181422
 181429
 181431
 181435
 181519
 181562
 181671
 181703
 181727
 181811
 181818
 181896
 181905
 182175
 182202
 182278
 182281
 182424
 182628
 182886
 183409
 183544
 183546
 183617
 183647
 183673
 183946
 184018
 184097
 184120
 184230
 184358
 184419
 184431
 184462
 184561
 184589
 184608
 184656
 184728
 184883
 185034
 185040
 185079
 185302
 185327
 185390
 185506
 185647
 185647
 185760
 185949
 185950
 186016
 186051
 186073
 186104
 186132
 186242
 186281
 186286
 186395
 186753
 186822
 186987
 186992
 187060
 187500
 187588
 187610
 187665
 187687
 187825
 187870
 188147
 188153
 188189
 188265
 188556
 188624
 188882
 189252
 189697
 189723
 189763
 189896
 189915
 190231
 190241
 190403
 190477
 190499
 190540
 190672
 190688
 190878
 190905
 191032
 191048
 191321
 191475
 191526
 191896
 191907
 191932
 191942
 191995
 192093
 192495
 192529
 192532
 192537
 192683
 192953
 193042
 193115
 193135
 193152
 193217
 193249
 193271
 193394
 193530
 193548
 193604
 193615
 193720
 193805
 193941
 193967
 194042
 194305
 194358
 194424
 194587
 194604
 194714
 194805
 194885
 194958
 194961
 194964
 194971
 195073
 195121
 195159
 195206
 195339
 195426
 195512
 195694
 195853
 196032
 196053
 196078
 196094
 196345
 196441
 196482
 196510
 196548
 196596
 196634
 196709
 196730
 196791
 196843
 196850
 196871
 196901
 197060
 197112
 197170
 197183
 197327
 197583
 197711
 197768
 197832
 198167
 198202
 198223
 198237
 198287
 198292
 198481
 198741
 198753
 198821
 198922
 198973
 199024
 199053
 199065
 199083
 199170
 199268
 199626
 199628
 199691
 199696
 199792
 199800
 200156
 200310
 200375
 200379
 200478
 200908
 200966
 200980
 201005
 201018
 201099
 201299
 201478
 201605
 201634
 201678
 201769
 201830
 201860
 201896
 201965
 201982
 201986
 201987
 202102
 202108
 202140
 202194
 202319
 202347
 202558
 202725
 202782
 203022
 203055
 203197
 203246
 203349
 203592
 203630
 203637
 203681
 204022
 204037
 204385
 204489
 204664
 204735
 204929
 204995
 205374
 205443
 205489
 205609
 205655
 205765
 205878
 205968
 206025
 206041
 206165
 206184
 206354
 206653
 206675
 207110
 207167
 207194
 207215
 207639
 207707
 207852
 207904
 207999
 208064
 208896
 208936
 209059
 209110
 209241
 209301
 209302
 209449
 209577
 209586
 209681
 209698
 209899
 210211
 210467
 210526
 210620
 210695
 210786
 210791
 210898
 210927
 211009
 211056
 211212
 211228
 211415
 211448
 211546
 211572
 211601
 211636
 211687
 211768
 211957
 211991
 212089
 212133
 212690
 212818
 213046
 213187
 213366
 213435
 213603
 213643
 214041
 214102
 214402
 214654
 214708
 214849
 214957
 215042
 215062
 215092
 215207
 215300
 215386
 215410
 215491
 215501
 215514
 215540
 215559
 215655
 215659
 215727
 215775
 215859
 215921
 215956
 216174
 216418
 216597
 216757
 216895
 216902
 216952
 217052
 217174
 217186
 217299
 217316
 217391
 217391
 217554
 217708
 217735
 217989
 218002
 218082
 218085
 218142
 218300
 218404
 218438
 218499
 218795
 218945
 219088
 219130
 219241
 219565
 219586
 219619
 219773
 220103
 220323
 220530
 220536
 220554
 220735
 220886
 221013
 221082
 221102
 221118
 221168
 221187
 221241
 221286
 221336
 221379
 221392
 221443
 221462
 221479
 221631
 221862
 221882
 221996
 222052
 222295
 222465
 222620
 222734
 222749
 222757
 222791
 222884
 222894
 223171
 223234
 223807
 223808
 223858
 223895
 224149
 224168
 224203
 224285
 224361
 224460
 224471
 224624
 224939
 225072
 225172
 225192
 225200
 225231
 225384
 225385
 225395
 225567
 225667
 226079
 226162
 226188
 226244
 226493
 226947
 227201
 227425
 227488
 227496
 227533
 227638
 227674
 227744
 227755
 227931
 228122
 228130
 228197
 228200
 228441
 228485
 228571
 228633
 228712
 228776
 228805
 228915
 229002
 229074
 229082
 229147
 229823
 229832
 229937
 230024
 230126
 230180
 230301
 230330
 230352
 230410
 230455
 230642
 230664
 230681
 230739
 230769
 230769
 230769
 231023
 231191
 231229
 231239
 231338
 231356
 231362
 231388
 231884
 231989
 232316
 232323
 232333
 232387
 232423
 232472
 232494
 232676
 232734
 232749
 232933
 233054
 233076
 233236
 233333
 233396
 233409
 233485
 233602
 234055
 234276
 234483
 234607
 234644
 234653
 234668
 234809
 234887
 234929
 235135
 235148
 235168
 235235
 235294
 235510
 235591
 235629
 235799
 235843
 235869
 235924
 236245
 236389
 236396
 236415
 236419
 236453
 236650
 236698
 236830
 236965
 236995
 237005
 237132
 237166
 237169
 237191
 237218
 237309
 237455
 237480
 237481
 237841
 237981
 238224
 238265
 238306
 238357
 238743
 238794
 238868
 238898
 239113
 239207
 239339
 239401
 239436
 239502
 239538
 239661
 239703
 239938
 240051
 240167
 240187
 240208
 240230
 240242
 240319
 240404
 240443
 240515
 241044
 241063
 241158
 241174
 241200
 241328
 241554
 241680
 241707
 241884
 241915
 242513
 242621
 242671
 242681
 242927
 243002
 243145
 243198
 243277
 243292
 243384
 243478
 243529
 243604
 243909
 243954
 244018
 244019
 244020
 244157
 244171
 244241
 244299
 244339
 244386
 244456
 244465
 244540
 244556
 244562
 244567
 244633
 244754
 244809
 245014
 245066
 245125
 245159
 245182
 245367
 245426
 245645
 245700
 245767
 246053
 246136
 246328
 246384
 246478
 246551
 246636
 246679
 246679
 246684
 246753
 246852
 246890
 246977
 246982
 247026
 247058
 247275
 247301
 247388
 247523
 247680
 247685
 247962
 248098
 248225
 248299
 248544
 248927
 248990
 249053
 249132
 249142
 249282
 249546
 249643
 249657
 249693
 250056
 250130
 250131
 250361
 250544
 250838
 251234
 251255
 251265
 251310
 251649
 251658
 251678
 251700
 251805
 251817
 251901
 251908
 251922
 251936
 251996
 252060
 252060
 252171
 252365
 252366
 252402
 252414
 252479
 252977
 253085
 253089
 253276
 253432
 253634
 253748
 253892
 254047
 254092
 254229
 254314
 254423
 254440
 254586
 254947
 255230
 255261
 255264
 255368
 255391
 255539
 255590
 255608
 255653
 255657
 255668
 255853
 256116
 256338
 256680
 256797
 256833
 256856
 256889
 256923
 256934
 257029
 257148
 257164
 257203
 257229
 257234
 257238
 257281
 257309
 257331
 257341
 257466
 257477
 257487
 257532
 257551
 257657
 257665
 257700
 258041
 258102
 258169
 258225
 258284
 258343
 258359
 258374
 258380
 258385
 258519
 258653
 258659
 258678
 258695
 258701
 258877
 259112
 259172
 259208
 259459
 259587
 259599
 259640
 259765
 259923
 260051
 260058
 260144
 260160
 260207
 260266
 260273
 260375
 260718
 260798
 261101
 261229
 261320
 261448
 261519
 261566
 261594
 261599
 261703
 261727
 261739
 261852
 261984
 262080
 262121
 262226
 262404
 262411
 262824
 262838
 263339
 263340
 263382
 263473
 263491
 263536
 263653
 263665
 263794
 263929
 264044
 264049
 264145
 264150
 264287
 264297
 264366
 264563
 264759
 264785
 264840
 264955
 265062
 265141
 265286
 265535
 266057
 266075
 266157
 266386
 266480
 266527
 266548
 266553
 266743
 266829
 266932
 266935
 267189
 267310
 267314
 267353
 267414
 267979
 268267
 268456
 268566
 268586
 268606
 268623
 268724
 268817
 268846
 268979
 269073
 269361
 269376
 269459
 269517
 269662
 269757
 269962
 269982
 270015
 270050
 270158
 270261
 270279
 270311
 270353
 270458
 270676
 270741
 270828
 271336
 271359
 271539
 271635
 271691
 271810
 271928
 272220
 272463
 272496
 272533
 272537
 272579
 272817
 272925
 273059
 273118
 273127
 273133
 273506
 273628
 273734
 273901
 274217
 274523
 274544
 274734
 274956
 275110
 275177
 275199
 275433
 275658
 275697
 275741
 275785
 275818
 275833
 275844
 275889
 276002
 276081
 276166
 276174
 276197
 276227
 276454
 276467
 276469
 276479
 276488
 276576
 276730
 276738
 276781
 276816
 276839
 276854
 276884
 277203
 277239
 277264
 277349
 277479
 277729
 277820
 277870
 277997
 278011
 278020
 278357
 278427
 278481
 278559
 278695
 278743
 278821
 278951
 278991
 279085
 279101
 279595
 279757
 279861
 279917
 280016
 280187
 280292
 280314
 280437
 280613
 281025
 281222
 281329
 281564
 281676
 281847
 281854
 281872
 282019
 282196
 282511
 282531
 282543
 282619
 282729
 282796
 282899
 283136
 283512
 283548
 283706
 283964
 284176
 284181
 284217
 284292
 284313
 284322
 284325
 284367
 284387
 284411
 284472
 284876
 285019
 285024
 285026
 285044
 285064
 285413
 285433
 285599
 285671
 285714
 285805
 285819
 285903
 286012
 286169
 286214
 286330
 286459
 286498
 286648
 286675
 286818
 286833
 286876
 286898
 286941
 287042
 287042
 287088
 287271
 287273
 287299
 287309
 287352
 287392
 287579
 287587
 287630
 288183
 288230
 288319
 288371
 288375
 288378
 288381
 288543
 288620
 288645
 288729
 288731
 288748
 288895
 289169
 289473
 289489
 289606
 289888
 290005
 290549
 290626
 290708
 290836
 290862
 290951
 290959
 290968
 291491
 291613
 291799
 292011
 292178
 292214
 292235
 292244
 292425
 292564
 292579
 292940
 292947
 293103
 293209
 293297
 293339
 293372
 293426
 293704
 294117
 294117
 294287
 294348
 294357
 294379
 294441
 294479
 294620
 294624
 294657
 294716
 294767
 294777
 294797
 294839
 294988
 295510
 295534
 295608
 295608
 295704
 295852
 296133
 296233
 296265
 296618
 296712
 296776
 296783
 296790
 296836
 296869
 297036
 297258
 297297
 297595
 297602
 298142
 298173
 298184
 298194
 298419
 298840
 298863
 298891
 298906
 299106
 299145
 299258
 299392
 299741
 299802
 299889
 299967
 299999
 300065
 300278
 300348
 300613
 300882
 300901
 300954
 301023
 301315
 301415
 301454
 301478
 301499
 301528
 301718
 301775
 301817
 301832
 301892
 301912
 301917
 302033
 302039
 302148
 302462
 302557
 302572
 302631
 302791
 302830
 302892
 302928
 302935
 303068
 303098
 303123
 303235
 303258
 303355
 303725
 303770
 303788
 303874
 303875
 303982
 304203
 304356
 304357
 304418
 304544
 304694
 305016
 305045
 305074
 305380
 305496
 305621
 306006
 306049
 306079
 306112
 306164
 306199
 306228
 306257
 306333
 306441
 306477
 306484
 306517
 306682
 306764
 306803
 307031
 307034
 307073
 307100
 307278
 307350
 307355
 307453
 307525
 307617
 307619
 307708
 307782
 308044
 308171
 308220
 308270
 308392
 308419
 308520
 308557
 308678
 308835
 308877
 308940
 309064
 309104
 309278
 309304
 309325
 309372
 309399
 309678
 309771
 309804
 309864
 309909
 310081
 310344
 310357
 310516
 310609
 310713
 310767
 310824
 310900
 311063
 311111
 311155
 311158
 311173
 311355
 311393
 311545
 311601
 311615
 311653
 311696
 311771
 311937
 311984
 311985
 312134
 312267
 312402
 312487
 312568
 312629
 312806
 312946
 313022
 313027
 313057
 313390
 313432
 313612
 313666
 314037
 314124
 314232
 314251
 314384
 314389
 314392
 314537
 314589
 314744
 315068
 315100
 315314
 315419
 315743
 315789
 315789
 315875
 315889
 315897
 316009
 316082
 316244
 316255
 316302
 316364
 316367
 316647
 316688
 316786
 317073
 317091
 317172
 317232
 317289
 317396
 317562
 317605
 317985
 317992
 318071
 318090
 318112
 318151
 318238
 318304
 318443
 318558
 318853
 318953
 318958
 319082
 319094
 319226
 319235
 319434
 319543
 319550
 319596
 319835
 320139
 320271
 320355
 320802
 320820
 320822
 321072
 321153
 321412
 321589
 321685
 321761
 321886
 321944
 322028
 322091
 322219
 322274
 322352
 322562
 322663
 322760
 322777
 322807
 322818
 322830
 322956
 323070
 323107
 323122
 323138
 323168
 323411
 323462
 323857
 324061
 324232
 324257
 324393
 324399
 324559
 324572
 324623
 324689
 324697
 324723
 324822
 324969
 324971
 325035
 325041
 325093
 325141
 325228
 325368
 325581
 325604
 325706
 325737
 325802
 325891
 326040
 326096
 326105
 326175
 326418
 326448
 326485
 326667
 326823
 327020
 327084
 327115
 327164
 327568
 327746
 327918
 328050
 328149
 328214
 328258
 328346
 328506
 328517
 328587
 328781
 328817
 328823
 328889
 328988
 329044
 329044
 329132
 329214
 329248
 329508
 329634
 329670
 329758
 329832
 329835
 329866
 329954
 330004
 330231
 330266
 330445
 330555
 330578
 331004
 331131
 331175
 331186
 331288
 331431
 331658
 331658
 331796
 331797
 332050
 332091
 332286
 332346
 332618
 332745
 332749
 332790
 332810
 332826
 333061
 333062
 333156
 333333
 333333
 333438
 333445
 333454
 333729
 333846
 333852
 334261
 334314
 334362
 334431
 334433
 334572
 334956
 334982
 335260
 335423
 335440
 335541
 335655
 335716
 335719
 335758
 335763
 335814
 335904
 335953
 335991
 336061
 336065
 336228
 336284
 336448
 336482
 336490
 336496
 336956
 336980
 337078
 337299
 337326
 337579
 337992
 338099
 338130
 338193
 338401
 338614
 338965
 339008
 339046
 339079
 339155
 339299
 339324
 339425
 339591
 339594
 339671
 339711
 339942
 339992
 340043
 340074
 340234
 340273
 340296
 340372
 340626
 340777
 340964
 340977
 341013
 341268
 341391
 341410
 341448
 341476
 341495
 341767
 341797
 342105
 342129
 342255
 342287
 342463
 342465
 342518
 342564
 342685
 342734
 342738
 342897
 343130
 343547
 343581
 343738
 343852
 343852
 343877
 343950
 343974
 344041
 344086
 344099
 344107
 344296
 344335
 344487
 344534
 344546
 344555
 344583
 344637
 344936
 345168
 345238
 345475
 345752
 345874
 345889
 345993
 346017
 346135
 346267
 346369
 346474
 346534
 346724
 346729
 347096
 347111
 347155
 347280
 347305
 347311
 347346
 347347
 347442
 347533
 347576
 347625
 347706
 347744
 347761
 347814
 347999
 348347
 348829
 348841
 348873
 348977
 349024
 349084
 349168
 349186
 349253
 349260
 349494
 349566
 349849
 349905
 349945
 350291
 350518
 350661
 350967
 351118
 351160
 351170
 351246
 351401
 351403
 351496
 351578
 351611
 351698
 351762
 351882
 351911
 352558
 352569
 352594
 352914
 353053
 353096
 353188
 353345
 353486
 353581
 353592
 353611
 353660
 353675
 353812
 353839
 354092
 354132
 354247
 354267
 354342
 354461
 354488
 354584
 354709
 354781
 354851
 355082
 355115
 355221
 355278
 355282
 355438
 355454
 355518
 355530
 355537
 355601
 355657
 355731
 355795
 356061
 356068
 356321
 356503
 356521
 356640
 356668
 356695
 356725
 356782
 356809
 357142
 357155
 357219
 357303
 357352
 357986
 358102
 358163
 358433
 358444
 358521
 358534
 358656
 358714
 358795
 358951
 358999
 359018
 359035
 359037
 359051
 359176
 359199
 359411
 359512
 359658
 359739
 359911
 360000
 360049
 360141
 360168
 360934
 360975
 361057
 361122
 361445
 361508
 361615
 361776
 361845
 361899
 362034
 362149
 362312
 362531
 362563
 362832
 362934
 363334
 363339
 363360
 363417
 363434
 363438
 363448
 363534
 363695
 363902
 363920
 363980
 364033
 364424
 364731
 364761
 364836
 364876
 365099
 365132
 365137
 365355
 365371
 365381
 365440
 365486
 365665
 365829
 365853
 365879
 365995
 366002
 366186
 366194
 366341
 366512
 366562
 366566
 366644
 366688
 366810
 366811
 366967
 367067
 367094
 367149
 367297
 367328
 367434
 368000
 368053
 368063
 368169
 368174
 368337
 368351
 368452
 368563
 368700
 368812
 368845
 368928
 368962
 369153
 369244
 369285
 369509
 369523
 369663
 369730
 369751
 369953
 370002
 370121
 370198
 370202
 370210
 370270
 370370
 370377
 370419
 370572
 370732
 370767
 370890
 370890
 371056
 371169
 371234
 371294
 371301
 371435
 371514
 371574
 371702
 371704
 371721
 371836
 371843
 372230
 372421
 372486
 372597
 372633
 372714
 372742
 372754
 372780
 372842
 373183
 373257
 373801
 373848
 374083
 374223
 374458
 374554
 374615
 374651
 374697
 374729
 374789
 374814
 375000
 375196
 375286
 375306
 375316
 375524
 375541
 375581
 375744
 375796
 375824
 375863
 375886
 375936
 376240
 376372
 376379
 376429
 376544
 376608
 376894
 376930
 376974
 377128
 377349
 377524
 377565
 377588
 377861
 377862
 377935
 377959
 377975
 378304
 378739
 378784
 378851
 379124
 379207
 379360
 379387
 379460
 379487
 379530
 379659
 380107
 380123
 380135
 380245
 380285
 380336
 380341
 380394
 380449
 380542
 380737
 381181
 381266
 381319
 381470
 381526
 381608
 381640
 381679
 381761
 381775
 381818
 381895
 382112
 382119
 382254
 382292
 382428
 382496
 382803
 382929
 382953
 383116
 383125
 383152
 383168
 383260
 383355
 383406
 383566
 383698
 383768
 383849
 383860
 383993
 384067
 384105
 384290
 384641
 384679
 384708
 384720
 384823
 384860
 384902
 384906
 385041
 385093
 385287
 385346
 385441
 385447
 385468
 385473
 385477
 385523
 385565
 385615
 385809
 386025
 386273
 386548
 386811
 386899
 386903
 386939
 387005
 387037
 387078
 387091
 387216
 387240
 387265
 387336
 387497
 387507
 387676
 387712
 387717
 387834
 388109
 388129
 388182
 388188
 388546
 388608
 388716
 389036
 389258
 389382
 389396
 389413
 389477
 389488
 389490
 389499
 389679
 389703
 389785
 389788
 389806
 389862
 389931
 390161
 390630
 390777
 390914
 391024
 391027
 391117
 391174
 391240
 391304
 391313
 391498
 391527
 391599
 391732
 391828
 391882
 392011
 392090
 392371
 392394
 392413
 392523
 392618
 392684
 392727
 392815
 392880
 392929
 393066
 393098
 393208
 393647
 393658
 393677
 393747
 393814
 393921
 393970
 393991
 394068
 394184
 394379
 394936
 394960
 395061
 395104
 395225
 395343
 395365
 395375
 395399
 395415
 395541
 395702
 395729
 395881
 396088
 396127
 396155
 396649
 396765
 396825
 396839
 397039
 397047
 397100
 397342
 397588
 397728
 397790
 397887
 398027
 398141
 398196
 398310
 398343
 398396
 398505
 398513
 398623
 398735
 398951
 398979
 399105
 399131
 399337
 399380
 399784
 399808
 400000
 400000
 400128
 400165
 400426
 400428
 400470
 400638
 400796
 400861
 400899
 400921
 400927
 400971
 400978
 401038
 401049
 401085
 401211
 401255
 401306
 401330
 401509
 401567
 401644
 401900
 401983
 402012
 402080
 402084
 402135
 402184
 402256
 402358
 402450
 402589
 402654
 402699
 402789
 402890
 402969
 403110
 403145
 403286
 403376
 403407
 403453
 403714
 403787
 403997
 404113
 404204
 404389
 404421
 404596
 404789
 404833
 404990
 405100
 405333
 405453
 405499
 405504
 405524
 405610
 405686
 405819
 405824
 405887
 405981
 406138
 406252
 406364
 406560
 406569
 406693
 406805
 406919
 406969
 407364
 407645
 407661
 407670
 407713
 407877
 407986
 408058
 408106
 408109
 408326
 408648
 408709
 408951
 409135
 409138
 409209
 409346
 409350
 409386
 409399
 409423
 409486
 409517
 409518
 409687
 409739
 409764
 410241
 410256
 410276
 410383
 410440
 410455
 410511
 410579
 411030
 411096
 411220
 411417
 411554
 411565
 411695
 411764
 411764
 411887
 412027
 412111
 412392
 412403
 412547
 412639
 412663
 412903
 413085
 413090
 413104
 413185
 413308
 413490
 413612
 413696
 413925
 413952
 413963
 413985
 414068
 414078
 414284
 414373
 414562
 414613
 414666
 414769
 414834
 414878
 414903
 415010
 415119
 415157
 415480
 415575
 415799
 415845
 415855
 415929
 416093
 416165
 416283
 416395
 416475
 416569
 416588
 416687
 416893
 416913
 417303
 417339
 417427
 417433
 417510
 417570
 417576
 417654
 417998
 418099
 418113
 418173
 418276
 418417
 418508
 418513
 418515
 418592
 418752
 418879
 418918
 418925
 418986
 419218
 419446
 419455
 419477
 419630
 419933
 419962
 420038
 420097
 420152
 420294
 420310
 420393
 420421
 420479
 420560
 420640
 420765
 420804
 420880
 421245
 421278
 421319
 421348
 421359
 421459
 421580
 421682
 421699
 421912
 421916
 422003
 422114
 422428
 422481
 422573
 422638
 422791
 423070
 423150
 423151
 423300
 423383
 423409
 423423
 423599
 423910
 424035
 424052
 424098
 424177
 424340
 424636
 424672
 424829
 425100
 425151
 425196
 425489
 425551
 425617
 425647
 425653
 425789
 425817
 426057
 426070
 426075
 426094
 426241
 426333
 426425
 426463
 426469
 426705
 426813
 426984
 427085
 427166
 427184
 427189
 427367
 427372
 427584
 427622
 427625
 427644
 427678
 427708
 427740
 428019
 428023
 428075
 428145
 428161
 428168
 428169
 428177
 428200
 428225
 428275
 428284
 428427
 428659
 428798
 428861
 429300
 429393
 429487
 429704
 429967
 429977
 430005
 430053
 430055
 430212
 430281
 430317
 430370
 430491
 430516
 430743
 430857
 430996
 431016
 431085
 431121
 431137
 431174
 431176
 431496
 431637
 431846
 432098
 432160
 432170
 432217
 432396
 432517
 432622
 432805
 432934
 433256
 433320
 433519
 433526
 433637
 433706
 433725
 433746
 433784
 434045
 434128
 434143
 434354
 434419
 434782
 434786
 434847
 434867
 434930
 435045
 435188
 435321
 435443
 435644
 435744
 435820
 435823
 435826
 435850
 436000
 436078
 436177
 436238
 436315
 436413
 436548
 436579
 436681
 436707
 436866
 437016
 437041
 437124
 437468
 437728
 437809
 437981
 438368
 438554
 438571
 438606
 438679
 438729
 438848
 438914
 439195
 439273
 439350
 439428
 439560
 439687
 440000
 440122
 440208
 440353
 440386
 440468
 440488
 440510
 440609
 440799
 441220
 441691
 441723
 441796
 441871
 441959
 442158
 442292
 442307
 442509
 442572
 442648
 442773
 442823
 442837
 443106
 443152
 443270
 443512
 443574
 443755
 443910
 444068
 444264
 444336
 444388
 444444
 444488
 444527
 444544
 444688
 444725
 444766
 444848
 444911
 444918
 444980
 445061
 445121
 445209
 445355
 445407
 445578
 445760
 445783
 445973
 446005
 446066
 446096
 446194
 446252
 446254
 446307
 446333
 446337
 446420
 446426
 446700
 446767
 446784
 446808
 446826
 446915
 447011
 447037
 447048
 447134
 447340
 447552
 447575
 447609
 447652
 447673
 447674
 447761
 447802
 447862
 447887
 447911
 447993
 448048
 448130
 448154
 448316
 448348
 448416
 448526
 448561
 448612
 448828
 448979
 448996
 449016
 449043
 449230
 449294
 449702
 449963
 450001
 450014
 450112
 450561
 450574
 450844
 451441
 451532
 451557
 451606
 451710
 451767
 451774
 451937
 451988
 451999
 452068
 452180
 452214
 452248
 452427
 452452
 452552
 452730
 452843
 453015
 453146
 453151
 453301
 453312
 453318
 453333
 453349
 453394
 453472
 453526
 454059
 454101
 454142
 454172
 454373
 454476
 454720
 454890
 454903
 454915
 455052
 455059
 455062
 455065
 455196
 455270
 455341
 455348
 455549
 455645
 455688
 455710
 455905
 456142
 456217
 456244
 456552
 456611
 456671
 456793
 456890
 456968
 456974
 457142
 457166
 457279
 457355
 457442
 457448
 457498
 457526
 457718
 457886
 458017
 458096
 458126
 458189
 458325
 458531
 458647
 458679
 458721
 458880
 458939
 458943
 458951
 458982
 459095
 459254
 459312
 459326
 459383
 459424
 459477
 459514
 459589
 459656
 459817
 459920
 459924
 459975
 460032
 460108
 460122
 460178
 460246
 460333
 460379
 460696
 460764
 460768
 460974
 461016
 461200
 461355
 461367
 461370
 461375
 461479
 461528
 461627
 461728
 461827
 462254
 462301
 462365
 462365
 462371
 462392
 462412
 462853
 463105
 463181
 463625
 463690
 463717
 463883
 463966
 463976
 464017
 464170
 464209
 464234
 464246
 464393
 464491
 464519
 464587
 464606
 464632
 464708
 464882
 465030
 465078
 465286
 465385
 465505
 465517
 465593
 465660
 466017
 466158
 466508
 466600
 466666
 466675
 466892
 466971
 467125
 467289
 467434
 467460
 467467
 467470
 467684
 467706
 467836
 467970
 468008
 468222
 468292
 468446
 468578
 468596
 468770
 468839
 468957
 469078
 469090
 469177
 469292
 469368
 469464
 469604
 469644
 469984
 470019
 470305
 470368
 470389
 470489
 470885
 471108
 471428
 471437
 471464
 471482
 471496
 471832
 471910
 471995
 471996
 472386
 472476
 472500
 472503
 472511
 472588
 472656
 472835
 472882
 473448
 473451
 473570
 473591
 473641
 473650
 473674
 473684
 473720
 473802
 473827
 473840
 474251
 474320
 474330
 474646
 474681
 474689
 474923
 474928
 475302
 475427
 475551
 475684
 475846
 475964
 476258
 476642
 476813
 476836
 476988
 477029
 477149
 477226
 477326
 477351
 477542
 477572
 477575
 477707
 477756
 477886
 478191
 478254
 478278
 478289
 478320
 478386
 478413
 478632
 478685
 478768
 478805
 478832
 478925
 478934
 478935
 479138
 479203
 479256
 479260
 479460
 479734
 479747
 479923
 479971
 480065
 480097
 480171
 480222
 480244
 480314
 480343
 480837
 480849
 481000
 481017
 481104
 481120
 481239
 481340
 481363
 481481
 481488
 481623
 481749
 481783
 481843
 481936
 482017
 482227
 482246
 482532
 482621
 482658
 482670
 482713
 482781
 482833
 482837
 482971
 483556
 483576
 483598
 483620
 483678
 483728
 483785
 483849
 483880
 483884
 484037
 484068
 484277
 484321
 484421
 484432
 484461
 484719
 484757
 484797
 484848
 484999
 485113
 485249
 485325
 485336
 485409
 485413
 485419
 485608
 485649
 485652
 485704
 485813
 485898
 485943
 486042
 486066
 486077
 486131
 486230
 486238
 486284
 486370
 486371
 486438
 486694
 486758
 487176
 487200
 487221
 487259
 487511
 487558
 487580
 487615
 487871
 487996
 487997
 487999
 488297
 488349
 488388
 488410
 488448
 488476
 488531
 488590
 488694
 488772
 488777
 488792
 489165
 489364
 489404
 489646
 489673
 489836
 489929
 489949
 489959
 489972
 490436
 490438
 490507
 490509
 490563
 490706
 490754
 490813
 490828
 491076
 491383
 491404
 491458
 491542
 491573
 491803
 491826
 491909
 491946
 491954
 492129
 492173
 492234
 492478
 492524
 492537
 492559
 492682
 492817
 493014
 493111
 493111
 493467
 493624
 493653
 493798
 493890
 493904
 493929
 493957
 493967
 494002
 494130
 494361
 494563
 494895
 494949
 494955
 495061
 495151
 495292
 495307
 495312
 495451
 495564
 495599
 495760
 495816
 495833
 495853
 495878
 496011
 496229
 496296
 496424
 496484
 496707
 496723
 496733
 496766
 497017
 497127
 497185
 497265
 497265
 497290
 497317
 497351
 497378
 497551
 497644
 497715
 497841
 497940
 498184
 498220
 498256
 498366
 498395
 498443
 498459
 498864
 498885
 498941
 499423
 499762
 499844
 499957
 499959
 500000
 500000
 500000
 500201
 500248
 500599
 500677
 500692
 500708
 500924
 501035
 501216
 501272
 501315
 501376
 501812
 501841
 502255
 502386
 502606
 502825
 502958
 502982
 503067
 503086
 503099
 503180
 503328
 503334
 503376
 503411
 503472
 503496
 503560
 503612
 503784
 503829
 503864
 504672
 504673
 504686
 504694
 504697
 504843
 504914
 504979
 505079
 505173
 505181
 505416
 505494
 505525
 505535
 505556
 505636
 505679
 505743
 505840
 506063
 506391
 506473
 506488
 506582
 507099
 507109
 507375
 507438
 507536
 507549
 507552
 507552
 507646
 507758
 507837
 507840
 507925
 507989
 508090
 508714
 508919
 509074
 509258
 509309
 509337
 509457
 509489
 509702
 509903
 510042
 510079
 510239
 510280
 510681
 510824
 511019
 511159
 511248
 511278
 511289
 511412
 511494
 511558
 511564
 511848
 512345
 512368
 512389
 512527
 512536
 512764
 512765
 512891
 512913
 512958
 513018
 513153
 513289
 513361
 513412
 513427
 513645
 513747
 513771
 513872
 514012
 514089
 514141
 514277
 514285
 514309
 514360
 514427
 514431
 514552
 514744
 514968
 515031
 515061
 515169
 515483
 515513
 515585
 515943
 516129
 516149
 516165
 516183
 516355
 516372
 516375
 516482
 516575
 516629
 516683
 516740
 516742
 516935
 516982
 517006
 517038
 517128
 517128
 517304
 517313
 517330
 518051
 518081
 518226
 518333
 518419
 518424
 518437
 518518
 518518
 518646
 518715
 518808
 519104
 519182
 519215
 519464
 519609
 519735
 519747
 519944
 519952
 520134
 520154
 520449
 520464
 520571
 520625
 520747
 520837
 520934
 520951
 520996
 521359
 521423
 521434
 521437
 521504
 521515
 521772
 522058
 522200
 522235
 522678
 522681
 522777
 522858
 522911
 523012
 523051
 523214
 523306
 523410
 523561
 523603
 523723
 523836
 523863
 523893
 523975
 523982
 524024
 524202
 524251
 524253
 524317
 524367
 524372
 524423
 524475
 524625
 524702
 524752
 524808
 524851
 525411
 525542
 525573
 525597
 525682
 525699
 525727
 525806
 525853
 525915
 525916
 525937
 525939
 526104
 526291
 526378
 526585
 526807
 526985
 527272
 527333
 527401
 527497
 527766
 527914
 528038
 528064
 528072
 528092
 528102
 528119
 528164
 528276
 528312
 528473
 528649
 528711
 528733
 528875
 528911
 528972
 528976
 529045
 529155
 529202
 529376
 529411
 529553
 529567
 529815
 529877
 529937
 529980
 530061
 530278
 530279
 530318
 530350
 530633
 530702
 530702
 530703
 530773
 531232
 531497
 531512
 531600
 531615
 531746
 531800
 531836
 532184
 532235
 532349
 532362
 532522
 532528
 533076
 533179
 533225
 533424
 533651
 533724
 533759
 533880
 534083
 534243
 534290
 534345
 534741
 534803
 534863
 534929
 534977
 535112
 535211
 535491
 535521
 535545
 535782
 535787
 535836
 535947
 535951
 535958
 536119
 536133
 536155
 536349
 536545
 536633
 536650
 536661
 536792
 536796
 537133
 537395
 537574
 537579
 537587
 537617
 537749
 537796
 538056
 538138
 538170
 538353
 538415
 538461
 538625
 538782
 538853
 539033
 539391
 539494
 539525
 539812
 539825
 539933
 540384
 540450
 540545
 540612
 540803
 540880
 540999
 541021
 541284
 541335
 541617
 542313
 542354
 542376
 542642
 542676
 542800
 542800
 542943
 543028
 543150
 543470
 543498
 543556
 543564
 543670
 543909
 543910
 543933
 543942
 544066
 544202
 544288
 544431
 544461
 544960
 545141
 545156
 545184
 545368
 545454
 545657
 545679
 545683
 545706
 545740
 545814
 546139
 546323
 546348
 546600
 546622
 546627
 546802
 546840
 546880
 546985
 547119
 547169
 547304
 547492
 547891
 547981
 547999
 548077
 548121
 548158
 548192
 548385
 548387
 548473
 548546
 548621
 548904
 548961
 549094
 549271
 549290
 549353
 549378
 549420
 550008
 550041
 550332
 550355
 550403
 550576
 550725
 550740
 550753
 550791
 550888
 551033
 551047
 551071
 551093
 551113
 551208
 551214
 551275
 551309
 551340
 551354
 551662
 551695
 551710
 551768
 551804
 552017
 552068
 552233
 552237
 552353
 552642
 552745
 552910
 553008
 553072
 553291
 553321
 553420
 553614
 553730
 553969
 554003
 554050
 554112
 554364
 554579
 554690
 554728
 554770
 554858
 554900
 554973
 555010
 555183
 555277
 555293
 555555
 555620
 555654
 555656
 555742
 556071
 556129
 556385
 556556
 556587
 556858
 557063
 557077
 557103
 557213
 557227
 557256
 557590
 557853
 558028
 558231
 558239
 558270
 558462
 558468
 558643
 558886
 558897
 558918
 559022
 559177
 559181
 559213
 559217
 559247
 559322
 559484
 559828
 559954
 560210
 560239
 560312
 560376
 560377
 560406
 560555
 560649
 560656
 560747
 560751
 560787
 560866
 560912
 560996
 561012
 561251
 561294
 561639
 561643
 561854
 561936
 562093
 562347
 562367
 562638
 562653
 562664
 562884
 562900
 562967
 562982
 563053
 563125
 563300
 563338
 563466
 563540
 563597
 563675
 563753
 563824
 563894
 564062
 564128
 564350
 564417
 564461
 564502
 564618
 564700
 565031
 565237
 565262
 565329
 565753
 565756
 565795
 565864
 565997
 566056
 566083
 566096
 566104
 566212
 566304
 566623
 566761
 566859
 567127
 567143
 567222
 567347
 567395
 567539
 567555
 567629
 567723
 567765
 567774
 567893
 567995
 568021
 568142
 568329
 568378
 568405
 568659
 568710
 568714
 568727
 568998
 569130
 569190
 569218
 569249
 569295
 569365
 569456
 569460
 569471
 569970
 570011
 570083
 570128
 570344
 570430
 570517
 570640
 570644
 570781
 571120
 571122
 571428
 571428
 571637
 571673
 571682
 571767
 571942
 571954
 572218
 572280
 572287
 572293
 572345
 572559
 572568
 572607
 572634
 572710
 572749
 572794
 572906
 572937
 573115
 573196
 573288
 573366
 573513
 573566
 573617
 573653
 573753
 573873
 574029
 574045
 574095
 574111
 574174
 574358
 574518
 574533
 574700
 574930
 574951
 575107
 575122
 575122
 575242
 575246
 575322
 575342
 575418
 575447
 575496
 575547
 575739
 575757
 575823
 575856
 576000
 576206
 576334
 576586
 576590
 576737
 576779
 576781
 576935
 577001
 577171
 577393
 577441
 577501
 577579
 577669
 577693
 577722
 577801
 577870
 578103
 578282
 578313
 578358
 578626
 578863
 578926
 578928
 579200
 579242
 579420
 579485
 579559
 579561
 579563
 579586
 579642
 579748
 579919
 579977
 579984
 580129
 580186
 580218
 580243
 580320
 580330
 580392
 580432
 581040
 581196
 581316
 581364
 581566
 581632
 581732
 581742
 581990
 582078
 582221
 582267
 582522
 582572
 582657
 582736
 583111
 583232
 583254
 583801
 583802
 583822
 583957
 584033
 584070
 584174
 584209
 584228
 584237
 584389
 584482
 584599
 584676
 584699
 584983
 585021
 585041
 585192
 585197
 585224
 585506
 585773
 585943
 585948
 585960
 586009
 586043
 586054
 586055
 586206
 586206
 586245
 586261
 586461
 586478
 586525
 586565
 586600
 586712
 586714
 586750
 586893
 587131
 587186
 587413
 587434
 587669
 587697
 587897
 588038
 588312
 588321
 588343
 588354
 588411
 588544
 588598
 588680
 588939
 588964
 589045
 589120
 589153
 589158
 589179
 589216
 589351
 590043
 590426
 590462
 590553
 590656
 590730
 590977
 590987
 590999
 591042
 591170
 591318
 591339
 591553
 591616
 591623
 591699
 591808
 591836
 591999
 592155
 592162
 592243
 592275
 592517
 592534
 592693
 592727
 593011
 593305
 593434
 593594
 593659
 593659
 593704
 593734
 593861
 593965
 594035
 594047
 594352
 594494
 594594
 594675
 595016
 595020
 595206
 595208
 595385
 595531
 595718
 595818
 595842
 596244
 596387
 596457
 596460
 596491
 596521
 596643
 596697
 596792
 596887
 597045
 597053
 597164
 597277
 597388
 597532
 597909
 598099
 598099
 598786
 598866
 598882
 599077
 599186
 599222
 599314
 599315
 599403
 599502
 599659
 599790
 600157
 600343
 600346
 600388
 600402
 600408
 600473
 600474
 600554
 600714
 600715
 600732
 600739
 600745
 600922
 600940
 601027
 601476
 601515
 601518
 601610
 601630
 601716
 601769
 601822
 602028
 602058
 602067
 602150
 602209
 602292
 602493
 602803
 602902
 603198
 603198
 603266
 603606
 603755
 603773
 603843
 603846
 604110
 604114
 604128
 604264
 604419
 604537
 604578
 604754
 604873
 604889
 604904
 605052
 605078
 605091
 605147
 605304
 605336
 605425
 605760
 605775
 605782
 605838
 605839
 605876
 606063
 606083
 606102
 606129
 606144
 606173
 606286
 606372
 606443
 606475
 606727
 606806
 606887
 606892
 606895
 607050
 607050
 607088
 607246
 607442
 607732
 607738
 607754
 607901
 608099
 608108
 608247
 608390
 608640
 608665
 608767
 608808
 609139
 609154
 609170
 609479
 609571
 609640
 609782
 609799
 609868
 610075
 610120
 610192
 610266
 610294
 610389
 610628
 610649
 610665
 610746
 610808
 610855
 610939
 610966
 611031
 611091
 611116
 611242
 611533
 611556
 611856
 612071
 612079
 612081
 612210
 612244
 612244
 612305
 612518
 612576
 612621
 612628
 612959
 613040
 613135
 613185
 613325
 613407
 613670
 613677
 613690
 613691
 613724
 613763
 613778
 613801
 613995
 614042
 614046
 614073
 614107
 614305
 614316
 614330
 614372
 614391
 614716
 614747
 614951
 614962
 614999
 615045
 615141
 615202
 615215
 615340
 615384
 615642
 615675
 615723
 615846
 616004
 616193
 616347
 616379
 616631
 616651
 616687
 617052
 617186
 617337
 617341
 617431
 617452
 617539
 617545
 617560
 617745
 617804
 617901
 617956
 618031
 618098
 618284
 618693
 618869
 619293
 619382
 619676
 620032
 620037
 620077
 620082
 620185
 620220
 620286
 620326
 620389
 620610
 620772
 620802
 620932
 621024
 621132
 621136
 621146
 621231
 621249
 621336
 621373
 621583
 621682
 621763
 621859
 621934
 621938
 621995
 622244
 622291
 622324
 622511
 622578
 622588
 622640
 622698
 622736
 622812
 622977
 622999
 623240
 623293
 623433
 623782
 623975
 624194
 624415
 624422
 624502
 624583
 624612
 624666
 624745
 624798
 624828
 624992
 625170
 625360
 625395
 625395
 625480
 625597
 625733
 625739
 625756
 625760
 625963
 625999
 626026
 626049
 626103
 626168
 626187
 626344
 626364
 626465
 626627
 626631
 626633
 626683
 626751
 626761
 626947
 626970
 627086
 627157
 627264
 627413
 627422
 627450
 627450
 627494
 627622
 627627
 627632
 627658
 627871
 627990
 628019
 628187
 628263
 628375
 628387
 628424
 628696
 628834
 629126
 629336
 629471
 629530
 629644
 629686
 629696
 629700
 629754
 629945
 630092
 630185
 630245
 630336
 630591
 630657
 630700
 630726
 630769
 630845
 631074
 631286
 631314
 631335
 631346
 631383
 631386
 631447
 631516
 631527
 631552
 631630
 631683
 631818
 631866
 631929
 631971
 632269
 632271
 632279
 632334
 632409
 632513
 632595
 632686
 632818
 632833
 632916
 633102
 633115
 633663
 633722
 633734
 633750
 633912
 633922
 633967
 634131
 634189
 634249
 634314
 634383
 634496
 634735
 634850
 634878
 634944
 635175
 635221
 635294
 635339
 635467
 635482
 635563
 635602
 635703
 635724
 635771
 635791
 635818
 636225
 636346
 636399
 636755
 636761
 636765
 636828
 636866
 636886
 636972
 637020
 637403
 637422
 637432
 637469
 637479
 637530
 637571
 637611
 637630
 637681
 637868
 638032
 638037
 638151
 638198
 638220
 638238
 638280
 638304
 638513
 638532
 638940
 638950
 639042
 639073
 639111
 639114
 639123
 639146
 639162
 639324
 639551
 639633
 639736
 639753
 639877
 639880
 640000
 640230
 640405
 640495
 640506
 640660
 640870
 640921
 640958
 641018
 641036
 641137
 641145
 641218
 641277
 641487
 641567
 641716
 641775
 641815
 641848
 642158
 642172
 642376
 642398
 642495
 642637
 642651
 642652
 642675
 642743
 642756
 642778
 643011
 643267
 643275
 643312
 643654
 643699
 643851
 643891
 643893
 644054
 644059
 644154
 644519
 644859
 644861
 644862
 644874
 645161
 645275
 645336
 645456
 645569
 645599
 645702
 645703
 645751
 645879
 645941
 646166
 646380
 646430
 646526
 646687
 646698
 646786
 646796
 646830
 646861
 646977
 647027
 647073
 647093
 647127
 647255
 647876
 647885
 647977
 647982
 648005
 648102
 648136
 648259
 648323
 648392
 648407
 648496
 648513
 648657
 648742
 648760
 648820
 648924
 648975
 649006
 649047
 649048
 649140
 649339
 649341
 649604
 649729
 649731
 649883
 650000
 650112
 650309
 650314
 650502
 650556
 650597
 650669
 650732
 650767
 650845
 651002
 651104
 651129
 651551
 651557
 651690
 651711
 651878
 651965
 651969
 652009
 652024
 652102
 652110
 652394
 652459
 652707
 652726
 652818
 653018
 653050
 653123
 653149
 653311
 653336
 653497
 653762
 653984
 653992
 654171
 654199
 654217
 654320
 654392
 654479
 654564
 654735
 654777
 654785
 654839
 654901
 654913
 655194
 655206
 655284
 655375
 655384
 655384
 655574
 655819
 655859
 655866
 655913
 656130
 656198
 656370
 656370
 656563
 656565
 656569
 656624
 656752
 656758
 656765
 656910
 656955
 656981
 657011
 657045
 657171
 657173
 657191
 657312
 657534
 657603
 657676
 657822
 657954
 658171
 658193
 658227
 658375
 658416
 658420
 658426
 658682
 658713
 658762
 658937
 659009
 659030
 659030
 659483
 659608
 659638
 659745
 659867
 659898
 660131
 660548
 660557
 660606
 660611
 660687
 660810
 660854
 660870
 660972
 661126
 661206
 661219
 661320
 661382
 661494
 661502
 661620
 661765
 661831
 661945
 661965
 662331
 662519
 662613
 662620
 662626
 662639
 662918
 662927
 663359
 663366
 663692
 663761
 663791
 663880
 663906
 664172
 664288
 664364
 664378
 664507
 664576
 664761
 664803
 664974
 664989
 665142
 665315
 665660
 665672
 665676
 665778
 665806
 665909
 666077
 666220
 666305
 666448
 666609
 666666
 666666
 666998
 667120
 667135
 667198
 667203
 667286
 667387
 667439
 667611
 667637
 667640
 667750
 667894
 667924
 667970
 667980
 668027
 668325
 668450
 668586
 668874
 668930
 669034
 669115
 669186
 669467
 669596
 669735
 669838
 669961
 670303
 670378
 670527
 670538
 670567
 670600
 670656
 670680
 670682
 670784
 670875
 670877
 670995
 671247
 671340
 671459
 671562
 671581
 671610
 671656
 671798
 671824
 671865
 671906
 671936
 672155
 672247
 672377
 672410
 672599
 672959
 672970
 673186
 673300
 673632
 673875
 674014
 674066
 674201
 674280
 674353
 674360
 674383
 674418
 674426
 674503
 674518
 674593
 674879
 675035
 675255
 675259
 675324
 675352
 675444
 675480
 675532
 675550
 675566
 675673
 675822
 675902
 675936
 676021
 676033
 676203
 676257
 676261
 676326
 676673
 677064
 677174
 677275
 677419
 677584
 677595
 677830
 677852
 677889
 677899
 678079
 678151
 678198
 678489
 678510
 678571
 678671
 678840
 678899
 679190
 679291
 679642
 679847
 679867
 679902
 679976
 679996
 680068
 680104
 680209
 680422
 680426
 680434
 680678
 680733
 680802
 680835
 681162
 681260
 681268
 681368
 681554
 681628
 681632
 681648
 681673
 681692
 681744
 681780
 681796
 681818
 681855
 682021
 682501
 682750
 682753
 682916
 683079
 683081
 683210
 683217
 683509
 683551
 683557
 683631
 683741
 683765
 683961
 684049
 684123
 684210
 684505
 684590
 684717
 685050
 685160
 685469
 685579
 685796
 685872
 686274
 686321
 686725
 686801
 686838
 687115
 687233
 687483
 687500
 687708
 687813
 687898
 687937
 687943
 687998
 688017
 688185
 688241
 688454
 689006
 689069
 689095
 689103
 689141
 689147
 689204
 689263
 689398
 689442
 689554
 689780
 689845
 689887
 689889
 689963
 690105
 690137
 690150
 690272
 690340
 690590
 690599
 690624
 690693
 691073
 691085
 691112
 691121
 691154
 691179
 691264
 691394
 691567
 691595
 691696
 691703
 692181
 692511
 692546
 692589
 692611
 692685
 692777
 692910
 693150
 693166
 693202
 693229
 693251
 693306
 693333
 693504
 694069
 694280
 694540
 694708
 694762
 694797
 694837
 695114
 695391
 695402
 695493
 695561
 695622
 695652
 695673
 695850
 695875
 695890
 696016
 696026
 696152
 696208
 696315
 696356
 696388
 696428
 696490
 696514
 697217
 697222
 697252
 697276
 697280
 697386
 697679
 697839
 697880
 697921
 697971
 698088
 698161
 698493
 698716
 698728
 698856
 698957
 699016
 699030
 699096
 699163
 699588
 699619
 699843
 699865
 699886
 700013
 700073
 700082
 700317
 700376
 700650
 700699
 700891
 701048
 701070
 701073
 701143
 701240
 701347
 701421
 701525
 701680
 701866
 702058
 702117
 702187
 702209
 702245
 702419
 702442
 702443
 702604
 702623
 702702
 702741
 702861
 703003
 703021
 703110
 703112
 703174
 703345
 703458
 703479
 703555
 703671
 703672
 703703
 703725
 703901
 703995
 704125
 704183
 704186
 704191
 704194
 704220
 704455
 704460
 704467
 704624
 704655
 704839
 704857
 705014
 705126
 705205
 705453
 705559
 705560
 705882
 706014
 706403
 706468
 706874
 706876
 706980
 707028
 707044
 707229
 707317
 707407
 707436
 707537
 707553
 707631
 707644
 707692
 707761
 707868
 708282
 708333
 708362
 708383
 708384
 708477
 708583
 708609
 708898
 708918
 709209
 709251
 709327
 709582
 709611
 709662
 709671
 709853
 709957
 709985
 709998
 710154
 710407
 710593
 710641
 710682
 710737
 710888
 711529
 711700
 711706
 711728
 711832
 711867
 712037
 712166
 712500
 712554
 712593
 712786
 712824
 713041
 713073
 713094
 713170
 713590
 713770
 713809
 713933
 713977
 713995
 714285
 714285
 714480
 714534
 714547
 714617
 714644
 714693
 714703
 714735
 714832
 714839
 714865
 714918
 715023
 715137
 715170
 715181
 715249
 715393
 715565
 715596
 715841
 715923
 716081
 716100
 716129
 716262
 716307
 716628
 716798
 716897
 716998
 717135
 717353
 717393
 717428
 717514
 717535
 717598
 717660
 717948
 718130
 718296
 718309
 718545
 718567
 718700
 718740
 718895
 718978
 719251
 719462
 719468
 719512
 719540
 719626
 719642
 719681
 719685
 719702
 719812
 719881
 719955
 720000
 720143
 720189
 720262
 720264
 720273
 720289
 720569
 720736
 720762
 720796
 720872
 720874
 720887
 720962
 720967
 721003
 721063
 721164
 721212
 721225
 721495
 721607
 721614
 721835
 721908
 721999
 722143
 722169
 722470
 722490
 722555
 722558
 722580
 722707
 722847
 722855
 722874
 722978
 723105
 723270
 723393
 723467
 723482
 723634
 723753
 723814
 723849
 723889
 724100
 724100
 724137
 724191
 724245
 724469
 724609
 724666
 724675
 724679
 724696
 724732
 724763
 724919
 725091
 725133
 725188
 725215
 725241
 725314
 725403
 725417
 725440
 725519
 725661
 725873
 725873
 725879
 726111
 726304
 726539
 726873
 726942
 727110
 727203
 727467
 727471
 727601
 727806
 727880
 728004
 728159
 728432
 728553
 728553
 728572
 728603
 728813
 729005
 729019
 729101
 729261
 729272
 729312
 729464
 729494
 729615
 729687
 729729
 729729
 729790
 729824
 729845
 729850
 729957
 730042
 730060
 730268
 730823
 730929
 730994
 731092
 731112
 731209
 731229
 731262
 731293
 731326
 731364
 731544
 731644
 731702
 731998
 732180
 732203
 732332
 732338
 732394
 732407
 732491
 732492
 732495
 732571
 732591
 732692
 732708
 732826
 733009
 733079
 733089
 733167
 733180
 733190
 733238
 733256
 733267
 733362
 733373
 733706
 733777
 733887
 733903
 733931
 734023
 734072
 734192
 734205
 734246
 734292
 734415
 734487
 734506
 734619
 734656
 734664
 734792
 734840
 734892
 735061
 735092
 735102
 735140
 735218
 735284
 735355
 735481
 735497
 735983
 735993
 736260
 736529
 736541
 736549
 736554
 736805
 736906
 736991
 737038
 737073
 737190
 737258
 737275
 737302
 737505
 737590
 737641
 737846
 737856
 737858
 737914
 737928
 737943
 737949
 737976
 738045
 738074
 738160
 738273
 738366
 738584
 738646
 738686
 738745
 738788
 739004
 739052
 739101
 739178
 739376
 739460
 739583
 739701
 739844
 739904
 739922
 739997
 740041
 740056
 740315
 740441
 740762
 740763
 740786
 741092
 741111
 741111
 741125
 741521
 741751
 741815
 741847
 741912
 741974
 742009
 742047
 742126
 742230
 742362
 742477
 742571
 742662
 742762
 742882
 742884
 743057
 743060
 743084
 743091
 743104
 743297
 743388
 743416
 743474
 743607
 743629
 743712
 743740
 743772
 743919
 743919
 744175
 744348
 744360
 744600
 744631
 744806
 744855
 744872
 744980
 745058
 745083
 745313
 745334
 745510
 745766
 745839
 745945
 746039
 746220
 746302
 746390
 746487
 746491
 746628
 746655
 746707
 746709
 746752
 746823
 746835
 746847
 746984
 747057
 747087
 747114
 747115
 747226
 747288
 747292
 747368
 747447
 747753
 747793
 747847
 747883
 747957
 748029
 748135
 748141
 748272
 748292
 748302
 748310
 748332
 748358
 748366
 748377
 748400
 748633
 748678
 748845
 748862
 748883
 748941
 748971
 748981
 749237
 749307
 749433
 749568
 749774
 749790
 749860
 749907
 750139
 750396
 750404
 750865
 750908
 750962
 751080
 751194
 751287
 751297
 751368
 751421
 751442
 751455
 751493
 751868
 751930
 751954
 752201
 752320
 752510
 752630
 752717
 752773
 752808
 752871
 752941
 752947
 753171
 753225
 753504
 753715
 753732
 753772
 753790
 753794
 753831
 753875
 754259
 754287
 754299
 754325
 754806
 754817
 754851
 754963
 755158
 755169
 755253
 755306
 755489
 756042
 756052
 756148
 756205
 756327
 756340
 756476
 756530
 756531
 756653
 756688
 756750
 756872
 756880
 756904
 756911
 757075
 757078
 757118
 757362
 757514
 757595
 757633
 757688
 757725
 757982
 758062
 758064
 758162
 758166
 758268
 758342
 758536
 758551
 758605
 758620
 758620
 758646
 758681
 758761
 758857
 758928
 759314
 759493
 759589
 759605
 759999
 760116
 760144
 760349
 760456
 760520
 760581
 760601
 760676
 760707
 760869
 760893
 760906
 761210
 761312
 761338
 761895
 761918
 762008
 762028
 762043
 762379
 762421
 762682
 762960
 763039
 763311
 763425
 763523
 763646
 763695
 763708
 763758
 763944
 763983
 764149
 764348
 764521
 764578
 765094
 765106
 765275
 765308
 765405
 765419
 765570
 765625
 765728
 766146
 766451
 766665
 766778
 766816
 766839
 766982
 766985
 767084
 767323
 767377
 767389
 767408
 767652
 767764
 767788
 767807
 767835
 767878
 767907
 767909
 767968
 768126
 768132
 768147
 768289
 768312
 768344
 768430
 768434
 768536
 768554
 768619
 768667
 768818
 768868
 769555
 769633
 769917
 769926
 770034
 770058
 770136
 770270
 770281
 770546
 770548
 770744
 770837
 770992
 771114
 771116
 771134
 771325
 771683
 771831
 771837
 771866
 771965
 771979
 772048
 772202
 772261
 772410
 772460
 772552
 772559
 772879
 772882
 772967
 773067
 773107
 773237
 773484
 773487
 773495
 773535
 773695
 773710
 773779
 773819
 773940
 773950
 774164
 774228
 774638
 774728
 774836
 775010
 775061
 775190
 775253
 775295
 775322
 775455
 775576
 775708
 775717
 775849
 775944
 776632
 776686
 776720
 776735
 776930
 776977
 777119
 777162
 777248
 777446
 777455
 777687
 777777
 777851
 777980
 778109
 778263
 778267
 778278
 778315
 778349
 778382
 778393
 778427
 778440
 778443
 778484
 778666
 778696
 778718
 778734
 778931
 779076
 779141
 779180
 779282
 779358
 779452
 779562
 779904
 780000
 780015
 780284
 780446
 780496
 780609
 780769
 780789
 780911
 780979
 781100
 781159
 781415
 781426
 781429
 781491
 781579
 781744
 781818
 781846
 781860
 781896
 781994
 782021
 782183
 782235
 782283
 782401
 782445
 782484
 782542
 782622
 782692
 782779
 782823
 782882
 782890
 783092
 783726
 783906
 783922
 784033
 784081
 784195
 784336
 784800
 784950
 785009
 785123
 785143
 785197
 785225
 785272
 785403
 785434
 785434
 785730
 785734
 785734
 785745
 785892
 786119
 786342
 786379
 786382
 786407
 786409
 786510
 786563
 786622
 786709
 786736
 787131
 787219
 787464
 787648
 787681
 787720
 787753
 787846
 788428
 788445
 788652
 788843
 788883
 788971
 789019
 789210
 789267
 789437
 789473
 789508
 789555
 789605
 789708
 789899
 789900
 789941
 790047
 790138
 790140
 790170
 790351
 790432
 790464
 790874
 790955
 791057
 791250
 791499
 791541
 791602
 791632
 791663
 791822
 792134
 792346
 792722
 792736
 793182
 793446
 793743
 793960
 793971
 794087
 794087
 794125
 794131
 794174
 794214
 794227
 794272
 794340
 794520
 794575
 794669
 794691
 794769
 794777
 794782
 794930
 794976
 795076
 795129
 795425
 795625
 795640
 795657
 795688
 795711
 795876
 796129
 796189
 796317
 796367
 796647
 796698
 796699
 796932
 796953
 796959
 796998
 797342
 797387
 797393
 797401
 797427
 797600
 797787
 797822
 797856
 797979
 798063
 798158
 798163
 798241
 798260
 798456
 798521
 798587
 798807
 798816
 798851
 798965
 799102
 799295
 799410
 799563
 799637
 799796
 799858
 799999
 800000
 800000
 800000
 800000
 800000
 800042
 800077
 800100
 800108
 800157
 800187
 800206
 800279
 800304
 800371
 800604
 800746
 800838
 801007
 801015
 801108
 801307
 801328
 801337
 801354
 801410
 801462
 801555
 801670
 801952
 802150
 802794
 802872
 802958
 803025
 803198
 803229
 803434
 803448
 803497
 803618
 803649
 803765
 804042
 804298
 804476
 804622
 805057
 805165
 805227
 805474
 805693
 805785
 805911
 805970
 805979
 805980
 806039
 806056
 806350
 806460
 806557
 806666
 806678
 806816
 806907
 806986
 807068
 807073
 807087
 807228
 807588
 807791
 807805
 808041
 808282
 808303
 808430
 808649
 808653
 808655
 808683
 808901
 808948
 809112
 809333
 809401
 809421
 809434
 809559
 809571
 809619
 809971
 809992
 810055
 810101
 810250
 810363
 810371
 810408
 810490
 810543
 810560
 810752
 810760
 810800
 810901
 810933
 811076
 811253
 811379
 811437
 811442
 811448
 811451
 811528
 811556
 811920
 812075
 812144
 812204
 812398
 812451
 812535
 812635
 812839
 812900
 813000
 813185
 813198
 813358
 813391
 813465
 813531
 813557
 813675
 813695
 813868
 813897
 813977
 814243
 814394
 814414
 814448
 814507
 814652
 814660
 814748
 814768
 814781
 814791
 815050
 815130
 815272
 815296
 815340
 815376
 815431
 815593
 815778
 815780
 815814
 815919
 816295
 816297
 816436
 816449
 816526
 816852
 816935
 817001
 817188
 817253
 817362
 817429
 817782
 817927
 817935
 818061
 818133
 818168
 818339
 818510
 818684
 818939
 818972
 818997
 819241
 819476
 819566
 819656
 819986
 820028
 820063
 820313
 820336
 820484
 820761
 820776
 821158
 821205
 821265
 821278
 821325
 821425
 821566
 821685
 821873
 821934
 822075
 822253
 822297
 822341
 822410
 822541
 822624
 822852
 822871
 822880
 823052
 823129
 823250
 823321
 823330
 823379
 823420
 823425
 823529
 823582
 823592
 823747
 823783
 823831
 823848
 823849
 823887
 824179
 824191
 824282
 824284
 824298
 824378
 824620
 824696
 824902
 825028
 825559
 825750
 825795
 825858
 825881
 825922
 825929
 826007
 826113
 826140
 826247
 826270
 826431
 826456
 826741
 826784
 826806
 826862
 826874
 826897
 827086
 827228
 827405
 827453
 827458
 827732
 827757
 827931
 827956
 828002
 828058
 828168
 828271
 828301
 828393
 828447
 828464
 828476
 828680
 828760
 828770
 828770
 828775
 828813
 828862
 828868
 828978
 829118
 829125
 829156
 829378
 829387
 829523
 829687
 829864
 830122
 830186
 830286
 830348
 830837
 830880
 831151
 831168
 831231
 831300
 831377
 831537
 831656
 831874
 831998
 832057
 832129
 832142
 832230
 832388
 832391
 832431
 832524
 832579
 832759
 832901
 833004
 833021
 833055
 833069
 833198
 833200
 833218
 833239
 833262
 833414
 833572
 833599
 833615
 833671
 833717
 834002
 834032
 834104
 834268
 834285
 834365
 834397
 834473
 834498
 834512
 834542
 834571
 834645
 834651
 834656
 834890
 834908
 834953
 834961
 835051
 835063
 835093
 835109
 835202
 835274
 835315
 835456
 835459
 835598
 835759
 835869
 835953
 835975
 836166
 836272
 836330
 836370
 836620
 836893
 837046
 837050
 837066
 837099
 837118
 837127
 837183
 837320
 837350
 837421
 837482
 837571
 837661
 837784
 837938
 838184
 838409
 838724
 838802
 839013
 839357
 839506
 839550
 839558
 839607
 839928
 839931
 839984
 840170
 840368
 840433
 840485
 840768
 840778
 840781
 840923
 840988
 841017
 841213
 841220
 841251
 841270
 841360
 841452
 841530
 841642
 841750
 842105
 842187
 842310
 842467
 842647
 842682
 843098
 843120
 843178
 843204
 843244
 843258
 843343
 843358
 843579
 843751
 843877
 843896
 843897
 843924
 844004
 844038
 844080
 844094
 844139
 844303
 844411
 844444
 844466
 844638
 844647
 844731
 844896
 845083
 845091
 845171
 845207
 845326
 845508
 845544
 845814
 845855
 845907
 846279
 846330
 846406
 846436
 846584
 846637
 846759
 847012
 847014
 847368
 847428
 847502
 847553
 847710
 847733
 847740
 848016
 848079
 848118
 848121
 848359
 848489
 848549
 848558
 848646
 848689
 848763
 848797
 849140
 849162
 849174
 849178
 849334
 849420
 849586
 849616
 849631
 849641
 849659
 849669
 849784
 849841
 849847
 849946
 850129
 850310
 850326
 850334
 850422
 850455
 850640
 850767
 850796
 850799
 851027
 851030
 851042
 851176
 851176
 851180
 851256
 851449
 851546
 851717
 851803
 851843
 851901
 851989
 852029
 852191
 852228
 852387
 852592
 852911
 852921
 853033
 853142
 853177
 853221
 853341
 853412
 853730
 853736
 854025
 854030
 854059
 854277
 854470
 854925
 855090
 855109
 855214
 855291
 855307
 855388
 855417
 855511
 855541
 855545
 855606
 855760
 855883
 856069
 856072
 856211
 856252
 856427
 856442
 856444
 856465
 856549
 856649
 856672
 856779
 856825
 857004
 857142
 857446
 857470
 857695
 857813
 857918
 858025
 858056
 858073
 858087
 858130
 858494
 858724
 858828
 858877
 859063
 859118
 859326
 859334
 859352
 859371
 859600
 860009
 860070
 860139
 860238
 860316
 860375
 860385
 860569
 860579
 860946
 861068
 861177
 861187
 861266
 861273
 861297
 861445
 861473
 861603
 861822
 861890
 861893
 861946
 862115
 862142
 862212
 862218
 862252
 862369
 862370
 862434
 862902
 863252
 863313
 863347
 863397
 863446
 863669
 863713
 864188
 864202
 864300
 864381
 864403
 864450
 864537
 864610
 864677
 864721
 864794
 864811
 864932
 865137
 865168
 865206
 865406
 865425
 865555
 865692
 865780
 866028
 866124
 866221
 866368
 866441
 866580
 866596
 867044
 867115
 867206
 867364
 867518
 867582
 867914
 867924
 868055
 868354
 868367
 868383
 868497
 868518
 868692
 868772
 868778
 868948
 868957
 869077
 869135
 869207
 869300
 869343
 869383
 869406
 869413
 869478
 869626
 869718
 869847
 869942
 870037
 870047
 870056
 870059
 870292
 870400
 870961
 870962
 871054
 871192
 871324
 871356
 871395
 871473
 871508
 871622
 871649
 871681
 871866
 871874
 871897
 871913
 871990
 872019
 872044
 872163
 872231
 872277
 872365
 872374
 872396
 872461
 872493
 872727
 873040
 873114
 873170
 873216
 873217
 873300
 873368
 873443
 873452
 873470
 873822
 873854
 873930
 874074
 874235
 874241
 874294
 874539
 874551
 874585
 874596
 874683
 874756
 874801
 874994
 875000
 875234
 875264
 875276
 875333
 875383
 875409
 875511
 875678
 875958
 876247
 876325
 876441
 876595
 876634
 876658
 876724
 876880
 876941
 877113
 877206
 877375
 877422
 877576
 877651
 877750
 877829
 878108
 878180
 878205
 878271
 878338
 878559
 878657
 878680
 878694
 878864
 878957
 879071
 879283
 879329
 879396
 879588
 879633
 879685
 879775
 879778
 879968
 879999
 880000
 880143
 880160
 880252
 880341
 880415
 880552
 880651
 880652
 880749
 880982
 881076
 881188
 881190
 881278
 881310
 881743
 881744
 881987
 882008
 882145
 882165
 882178
 882206
 882287
 882288
 882397
 882442
 882611
 882948
 882963
 883001
 883116
 883131
 883219
 883361
 883372
 883378
 883478
 883534
 883697
 883767
 883822
 883837
 883923
 883934
 884431
 884822
 884854
 885032
 885245
 885368
 885383
 885511
 885516
 885673
 885824
 885830
 885881
 885970
 886010
 886258
 886296
 886353
 886366
 886416
 886566
 886597
 886750
 886912
 886950
 887340
 887358
 887482
 887545
 887718
 887744
 887746
 887775
 887834
 888104
 888188
 888464
 888470
 888679
 888888
 888994
 889071
 889125
 889247
 889386
 889475
 889687
 889709
 889781
 889921
 889927
 890100
 890236
 890501
 890541
 890738
 891078
 891107
 891162
 891355
 891414
 891428
 891517
 891566
 891579
 891671
 891725
 891891
 891943
 892208
 892267
 892283
 892527
 892608
 892871
 892945
 892957
 893015
 893028
 893048
 893096
 893168
 893344
 893376
 893413
 893600
 893687
 894040
 894603
 894643
 894663
 894663
 894684
 894815
 894878
 894999
 895007
 895027
 895035
 895260
 895518
 895579
 895622
 895683
 895868
 896115
 896177
 896207
 896306
 896429
 896551
 896955
 896968
 896969
 897084
 897131
 897196
 897371
 897376
 897504
 897654
 898022
 898103
 898137
 898364
 898454
 898507
 898510
 898612
 898640
 898938
 898946
 899428
 899433
 899530
 899604
 900113
 900184
 900231
 900350
 900421
 900510
 900609
 900747
 900986
 901031
 901097
 901124
 901128
 901327
 901867
 901960
 902166
 902254
 902293
 902356
 902394
 902439
 902452
 902487
 902504
 902723
 902752
 902793
 902857
 902883
 903159
 903174
 903480
 903918
 903930
 903972
 904015
 904558
 904735
 904750
 904804
 904884
 904929
 905030
 905188
 905249
 905422
 905472
 905495
 905619
 905762
 906064
 906355
 906430
 906492
 906510
 906748
 906810
 907023
 907229
 907246
 907333
 907391
 907401
 907486
 907497
 907526
 907692
 907707
 907745
 907759
 907877
 907949
 908012
 908061
 908078
 908118
 908229
 908392
 908416
 908418
 908520
 908644
 908655
 908745
 908793
 908798
 908799
 908830
 908837
 908952
 908960
 908987
 909090
 909307
 909324
 909333
 909364
 909376
 909397
 909487
 909519
 909595
 909641
 909740
 909783
 910031
 910302
 910432
 910459
 910515
 910521
 910682
 910750
 911007
 911213
 911270
 911376
 911402
 911463
 911487
 911511
 911790
 911800
 911820
 911877
 911886
 911899
 911980
 912130
 912212
 912228
 912235
 912297
 912321
 912585
 912657
 912671
 912686
 912816
 912830
 912985
 913240
 913260
 913295
 913338
 913433
 913855
 913866
 913875
 914118
 914127
 914132
 914174
 914292
 914411
 914476
 914477
 914914
 915090
 915157
 915375
 915442
 915463
 915508
 915756
 915794
 916015
 916384
 916473
 916815
 916826
 917026
 917073
 917105
 917200
 917258
 917344
 917378
 917401
 917428
 917503
 917588
 917709
 917718
 917761
 917823
 917889
 917936
 918211
 918250
 918367
 918367
 918410
 918506
 918625
 918758
 919141
 919272
 919288
 919339
 919498
 919617
 919726
 919946
 920039
 920216
 920245
 920307
 920485
 920493
 920610
 920680
 920718
 920916
 921009
 921020
 921090
 921133
 921629
 921662
 921710
 921712
 921754
 921767
 921828
 921832
 921905
 921908
 922036
 922144
 922180
 922192
 922347
 922406
 922647
 922689
 923290
 923589
 923774
 923803
 924071
 924090
 924161
 924208
 924227
 924247
 924302
 924382
 924504
 924534
 924704
 924731
 924844
 925032
 925039
 925414
 925490
 925617
 925725
 925903
 925942
 926001
 926182
 926186
 926377
 926676
 926929
 927009
 927075
 927363
 927445
 927499
 927654
 927770
 927864
 927972
 928026
 928074
 928080
 928217
 928235
 928338
 928524
 928528
 928710
 928807
 928892
 928979
 929142
 929332
 929350
 929371
 929612
 929780
 929931
 930014
 930542
 930635
 930685
 930868
 930893
 931015
 931066
 931086
 931171
 931279
 931407
 931477
 931538
 931558
 931777
 932474
 932506
 932548
 932603
 932673
 932806
 932946
 932953
 933043
 933060
 933066
 933200
 933256
 933260
 933279
 933304
 933358
 933369
 933522
 933657
 933687
 933694
 933721
 934000
 934224
 934278
 934434
 934513
 934559
 934560
 934635
 934667
 934716
 934794
 935136
 935205
 935290
 935297
 935323
 935367
 935383
 935447
 935462
 935504
 935668
 935676
 935823
 935832
 935844
 936052
 936231
 936339
 936435
 936560
 936666
 936669
 936730
 936736
 936840
 936860
 937007
 937130
 937132
 937137
 937200
 937246
 937345
 937351
 937383
 937447
 937533
 937566
 937645
 938213
 938238
 938240
 938290
 938296
 938423
 938533
 938714
 938860
 938864
 938911
 938992
 939007
 939351
 939511
 939539
 939718
 939853
 939858
 939890
 939910
 940023
 940097
 940170
 940588
 940884
 940983
 941018
 941176
 941352
 941376
 941554
 941813
 941891
 942026
 942127
 942389
 942410
 942891
 942915
 943260
 943267
 943280
 943489
 943558
 943775
 943784
 943786
 943964
 944101
 944148
 944451
 944473
 944499
 944568
 944731
 944923
 944954
 945149
 945299
 945534
 945543
 945563
 945627
 945632
 945859
 945892
 945975
 945997
 946029
 946068
 946078
 946101
 946331
 946465
 946524
 946545
 946558
 946647
 946871
 947041
 947066
 947136
 947368
 947464
 947565
 947580
 947961
 948058
 948256
 948399
 948413
 948497
 948510
 948583
 948733
 949055
 949078
 949140
 949186
 949247
 949313
 949562
 949820
 950122
 950204
 950373
 950494
 950597
 950636
 950709
 950759
 951130
 951391
 951516
 951675
 951804
 951856
 951877
 951911
 952036
 952045
 952177
 952282
 952282
 952488
 952526
 952596
 952603
 952714
 952879
 952880
 952927
 953079
 953206
 953301
 953346
 953550
 953612
 953684
 953703
 953718
 953736
 953748
 953754
 953879
 953982
 954138
 954206
 954327
 954480
 954498
 954555
 954559
 954584
 954629
 954682
 954751
 954819
 954839
 954901
 954934
 954977
 954983
 955372
 955453
 955490
 955508
 955570
 955651
 955786
 955796
 955809
 955837
 955921
 956151
 956370
 956431
 956448
 956521
 956591
 956740
 956789
 956885
 956981
 957047
 957108
 957235
 957245
 957365
 957683
 957746
 957792
 957843
 957875
 958102
 958192
 958253
 958372
 958435
 958452
 958847
 959206
 959279
 959333
 959478
 959489
 959502
 959592
 959640
 960226
 960380
 960456
 960478
 960554
 960623
 960775
 960937
 961004
 961015
 961038
 961174
 961238
 961306
 961471
 961565
 961630
 961737
 961742
 962004
 962010
 962059
 962298
 962410
 962438
 962476
 962793
 962798
 962962
 962989
 963083
 963520
 963546
 963585
 963791
 963931
 964108
 964300
 964360
 964363
 964423
 964603
 964784
 964954
 965138
 965171
 965333
 965419
 965517
 965591
 965636
 965733
 965788
 965823
 965970
 965995
 966035
 966179
 966243
 966505
 966527
 966558
 966640
 966735
 966772
 966989
 967020
 967242
 967245
 967412
 967413
 967423
 967485
 967585
 967594
 967723
 967741
 967960
 968164
 968203
 968269
 968361
 968429
 968475
 968549
 968758
 968775
 968793
 969085
 969148
 969211
 969230
 969247
 969280
 969334
 969349
 969550
 969635
 969897
 970123
 970311
 970421
 970432
 970728
 970780
 970847
 970954
 971281
 971397
 971496
 971581
 971602
 971644
 971746
 971920
 971922
 972073
 972136
 972168
 972408
 972460
 972610
 972745
 972760
 972793
 972817
 972881
 972934
 973143
 973227
 973340
 973548
 973603
 973688
 973955
 974203
 974214
 974269
 974307
 974316
 974490
 974525
 974659
 974733
 975083
 975187
 975575
 975611
 975619
 975728
 975755
 975770
 975899
 976074
 976134
 976143
 976184
 976271
 976323
 976350
 976372
 976452
 976470
 976653
 976847
 977181
 977378
 977399
 977421
 977552
 977985
 978000
 978012
 978046
 978488
 978640
 978902
 978959
 978972
 978995
 979039
 979189
 979217
 979342
 979348
 979381
 979387
 979405
 979428
 979564
 979634
 979752
 979865
 979906
 979908
 979931
 980324
 980352
 980388
 980438
 980471
 980513
 980540
 980871
 980996
 981234
 981288
 981309
 981469
 981489
 981588
 981651
 981693
 981741
 981944
 982014
 982254
 982326
 982331
 982342
 982356
 982381
 982395
 982564
 982725
 982832
 982925
 982956
 983043
 983209
 983534
 983543
 983670
 983713
 983777
 983792
 983947
 984089
 984137
 984247
 984338
 984418
 984547
 984552
 984572
 984604
 984725
 984817
 984921
 985050
 985081
 985092
 985207
 985237
 985346
 985505
 985507
 985523
 985535
 985599
 985619
 985626
 985760
 985796
 986067
 986137
 986387
 986427
 986467
 986486
 986537
 986601
 986796
 986866
 986938
 987074
 987129
 987240
 987242
 987386
 987503
 987520
 987603
 987728
 987740
 987754
 987840
 987884
 988089
 988110
 988145
 988236
 988281
 988308
 988347
 988479
 988783
 988908
 988948
 988952
 989086
 989098
 989111
 989274
 989365
 989559
 989650
 989954
 990087
 990233
 990371
 990552
 990627
 990708
 991131
 991186
 991208
 991673
 991703
 991710
 991715
 991726
 992025
 992116
 992129
 992135
 992186
 992215
 992264
 992267
 992323
 992338
 992358
 992405
 992417
 992651
 992836
 993155
 993238
 993341
 993399
 993752
 993800
 993862
 993879
 993934
 994070
 994401
 994499
 994933
 994948
 995004
 995016
 995085
 995142
 995384
 995634
 995645
 995708
 995926
 996076
 996120
 996132
 996207
 996219
 996327
 996725
 996778
 996838
 996914
 996937
 997367
 997456
 997504
 997599
 997711
 997774
 997875
 998058
 998235
 998376
 998583
 998737
 998859
 999131
 999177
 999200
 999318
 999334
 