0
 0
 0
 0
 0
 0
 0
 0
 0
 138
 241
 287
 548
 718
 786
 870
 914
 986
 1062
 1283
 1299
 1965
 2113
 2136
 2173
 2317
 2323
 2358
 2767
 2879
 3003
 3065
 3091
 3189
 3291
 3524
 3594
 3628
 3755
 3960
 4264
 4268
 4466
 4504
 4518
 4558
 4622
 4623
 4632
 4767
 4973
 4975
 5120
 5267
 5342
 5361
 5647
 5677
 5818
 5835
 5848
 5991
 5996
 6311
 6338
 6629
 6661
 6726
 6790
 6854
 6867
 6906
 6926
 6985
 7073
 7231
 7346
 7526
 8061
 8184
 8222
 8231
 8346
 8410
 8736
 8910
 8920
 8933
 9096
 9123
 9149
 9214
 9355
 9430
 9445
 9641
 9688
 9797
 9939
 10041
 10074
 10201
 10723
 10972
 11097
 11247
 11259
 11270
 11271
 11347
 11365
 11422
 11461
 11629
 11779
 12027
 12050
 12083
 12103
 12168
 12235
 12276
 12279
 12356
 12462
 12616
 12838
 13003
 13190
 13263
 13275
 13327
 13398
 13494
 13657
 13704
 13848
 13850
 13899
 14184
 14349
 14555
 14570
 14658
 14676
 14771
 14926
 15036
 15038
 15132
 15139
 15319
 15562
 15603
 15754
 16169
 16344
 16456
 16509
 16622
 16739
 16840
 16926
 16949
 17155
 17275
 17352
 17391
 17396
 17619
 17730
 17773
 17796
 17872
 18021
 18216
 18275
 18318
 18324
 18329
 18603
 18771
 18834
 18936
 19135
 19199
 19316
 19321
 19333
 19336
 19442
 19575
 19679
 19697
 19739
 19793
 19835
 20066
 20138
 20199
 20286
 20425
 20451
 20944
 21104
 21132
 21179
 21298
 21477
 21481
 21517
 21528
 21562
 21571
 21743
 21864
 21927
 22114
 22121
 22138
 22147
 22185
 22221
 22226
 22270
 22402
 22420
 22482
 22761
 22791
 22811
 23088
 23127
 23286
 23432
 23532
 23614
 23620
 23633
 23678
 23696
 23774
 24038
 24098
 24198
 24584
 24713
 24785
 24794
 24820
 24838
 24947
 25041
 25063
 25311
 25443
 25453
 25491
 25558
 25730
 26044
 26058
 26354
 26533
 26711
 26750
 26772
 27027
 27049
 27485
 27568
 27588
 27592
 27617
 27679
 27907
 28071
 28314
 28315
 28409
 28426
 28675
 28680
 28770
 28873
 28920
 28999
 29013
 29055
 29066
 29156
 29218
 29287
 29336
 29563
 29646
 29697
 29751
 29882
 29899
 29953
 30101
 30267
 30294
 30459
 30751
 31100
 31250
 31279
 31296
 31397
 31414
 31570
 31696
 31725
 31758
 31815
 31830
 32057
 32104
 32244
 32595
 32600
 32684
 32802
 32803
 33057
 33207
 33384
 33557
 33681
 33700
 33769
 33790
 33898
 34116
 34139
 34246
 34278
 34523
 34700
 34782
 34854
 34915
 35207
 35280
 35290
 35369
 35396
 35460
 35514
 35630
 35658
 35714
 35824
 35875
 35928
 36093
 36127
 36236
 36264
 36288
 36339
 36377
 36403
 36789
 36913
 37037
 37053
 37163
 37354
 37495
 37733
 37744
 37810
 37872
 37922
 37931
 38084
 38107
 38114
 38309
 38492
 38500
 38676
 38767
 38859
 38901
 38961
 39046
 39089
 39115
 39227
 39275
 39382
 39456
 39577
 39703
 39735
 39776
 40174
 40264
 40307
 40325
 40349
 40367
 40445
 40676
 40740
 40798
 40895
 40997
 41007
 41139
 41155
 41407
 41650
 41724
 41851
 41946
 42036
 42046
 42172
 42231
 42245
 42340
 42340
 42397
 42403
 42470
 42575
 42600
 42901
 42981
 43021
 43033
 43243
 43307
 43375
 43567
 43652
 43910
 44245
 44276
 44608
 44621
 44845
 45073
 45201
 45454
 45512
 45613
 45645
 45687
 45820
 45863
 46194
 46270
 46286
 46463
 46511
 46511
 46762
 46812
 46879
 47013
 47020
 47084
 47273
 47416
 47489
 47695
 47749
 47861
 47865
 47873
 48217
 48572
 48677
 48948
 49084
 49144
 49341
 49343
 49467
 49501
 49805
 49876
 49969
 50008
 50020
 50077
 50177
 50196
 50209
 50229
 50325
 50383
 50390
 50562
 50625
 50647
 50679
 50686
 50816
 50825
 50836
 50904
 50909
 51072
 51129
 51145
 51155
 51182
 51223
 51487
 51542
 51550
 51939
 51993
 52047
 52144
 52251
 52351
 52356
 52605
 52631
 53080
 53191
 53252
 53260
 53312
 53331
 53338
 53461
 53894
 53978
 54131
 54168
 54179
 54193
 54512
 54693
 54810
 54862
 55178
 55188
 55310
 55328
 55358
 55541
 55555
 55578
 55697
 55726
 55947
 55956
 56169
 56202
 56311
 56363
 56496
 56603
 56606
 56768
 56858
 57153
 57195
 57254
 57306
 57331
 57347
 57500
 57777
 57810
 58139
 58383
 58719
 58823
 58848
 59112
 59114
 59141
 59308
 59364
 59633
 59905
 59907
 59912
 59985
 60069
 60303
 60311
 60329
 60527
 60528
 60606
 60752
 60769
 60811
 60975
 61029
 61059
 61076
 61187
 61629
 61672
 61745
 61798
 61824
 62043
 62079
 62118
 62135
 62310
 62400
 62406
 62621
 62622
 62646
 62705
 62755
 62816
 62889
 62992
 63199
 63241
 63254
 63476
 63490
 63872
 63913
 64000
 64024
 64102
 64209
 64376
 64467
 64529
 64569
 64612
 64646
 64652
 64691
 64729
 64783
 64784
 64787
 64904
 64939
 65081
 65492
 65629
 65676
 65694
 65774
 65795
 65837
 65934
 65969
 66095
 66251
 66265
 66491
 66666
 66688
 66919
 66929
 67007
 67233
 67251
 67274
 67292
 67304
 67461
 67502
 67502
 67678
 67697
 67767
 67787
 67796
 67841
 67872
 67901
 68047
 68109
 68143
 68358
 68369
 68377
 68409
 68816
 68839
 68847
 68868
 68893
 68997
 69095
 69124
 69160
 69189
 69284
 69343
 69425
 69575
 69580
 69612
 69699
 69934
 69948
 69978
 69986
 70290
 70391
 70449
 70706
 70755
 70784
 70812
 70914
 70965
 71064
 71178
 71197
 71233
 71291
 71312
 71350
 71377
 71428
 71763
 71794
 71928
 71938
 72009
 72054
 72079
 72155
 72156
 72162
 72284
 72294
 72308
 72338
 72346
 72451
 72457
 72524
 72539
 72588
 72697
 72922
 72949
 73156
 73175
 73196
 73288
 73384
 73396
 73625
 74155
 74183
 74196
 74219
 74265
 74558
 74566
 74618
 74697
 74699
 74783
 74881
 74918
 75058
 75116
 75379
 75488
 75828
 76265
 76276
 76388
 76607
 76720
 76967
 76976
 77086
 77145
 77178
 77294
 77352
 77464
 77517
 77592
 77742
 77748
 77859
 77992
 78034
 78251
 78435
 78508
 78569
 78603
 78612
 78629
 78745
 78807
 78836
 78909
 78960
 79003
 79020
 79082
 79165
 79310
 79640
 79700
 79705
 79842
 79945
 79950
 80008
 80110
 80301
 80304
 80459
 80698
 80894
 81028
 81081
 81198
 81199
 81334
 81389
 82035
 82114
 82151
 82191
 82247
 82365
 82368
 82389
 82546
 82571
 82670
 82756
 82776
 82840
 83018
 83029
 83145
 83150
 83327
 83419
 83445
 83817
 83992
 84003
 84078
 84348
 84397
 84464
 84569
 84625
 84732
 84740
 84779
 84786
 84955
 85092
 85106
 85142
 85178
 85286
 85307
 85314
 85318
 85335
 85342
 85399
 85520
 85799
 85946
 86030
 86412
 86432
 86488
 86528
 86720
 86759
 86800
 86963
 87012
 87407
 87491
 87628
 87632
 87824
 87835
 87959
 88428
 88488
 88567
 88835
 89061
 89066
 89144
 89175
 89193
 89195
 89226
 89232
 89260
 89356
 89667
 89706
 89709
 89814
 89853
 89923
 89931
 89988
 90053
 90073
 90163
 90217
 90623
 90736
 90824
 90879
 90897
 90948
 90983
 91143
 91244
 91490
 91577
 91642
 91668
 91848
 91854
 91861
 91919
 91959
 91977
 91993
 92203
 92445
 92521
 92674
 92856
 92895
 92982
 92992
 93258
 93274
 93432
 93575
 93668
 93729
 94048
 94051
 94186
 94249
 94304
 94359
 94788
 94991
 95061
 95134
 95283
 95330
 95388
 95390
 95440
 95772
 95774
 95792
 95846
 95932
 95955
 96039
 96076
 96080
 96210
 96330
 96334
 96421
 96566
 96577
 96612
 96841
 96900
 97026
 97049
 97411
 97443
 97569
 97715
 97817
 98000
 98232
 98422
 98484
 98829
 98943
 98981
 99117
 99201
 99467
 99496
 99562
 99615
 99699
 99784
 99907
 99999
 100066
 100209
 100495
 100659
 100842
 100850
 100894
 100917
 100966
 100982
 100994
 101056
 101157
 101180
 101234
 101261
 101335
 101382
 101400
 101488
 101741
 101820
 101864
 101953
 102169
 102272
 102298
 102325
 102345
 102480
 102482
 102605
 102969
 103028
 103033
 103072
 103117
 103188
 103245
 103265
 103276
 103331
 103387
 103696
 103721
 103949
 104088
 104173
 104206
 104234
 104289
 104294
 104351
 104366
 104456
 104618
 104716
 104764
 104807
 104813
 104823
 104984
 105283
 105302
 105309
 105405
 105489
 105490
 105548
 105585
 105827
 105845
 105942
 105976
 106092
 106202
 106237
 106383
 106413
 106489
 106626
 106757
 106904
 107138
 107296
 107331
 107557
 107712
 107725
 107828
 107843
 107922
 107941
 108018
 108192
 108235
 108314
 108454
 108512
 108547
 108708
 108787
 108851
 108866
 108882
 108909
 108964
 109151
 109323
 109386
 109393
 109446
 109552
 109682
 109890
 109981
 110052
 110086
 110304
 110338
 110389
 110398
 110440
 110460
 110462
 110551
 110570
 110591
 110606
 110630
 110957
 111018
 111111
 111171
 111180
 111384
 111511
 111668
 111735
 111835
 111893
 111950
 111954
 112038
 112069
 112397
 112649
 112679
 112917
 113076
 113122
 113496
 113525
 113788
 113793
 113805
 113819
 113846
 113917
 114092
 114190
 114346
 114359
 114383
 114561
 114704
 114854
 114888
 114930
 115069
 115139
 115361
 115680
 115696
 115786
 115788
 115876
 116074
 116104
 116198
 116690
 116706
 116909
 117263
 117312
 117478
 117552
 117566
 117635
 117664
 117834
 117949
 117974
 118025
 118152
 118210
 118340
 118342
 118375
 118433
 118694
 118775
 118877
 118981
 119086
 119323
 119338
 119367
 119402
 119469
 119493
 119651
 119675
 119730
 120017
 120098
 120235
 120292
 120323
 120333
 120450
 120639
 120747
 121059
 121231
 121243
 121400
 121422
 121539
 121602
 121640
 121734
 121754
 121894
 122088
 122127
 122296
 122598
 122631
 122697
 123009
 123206
 123273
 123528
 123561
 123649
 123674
 123731
 124121
 124156
 124189
 124263
 124416
 124558
 124611
 124774
 124782
 124810
 124970
 124972
 124992
 125045
 125180
 125250
 125284
 125303
 125502
 125771
 125861
 125904
 126009
 126145
 126168
 126213
 126214
 126345
 126415
 126434
 126572
 126623
 126756
 126817
 126818
 126947
 127022
 127139
 127194
 127294
 127524
 127561
 127626
 127649
 127667
 127722
 127772
 127962
 128077
 128135
 128183
 128465
 128892
 129325
 129378
 129492
 129530
 129623
 129687
 129950
 130002
 130013
 130069
 130081
 130313
 130319
 130500
 130503
 130540
 130718
 130758
 130982
 130986
 131270
 131416
 131459
 131641
 131730
 131797
 131903
 131909
 132032
 132079
 132204
 132366
 132370
 132598
 132655
 132692
 132788
 132894
 132947
 132968
 133018
 133092
 133159
 133290
 133380
 133444
 133571
 133613
 133720
 133803
 133836
 133846
 133964
 133987
 134146
 134190
 134227
 134361
 134462
 134482
 134518
 134574
 134581
 134775
 134866
 134903
 134943
 135023
 135023
 135143
 135182
 135309
 135317
 135488
 135535
 135686
 135787
 135960
 136000
 136070
 136464
 136479
 136608
 136691
 136770
 136812
 136828
 137388
 137403
 137438
 137498
 137522
 137589
 137597
 137668
 137804
 137822
 137840
 138079
 138247
 138257
 138278
 138311
 138322
 138401
 138462
 138682
 138803
 138851
 138933
 139038
 139097
 139332
 139354
 139354
 139438
 139470
 139518
 139534
 139534
 139697
 139771
 140037
 140059
 140096
 140133
 140281
 140287
 140354
 140560
 140721
 140940
 141019
 141150
 141253
 141276
 141453
 141804
 141922
 142032
 142145
 142225
 142264
 142452
 142534
 142602
 142631
 142700
 142872
 142954
 143006
 143042
 143079
 143087
 143267
 143279
 143330
 143402
 143529
 143542
 143737
 143896
 143941
 143957
 144128
 144134
 144225
 144379
 144520
 144533
 144543
 144618
 144711
 145061
 145103
 145138
 145161
 145221
 145291
 145316
 145433
 145442
 145447
 145484
 145518
 145855
 145855
 145916
 145962
 146017
 146020
 146059
 146227
 146436
 146451
 146527
 146682
 146712
 146742
 146784
 146904
 146970
 147580
 147735
 147769
 147918
 147933
 148053
 148074
 148148
 148211
 148397
 148449
 148631
 148768
 148813
 148877
 148913
 148948
 149025
 149176
 149228
 149269
 149461
 149558
 149593
 149613
 149697
 149726
 149771
 149922
 149933
 150205
 150434
 150438
 150492
 150561
 150580
 150733
 150912
 151123
 151138
 151170
 151364
 151438
 151494
 151495
 151516
 151612
 151649
 151955
 152126
 152310
 152329
 152331
 152396
 152422
 152427
 152821
 152920
 153301
 153498
 153504
 153853
 154024
 154047
 154116
 154168
 154244
 154250
 154415
 154446
 154525
 154618
 154648
 154803
 154938
 154961
 154969
 155227
 155256
 155396
 155460
 155507
 155539
 155639
 155825
 155876
 156007
 156008
 156031
 156054
 156094
 156272
 156503
 156513
 156552
 156571
 156679
 156739
 157014
 157015
 157043
 157093
 157133
 157503
 157534
 157654
 158119
 158168
 158178
 158273
 158292
 158325
 158411
 158550
 158551
 158617
 158877
 159021
 159082
 159311
 159439
 159555
 159772
 159800
 159938
 159941
 160196
 160405
 160459
 160561
 160720
 160775
 160886
 160904
 161138
 161168
 161179
 161290
 161463
 161697
 161763
 161799
 162030
 162083
 162345
 162352
 162528
 162646
 162676
 162691
 162715
 162721
 162753
 162829
 162910
 162995
 163107
 163276
 163446
 163472
 163483
 163511
 163544
 163638
 163728
 163772
 163780
 163848
 163948
 164089
 164307
 164352
 164387
 164418
 164441
 164495
 164535
 164581
 164595
 164857
 164971
 165148
 165188
 165413
 165706
 165737
 165882
 166030
 166103
 166132
 166221
 166253
 166257
 166348
 166446
 166645
 166666
 166666
 166666
 166683
 166976
 166977
 167024
 167048
 167074
 167294
 167414
 167446
 167459
 167579
 167638
 167684
 167935
 167953
 167957
 167994
 167995
 168137
 168178
 168267
 168326
 168327
 168336
 168360
 168383
 168535
 168549
 168623
 168648
 168651
 168732
 168926
 169079
 169129
 169460
 169479
 169522
 169581
 169612
 169849
 169862
 169911
 169977
 170110
 170120
 170124
 170418
 170435
 170515
 170633
 170831
 171007
 171030
 171219
 171416
 171538
 171556
 171708
 171769
 171798
 172021
 172044
 172060
 172290
 172297
 172316
 172322
 172504
 172589
 172601
 172624
 172742
 172765
 172780
 172795
 172896
 173278
 173431
 173441
 173468
 173518
 173560
 173794
 173934
 174033
 174070
 174184
 174188
 174313
 174319
 174347
 174432
 174761
 174999
 175000
 175281
 175327
 175370
 175421
 175787
 176220
 176294
 176610
 176649
 176883
 177080
 177166
 177231
 177276
 177503
 177545
 177715
 177740
 177917
 177942
 178103
 178137
 178224
 178432
 178501
 178579
 178634
 178806
 178916
 178999
 179081
 179396
 179443
 179727
 179759
 179851
 179889
 180272
 180289
 180327
 180379
 180416
 180442
 180593
 180612
 180722
 180794
 180968
 181142
 181300
 181400
 181428
 181508
 181614
 181642
 181652
 181692
 181738
 181949
 181964
 181993
 182012
 182020
 182160
 182291
 182449
 182714
 182767
 182936
 182951
 182956
 183007
 183052
 183057
 183061
 183062
 183416
 183569
 183621
 183647
 183754
 183909
 183919
 184104
 184285
 184448
 184590
 184626
 184714
 184836
 185056
 185144
 185329
 185546
 185708
 185784
 186054
 186101
 186590
 186749
 186849
 186905
 187106
 187358
 187671
 187815
 187846
 187903
 188245
 188264
 188295
 188405
 188521
 188556
 188814
 188951
 189003
 189028
 189071
 189083
 189086
 189091
 189244
 189392
 189399
 189441
 189492
 189624
 189659
 189661
 189786
 189855
 190038
 190131
 190217
 190363
 190544
 190547
 190785
 190910
 190919
 190956
 191258
 191303
 191369
 191397
 191424
 191587
 191638
 191731
 192034
 192038
 192083
 192192
 192215
 192278
 192475
 192590
 192622
 192633
 192673
 192758
 192878
 192889
 192942
 193030
 193233
 193265
 193307
 193454
 193592
 193675
 193692
 193712
 194185
 194432
 194598
 194624
 194678
 194884
 195402
 195449
 195524
 195721
 195733
 195884
 195908
 195964
 195978
 196043
 196099
 196380
 196385
 196661
 196746
 196760
 196841
 196900
 196978
 196982
 197036
 197051
 197454
 197507
 197588
 197637
 197679
 198113
 198431
 198447
 198516
 198633
 198674
 198715
 198774
 198817
 198937
 199136
 199363
 199494
 199508
 199592
 199633
 199942
 200157
 200428
 200483
 200486
 200677
 200704
 200724
 200872
 200907
 200998
 201028
 201047
 201157
 201241
 201478
 201633
 201735
 201743
 201826
 201883
 201990
 202213
 202448
 202467
 202518
 202623
 202666
 202714
 202903
 202948
 203003
 203378
 203542
 203545
 203614
 203691
 203752
 203753
 203920
 204477
 204596
 204622
 204925
 205017
 205128
 205368
 205418
 205521
 205603
 205728
 205768
 205802
 205844
 206000
 206098
 206136
 206142
 206219
 206318
 206418
 206448
 206508
 206739
 207207
 207270
 207500
 207584
 207600
 207620
 207774
 207774
 207871
 207938
 208008
 208023
 208107
 208237
 208240
 208567
 208672
 208827
 208868
 208872
 208872
 209054
 209131
 209359
 209382
 209418
 209419
 209631
 209832
 209846
 209921
 210241
 210247
 210272
 210314
 210376
 210420
 210922
 211042
 211171
 211297
 211319
 211397
 211452
 211515
 211857
 211868
 211978
 212015
 212082
 212204
 212568
 212574
 212574
 212595
 212605
 212706
 212760
 212879
 213106
 213114
 213260
 213398
 213470
 213629
 213646
 214077
 214089
 214099
 214191
 214225
 214492
 214694
 214701
 214761
 214769
 214809
 214852
 214900
 214905
 215133
 215709
 215712
 215854
 215896
 215960
 215987
 216261
 216406
 216449
 216451
 216500
 216562
 216832
 216853
 216865
 217193
 217355
 217563
 217647
 217709
 217731
 217993
 218041
 218274
 218314
 218327
 218331
 218345
 218481
 218485
 218562
 218594
 218616
 218913
 218955
 219064
 219219
 219242
 219286
 219391
 219436
 219603
 219659
 219790
 219800
 220047
 220154
 220251
 220278
 220535
 220602
 220611
 220727
 220899
 220930
 221236
 221370
 221600
 221619
 221782
 221851
 221879
 221952
 221965
 222143
 222323
 222337
 222371
 222376
 222477
 222526
 222639
 222817
 222977
 223001
 223073
 223117
 223187
 223390
 223850
 223961
 224014
 224027
 224036
 224121
 224215
 224362
 224367
 224403
 224421
 224527
 224533
 224893
 224899
 224909
 225063
 225190
 225361
 225477
 225776
 226042
 226324
 226642
 226816
 226941
 227035
 227076
 227130
 227145
 227243
 227249
 227321
 227520
 227532
 227620
 227663
 227940
 227961
 227978
 228175
 228231
 228379
 228408
 228496
 228502
 228532
 228600
 228713
 228718
 228791
 228906
 228906
 229629
 229706
 229736
 229811
 230020
 230253
 230253
 230510
 230554
 230645
 230757
 230769
 230769
 230787
 230864
 230909
 230961
 231005
 231130
 231246
 231347
 231375
 231417
 231445
 231762
 231863
 231873
 232125
 232234
 232301
 232423
 232502
 232635
 232640
 232654
 232743
 232770
 232867
 232969
 233040
 233082
 233133
 233264
 233278
 233423
 233550
 233558
 233745
 233812
 234127
 234254
 234300
 234465
 234554
 234564
 234601
 234608
 234924
 234997
 235056
 235230
 235363
 235379
 235565
 235603
 235811
 235866
 235909
 235943
 235961
 236151
 236263
 236287
 236349
 236413
 236566
 236732
 236757
 236790
 236881
 236940
 236945
 237154
 237253
 237278
 237425
 237438
 237572
 237665
 237810
 237881
 237929
 237958
 238062
 238329
 238482
 238600
 238841
 238852
 238926
 239114
 239218
 239259
 239294
 239371
 239417
 239446
 239829
 239892
 239896
 239993
 240383
 240625
 240804
 240820
 240869
 240989
 241037
 241133
 241160
 241350
 241409
 241421
 241514
 241588
 241816
 241957
 242237
 242441
 242506
 242548
 242619
 242779
 242785
 242802
 242971
 243003
 243412
 243438
 243458
 243489
 243501
 243638
 243753
 243756
 243987
 243996
 244049
 244080
 244105
 244137
 244239
 244394
 244594
 244677
 244848
 244868
 244897
 245000
 245014
 245217
 245246
 245332
 245408
 245418
 245464
 245513
 245614
 245647
 245747
 245856
 245868
 245873
 245916
 245923
 246122
 246141
 246211
 246318
 246344
 246405
 246582
 246780
 246944
 246967
 247082
 247100
 247308
 247386
 247441
 247529
 247762
 247771
 247906
 248373
 248643
 248715
 248785
 248892
 248981
 249060
 249400
 249495
 249683
 249796
 249803
 249804
 249849
 250000
 250183
 250231
 251018
 251065
 251085
 251179
 251196
 251232
 251266
 251299
 251389
 251480
 251626
 251792
 251832
 251967
 252031
 252097
 252399
 252517
 252936
 253068
 253209
 253256
 253260
 253339
 253404
 253435
 253463
 253491
 253636
 253768
 253916
 254037
 254061
 254074
 254105
 254371
 254382
 254685
 254693
 254736
 254758
 254774
 254775
 254852
 254906
 255041
 255084
 255111
 255136
 255319
 255360
 255409
 255440
 255644
 255882
 256308
 256320
 256379
 256410
 256449
 256604
 256972
 256987
 257023
 257142
 257563
 257585
 257667
 257706
 257846
 258190
 258221
 258246
 258250
 258299
 258494
 258532
 258758
 258808
 258840
 259032
 259045
 259071
 259174
 259294
 259609
 259689
 259858
 259885
 259901
 259912
 260008
 260039
 260115
 260273
 260486
 260553
 260678
 260860
 260898
 261001
 261027
 261147
 261190
 261227
 261498
 261568
 261585
 261769
 261788
 261811
 261848
 261899
 261938
 261950
 262097
 262180
 262212
 262308
 262465
 262515
 262651
 262753
 262760
 262801
 262811
 262939
 263066
 263276
 263285
 263326
 263400
 263406
 263442
 263492
 263603
 263626
 263964
 263966
 263979
 263999
 264156
 264254
 264441
 264475
 264492
 264594
 264618
 264713
 264847
 264970
 265015
 265229
 265272
 265370
 265373
 265414
 265464
 265705
 265707
 265823
 266081
 266272
 266407
 266429
 266614
 266619
 266640
 266666
 266690
 266869
 267017
 267077
 267174
 267277
 267280
 267290
 267374
 267508
 267736
 267756
 267843
 268093
 268144
 268368
 268378
 268472
 268704
 268825
 268955
 269060
 269071
 269074
 269077
 269090
 269117
 269121
 269209
 269230
 269230
 269240
 269265
 269324
 269329
 269423
 269664
 269743
 269761
 269811
 269834
 269866
 269971
 269973
 270013
 270318
 270473
 270533
 270866
 270961
 271231
 271311
 271523
 271602
 271649
 271745
 271790
 271889
 272011
 272236
 272303
 272425
 272549
 272599
 272809
 272887
 273031
 273242
 273349
 273376
 273392
 273402
 274164
 274187
 274234
 274239
 274299
 274363
 274522
 274582
 274725
 274790
 274870
 274871
 274927
 275190
 275315
 275394
 275470
 275541
 275628
 275684
 275769
 275773
 275811
 275832
 275849
 276063
 276078
 276095
 276143
 276205
 276299
 276499
 276500
 276520
 276557
 276683
 276699
 277021
 277347
 277352
 277360
 277701
 277901
 278048
 278144
 278283
 278383
 278393
 278583
 278799
 278832
 278941
 279049
 279069
 279170
 279183
 279263
 279651
 279755
 279771
 279785
 279805
 280076
 280084
 280103
 280260
 280349
 280386
 280575
 280575
 280766
 280795
 280840
 280894
 280977
 281065
 281143
 281161
 281181
 281283
 281391
 281499
 281555
 281851
 281907
 281977
 282019
 282355
 282379
 282481
 282608
 282687
 282713
 282936
 283057
 283251
 283281
 283314
 283335
 283338
 283374
 283497
 283537
 283665
 283851
 283985
 284310
 284372
 284382
 284435
 284485
 284520
 284554
 284570
 284710
 284747
 284774
 284872
 284932
 285045
 285135
 285138
 285538
 285612
 285887
 285986
 286072
 286135
 286189
 286195
 286675
 286919
 287035
 287187
 287258
 287425
 287453
 287504
 287613
 287634
 287847
 287968
 288087
 288138
 288210
 288267
 288315
 288317
 288407
 288590
 288668
 288790
 289077
 289181
 289347
 289430
 289652
 289882
 289936
 290012
 290039
 290262
 290322
 290466
 290473
 290525
 290566
 290574
 290575
 290617
 290657
 290660
 290742
 290777
 290780
 291134
 291580
 291592
 291609
 291687
 291735
 291814
 291851
 291924
 292048
 292079
 292092
 292232
 292234
 292366
 292431
 292433
 292499
 292602
 293034
 293050
 293078
 293245
 293398
 293474
 293743
 293744
 293879
 293900
 294233
 294305
 294436
 294454
 294757
 294761
 294784
 294906
 295073
 295074
 295197
 295532
 295688
 295739
 295749
 295794
 295865
 295999
 296049
 296148
 296425
 296620
 296760
 296788
 296801
 296829
 296891
 296906
 296923
 297071
 297327
 297411
 297546
 297618
 297639
 297643
 297676
 297701
 297772
 297787
 297804
 297864
 298133
 298261
 298283
 298665
 298795
 298938
 299293
 299417
 299566
 299583
 299708
 299762
 299764
 299807
 300006
 300034
 300129
 300408
 300523
 300693
 300797
 300821
 300930
 301089
 301222
 301418
 301519
 301642
 301761
 301773
 301816
 301837
 301877
 301895
 301958
 302002
 302030
 302124
 302177
 302226
 302281
 302310
 302384
 302412
 302579
 302841
 303294
 303405
 303432
 303520
 303582
 303630
 303675
 303767
 303901
 303926
 304058
 304071
 304081
 304107
 304125
 304160
 304271
 304492
 304549
 304577
 304684
 304785
 304894
 305001
 305088
 305181
 305187
 305414
 305439
 305599
 305661
 305688
 305762
 305842
 305852
 305883
 306206
 306827
 306899
 306909
 306930
 307062
 307097
 307216
 307418
 307616
 307847
 307909
 307920
 308094
 308126
 308170
 308179
 308830
 308971
 309093
 309129
 309160
 309278
 309523
 309563
 309689
 309759
 309952
 310236
 310260
 310728
 310790
 310872
 310951
 310995
 311034
 311052
 311273
 311366
 311407
 311640
 311723
 311787
 311951
 311987
 312046
 312058
 312060
 312157
 312162
 312279
 312413
 312816
 312949
 313004
 313034
 313049
 313054
 313061
 313085
 313089
 313253
 313321
 313416
 313583
 313748
 313763
 313839
 313934
 313949
 313988
 313993
 314109
 314112
 314401
 314573
 314692
 314766
 314851
 315075
 315212
 315268
 315272
 315454
 315519
 315642
 315669
 315695
 315766
 315789
 315816
 316007
 316052
 316199
 316237
 316309
 316624
 316691
 316710
 316716
 316906
 317073
 317135
 317343
 317796
 317872
 317958
 317980
 318181
 318315
 318595
 318654
 318665
 318681
 318871
 319173
 319251
 319393
 319456
 319556
 319758
 319762
 319866
 319921
 319939
 320000
 320023
 320374
 320554
 320794
 320850
 321276
 321425
 321467
 321579
 321609
 321791
 322031
 322192
 322231
 322237
 322266
 322374
 322439
 322462
 322504
 322542
 322824
 322845
 322996
 323019
 323076
 323162
 323166
 323312
 323603
 323655
 323748
 323816
 323901
 324005
 324084
 324212
 324223
 324271
 324351
 324384
 324419
 324444
 324466
 324530
 324579
 324786
 324788
 324912
 324991
 324999
 325787
 325790
 326075
 326153
 326222
 326233
 326242
 326414
 326541
 326600
 326626
 326633
 326738
 326795
 326850
 326891
 327045
 327199
 327211
 327292
 327343
 327369
 327402
 327759
 327773
 327882
 327990
 328116
 328122
 328179
 328215
 328246
 328296
 328419
 328433
 328506
 328522
 328582
 328649
 328730
 328836
 328910
 328915
 328987
 329013
 329141
 329333
 329380
 329381
 329424
 329460
 329467
 329622
 329735
 329975
 330406
 330508
 330525
 330542
 330750
 330769
 330823
 330957
 331000
 331003
 331076
 331105
 331303
 331477
 331491
 331549
 331578
 331599
 331690
 331757
 331786
 331789
 331804
 331837
 331965
 332116
 332238
 332358
 332373
 332392
 332571
 332654
 332961
 333052
 333097
 333333
 333333
 333333
 333557
 333647
 333807
 333842
 333859
 334003
 334254
 334442
 334500
 334843
 334915
 335149
 335259
 335362
 335417
 335446
 335526
 335754
 335800
 335823
 335897
 335947
 336065
 336220
 336263
 336412
 336473
 336542
 336621
 336641
 336652
 336891
 336898
 336901
 336948
 336957
 337060
 337113
 337313
 337509
 337534
 337535
 337631
 337663
 337759
 337825
 337840
 337841
 337856
 337873
 337903
 338006
 338122
 338143
 338202
 338231
 338365
 338416
 338422
 338650
 338776
 338841
 338912
 338983
 339041
 339143
 339166
 339388
 339411
 339663
 339675
 339681
 339696
 339702
 339796
 339949
 339969
 340143
 340352
 340405
 340589
 340653
 340807
 340840
 341008
 341150
 341197
 341285
 341306
 341434
 341463
 341637
 341790
 341935
 342222
 342369
 342516
 342625
 342656
 342751
 342945
 343155
 343214
 343287
 343301
 343434
 343478
 343728
 343730
 343787
 343804
 343906
 344038
 344076
 344272
 344607
 344644
 344796
 344949
 345135
 345171
 345192
 345345
 345402
 345486
 345618
 346115
 346153
 346462
 346470
 346529
 346673
 346817
 346934
 346968
 347006
 347166
 347174
 347213
 347225
 347250
 347308
 347463
 347525
 347547
 347684
 347686
 347715
 347795
 347802
 347851
 348056
 348142
 348270
 348381
 348479
 348489
 348599
 348604
 348690
 348752
 348819
 348837
 349008
 349325
 349338
 349397
 349618
 349935
 350174
 350215
 350396
 350443
 350518
 350567
 350591
 351008
 351084
 351162
 351208
 351231
 351243
 351366
 351468
 351504
 351526
 351529
 351530
 351545
 351590
 351673
 351724
 351851
 351892
 352002
 352103
 352103
 352122
 352201
 352234
 352291
 352497
 352783
 352826
 352827
 352908
 353061
 353166
 353295
 353487
 353639
 353658
 353673
 353814
 353884
 354054
 354112
 354368
 354674
 354691
 354767
 354791
 354814
 354847
 355144
 355163
 355242
 355410
 355582
 355786
 355875
 355925
 356061
 356151
 356166
 356321
 356358
 356436
 356464
 356478
 356536
 356568
 356578
 356615
 356772
 357115
 357142
 357142
 357242
 357276
 357285
 357412
 357429
 357530
 357577
 357626
 357823
 357881
 357953
 357996
 358044
 358148
 358177
 358420
 358639
 358749
 358779
 359090
 359101
 359122
 359304
 359427
 359449
 359473
 359641
 359712
 359719
 359892
 359919
 360058
 360071
 360257
 360259
 360295
 360567
 360568
 360723
 360781
 360960
 361136
 361137
 361169
 361209
 361463
 361493
 361794
 361865
 362184
 362244
 362250
 362322
 362595
 362816
 362830
 362869
 362944
 362989
 363013
 363108
 363319
 363610
 363636
 363817
 363928
 363960
 363993
 364130
 364223
 364265
 364372
 364400
 364406
 364557
 364656
 364722
 364806
 364948
 364963
 365040
 365065
 365145
 365212
 365233
 365259
 365443
 365552
 365564
 365714
 365761
 365808
 365921
 365965
 366004
 366064
 366503
 366574
 366738
 366743
 367021
 367034
 367485
 367497
 367701
 367762
 367783
 367808
 367863
 367987
 368628
 368750
 368844
 368920
 368927
 368951
 368998
 369198
 369411
 369565
 369672
 369713
 369894
 370026
 370187
 370353
 370400
 370533
 370581
 370709
 370988
 371155
 371410
 371428
 371428
 371433
 371544
 371546
 371968
 372008
 372084
 372116
 372220
 372365
 372513
 372623
 372653
 372749
 372992
 373092
 373127
 373307
 373502
 373557
 373638
 373669
 373688
 373884
 373928
 373935
 374117
 374183
 374334
 374364
 374431
 374598
 374745
 375019
 375077
 375142
 375263
 375368
 375523
 375530
 375556
 375599
 375674
 375878
 375974
 376432
 376438
 376471
 376574
 376617
 376638
 376712
 376760
 376777
 376782
 377034
 377057
 377113
 377195
 377278
 377358
 377387
 377400
 377579
 377604
 377751
 377877
 377892
 377927
 377940
 378101
 378125
 378210
 378229
 378322
 378340
 378396
 378562
 378658
 378697
 378962
 379080
 379163
 379351
 379534
 379641
 379662
 379732
 379867
 379967
 380070
 380100
 380213
 380304
 380497
 380687
 380754
 381250
 381477
 381478
 381587
 381611
 381695
 381978
 382031
 382113
 382121
 382188
 382303
 382373
 382427
 382617
 382653
 382653
 382713
 383091
 383246
 383249
 383544
 384044
 384178
 384248
 384322
 384428
 384615
 384659
 384944
 385086
 385111
 385140
 385214
 385465
 385676
 385687
 385712
 385721
 385782
 385894
 385974
 386098
 386221
 386298
 386447
 386567
 386567
 386817
 386824
 386878
 386884
 387172
 387447
 387476
 387697
 387843
 387957
 388102
 388125
 388166
 388249
 388280
 388292
 388500
 388558
 388589
 388740
 388969
 389438
 389443
 389497
 389499
 389530
 389734
 389760
 389838
 389908
 390163
 390243
 390380
 390396
 390996
 391064
 391089
 391273
 391442
 391515
 391572
 391579
 391709
 391724
 391762
 391793
 391841
 391863
 391993
 392444
 392449
 392483
 392607
 392669
 392857
 392913
 393158
 393272
 393313
 393562
 393637
 393725
 393777
 393812
 393862
 393865
 394184
 394197
 394271
 394419
 394574
 394691
 394693
 394696
 394907
 394927
 394951
 394988
 395028
 395051
 395156
 395163
 395169
 395391
 395852
 396073
 396086
 396136
 396280
 396373
 396521
 396662
 396689
 396764
 396804
 396872
 396908
 397312
 397331
 397352
 397496
 397783
 397899
 397909
 397952
 398058
 398089
 398327
 398342
 398366
 398385
 398611
 398665
 398781
 398782
 398878
 399007
 399070
 399193
 399427
 399585
 399685
 399711
 399999
 400156
 400187
 400238
 400273
 400369
 400369
 400411
 400437
 400444
 400489
 400712
 400870
 400960
 400973
 400983
 401023
 401122
 401177
 401234
 401312
 401687
 401853
 401878
 401900
 402039
 402123
 402224
 402238
 402299
 402425
 402450
 402527
 402549
 402555
 402734
 402869
 402958
 403060
 403225
 403382
 403468
 403581
 403656
 403661
 403725
 403796
 403999
 404054
 404150
 404296
 404426
 404441
 404643
 404773
 404790
 404890
 404957
 405194
 405196
 405249
 405434
 405453
 405475
 405503
 405631
 405646
 405736
 405925
 405970
 405972
 406005
 406116
 406321
 406378
 406402
 406436
 406474
 406482
 406576
 406653
 406702
 406739
 406890
 407006
 407031
 407168
 407219
 407445
 407467
 407608
 408082
 408126
 408163
 408334
 408426
 408548
 408574
 408661
 408870
 408874
 408952
 408965
 409125
 409235
 409319
 409531
 409586
 409688
 409696
 409726
 409834
 409850
 410002
 410049
 410251
 410254
 410277
 410286
 410466
 410523
 410590
 410771
 410800
 410838
 410856
 411004
 411111
 411185
 411213
 411237
 411250
 411281
 411308
 411335
 411605
 411652
 411681
 411779
 412022
 412113
 412249
 412336
 412444
 412479
 412638
 412641
 412944
 412988
 413281
 413311
 413501
 413559
 413603
 413606
 413617
 413630
 413635
 413793
 413996
 414081
 414160
 414175
 414302
 414396
 414415
 414648
 414663
 414941
 414999
 415025
 415094
 415204
 415254
 415255
 415391
 415438
 415781
 415871
 415917
 416083
 416113
 416126
 416317
 416385
 416776
 416845
 417085
 417112
 417199
 417271
 417302
 417324
 417368
 417384
 417425
 417525
 417579
 417664
 417677
 417814
 417912
 417956
 418227
 418266
 418334
 418592
 418616
 418814
 418872
 418911
 419463
 419505
 419550
 419560
 419702
 419710
 419745
 419891
 419999
 420017
 420142
 420142
 420374
 420460
 420529
 420602
 420639
 420687
 420815
 420862
 421113
 421454
 421534
 421551
 421696
 421832
 421912
 422012
 422171
 422206
 422282
 422297
 422483
 422535
 422565
 422694
 422742
 422791
 422846
 422954
 422980
 423072
 423297
 423298
 423387
 423423
 423424
 423495
 423501
 423590
 423598
 423604
 423712
 423897
 423925
 424089
 424453
 424500
 424526
 424536
 424551
 424775
 424933
 425069
 425187
 425325
 425381
 425719
 425800
 426081
 426110
 426174
 426346
 426382
 426524
 426605
 426829
 426947
 426969
 427028
 427157
 427230
 427317
 427408
 427462
 427470
 427751
 428038
 428076
 428409
 428634
 428643
 428681
 428746
 428762
 428951
 429085
 429220
 429304
 429328
 429381
 429824
 430133
 430173
 430682
 430731
 430841
 430988
 431024
 431118
 431212
 431429
 431491
 431518
 432017
 432047
 432322
 432608
 432675
 432768
 433000
 433204
 433278
 433310
 433333
 433333
 433363
 433385
 433433
 433884
 434017
 434023
 434322
 434327
 434390
 434579
 434620
 434634
 434668
 434853
 434892
 435557
 435663
 435727
 435834
 435850
 436032
 436050
 436085
 436136
 436158
 436317
 436329
 436363
 436520
 436645
 436647
 436660
 436716
 436855
 436876
 437244
 437272
 437399
 437624
 437648
 437684
 437721
 437779
 437805
 438034
 438168
 438327
 438902
 438953
 439123
 439402
 439426
 439433
 439496
 439541
 439748
 439849
 439953
 440253
 440306
 440308
 440738
 440747
 440793
 440839
 440891
 441032
 441235
 441318
 441519
 441710
 441794
 441955
 441980
 442046
 442126
 442315
 442415
 442698
 442990
 442995
 443063
 443178
 443245
 443319
 443321
 443396
 443484
 443801
 443924
 443954
 443968
 443974
 444001
 444182
 444237
 444345
 444815
 444816
 444933
 445145
 445201
 445217
 445319
 445319
 445394
 445431
 445474
 445621
 445644
 445813
 445863
 445947
 446021
 446104
 446160
 446177
 446377
 446457
 446610
 446639
 446740
 446821
 446927
 446938
 447037
 447044
 447158
 447166
 447226
 447235
 447278
 447342
 447368
 447463
 447471
 447508
 447552
 447599
 447718
 447978
 448027
 448041
 448101
 448146
 448366
 448406
 448418
 448493
 448525
 448598
 448634
 448772
 448928
 448954
 448998
 449010
 449012
 449143
 449260
 449515
 449523
 449575
 449601
 449652
 449753
 449840
 449930
 450027
 450094
 450118
 450377
 450377
 450381
 450549
 450759
 450812
 451004
 451242
 451251
 451327
 451364
 451633
 451848
 451851
 452003
 452020
 452060
 452113
 452219
 452403
 452459
 452566
 452599
 452613
 452637
 452639
 452809
 452853
 452873
 452921
 452963
 453014
 453260
 453336
 453378
 453698
 453706
 453717
 453796
 453871
 453885
 454018
 454677
 454872
 454918
 455069
 455174
 455190
 455205
 455251
 455294
 455313
 455415
 455523
 455710
 455828
 456073
 456109
 456113
 456149
 456182
 456249
 456480
 456571
 456656
 457788
 457950
 457989
 458044
 458176
 458198
 458368
 458422
 458479
 458494
 458557
 458749
 458992
 459032
 459131
 459278
 459311
 459363
 459379
 459383
 459472
 459536
 459574
 459576
 459577
 459723
 459878
 459928
 460059
 460106
 460110
 460127
 460241
 460381
 460582
 460616
 460796
 461417
 461678
 461777
 462001
 462008
 462394
 462399
 462429
 462476
 462483
 462621
 462624
 462871
 462962
 463010
 463050
 463266
 463289
 463297
 463305
 463344
 463407
 463436
 463570
 463588
 463735
 463744
 463749
 463829
 463848
 464179
 464383
 464445
 464565
 464641
 464656
 464998
 465213
 465424
 465601
 465718
 465748
 465765
 465945
 466173
 466402
 466475
 466604
 466782
 466827
 466893
 467015
 467315
 467345
 467474
 467532
 467565
 467741
 467808
 467816
 467818
 467883
 467900
 468057
 468062
 468067
 468139
 468168
 468259
 468311
 468832
 468860
 468873
 469090
 469234
 469494
 469851
 469906
 470070
 470470
 470570
 470631
 470657
 470777
 470791
 470849
 470860
 470877
 470997
 471042
 471043
 471169
 471225
 471346
 471354
 471433
 471875
 471901
 471920
 471983
 472004
 472058
 472291
 472429
 472711
 472967
 472968
 473043
 473068
 473212
 473386
 473958
 474420
 474518
 474549
 475030
 475053
 475061
 475124
 475162
 475208
 475329
 475524
 475564
 475606
 475645
 475681
 475716
 475767
 476007
 476395
 476612
 476800
 477003
 477008
 477193
 477223
 477429
 477463
 477472
 477950
 478160
 478354
 478410
 478582
 478809
 478895
 479038
 479050
 479073
 479103
 479310
 479366
 479426
 479644
 479647
 479844
 479916
 480007
 480007
 480052
 480400
 480585
 480589
 480823
 480874
 480893
 481029
 481268
 481277
 481312
 481329
 481481
 481544
 481574
 481588
 481699
 481788
 481809
 481809
 481860
 481861
 481910
 481955
 481981
 482168
 482173
 482189
 482300
 482376
 482499
 482533
 483106
 483191
 483193
 483200
 483346
 483668
 483710
 484072
 484106
 484171
 484179
 484180
 484279
 484391
 484471
 484554
 484615
 484630
 484635
 484693
 485204
 485318
 485480
 485509
 485742
 485890
 485910
 486055
 486187
 486294
 486705
 486769
 486798
 486833
 486839
 486842
 486941
 487016
 487040
 487057
 487214
 487343
 487508
 487571
 487577
 487577
 487846
 487883
 488130
 488166
 488167
 488181
 488267
 488279
 488294
 488479
 488523
 488648
 488651
 488665
 488667
 488712
 488825
 488945
 489198
 489216
 489288
 489304
 489384
 489409
 489453
 489544
 489728
 489945
 489972
 489984
 490002
 490066
 490107
 490149
 490215
 490335
 490399
 490462
 490558
 490567
 490663
 490697
 490752
 490801
 490802
 490863
 491153
 491193
 491206
 491216
 491223
 491259
 491321
 491362
 491426
 491448
 491498
 491571
 491770
 491775
 491793
 491978
 492001
 492126
 492137
 492168
 492311
 492394
 492471
 492611
 492680
 492741
 492755
 492782
 492963
 492992
 493049
 493107
 493168
 493555
 493562
 493594
 493809
 493884
 494074
 494194
 494382
 494505
 494604
 494755
 494909
 494968
 494973
 495088
 495134
 495309
 495392
 495460
 495697
 495878
 496127
 496162
 496215
 496381
 496386
 496546
 496934
 497012
 497105
 497208
 497250
 497402
 497627
 497698
 497967
 497975
 498078
 498083
 498259
 498360
 498514
 498531
 498548
 498562
 498615
 498734
 499071
 499071
 499136
 499172
 499179
 499376
 499768
 499864
 499877
 499891
 