0
 0
 0
 0
 0
 0
 0
 0
 476
 516
 608
 610
 896
 966
 1133
 1899
 2145
 2210
 2319
 2395
 2408
 2434
 2557
 2568
 2682
 2948
 3011
 3175
 3176
 3232
 3349
 3563
 3695
 3699
 3744
 3806
 4199
 4306
 4387
 4537
 4693
 5076
 5149
 5154
 5282
 5359
 5411
 5436
 5598
 5744
 5763
 5865
 5943
 5961
 5991
 6079
 6211
 6389
 6707
 6763
 6885
 6893
 7001
 7038
 7125
 7194
 7259
 7387
 7561
 7648
 7697
 7721
 7749
 7844
 7854
 7968
 8881
 8923
 8930
 9200
 9278
 9349
 9351
 9498
 9539
 9592
 9889
 9908
 9928
 9959
 10279
 10342
 10362
 10438
 10465
 10469
 10469
 10550
 10571
 10580
 10764
 10918
 11008
 11203
 11266
 11314
 11320
 11400
 11472
 11588
 11697
 11742
 11778
 11977
 12025
 12048
 12144
 12376
 12557
 12856
 12884
 12919
 12953
 13071
 13085
 13138
 13216
 13305
 13820
 13988
 14058
 14068
 14269
 14378
 14447
 14674
 14691
 14696
 14750
 14761
 14853
 15047
 15060
 15143
 15371
 15418
 15527
 15550
 15642
 15725
 15864
 15896
 15914
 16067
 16174
 16317
 16591
 16673
 16690
 16701
 16705
 16769
 17017
 17153
 17170
 17186
 17341
 17470
 17543
 17576
 17702
 17729
 17876
 18038
 18096
 18140
 18143
 18198
 18230
 18237
 18239
 18379
 18386
 18401
 18475
 18552
 18595
 18630
 18636
 18717
 18765
 18867
 18957
 19169
 19206
 19316
 19417
 19422
 19455
 19475
 19512
 19614
 19710
 19759
 19924
 20000
 20007
 20099
 20106
 20352
 20361
 20423
 20502
 20529
 20854
 21176
 21178
 21244
 21293
 21453
 21465
 21488
 21508
 21867
 21897
 21903
 21991
 22064
 22103
 22177
 22391
 22460
 22615
 22621
 22788
 22838
 23029
 23042
 23133
 23206
 23246
 23378
 23405
 23460
 23606
 23611
 23616
 23624
 23988
 24117
 24205
 24366
 24574
 24697
 24725
 24752
 24849
 24896
 25133
 25145
 25180
 25291
 25626
 25741
 25742
 25821
 26075
 26174
 26179
 26330
 26570
 26644
 26809
 27027
 27042
 27044
 27250
 27288
 27443
 27766
 27767
 27853
 27890
 28056
 28203
 28289
 28334
 28393
 28452
 28575
 28600
 28641
 28744
 28798
 28864
 28976
 28996
 29039
 29098
 29151
 29283
 29283
 29400
 29446
 29501
 29607
 29715
 29827
 29850
 30015
 30075
 30185
 30190
 30278
 30431
 30566
 30571
 30619
 30622
 30775
 30794
 30796
 30861
 30927
 31015
 31041
 31081
 31113
 31358
 31413
 31434
 31518
 31557
 31638
 31753
 32192
 32237
 32237
 32315
 32437
 32476
 32577
 32585
 32614
 32716
 32854
 33263
 33431
 33440
 33481
 33527
 33629
 33887
 34111
 34152
 34163
 34231
 34362
 34430
 34482
 34482
 34706
 34934
 35180
 35281
 35443
 35762
 36276
 36306
 36381
 36424
 36529
 36569
 36685
 36767
 36824
 37071
 37171
 37285
 37390
 37486
 37558
 37701
 37760
 37763
 37837
 37967
 38035
 38067
 38107
 38239
 38259
 38264
 38328
 38401
 38569
 38588
 38623
 38696
 38778
 38889
 39027
 39091
 39215
 39254
 39406
 39486
 39702
 40012
 40050
 40351
 40387
 40391
 40673
 40714
 40960
 40960
 41063
 41070
 41111
 41126
 41173
 41287
 41528
 41806
 41894
 42016
 42085
 42133
 42147
 42428
 42436
 42553
 42612
 42639
 42670
 42684
 42912
 43005
 43798
 44007
 44011
 44110
 44215
 44292
 44422
 44579
 44634
 44669
 44811
 44874
 44897
 44971
 45090
 45110
 45249
 45283
 45334
 45388
 45599
 45613
 45664
 45689
 45704
 45789
 45871
 45956
 46071
 46150
 46235
 46240
 46376
 46406
 46419
 46474
 46480
 46548
 46690
 46722
 46821
 46935
 46964
 46998
 47132
 47180
 47266
 47270
 47302
 47338
 47349
 47355
 47619
 47878
 47957
 48158
 48543
 48705
 48831
 48930
 48960
 49111
 49118
 49131
 49469
 49487
 49512
 49559
 49652
 49706
 49738
 49766
 49784
 49851
 49930
 50234
 50271
 50346
 50416
 50421
 50453
 50539
 50606
 50622
 50905
 51078
 51178
 51186
 51238
 51358
 51543
 51727
 51734
 51804
 52060
 52215
 52225
 52450
 52526
 52652
 52744
 53122
 53225
 53398
 53431
 53691
 53730
 53891
 54016
 54109
 54243
 54295
 54360
 54626
 54634
 54682
 54803
 54867
 55026
 55100
 55245
 55487
 55535
 55623
 55935
 56335
 56414
 56511
 56553
 56644
 56735
 56883
 57041
 57101
 57289
 57416
 57426
 57515
 57581
 57585
 57728
 57844
 57862
 57868
 57901
 57972
 58024
 58035
 58064
 58077
 58251
 58306
 58350
 58429
 58432
 58433
 58526
 58562
 58726
 58823
 58941
 58949
 59012
 59029
 59082
 59083
 59089
 59101
 59210
 59259
 59416
 59420
 59493
 59532
 59597
 59636
 59649
 59684
 59727
 59853
 59880
 59905
 60133
 60158
 60197
 60279
 60397
 60453
 60521
 60566
 60589
 60684
 60698
 60910
 60929
 60977
 60993
 61269
 61356
 61635
 61678
 61726
 61824
 61827
 61946
 61979
 61983
 62001
 62084
 62089
 62111
 62165
 62253
 62276
 62311
 62327
 62379
 62500
 62721
 63167
 63297
 63298
 63347
 63403
 63636
 63884
 63923
 63942
 64011
 64096
 64131
 64235
 64284
 64294
 64783
 64891
 64931
 64980
 65020
 65198
 65297
 65349
 65544
 65663
 65739
 65818
 65819
 66188
 66453
 66657
 66790
 66814
 66928
 67142
 67215
 67347
 67375
 67427
 67437
 67629
 67823
 67844
 67850
 68257
 68266
 68554
 68562
 68627
 68709
 68784
 68821
 68917
 69024
 69036
 69055
 69057
 69131
 69507
 69551
 69662
 69794
 69853
 69858
 69941
 69961
 70259
 70492
 70603
 70692
 70707
 70804
 70938
 70988
 71007
 71096
 71369
 71622
 71683
 71894
 72042
 72169
 72271
 72335
 72439
 72546
 72567
 72568
 72587
 72615
 72681
 72700
 72763
 72797
 72910
 73073
 73261
 73319
 73466
 73810
 73899
 74074
 74603
 74775
 74828
 74857
 75016
 75077
 75159
 75225
 75281
 75736
 75742
 75756
 75828
 75869
 75974
 76150
 76367
 76482
 76491
 76519
 76532
 76665
 76702
 76722
 76750
 76759
 76825
 76870
 76878
 77005
 77142
 77201
 77314
 77545
 77692
 77724
 77747
 77762
 77787
 77806
 77830
 77853
 77922
 78214
 78263
 78319
 78475
 78662
 78708
 78734
 78788
 78863
 79015
 79021
 79040
 79043
 79258
 79332
 79334
 79504
 79678
 79835
 79999
 80131
 80284
 80289
 80377
 80435
 80522
 80623
 80657
 80661
 80745
 80927
 81081
 81174
 81244
 81251
 81277
 81383
 81540
 81898
 81955
 82135
 82150
 82206
 82241
 82268
 82337
 82396
 82434
 82434
 82521
 82594
 82724
 82744
 82779
 82822
 82872
 82889
 82920
 82936
 82975
 82975
 83034
 83039
 83107
 83301
 83341
 83515
 83545
 83553
 83665
 83770
 83889
 83931
 83946
 84128
 84348
 84423
 84428
 84574
 84743
 84763
 85178
 85245
 85409
 85417
 85484
 85577
 85677
 85714
 85875
 86214
 86258
 86468
 86533
 86657
 86956
 87066
 87155
 87299
 87410
 87417
 87442
 87450
 87470
 87531
 87574
 87709
 87724
 87967
 88177
 88203
 88240
 88275
 88305
 88391
 88424
 88712
 88755
 88835
 88961
 89068
 89416
 89662
 89832
 89839
 89928
 90012
 90299
 90517
 90585
 90586
 90678
 90836
 90892
 90928
 90990
 91097
 91124
 91146
 91269
 91338
 91492
 91500
 91500
 91785
 91886
 91901
 91918
 92089
 92140
 92181
 92361
 92406
 92476
 92489
 92953
 92969
 93110
 93150
 93150
 93153
 93212
 93316
 93366
 93451
 93484
 93665
 93670
 93822
 93894
 93935
 93994
 94118
 94365
 94410
 94451
 94477
 94492
 94625
 94769
 94819
 94835
 94946
 95006
 95216
 95262
 95485
 95492
 95508
 95687
 95764
 95852
 96064
 96334
 96499
 96555
 96579
 96816
 96866
 96923
 97018
 97124
 97181
 97235
 97451
 97656
 97804
 97859
 97891
 97920
 97979
 97994
 98025
 98081
 98333
 98344
 98426
 98635
 98691
 98753
 98783
 99043
 99079
 99175
 99329
 99356
 99440
 99483
 99484
 99524
 99604
 99644
 99656
 99721
 99775
 99854
 99862
 100004
 100057
 100207
 100272
 100278
 100387
 100502
 100879
 100983
 101001
 101041
 101084
 101265
 102081
 102109
 102189
 102259
 102271
 102298
 102351
 102634
 102803
 102857
 103026
 103225
 103523
 103557
 103678
 103786
 103886
 104012
 104476
 104532
 104816
 104932
 104973
 105002
 105226
 105374
 105381
 105470
 105481
 105660
 105676
 105850
 106422
 106448
 106609
 106619
 106630
 106737
 106771
 106827
 106968
 107076
 107100
 107124
 107124
 107189
 107244
 107303
 107313
 107338
 107346
 107577
 107615
 107724
 107902
 107952
 107976
 108027
 108191
 108402
 108471
 108542
 108571
 108661
 108694
 108700
 108750
 108814
 108910
 108935
 108938
 109090
 109275
 109626
 109754
 109769
 109920
 110045
 110089
 110211
 110291
 110373
 110431
 110580
 111168
 111404
 111423
 111473
 111475
 111477
 111502
 111583
 111763
 111850
 111913
 112205
 112445
 112685
 112700
 112843
 112933
 112934
 113122
 113144
 113190
 113289
 113347
 113507
 113914
 113914
 114104
 114203
 114275
 114301
 114348
 114514
 114673
 114883
 114916
 115685
 115901
 115942
 115973
 116144
 116305
 116476
 116537
 116605
 116650
 117182
 117216
 117259
 117329
 117508
 117861
 118117
 118155
 118372
 118386
 118473
 118541
 118612
 118623
 118689
 118737
 118910
 118927
 119254
 119290
 119308
 119526
 119716
 119798
 119842
 119910
 119914
 119983
 120039
 120130
 120175
 120194
 120240
 120365
 120397
 120603
 120856
 120868
 120879
 120909
 120949
 120983
 121025
 121046
 121130
 121162
 121226
 121359
 121449
 121559
 121952
 121999
 122065
 122123
 122131
 122183
 122215
 122322
 122495
 122687
 122692
 122740
 122790
 122865
 122910
 122995
 123135
 123186
 123279
 123327
 123421
 123435
 123456
 123505
 123699
 123919
 123940
 124046
 124081
 124254
 124322
 124322
 124613
 124765
 124797
 125000
 125147
 125204
 125236
 125502
 125511
 125618
 126043
 126087
 126116
 126119
 126212
 126243
 126318
 126455
 126464
 126491
 126530
 126691
 126780
 126889
 126908
 126908
 126946
 127017
 127208
 127304
 127476
 127540
 127571
 127643
 127647
 127696
 127736
 127746
 127768
 127775
 127840
 127942
 127982
 128060
 128205
 128231
 128315
 128496
 128525
 128735
 128768
 128800
 128927
 128983
 129032
 129032
 129074
 129074
 129151
 129232
 129234
 129296
 129325
 129366
 129406
 129593
 129677
 129732
 129767
 129787
 129836
 129915
 129966
 130069
 130110
 130219
 130232
 130237
 130243
 130374
 130432
 130595
 130604
 130618
 130628
 130691
 130700
 130941
 130969
 130998
 131255
 131356
 131367
 131403
 131416
 131448
 131736
 131830
 131908
 132252
 132271
 132324
 132439
 132625
 132631
 132732
 132924
 132943
 132997
 133034
 133333
 133372
 133484
 133666
 133777
 133882
 133955
 134087
 134185
 134236
 134705
 134956
 134959
 135055
 135143
 135166
 135294
 135357
 135475
 135483
 135757
 136143
 136200
 136273
 136404
 136667
 136765
 136808
 136814
 136979
 137088
 137216
 137490
 137499
 137959
 137963
 137964
 138007
 138258
 138348
 138395
 138412
 138478
 138980
 139072
 139189
 139347
 139443
 139531
 139684
 139827
 139997
 140122
 140162
 140491
 140596
 140657
 140703
 140731
 140758
 140780
 140828
 140833
 141013
 141054
 141078
 141238
 141345
 141380
 141577
 141657
 141663
 141678
 142079
 142132
 142159
 142222
 142223
 142240
 142385
 142508
 142547
 142572
 142614
 142684
 142724
 142915
 142963
 143075
 143141
 143170
 143300
 143372
 143609
 143658
 143664
 143756
 143847
 143863
 143944
 144151
 144329
 144548
 144685
 144704
 144917
 144931
 144986
 145170
 145211
 145369
 145501
 145556
 145596
 145837
 145980
 146069
 146077
 146092
 146095
 146100
 146128
 146137
 146144
 146152
 146338
 146362
 146455
 146459
 146469
 146476
 146519
 146788
 146829
 146903
 147062
 147134
 147286
 147308
 147384
 147398
 147517
 147596
 147880
 147884
 147961
 148141
 148148
 148248
 148447
 148541
 148593
 148626
 148642
 148675
 148828
 148847
 148976
 149434
 149503
 149540
 149682
 149720
 149904
 149996
 150044
 150092
 150208
 150224
 150341
 150396
 150449
 150510
 150652
 150751
 150823
 150867
 150937
 151071
 151110
 151407
 151497
 151767
 151827
 151851
 151917
 151918
 151999
 152033
 152337
 152497
 152688
 152718
 152853
 153164
 153311
 153577
 153615
 153684
 153846
 153992
 154201
 154458
 154565
 154576
 154593
 154656
 154744
 154852
 154901
 154971
 155102
 155117
 155155
 155168
 155248
 155251
 155403
 155419
 155525
 155748
 155860
 155884
 155918
 156183
 156188
 156223
 156561
 156626
 156898
 156932
 157019
 157148
 157187
 157195
 157412
 157531
 157569
 157776
 157824
 157840
 157894
 157901
 157957
 158133
 158196
 158222
 158245
 158316
 158351
 158391
 158429
 158452
 158506
 158719
 158730
 158945
 158955
 158976
 159170
 159272
 159328
 159420
 159531
 159663
 160220
 160250
 160493
 160502
 160536
 160649
 160761
 160779
 160912
 160936
 161105
 161116
 161169
 161233
 161235
 161290
 161473
 161496
 161511
 161601
 161667
 161785
 161823
 161893
 161955
 162112
 162136
 162254
 162523
 162546
 162601
 162758
 162909
 163043
 163100
 163219
 163220
 163317
 163318
 163395
 163398
 163419
 163510
 163633
 163643
 163656
 163837
 164295
 164778
 164796
 164882
 164934
 165249
 165267
 165438
 165505
 165598
 165624
 165680
 165694
 165736
 165825
 165994
 166269
 166278
 166371
 166456
 166459
 166498
 166518
 166539
 166565
 166598
 166634
 166676
 166838
 166869
 166940
 167044
 167047
 167115
 167468
 167565
 167584
 167879
 168257
 168379
 168615
 168630
 168634
 168736
 168822
 168902
 168943
 168957
 169070
 169172
 169587
 169594
 169662
 169704
 169777
 169789
 169792
 169852
 169919
 169930
 169959
 170053
 170057
 170173
 170280
 170286
 170351
 170370
 170393
 170642
 170670
 170682
 170714
 171032
 171248
 171282
 171431
 171441
 171561
 171570
 171594
 171655
 171857
 171881
 171983
 172029
 172079
 172135
 172300
 172354
 172391
 172522
 172612
 172655
 172893
 173139
 173439
 173606
 173640
 173646
 173649
 173661
 173690
 173870
 173879
 173893
 173913
 174151
 174200
 174246
 174347
 174380
 174473
 174692
 174820
 174825
 175082
 175140
 175174
 175264
 175843
 175865
 176010
 176115
 176232
 176265
 176398
 176500
 176524
 176596
 176849
 176943
 176991
 177181
 177215
 177491
 177647
 177913
 177963
 177971
 177988
 178061
 178343
 178391
 178470
 178906
 179186
 179373
 179630
 179813
 179825
 179835
 180213
 180366
 180581
 180594
 180595
 180628
 180720
 180943
 181055
 181064
 181132
 181362
 181572
 181648
 181772
 181776
 181818
 181867
 181943
 182129
 182171
 182275
 182341
 182488
 182788
 182972
 183064
 183093
 183176
 183217
 183255
 183261
 183287
 183288
 183359
 183600
 183605
 183949
 184134
 184186
 184263
 184398
 184426
 184441
 184521
 184580
 184687
 184725
 184765
 184800
 184801
 184891
 184930
 185206
 185267
 185437
 185443
 185642
 185757
 185809
 185963
 186006
 186178
 186235
 186327
 186401
 186440
 186504
 186666
 186682
 186697
 186728
 187029
 187165
 187342
 187402
 187713
 187736
 187766
 187853
 187877
 188034
 188149
 188267
 188269
 188329
 188335
 188449
 188613
 188744
 189088
 189117
 189262
 189291
 189312
 189441
 189477
 189513
 189817
 189873
 189934
 189947
 189982
 190186
 190282
 190315
 190399
 190455
 190510
 190564
 190771
 190775
 190839
 190856
 191119
 191135
 191342
 191490
 191576
 191593
 191861
 191972
 192039
 192045
 192242
 192360
 192360
 192419
 192430
 192546
 192611
 192650
 192800
 192982
 193087
 193124
 193125
 193427
 193519
 193569
 193802
 193895
 193954
 194078
 194102
 194211
 194225
 194237
 194275
 194359
 194391
 194473
 194482
 194529
 194545
 194568
 194684
 195090
 195312
 195366
 195547
 195576
 195602
 195730
 195864
 195931
 195999
 196102
 196172
 196292
 196296
 196313
 196363
 196452
 196473
 196486
 196677
 196877
 197052
 197172
 197291
 197395
 197573
 197580
 197580
 197647
 197918
 198051
 198128
 198245
 198338
 198363
 198453
 198467
 198473
 198685
 198745
 199018
 199028
 199119
 199143
 199187
 199338
 199431
 199490
 199999
 199999
 199999
 200000
 200000
 200075
 200258
 200357
 200370
 200381
 200494
 200680
 200689
 200700
 200708
 200749
 200897
 200965
 201043
 201058
 201060
 201063
 201250
 201308
 201459
 201532
 201598
 201810
 202082
 202113
 202133
 202136
 202185
 202275
 202371
 202427
 202435
 202466
 202506
 202527
 202581
 202624
 202713
 202749
 202981
 202986
 203007
 203269
 203269
 203486
 203748
 203856
 203952
 204255
 204321
 204379
 204439
 204581
 204665
 204725
 204899
 205020
 205343
 205391
 205499
 205644
 205692
 206037
 206049
 206396
 206764
 206800
 206896
 207087
 207302
 207674
 207707
 207745
 207753
 207770
 207800
 208222
 208324
 208364
 208403
 208421
 208469
 208528
 208608
 208669
 208704
 208830
 208879
 208909
 209242
 209341
 209404
 209430
 209530
 209602
 209647
 209818
 209867
 209922
 209931
 210007
 210045
 210406
 210526
 210698
 210827
 210999
 211069
 211183
 211188
 211305
 211513
 211639
 211933
 212029
 212264
 212368
 212428
 212620
 212658
 212694
 212886
 213072
 213114
 213210
 213270
 213296
 213515
 213592
 213649
 213720
 213855
 214109
 214222
 214285
 214470
 214592
 214622
 214709
 214749
 214811
 214849
 214890
 214912
 215081
 215102
 215165
 215170
 215252
 215260
 215473
 215652
 215722
 215735
 215906
 215949
 216028
 216064
 216116
 216307
 216437
 216608
 216629
 216781
 216804
 216867
 216879
 216931
 216940
 217032
 217051
 217376
 217522
 217529
 217539
 217545
 217601
 217612
 217625
 217647
 217719
 217752
 217791
 217822
 217842
 217882
 217968
 218012
 218140
 218154
 218250
 218320
 218370
 218808
 219116
 219126
 219204
 219235
 219304
 219364
 219508
 219550
 219730
 219802
 219867
 219930
 219936
 219958
 220183
 220298
 220331
 220498
 220743
 220746
 220830
 220937
 221037
 221103
 221172
 221198
 221256
 221453
 221510
 221778
 221917
 222066
 222222
 222222
 222222
 222335
 222580
 222679
 222730
 223005
 223152
 223179
 223355
 223361
 223437
 223548
 223616
 223736
 223755
 223814
 223857
 224199
 224257
 224281
 224530
 224553
 224571
 224756
 224809
 224829
 224831
 224960
 225127
 225441
 225480
 225488
 225584
 225652
 225772
 225820
 225985
 226012
 226255
 226392
 226480
 226529
 226678
 226770
 226867
 226914
 226991
 227104
 227211
 227361
 227363
 227467
 227533
 227554
 227646
 227648
 227788
 227823
 227844
 227926
 227991
 228148
 228156
 228193
 228212
 228329
 228523
 228860
 228986
 229000
 229345
 229446
 229580
 229583
 229638
 229798
 229874
 229960
 229991
 230114
 230173
 230202
 230320
 230353
 230390
 230432
 230616
 230742
 230760
 230769
 230814
 230913
 231081
 231125
 231305
 231324
 231443
 231506
 231535
 231556
 231557
 231655
 231695
 231755
 231788
 231964
 232043
 232049
 232144
 232158
 232174
 232288
 232345
 232490
 232573
 232594
 232722
 232804
 232819
 232876
 232992
 233080
 233271
 233274
 233320
 233333
 233353
 233393
 233471
 233597
 233706
 233817
 233823
 234005
 234042
 234153
 234358
 234423
 234506
 234584
 234699
 234709
 234879
 234933
 235008
 235294
 235294
 235374
 235470
 235556
 235610
 235610
 235805
 235901
 236023
 236263
 236323
 236364
 236429
 236434
 236472
 236486
 236490
 236555
 236630
 236865
 237024
 237182
 237415
 237477
 237586
 237623
 238010
 238221
 238300
 238452
 238692
 238820
 238955
 239014
 239113
 239189
 239282
 239472
 239694
 239807
 239826
 239918
 240115
 240130
 240174
 240300
 240305
 240470
 240504
 240552
 240712
 240731
 240828
 240885
 241062
 241191
 241277
 241315
 241444
 241559
 241592
 241619
 241649
 241743
 241863
 241865
 241962
 242180
 242345
 242523
 242885
 242888
 242950
 243142
 243150
 243154
 243219
 243228
 243388
 243610
 243742
 243772
 243981
 244070
 244215
 244346
 244546
 244552
 244575
 245125
 245229
 245246
 245256
 245283
 245521
 245544
 245589
 245695
 245731
 245832
 245889
 245942
 246214
 246376
 246405
 246605
 246613
 246729
 247082
 247088
 247167
 247268
 247341
 247406
 247414
 247422
 247611
 247831
 247931
 247943
 247952
 247999
 248081
 248105
 248126
 248165
 248188
 248203
 248229
 248246
 248430
 248461
 248467
 248816
 248900
 248948
 249291
 249296
 249347
 249384
 249418
 249448
 249460
 249523
 249528
 249538
 249595
 249689
 249699
 249706
 249829
 249842
 250107
 250213
 250285
 250353
 250505
 250626
 250637
 250656
 250812
 251160
 251204
 251221
 251306
 251343
 251379
 251427
 251559
 251604
 251662
 251798
 251923
 252162
 252186
 252286
 252305
 252508
 252788
 253012
 253346
 253435
 253581
 253613
 253829
 253998
 254287
 254621
 254740
 254777
 254867
 254888
 254905
 254953
 255021
 255319
 255375
 255441
 255481
 255631
 255640
 255711
 255770
 256091
 256210
 256256
 256310
 256494
 256518
 256572
 256737
 256854
 256893
 257158
 257261
 257358
 257603
 257752
 257779
 257940
 257944
 258249
 258530
 258571
 258584
 258680
 259012
 259080
 259280
 259507
 259682
 259821
 260105
 260267
 260570
 260678
 260731
 260968
 261025
 261101
 261162
 261223
 261262
 261691
 262130
 262745
 262807
 262815
 262869
 262872
 262876
 262899
 263015
 263244
 263252
 263262
 263333
 263335
 263464
 263504
 263707
 263747
 263789
 263803
 263864
 264190
 264266
 264304
 264476
 264581
 264655
 264907
 264931
 264957
 264978
 265052
 265202
 265433
 265536
 265562
 265685
 265697
 265745
 265827
 265946
 266005
 266138
 266168
 266415
 266525
 266603
 267019
 267447
 267470
 267502
 267755
 267874
 267907
 268016
 268108
 268112
 268137
 268206
 268292
 268562
 268617
 268727
 268912
 268927
 269103
 269108
 269268
 269380
 269558
 269709
 269829
 269963
 269964
 269998
 269999
 270172
 270225
 270315
 270388
 270584
 270612
 270853
 270940
 271012
 271023
 271186
 271313
 271402
 271492
 271850
 271861
 271898
 272024
 272028
 272034
 272044
 272096
 272105
 272237
 272347
 272485
 272596
 272752
 272848
 273032
 273131
 273145
 273308
 273381
 273524
 273565
 274009
 274094
 274096
 274412
 274478
 274622
 274870
 274916
 275052
 275182
 275303
 275336
 275362
 275485
 275823
 275862
 276123
 276130
 276159
 276173
 276212
 276379
 276420
 276574
 276619
 276644
 276825
 277037
 277070
 277082
 277310
 277419
 277763
 277777
 277780
 277894
 277917
 278091
 278145
 278215
 278317
 278810
 278838
 278976
 279027
 279062
 279077
 279153
 279202
 279214
 279368
 279409
 279421
 279552
 279664
 279675
 279924
 279959
 279967
 279969
 280057
 280146
 280184
 280312
 280452
 280701
 280760
 280817
 280837
 280881
 281178
 281500
 281553
 281618
 281668
 281702
 281742
 281782
 282288
 282360
 282516
 282614
 282619
 282847
 283067
 283311
 283433
 283436
 283616
 283652
 283730
 283754
 283837
 283977
 284100
 284100
 284335
 284340
 284567
 284858
 285059
 285115
 285145
 285218
 285373
 285781
 285978
 285984
 286118
 286264
 286268
 286312
 286461
 286514
 286555
 286614
 286726
 286759
 286775
 286939
 286946
 287118
 287225
 287305
 287367
 287436
 287817
 287901
 287914
 287979
 287986
 288235
 288403
 288409
 288423
 288434
 288437
 288494
 288554
 288619
 288717
 288906
 289017
 289038
 289066
 289201
 289248
 289281
 289348
 289433
 289479
 289563
 289567
 289804
 289964
 290347
 290436
 290659
 290726
 290778
 290846
 290963
 291253
 291265
 291268
 291350
 291387
 291568
 291802
 292082
 292240
 292281
 292451
 292559
 292673
 292711
 292758
 293039
 293054
 293069
 293268
 293302
 293546
 293660
 293999
 294013
 294055
 294179
 294190
 294217
 294264
 294703
 294767
 294814
 294974
 295041
 295050
 295150
 295292
 295382
 295384
 295481
 295500
 295625
 295693
 295868
 295887
 295900
 296012
 296089
 296180
 296296
 296382
 296537
 296541
 296555
 296827
 296840
 297174
 297179
 297320
 297463
 297539
 297548
 297713
 297865
 298094
 298125
 298162
 298519
 298594
 298610
 299003
 299026
 299143
 299143
 299161
 299182
 299200
 299253
 299471
 299698
 299767
 299910
 300000
 300120
 300314
 300364
 300369
 300408
 300536
 300617
 300683
 300862
 300879
 300957
 301323
 301459
 301561
 301579
 301682
 301886
 302073
 302224
 302283
 302362
 302494
 302531
 302573
 302583
 302709
 302911
 303176
 303190
 303226
 303250
 303293
 303370
 303370
 303414
 303448
 303565
 303623
 303797
 303892
 303955
 304106
 304111
 304139
 304258
 304360
 304468
 304631
 304635
 304688
 304723
 304765
 304856
 304921
 304932
 304985
 305056
 305087
 305176
 305178
 305230
 305421
 305486
 305541
 305735
 305745
 305801
 305974
 306010
 306039
 306088
 306162
 306165
 306314
 306325
 306393
 306502
 306569
 306596
 306729
 306760
 306764
 306775
 306791
 306862
 306937
 307103
 307174
 307186
 307214
 307507
 307518
 307543
 307562
 307692
 307708
 307767
 307795
 307998
 308100
 308334
 308433
 308435
 308482
 308547
 308578
 308649
 308805
 308820
 309026
 309049
 309250
 309501
 309608
 309723
 309960
 310003
 310443
 310447
 310576
 310647
 310704
 310757
 311081
 311151
 311224
 311322
 311349
 311418
 311591
 311688
 311693
 311772
 311890
 312087
 312174
 312209
 312230
 312497
 312607
 312689
 312707
 312796
 312916
 312927
 312927
 313013
 313024
 313463
 313466
 313725
 313784
 313874
 313941
 313991
 314033
 314037
 314042
 314058
 314253
 314417
 314525
 314655
 314820
 314834
 314915
 315145
 315374
 315454
 315516
 315753
 315891
 316172
 316262
 316373
 316383
 316442
 316455
 316506
 316538
 316599
 316633
 316737
 316985
 317070
 317115
 317323
 317450
 317460
 317567
 317811
 317902
 317957
 317966
 318025
 318060
 318125
 318143
 318212
 318590
 318700
 318746
 318760
 318786
 318870
 318909
 319203
 319205
 319288
 319311
 319429
 319462
 319468
 319566
 319727
 319820
 319890
 319937
 319942
 319973
 319986
 320041
 320274
 320303
 320440
 320478
 320497
 320543
 320675
 320738
 320759
 320884
 321029
 321155
 321422
 321634
 321983
 321993
 322047
 322051
 322238
 322303
 322322
 322430
 322467
 322528
 322580
 322699
 322778
 322825
 322863
 322867
 322918
 323217
 323296
 323308
 323335
 323426
 323484
 323593
 323818
 323840
 323974
 324119
 324122
 324186
 324226
 324259
 324271
 324688
 324760
 324761
 324915
 325036
 325229
 325245
 325286
 325288
 325289
 325367
 325435
 325478
 325545
 325609
 325678
 325716
 325844
 325987
 326025
 326139
 326144
 326208
 326500
 326530
 326542
 326741
 326857
 326858
 326957
 326965
 327030
 327344
 327347
 327929
 328484
 328511
 328567
 328697
 328723
 328734
 328786
 328872
 328966
 329397
 329401
 329492
 329556
 329646
 329833
 329861
 329949
 329985
 329991
 330020
 330110
 330124
 330148
 330552
 330734
 330754
 330858
 330947
 331035
 331148
 331209
 331301
 331313
 331381
 331424
 331428
 331540
 331635
 331743
 331872
 331875
 331977
 332409
 332454
 332862
 333072
 333118
 333168
 333225
 333266
 333333
 333333
 333333
 333333
 333603
 333641
 333685
 333895
 333941
 334155
 334421
 334432
 334493
 334498
 334517
 334518
 334673
 334857
 334877
 334945
 334977
 335226
 335435
 335587
 335617
 335716
 335800
 335854
 335868
 335877
 336151
 336157
 336164
 336230
 336236
 336239
 336278
 336585
 336993
 337075
 337209
 337263
 337289
 337357
 337491
 337507
 337646
 337727
 337745
 338035
 338190
 338218
 338420
 338610
 338783
 338796
 338943
 339007
 339018
 339213
 339263
 339539
 339566
 339622
 339691
 339869
 340249
 340340
 340352
 340510
 340604
 340633
 340722
 340892
 340980
 341333
 341382
 341404
 341407
 341464
 341550
 341655
 341785
 341921
 341921
 341923
 342163
 342245
 342265
 342305
 342342
 342444
 342492
 342619
 342726
 342839
 342922
 343043
 343054
 343465
 343472
 343474
 343511
 343533
 343691
 343704
 343707
 343729
 343742
 343955
 343963
 344096
 344121
 344158
 344182
 344307
 344429
 344447
 344486
 344537
 344571
 344644
 344849
 345259
 345375
 345427
 345447
 345450
 345587
 345677
 345679
 345760
 345819
 345844
 345864
 345971
 345981
 346119
 346147
 346216
 346268
 346282
 346306
 346423
 346428
 346528
 346600
 346666
 346798
 346821
 346885
 347053
 347156
 347434
 347443
 347566
 347575
 347595
 347639
 348000
 348143
 348254
 348328
 348332
 348600
 348747
 348890
 348920
 348998
 349104
 349138
 349266
 349329
 349445
 349580
 349698
 349702
 349726
 349767
 349799
 349818
 349969
 349999
 350000
 350097
 350203
 350398
 350412
 350471
 350566
 350696
 350986
 350993
 351097
 351128
 351133
 351380
 351685
 351692
 351908
 351922
 352043
 352173
 352443
 352493
 352591
 352679
 352708
 352781
 352853
 352857
 352941
 353101
 353162
 353240
 353240
 353429
 353497
 353645
 353697
 353711
 353727
 353768
 353929
 354121
 354351
 354368
 354399
 354692
 354732
 354813
 354963
 354995
 355186
 355261
 355531
 355562
 355694
 355804
 356028
 356076
 356112
 356140
 356275
 356309
 356329
 356456
 356512
 356609
 356641
 356687
 356800
 356804
 356993
 357015
 357323
 357433
 357453
 357472
 357584
 357645
 357760
 357793
 357876
 357933
 358009
 358121
 358338
 358396
 358615
 358678
 358854
 358911
 358932
 359012
 359035
 359101
 359217
 359330
 359439
 359498
 359620
 359804
 359818
 359870
 359918
 359955
 359999
 360166
 360287
 360694
 360699
 360726
 360852
 360930
 361432
 361523
 361712
 361727
 361832
 361928
 362066
 362212
 362369
 362609
 362943
 363081
 363112
 363139
 363221
 363233
 363308
 363394
 363442
 363636
 363636
 363669
 363673
 363706
 363958
 363969
 364030
 364428
 364434
 364577
 364605
 364612
 364664
 364911
 364928
 364990
 365064
 365161
 365231
 365322
 365468
 365521
 365618
 365659
 365721
 365769
 366136
 366201
 366238
 366239
 366307
 366366
 366388
 366416
 366462
 366560
 366588
 366623
 366630
 366766
 366793
 366860
 367000
 367240
 367249
 367341
 367474
 367498
 367567
 367668
 367681
 367697
 367706
 367778
 367791
 368113
 368131
 368301
 368339
 368380
 368522
 368814
 368904
 368911
 369008
 369096
 369156
 369294
 369700
 369850
 369863
 370019
 370173
 370240
 370258
 370303
 370353
 370370
 370511
 370671
 370688
 371115
 371173
 371288
 371337
 371428
 371532
 371547
 371871
 371964
 372079
 372093
 372236
 372371
 372912
 372917
 372925
 372986
 373013
 373070
 373190
 373320
 373850
 374070
 374126
 374258
 374318
 374658
 374810
 374812
 374835
 375000
 375028
 375178
 375180
 375280
 375366
 375499
 375521
 375574
 375863
 375995
 376217
 376274
 376276
 376529
 376737
 376819
 376892
 376943
 376974
 377023
 377084
 377105
 377272
 377311
 377409
 377578
 377643
 377857
 377967
 378100
 378516
 378815
 378905
 378957
 378977
 379106
 379583
 379672
 379812
 379876
 380015
 380201
 380358
 380620
 380634
 380763
 380882
 381037
 381070
 381107
 381113
 381154
 381333
 381338
 381357
 381579
 381625
 382215
 382257
 382274
 382331
 382400
 382403
 382578
 382585
 382612
 382741
 382807
 382978
 382978
 383144
 383147
 383165
 383296
 383535
 383725
 383805
 383842
 384148
 384157
 384163
 384175
 384331
 384386
 384700
 384882
 385179
 385261
 385374
 385592
 385620
 385645
 385745
 385755
 385786
 385787
 385852
 385947
 386051
 386065
 386289
 386360
 386595
 386827
 386914
 386984
 387129
 387152
 387203
 387247
 387294
 387460
 387506
 388009
 388135
 388299
 388301
 388368
 388572
 388589
 388606
 388623
 388652
 388874
 389113
 389230
 389372
 389435
 389504
 389614
 389708
 389768
 389852
 390000
 390291
 390438
 390452
 390467
 390476
 390839
 390898
 390948
 391221
 391262
 391297
 391304
 391558
 391587
 391608
 391617
 391667
 391730
 391758
 392220
 392257
 392273
 392483
 392763
 392918
 393002
 393108
 393120
 393182
 393302
 393348
 393442
 393560
 393939
 393939
 394160
 394281
 394307
 394415
 394526
 394585
 394970
 394989
 395058
 395131
 395229
 395282
 395475
 395808
 395843
 395848
 395870
 395940
 395998
 396006
 396084
 396133
 396203
 396207
 396411
 396624
 396689
 396825
 396976
 397276
 397309
 397402
 397456
 397590
 397725
 398251
 398453
 398580
 398710
 398729
 398956
 398984
 399136
 399197
 399353
 399361
 399388
 399466
 399777
 399999
 400000
 400027
 400077
 400180
 400280
 400309
 400369
 400439
 400557
 400585
 400882
 401165
 401182
 401284
 401303
 401557
 401618
 401673
 401759
 401792
 401935
 401947
 401950
 401981
 402025
 402061
 402266
 402324
 402324
 402606
 402676
 402747
 402934
 403055
 403087
 403178
 403508
 403587
 403615
 403749
 403818
 403941
 404145
 404277
 404303
 404457
 404503
 404567
 404719
 404785
 404815
 404933
 405201
 405311
 405507
 405539
 405583
 405779
 405951
 405999
 406152
 406213
 406250
 406285
 406546
 406602
 406643
 406748
 407012
 407066
 407118
 407396
 407666
 407800
 407863
 407926
 407963
 407990
 408267
 408280
 408285
 408309
 408530
 408641
 408813
 408819
 408902
 408921
 409047
 409122
 409250
 409491
 409736
 409742
 409747
 409771
 409802
 409859
 409901
 409959
 409969
 410090
 410115
 410456
 410560
 410613
 410700
 410749
 410949
 410961
 411026
 411030
 411117
 411138
 411139
 411214
 411221
 411262
 411272
 411319
 411342
 411499
 411594
 411876
 412283
 412305
 412471
 412482
 412494
 412579
 412611
 412634
 412816
 412819
 412837
 413181
 413483
 413548
 413612
 413931
 413949
 414264
 414353
 414392
 414535
 414550
 414706
 414794
 414848
 414937
 414974
 415094
 415300
 415584
 415586
 415600
 415648
 415760
 415799
 415909
 415996
 416191
 416291
 416319
 416336
 416540
 416555
 416582
 416610
 416731
 416767
 416868
 416901
 416930
 417137
 417635
 417886
 417985
 418028
 418181
 418357
 418361
 418396
 418533
 418574
 418719
 418776
 418926
 419089
 419137
 419240
 419323
 419395
 419405
 419406
 419435
 419530
 419534
 419689
 419692
 419715
 419807
 419847
 419853
 419870
 419889
 419923
 419930
 420035
 420130
 420293
 420352
 420382
 420417
 420446
 420536
 420581
 420657
 420778
 420789
 421096
 421138
 421143
 421231
 421273
 421622
 421638
 421780
 421816
 421910
 421919
 422184
 422241
 422253
 422305
 422358
 422384
 422416
 422444
 422545
 422565
 422755
 422794
 422794
 422860
 422901
 422954
 422995
 423045
 423207
 423215
 423494
 423508
 423734
 423744
 423770
 423770
 423809
 423888
 423913
 424209
 424264
 424519
 424828
 425031
 425044
 425185
 425365
 425389
 425489
 425680
 426132
 426225
 426315
 426322
 426322
 426373
 426394
 426511
 426594
 426603
 426713
 426894
 426898
 427040
 427049
 427107
 427204
 427330
 427374
 427417
 427584
 427629
 427698
 427792
 428056
 428154
 428191
 428309
 428443
 428482
 428571
 428571
 428785
 428798
 428915
 428936
 429043
 429103
 429456
 429467
 429647
 429779
 429864
 429866
 429906
 430015
 430064
 430092
 430123
 430182
 430534
 430555
 430645
 430930
 431059
 431679
 431748
 431849
 431932
 432218
 432258
 432283
 432344
 432681
 432924
 432958
 433009
 433022
 433077
 433096
 433126
 433134
 433165
 433175
 433347
 433480
 433546
 433552
 433554
 433713
 433742
 434106
 434175
 434187
 434236
 434416
 434432
 434616
 434620
 434811
 435018
 435042
 435176
 435258
 435293
 435306
 435628
 435676
 435686
 435736
 435936
 436090
 436158
 436290
 436309
 436464
 436558
 436598
 436656
 436842
 436958
 437073
 437100
 437295
 437306
 437312
 437649
 437659
 437728
 437898
 437949
 437983
 437996
 438051
 438095
 438233
 438287
 438292
 438436
 438518
 438530
 438608
 438745
 438836
 439024
 439126
 439421
 439421
 439607
 439728
 439897
 439953
 440000
 440195
 440249
 440318
 440364
 440373
 440459
 440483
 440717
 440872
 440895
 441003
 441046
 441188
 441222
 441293
 441358
 441545
 441608
 441617
 441637
 441639
 441701
 441774
 441808
 441860
 441881
 442029
 442052
 442195
 442217
 442237
 442263
 442395
 442517
 442558
 442571
 442622
 442694
 442741
 442791
 442805
 442807
 442822
 442982
 443033
 443037
 443243
 443434
 443596
 443997
 444045
 444378
 444444
 444528
 444576
 444930
 445042
 445068
 445071
 445144
 445197
 445381
 446003
 446095
 446153
 446387
 446397
 446632
 446651
 446738
 446761
 446835
 446975
 447403
 447432
 447730
 448144
 448275
 448435
 448544
 448675
 448809
 448878
 448950
 448979
 448979
 449002
 449027
 449049
 449089
 449105
 449141
 449182
 449581
 449606
 449737
 449819
 449840
 450007
 450057
 450127
 450472
 450715
 450994
 450996
 451025
 451085
 451140
 451230
 451272
 451308
 451315
 451369
 451738
 451780
 451831
 451842
 451851
 452020
 452165
 452179
 452266
 452513
 452560
 452579
 452591
 452708
 452783
 452919
 452957
 453164
 453205
 453357
 453752
 454203
 454253
 454275
 454385
 454415
 454613
 454756
 454777
 454879
 454982
 455055
 455062
 455071
 455113
 455377
 455429
 455463
 455595
 455772
 455858
 455870
 455930
 456001
 456140
 456213
 456242
 456279
 456406
 456487
 456495
 456523
 456603
 456621
 456655
 456725
 456787
 456850
 457000
 457007
 457266
 457452
 457482
 457627
 457652
 457678
 457857
 457897
 457904
 457965
 457988
 458300
 458390
 458508
 458797
 458856
 458916
 459119
 459258
 459319
 459386
 459550
 459566
 459653
 459931
 459933
 459979
 460048
 460123
 460162
 460232
 460267
 460674
 461095
 461202
 461264
 461354
 461538
 461580
 461633
 461710
 461815
 461834
 461926
 462046
 462082
 462098
 462209
 462233
 462279
 462352
 462370
 462470
 462523
 462664
 462768
 462939
 463013
 463035
 463135
 463459
 463533
 463649
 463798
 464128
 464388
 464396
 464518
 464566
 464711
 464768
 464944
 465038
 465080
 465087
 465116
 465191
 465319
 465426
 465569
 465811
 465886
 466049
 466065
 466071
 466200
 466414
 466469
 466548
 466612
 466681
 466752
 467102
 467121
 467376
 467390
 467731
 467759
 467889
 468049
 468054
 468170
 468223
 468323
 468328
 468332
 468440
 468526
 468559
 468589
 468631
 468728
 468862
 468893
 468910
 469122
 469258
 469372
 469458
 469465
 469542
 469799
 469879
 470085
 470104
 470138
 470249
 470276
 470296
 470394
 470567
 470588
 470654
 470864
 470922
 471035
 471365
 471451
 471744
 471907
 471910
 472023
 472054
 472181
 472199
 472506
 472560
 472635
 472648
 472714
 472831
 472957
 473007
 473031
 473037
 473162
 473197
 473372
 473380
 473503
 473557
 473571
 473818
 473841
 473954
 474031
 474072
 474086
 474226
 474327
 474330
 474346
 474459
 474534
 474548
 474760
 474771
 474777
 474857
 474885
 474964
 475076
 475180
 475382
 475392
 475438
 475520
 475661
 475812
 475918
 475997
 476132
 476286
 476307
 476553
 476562
 476730
 477038
 477160
 477207
 477270
 477310
 477435
 477643
 477655
 477685
 477944
 478060
 478118
 478134
 478153
 478260
 478666
 478832
 478833
 478840
 478932
 478974
 479025
 479079
 479289
 479511
 479634
 479728
 479760
 480051
 480082
 480122
 480168
 480262
 480294
 480792
 481114
 481257
 481442
 481442
 481471
 481481
 481498
 481527
 481763
 481877
 482066
 482534
 482535
 482612
 482694
 482771
 482773
 482872
 482914
 482968
 483062
 483142
 483161
 483195
 483278
 483343
 483418
 483429
 483530
 483534
 483587
 483677
 483793
 483887
 483999
 484133
 484512
 484578
 484604
 484629
 484681
 484691
 484716
 485280
 485344
 485415
 485443
 485886
 485993
 486043
 486105
 486127
 486382
 486631
 486633
 486863
 486939
 487071
 487113
 487179
 487306
 487575
 487670
 487819
 488288
 488413
 488645
 488721
 488744
 488792
 488822
 488888
 489032
 489129
 489170
 489225
 489423
 489429
 489797
 489849
 489873
 489919
 489937
 490183
 490243
 490252
 490328
 490358
 490436
 490485
 490506
 490613
 490654
 490713
 490727
 490823
 490969
 491038
 491047
 491252
 491389
 491512
 491542
 491660
 491708
 491742
 491768
 491785
 491854
 491960
 492080
 492103
 492588
 492605
 492640
 492684
 492943
 492974
 493083
 493252
 493368
 493605
 493740
 493793
 493820
 493843
 493937
 493941
 493972
 494046
 494297
 494340
 494617
 494798
 494875
 494930
 494978
 495050
 495122
 495288
 495301
 495461
 495623
 495847
 495995
 496257
 496455
 496728
 496844
 496884
 496898
 496963
 497109
 497343
 497515
 497639
 497821
 497886
 497910
 497940
 498023
 498032
 498153
 498157
 498253
 498267
 498389
 498492
 498804
 498847
 498874
 498896
 499217
 499240
 499585
 499613
 499763
 499857
 499946
 500000
 500059
 500072
 500109
 500167
 500202
 500351
 500405
 500419
 500430
 500437
 500499
 500559
 500737
 500754
 500834
 500840
 500879
 500979
 500987
 501007
 501104
 501267
 501277
 501415
 501474
 501618
 501729
 501734
 501840
 501915
 502107
 502117
 502289
 502439
 502518
 502535
 502554
 502666
 502999
 503105
 503162
 503240
 503493
 503525
 503791
 503849
 503875
 503880
 503892
 503966
 504054
 504071
 504285
 504296
 504322
 504409
 504424
 504424
 504564
 504566
 504593
 504930
 504979
 505058
 505065
 505094
 505304
 505326
 505368
 505769
 505809
 505860
 506033
 506054
 506088
 506097
 506155
 506164
 506681
 506711
 507310
 507319
 507433
 507545
 507552
 507681
 507811
 508063
 508096
 508225
 508250
 508455
 508583
 508601
 508714
 508716
 508733
 508821
 508849
 508893
 509268
 509430
 509626
 509702
 509728
 510022
 510056
 510187
 510237
 510242
 510257
 510331
 510411
 510460
 510496
 510531
 510553
 510606
 510679
 510691
 510754
 510795
 510850
 510885
 510892
 511106
 511299
 511361
 511516
 511599
 511803
 511812
 511937
 511941
 512224
 512283
 512375
 512519
 512703
 512706
 512820
 512844
 512953
 513074
 513161
 513163
 513266
 513371
 513383
 513476
 513486
 513490
 513492
 513504
 513543
 513551
 513630
 513635
 513661
 513671
 513816
 513836
 513916
 513952
 514062
 514089
 514115
 514285
 514313
 514388
 514396
 514711
 514722
 514733
 514767
 514775
 514950
 514960
 514980
 514982
 515055
 515182
 515307
 515359
 515366
 515393
 515414
 515455
 515820
 515890
 515923
 515991
 516022
 516052
 516304
 516344
 516430
 516461
 516531
 516572
 516814
 516853
 516853
 516896
 517088
 517241
 517266
 517284
 517291
 517300
 517474
 517476
 517487
 517554
 517587
 517759
 517850
 517854
 517959
 518140
 518180
 518186
 518195
 518248
 518263
 518467
 518578
 518624
 518633
 518665
 518764
 518847
 519190
 519525
 519541
 519546
 519611
 519697
 519761
 519809
 519879
 520059
 520149
 520296
 520439
 520473
 520552
 520628
 520634
 520640
 520745
 521275
 521367
 521421
 521458
 521675
 521751
 521794
 521815
 522157
 522268
 522290
 522632
 522653
 522705
 522741
 522783
 522855
 522964
 523067
 523072
 523113
 523130
 523135
 523584
 523605
 523628
 523657
 523994
 524082
 524119
 524359
 524407
 524510
 524532
 524628
 524746
 524772
 524926
 525208
 525296
 525321
 525439
 525512
 525612
 525623
 525657
 525682
 525750
 525773
 525874
 526115
 526239
 526315
 526522
 526610
 526658
 526692
 526702
 526732
 526737
 526956
 527141
 527235
 527294
 527307
 527326
 527375
 527395
 527585
 527645
 527682
 527692
 528032
 528042
 528101
 528231
 528318
 528384
 528439
 528522
 528574
 528774
 528894
 528965
 528988
 529190
 529285
 529335
 529338
 529411
 529422
 529434
 529460
 529536
 529640
 529825
 529825
 529882
 529885
 529922
 529929
 530047
 530414
 530706
 530708
 531006
 531208
 531266
 531308
 531371
 531375
 531428
 531471
 531568
 531571
 531702
 532033
 532163
 532199
 532218
 532225
 532241
 532267
 532629
 532660
 532744
 532814
 532915
 533304
 533333
 533333
 533333
 533534
 533550
 533585
 533708
 533709
 533795
 533853
 533879
 533956
 534012
 534022
 534223
 534432
 534516
 534566
 534766
 534767
 534871
 535286
 535452
 535504
 535619
 535635
 535747
 535968
 535989
 536143
 536221
 536242
 536386
 536407
 536412
 536482
 537044
 537377
 537493
 537672
 537705
 537711
 537780
 537799
 537976
 538405
 538438
 538914
 539563
 539628
 539784
 539852
 539992
 539999
 540062
 540077
 540316
 540349
 540401
 540438
 540566
 540591
 540621
 540741
 540840
 540897
 540907
 540959
 540989
 541049
 541054
 541125
 541174
 541241
 541335
 541343
 541348
 541440
 541833
 541871
 541903
 541966
 542069
 542141
 542153
 542241
 542314
 542323
 542343
 542347
 542371
 542444
 542472
 542516
 542526
 542639
 542663
 542785
 542857
 542857
 543009
 543089
 543214
 543523
 543603
 543882
 543926
 544121
 544190
 544318
 544998
 545119
 545242
 545243
 545295
 545367
 545399
 545454
 545621
 545878
 545932
 546119
 546119
 546180
 546291
 546303
 546389
 546630
 546977
 547081
 547166
 547276
 547511
 547532
 547668
 547723
 547724
 548001
 548070
 548188
 548228
 548784
 548984
 548990
 549075
 549193
 549258
 549408
 549414
 549471
 549576
 549591
 549605
 549828
 549914
 550191
 550247
 550310
 550347
 550396
 550456
 550588
 550626
 550647
 550741
 550791
 551124
 551130
 551244
 551248
 551306
 551564
 551639
 551645
 551724
 551809
 551882
 551975
 551981
 552000
 552008
 552043
 552096
 552282
 552311
 552456
 552710
 552771
 552880
 552913
 553226
 553254
 553310
 553615
 553670
 553679
 553858
 553996
 554060
 554125
 554323
 554535
 554543
 554642
 554744
 554831
 554945
 555009
 555156
 555210
 555316
 555332
 555615
 555669
 555762
 555809
 555953
 556007
 556102
 556105
 556521
 556572
 556630
 556733
 556918
 556976
 557017
 557181
 557199
 557236
 557363
 557476
 557544
 557569
 557577
 557601
 557606
 557629
 557684
 557728
 557874
 557994
 558173
 558208
 558356
 558506
 558601
 558631
 558713
 558751
 558768
 559103
 559190
 559274
 559348
 559417
 559479
 559681
 559746
 559757
 559757
 560169
 560280
 560545
 560583
 560624
 560667
 560816
 560959
 561025
 561244
 561286
 561441
 561449
 561503
 561643
 561750
 561797
 561890
 561955
 562085
 562106
 562187
 562272
 562414
 562448
 562454
 562492
 562545
 562570
 562598
 562727
 562817
 562962
 563079
 563131
 563228
 563422
 563520
 563564
 563602
 563779
 563917
 563937
 563938
 564102
 564290
 564360
 564362
 564368
 564420
 564467
 564570
 564612
 564668
 564727
 564900
 565002
 565217
 565250
 565366
 565411
 565452
 565526
 565543
 565598
 565654
 565668
 565680
 565815
 565988
 566037
 566658
 566753
 566786
 566908
 566921
 567023
 567095
 567166
 567222
 567231
 567289
 567347
 567496
 567583
 567907
 567970
 568008
 568323
 568388
 568510
 568606
 568744
 569148
 569272
 569490
 569583
 569630
 569806
 569820
 569986
 569988
 570023
 570196
 570276
 570283
 570349
 570388
 570880
 571336
 571457
 571491
 571545
 571665
 571685
 571815
 571893
 572045
 572135
 572145
 572228
 572402
 572576
 572668
 572753
 572991
 573209
 573516
 573527
 573930
 574056
 574073
 574281
 574289
 574435
 574482
 574596
 574635
 574720
 574799
 574821
 574825
 574861
 574997
 575009
 575132
 575302
 575428
 575476
 575508
 575537
 575610
 575663
 575727
 575872
 576187
 576231
 576281
 576415
 576430
 576464
 576624
 576760
 577002
 577163
 577283
 577304
 577347
 577349
 577437
 577476
 577605
 577628
 578138
 578311
 578327
 578681
 578882
 578887
 578942
 578947
 579087
 579156
 579261
 579409
 579490
 579619
 579619
 579651
 579846
 579880
 579906
 579921
 579946
 579975
 579986
 580020
 580034
 580109
 580228
 580274
 580444
 580472
 580529
 580645
 580940
 580990
 581149
 581235
 581243
 581244
 581291
 581362
 581369
 581378
 581471
 581485
 581488
 581546
 581723
 581896
 581940
 582137
 582174
 582314
 582346
 582466
 582479
 582494
 582546
 582807
 582827
 582881
 583306
 583310
 583333
 583359
 583369
 583386
 583408
 583431
 583433
 583651
 583914
 583942
 584089
 584244
 584266
 584359
 584491
 584503
 584569
 584719
 584845
 584901
 585005
 585023
 585150
 585323
 585504
 585552
 585592
 585915
 586019
 586035
 586073
 586300
 586303
 586333
 586358
 586475
 586492
 586584
 586686
 586749
 586889
 587043
 587169
 587478
 587505
 587519
 587677
 587690
 587746
 587828
 587857
 588252
 588292
 588389
 588441
 588522
 588552
 588557
 588629
 588640
 589041
 589168
 589496
 589623
 589651
 589798
 589840
 589957
 590091
 590123
 590137
 590315
 590461
 590547
 590623
 590640
 590717
 590990
 591173
 591228
 591300
 591331
 591478
 591541
 591645
 591727
 592119
 592404
 592449
 592532
 592544
 592578
 592791
 592841
 592867
 593140
 593220
 593229
 593288
 593409
 593463
 593636
 593827
 593894
 593907
 593942
 593948
 594049
 594222
 594372
 594487
 594764
 594894
 595090
 595285
 595521
 595725
 595742
 596049
 596069
 596136
 596248
 596381
 596685
 596702
 597078
 597106
 597197
 597544
 597553
 597558
 597565
 597959
 598221
 598348
 598402
 598567
 598699
 598816
 598862
 599106
 599272
 599295
 599421
 599444
 599606
 599694
 599711
 599884
 600000
 600104
 600176
 600205
 600312
 600330
 600346
 600378
 600451
 600545
 600601
 600688
 600759
 600775
 600787
 600810
 600858
 600885
 601084
 601125
 601245
 601303
 601453
 601548
 601560
 601652
 601742
 601749
 601985
 602048
 602305
 602354
 602451
 602539
 602887
 602947
 603056
 603276
 603487
 603622
 603639
 603716
 603722
 603827
 603891
 603977
 604010
 604255
 604395
 604588
 604737
 604788
 604819
 605086
 605281
 605295
 605662
 605697
 605951
 606027
 606155
 606307
 606316
 606335
 606520
 606528
 606743
 607405
 607548
 607581
 607668
 607727
 607773
 607847
 608001
 608231
 608360
 608505
 608555
 608870
 608933
 608941
 609002
 609045
 609100
 609117
 609174
 609179
 609243
 609286
 609505
 609671
 609740
 609746
 609805
 609844
 610106
 610284
 610328
 610371
 610450
 610583
 610646
 610752
 610837
 610863
 611006
 611157
 611181
 611273
 611316
 611354
 611525
 611550
 611669
 611670
 611748
 611794
 611960
 612127
 612187
 612209
 612445
 612459
 612606
 612733
 612752
 613291
 613296
 613299
 613445
 613669
 613725
 613776
 613975
 613992
 614043
 614126
 614147
 614180
 614296
 614327
 614651
 614857
 614979
 614987
 615002
 615036
 615323
 615342
 615390
 615568
 615736
 615835
 615897
 615916
 616252
 616407
 616518
 616642
 616733
 616859
 616891
 616917
 617044
 617142
 617299
 617347
 617369
 617608
 617679
 617723
 617761
 617810
 617922
 618068
 618082
 618181
 618247
 618339
 618453
 618582
 618590
 618626
 618789
 618814
 618866
 618939
 618975
 619865
 620089
 620092
 620214
 620417
 620461
 620510
 620583
 620706
 620802
 620857
 620974
 620989
 621052
 621107
 621155
 621325
 621336
 621380
 621384
 621446
 621499
 621548
 621666
 621931
 621943
 622090
 622356
 622407
 622586
 622635
 622792
 622829
 622878
 622974
 622994
 623044
 623294
 623358
 623418
 623433
 623439
 623853
 623895
 623910
 624304
 624307
 624362
 624740
 625116
 625254
 625269
 625350
 625377
 625479
 625603
 625648
 625671
 625706
 625732
 625750
 625798
 625864
 625879
 625910
 625963
 625983
 626257
 626420
 626440
 626507
 626515
 626541
 626728
 626774
 626822
 626893
 626906
 627048
 627166
 627278
 627301
 627358
 627372
 627480
 627527
 627541
 627621
 627722
 627802
 627811
 627956
 628163
 628215
 628500
 628541
 628561
 628586
 628705
 628772
 628797
 629322
 629515
 629824
 629881
 630351
 630400
 630495
 630573
 630751
 630763
 630769
 631030
 631067
 631160
 631299
 631318
 631464
 631489
 631515
 631570
 631621
 631941
 631951
 631965
 632356
 632465
 632808
 633176
 633297
 633539
 633568
 633579
 633590
 633622
 633721
 633812
 633827
 633913
 633928
 633939
 633979
 634634
 634659
 634711
 634715
 634782
 634951
 635042
 635184
 635194
 635207
 635220
 635328
 635593
 635991
 635993
 636101
 636217
 636260
 636363
 636444
 636584
 636613
 636818
 637285
 637372
 637380
 637454
 637572
 637792
 638042
 638094
 638273
 638575
 638586
 638602
 638623
 638957
 639062
 639083
 639134
 639146
 639574
 639721
 639722
 640075
 640096
 640315
 640336
 640386
 640568
 640696
 640699
 640854
 640875
 640913
 641063
 641076
 641124
 641221
 641293
 641441
 641550
 641637
 641680
 641723
 641797
 641948
 642106
 642254
 642570
 642772
 642905
 642919
 643312
 643427
 643478
 643634
 643750
 643805
 643848
 644288
 644305
 644390
 644464
 644587
 644687
 644796
 644991
 644993
 645102
 645102
 645268
 645318
 645378
 645505
 645521
 645665
 645689
 645697
 645723
 645810
 645946
 646000
 646040
 646098
 646129
 646582
 646683
 646692
 646780
 646811
 646968
 646993
 647049
 647058
 647348
 647352
 647393
 647412
 647489
 647560
 647654
 647749
 647755
 647776
 647875
 648146
 648172
 648242
 648303
 648305
 648363
 648459
 648478
 648634
 648802
 648828
 648888
 648895
 649029
 649165
 649180
 649218
 649321
 649579
 649593
 649656
 649676
 649775
 649948
 650211
 650221
 650274
 650372
 650484
 650486
 650630
 650679
 650793
 650997
 651260
 651690
 651843
 651894
 651925
 652184
 652259
 652329
 652330
 652488
 652546
 652593
 652601
 652683
 652736
 652881
 653135
 653449
 653493
 653590
 653631
 653679
 653703
 653861
 653881
 653963
 653964
 654316
 654403
 654530
 654554
 654598
 654617
 654626
 654643
 654939
 655131
 655176
 655193
 655243
 655306
 655339
 655499
 655519
 655544
 655582
 655584
 655632
 655633
 655663
 655696
 655780
 655829
 655894
 655972
 656093
 656150
 656588
 656641
 656748
 656844
 657273
 657296
 657425
 657507
 657578
 657657
 657759
 657884
 657927
 658103
 658150
 658308
 658385
 658517
 658536
 658635
 658660
 658780
 659129
 659166
 659457
 659488
 659564
 659738
 659939
 659966
 659984
 660174
 660528
 660530
 660762
 660829
 660838
 661043
 661048
 661065
 661087
 661149
 661228
 661253
 661382
 661499
 661525
 661736
 661792
 661926
 661955
 662007
 662169
 662189
 662360
 662404
 662667
 662728
 662849
 662852
 662858
 662914
 663016
 663043
 663234
 663634
 663740
 663762
 663931
 664187
 664207
 664321
 664532
 664582
 664714
 665112
 665118
 665250
 665382
 665387
 665438
 665659
 666097
 666174
 666196
 666226
 666529
 666582
 666666
 666666
 666666
 666666
 666682
 666758
 666812
 666830
 666895
 666904
 666951
 667649
 668148
 668161
 668404
 668490
 668635
 668703
 668783
 669035
 669393
 669445
 669456
 669592
 669602
 669634
 669817
 669820
 670020
 670081
 670120
 670424
 670482
 670524
 670572
 670718
 670736
 670778
 670843
 670871
 671023
 671111
 671218
 671548
 671575
 671611
 671663
 671988
 672074
 672176
 672454
 672495
 672511
 672636
 672683
 672818
 672871
 673009
 673062
 673245
 673415
 673435
 673451
 673458
 673545
 673569
 673582
 673663
 673812
 673972
 674053
 674157
 674464
 674779
 674820
 675068
 675104
 675202
 675208
 675228
 675292
 675335
 675741
 675789
 675874
 675905
 676107
 676109
 676137
 676248
 676470
 676473
 676478
 676482
 676577
 676626
 676742
 676766
 676772
 676786
 677087
 677274
 677453
 677523
 677551
 677637
 677642
 677768
 677881
 677938
 677998
 678033
 678131
 678222
 678302
 678352
 678383
 678426
 678449
 678661
 678734
 678751
 678883
 678888
 678984
 679012
 679315
 679343
 679525
 679549
 679611
 679626
 679679
 679782
 679896
 679958
 680054
 680061
 680157
 680204
 680311
 680323
 680598
 680658
 680671
 680724
 680869
 681038
 681084
 681159
 681159
 681159
 681282
 681367
 681407
 681609
 681934
 681998
 682005
 682081
 682120
 682157
 682183
 682196
 682282
 682419
 682522
 682596
 682675
 682710
 682716
 682797
 682866
 683049
 683084
 683195
 683311
 683404
 683455
 683475
 683500
 683550
 683569
 683635
 683684
 683739
 683893
 684014
 684087
 684297
 684517
 684622
 684761
 684824
 685044
 685104
 685205
 685243
 685295
 685438
 685704
 685704
 685714
 685730
 685831
 685856
 685931
 686032
 686128
 686147
 686200
 686204
 686208
 686272
 686281
 686309
 686419
 686613
 686711
 686741
 686933
 687211
 687292
 687318
 687441
 687695
 687768
 687776
 687797
 687895
 687948
 687955
 687959
 687976
 688057
 688208
 688277
 688286
 688305
 688334
 688336
 688345
 688456
 688473
 688678
 688748
 688998
 689066
 689116
 689149
 689382
 689385
 689408
 689530
 689655
 689835
 689960
 690103
 690182
 690184
 690239
 690309
 690334
 690373
 690503
 690547
 690634
 690665
 690692
 690882
 691028
 691086
 691092
 691250
 691526
 691527
 691559
 691595
 691673
 691676
 691738
 691790
 691839
 691873
 691882
 691986
 692155
 692307
 692386
 692456
 692575
 692650
 692759
 692978
 692988
 693004
 693057
 693246
 693246
 693264
 693279
 693329
 693379
 693403
 693473
 693517
 693521
 693579
 693620
 693641
 693723
 693854
 694026
 694068
 694269
 694276
 694397
 694405
 694499
 694630
 694654
 694789
 694796
 694806
 694859
 695199
 695234
 695344
 695350
 695360
 695490
 695497
 695652
 695847
 695926
 696366
 696477
 696750
 696930
 696960
 697341
 697344
 697351
 697454
 697508
 697547
 697554
 697859
 697968
 698057
 698068
 698080
 698151
 698156
 698167
 698206
 698208
 698238
 698412
 698450
 698557
 698666
 698808
 698841
 698844
 698931
 698945
 699255
 699481
 699487
 699513
 699683
 699759
 699761
 699787
 699999
 700025
 700073
 700227
 700373
 700405
 700426
 700507
 700649
 700826
 700964
 700964
 701069
 701099
 701475
 701483
 701504
 701545
 701668
 701734
 701770
 701841
 701912
 702038
 702341
 702440
 702647
 703037
 703076
 703234
 703297
 703363
 703379
 703422
 703478
 703499
 703703
 703811
 703890
 704005
 704039
 704086
 704212
 704231
 704237
 704288
 704406
 704663
 704766
 704782
 704811
 705052
 705205
 705206
 705391
 705491
 705620
 705827
 706043
 706353
 706353
 706484
 706616
 706715
 706913
 706974
 707387
 707418
 707423
 707512
 707520
 707602
 708049
 708062
 708385
 708473
 708499
 708566
 708705
 708807
 708888
 708918
 709122
 709136
 709138
 709234
 709473
 709543
 709569
 709624
 709673
 709767
 709797
 709803
 709959
 710162
 710166
 710232
 710352
 710551
 710561
 710729
 710960
 711091
 711248
 711465
 711490
 711679
 711692
 711718
 711823
 711867
 711964
 712285
 712344
 712464
 712473
 712574
 712579
 712759
 712859
 712885
 713321
 713377
 713485
 713505
 713514
 713551
 713708
 713980
 713994
 714018
 714020
 714053
 714070
 714257
 714285
 714285
 714285
 714298
 714300
 714383
 714439
 714493
 714616
 714625
 714782
 715176
 715249
 715274
 715279
 715288
 715472
 715582
 715736
 715746
 715833
 715878
 715907
 715984
 716233
 716246
 716294
 716314
 716349
 716368
 716637
 716667
 716810
 716939
 716956
 716983
 717007
 717075
 717077
 717279
 717352
 717582
 717695
 717764
 717780
 718981
 719063
 719081
 719177
 719214
 719262
 719329
 719330
 719393
 719435
 719441
 719562
 719624
 719698
 719801
 719916
 720120
 720167
 720176
 720221
 720329
 720528
 720954
 721014
 721132
 721141
 721179
 721208
 721261
 721286
 721311
 721324
 721527
 721601
 721604
 721852
 721852
 721983
 722087
 722120
 722222
 722222
 722280
 722284
 722371
 722512
 722569
 722588
 722613
 722899
 722982
 723081
 723095
 723110
 723165
 723360
 723386
 723741
 723798
 723861
 723962
 724137
 724417
 724479
 724557
 724852
 724872
 724947
 725227
 725325
 725385
 725559
 725651
 725826
 725845
 726080
 726162
 726168
 726219
 726225
 726256
 726269
 726415
 726610
 726928
 726954
 726957
 727001
 727126
 727169
 727171
 727224
 727272
 727272
 727272
 727318
 727346
 727353
 727716
 727777
 727881
 727931
 728133
 728167
 728204
 728301
 728329
 728385
 728433
 728456
 728558
 728605
 728732
 728751
 728785
 728840
 728908
 728937
 728967
 729032
 729173
 729197
 729221
 729251
 729360
 729425
 729545
 729546
 729616
 729740
 729758
 729771
 730117
 730130
 730201
 730290
 730308
 730440
 730503
 730539
 730569
 730825
 730830
 730890
 730899
 731012
 731182
 731295
 731420
 731462
 731631
 731723
 731935
 731993
 732282
 732298
 732317
 732503
 732549
 732719
 732848
 732956
 733133
 733333
 733333
 733377
 733658
 733812
 733971
 734054
 734075
 734125
 734230
 734409
 734421
 734451
 734686
 734693
 734751
 734847
 734942
 734983
 734989
 735091
 735382
 735473
 735500
 735543
 735751
 735824
 735978
 736098
 736218
 736365
 736380
 736389
 736856
 736955
 737128
 737195
 737210
 737282
 737643
 737670
 737832
 737917
 738049
 738053
 738084
 738086
 738100
 738119
 738197
 738599
 738617
 738654
 738857
 738938
 739039
 739117
 739188
 739216
 739287
 739488
 739636
 739700
 739834
 739926
 740072
 740256
 740387
 740458
 740478
 740771
 740843
 740952
 741312
 741324
 741457
 741457
 741488
 741507
 741540
 741670
 741985
 742258
 742324
 742378
 742424
 742598
 742640
 742641
 742641
 742724
 742738
 742862
 743076
 743532
 743549
 743550
 743711
 743773
 743789
 744107
 744140
 744183
 744360
 744442
 744565
 744620
 744633
 744663
 744741
 744837
 745097
 745139
 745158
 745195
 745212
 745242
 745312
 745401
 745579
 745917
 745947
 745976
 746043
 746113
 746215
 746222
 746227
 746237
 746337
 746369
 746472
 746818
 746821
 746853
 746865
 747120
 747149
 747202
 747248
 747294
 747345
 747474
 747544
 747629
 747742
 747790
 747896
 748024
 748110
 748153
 748200
 748290
 748309
 748364
 748429
 748439
 748447
 748550
 748644
 748663
 748835
 748862
 748866
 749068
 749113
 749166
 749197
 749455
 749463
 750000
 750079
 750162
 750455
 750593
 750671
 750743
 750946
 750975
 750989
 751013
 751023
 751071
 751117
 751147
 751332
 751481
 751543
 751852
 751900
 751937
 752226
 752249
 752428
 752529
 752838
 752867
 752890
 752954
 753006
 753142
 753200
 753684
 753807
 753810
 753956
 753976
 754092
 754100
 754316
 754323
 754426
 754589
 754645
 754672
 754746
 754782
 754983
 754984
 755153
 755276
 755310
 755364
 755589
 755723
 755766
 755809
 755863
 755923
 755956
 756139
 756319
 756451
 756451
 756496
 756536
 756646
 756707
 757086
 757119
 757441
 757447
 757507
 757679
 757711
 757859
 757886
 757993
 758079
 758148
 758214
 758269
 758631
 758679
 758787
 758916
 759036
 759157
 759371
 759516
 759553
 759640
 759720
 759797
 759930
 759981
 759988
 760291
 760302
 760309
 760406
 760438
 760471
 760542
 760637
 760857
 760881
 760919
 760925
 760982
 761004
 761331
 761650
 761667
 761714
 761739
 761843
 761863
 761937
 761947
 761956
 761987
 762037
 762143
 762233
 762353
 762423
 762563
 762576
 762860
 762886
 762928
 762957
 763003
 763070
 763192
 763290
 763306
 763346
 763376
 763687
 763869
 763912
 763986
 764503
 764510
 764542
 764595
 764705
 764781
 764795
 764970
 765084
 765221
 765412
 765508
 765522
 765541
 765653
 765723
 765848
 765865
 765929
 765993
 766321
 766341
 766349
 766354
 766627
 766710
 767115
 767268
 767271
 767286
 767441
 767581
 767662
 767717
 767981
 768329
 768425
 768637
 768641
 768647
 768776
 768827
 768848
 768882
 768899
 768974
 768981
 769078
 769097
 769189
 769274
 769290
 769395
 769402
 769516
 769582
 769680
 769937
 770143
 770143
 770236
 770368
 770392
 770475
 770538
 770584
 770621
 770816
 770870
 770949
 770983
 771030
 771106
 771216
 771229
 771395
 771498
 771558
 771667
 771731
 771865
 771929
 771989
 772183
 772193
 772246
 772396
 772398
 772658
 772717
 772801
 772842
 772874
 773037
 773083
 773091
 773338
 773430
 773755
 773813
 773831
 773901
 774022
 774069
 774291
 774350
 774417
 774467
 774502
 774661
 774901
 774997
 775124
 775159
 775382
 775471
 775518
 775981
 776005
 776361
 776460
 776575
 776968
 776993
 777121
 777211
 777237
 777409
 777421
 777601
 777669
 777777
 777777
 777919
 778011
 778042
 778071
 778167
 778243
 778439
 778442
 778513
 778542
 778625
 778663
 778710
 778741
 778798
 778850
 779026
 779076
 779078
 779097
 779162
 779164
 779391
 779434
 779494
 779644
 779750
 779772
 779861
 779903
 780094
 780313
 780314
 780374
 780430
 780482
 780487
 780513
 780740
 780821
 781076
 781125
 781621
 781745
 781770
 781770
 781869
 782266
 782446
 782462
 782486
 782515
 782658
 782729
 783082
 783111
 783127
 783211
 783244
 783338
 783486
 783510
 783625
 783662
 783714
 783783
 783920
 784064
 784228
 784234
 784253
 784386
 784466
 784829
 784987
 785035
 785087
 785128
 785188
 785237
 785317
 785433
 785438
 785559
 785699
 785795
 785868
 785890
 785932
 786054
 786138
 786151
 786223
 786285
 786454
 786543
 786567
 786748
 786791
 787136
 787214
 787391
 787401
 787709
 788072
 788127
 788258
 788381
 788503
 789067
 789202
 789275
 789473
 789473
 789473
 789542
 789610
 789641
 789668
 789764
 789812
 789902
 789902
 790003
 790005
 790005
 790026
 790229
 790289
 790613
 790697
 790782
 790798
 790892
 790981
 790995
 791079
 791112
 791174
 791370
 791403
 791620
 791910
 791972
 792079
 792137
 792215
 792250
 792327
 792381
 792576
 792581
 792627
 792639
 792746
 792769
 792831
 792839
 792846
 792980
 792987
 793015
 793133
 793275
 793556
 793577
 793589
 793634
 793678
 793681
 793817
 793831
 793957
 793971
 794048
 794097
 794127
 794243
 794316
 794403
 794440
 794457
 794638
 794717
 794826
 794878
 795005
 795033
 795231
 795353
 795373
 795381
 795426
 795479
 795597
 795636
 795726
 795769
 795859
 795865
 795903
 796226
 796368
 796491
 796515
 796663
 796725
 796955
 796962
 797148
 797482
 797530
 797681
 797704
 797708
 797785
 797895
 797938
 797974
 798135
 798148
 798516
 798622
 798653
 798691
 798977
 799007
 799043
 799105
 799164
 799234
 799243
 799250
 799404
 799435
 799628
 799682
 799763
 799777
 799793
 799860
 799999
 800000
 800000
 800095
 800133
 800138
 800278
 800295
 800314
 800571
 800772
 800916
 801159
 801162
 801170
 801223
 801239
 801627
 801691
 801695
 801724
 801817
 802041
 802103
 802381
 802415
 802640
 802708
 802755
 802767
 802911
 802929
 802955
 802968
 803270
 803507
 803978
 803986
 804104
 804344
 804416
 804434
 804453
 804454
 804475
 804497
 804497
 804638
 804672
 804855
 804892
 804934
 805067
 805092
 805222
 805253
 805353
 805628
 805652
 805787
 805804
 805825
 806004
 806027
 806617
 806724
 806800
 807246
 807362
 807390
 807407
 807484
 807659
 807704
 807723
 807782
 807998
 808297
 808722
 809003
 809042
 809239
 809261
 809436
 809437
 809926
 809996
 810277
 810428
 810485
 810502
 810698
 810856
 810926
 810996
 811588
 811621
 811792
 811849
 811964
 811982
 812123
 812234
 812235
 812257
 812264
 812280
 812458
 812500
 812638
 813021
 813043
 813257
 813351
 813397
 813474
 813777
 813796
 813829
 813953
 813953
 814098
 814119
 814146
 814263
 814321
 814465
 814583
 814591
 814790
 814841
 814913
 814964
 815206
 815262
 815516
 815533
 815548
 815561
 815616
 815708
 815814
 815840
 815916
 815996
 816040
 816087
 816244
 816288
 816382
 816389
 816567
 816577
 816655
 816739
 816863
 816919
 816951
 816979
 817012
 817230
 817417
 817483
 817538
 817610
 817612
 817723
 817742
 817791
 817878
 817996
 818006
 818393
 818536
 818728
 818785
 818840
 818943
 818968
 818987
 819016
 819175
 819338
 819440
 820053
 820471
 820518
 820560
 820674
 820909
 820942
 820967
 821034
 821107
 821320
 821337
 821370
 821614
 821635
 821883
 822066
 822068
 822135
 822167
 822339
 822347
 822389
 822407
 822435
 822438
 822445
 822689
 822828
 822830
 823043
 823102
 823261
 823402
 823469
 823470
 823579
 823696
 823707
 823720
 823783
 823900
 823930
 824011
 824019
 824106
 824302
 824385
 824475
 824476
 824550
 824961
 825773
 825860
 825915
 826149
 826297
 826371
 826425
 826520
 826586
 826737
 826819
 826971
 826985
 827090
 827160
 827379
 827700
 827741
 827906
 828055
 828147
 828252
 828433
 828448
 828482
 828510
 828929
 829081
 829268
 829397
 829452
 829457
 829527
 829596
 829600
 829635
 829732
 829896
 829969
 829982
 829991
 830028
 830220
 830355
 830430
 830608
 830782
 830783
 830790
 830805
 830974
 831168
 831300
 831325
 831349
 831442
 831746
 831775
 831842
 831962
 832081
 832223
 832239
 832346
 832431
 832449
 832499
 832503
 832583
 832752
 832755
 832795
 833369
 833437
 833524
 833638
 833640
 833660
 833963
 834026
 834159
 834161
 834228
 834409
 834604
 834658
 834782
 834860
 834942
 835458
 835601
 835734
 835834
 835978
 836025
 836035
 836038
 836057
 836121
 836150
 836201
 836223
 836263
 836265
 836279
 836424
 836427
 836983
 837195
 837241
 837709
 837766
 837901
 838067
 838101
 838226
 838332
 838401
 838539
 838709
 838790
 838840
 838917
 838918
 839073
 839278
 839342
 839396
 839444
 839459
 839716
 839863
 839915
 840629
 840802
 840891
 841040
 841717
 841830
 841854
 841985
 841986
 841991
 842105
 842149
 842400
 842461
 842661
 842718
 842767
 842771
 842822
 842948
 843074
 843122
 843260
 843283
 843305
 843366
 843500
 843984
 843990
 844017
 844049
 844104
 844440
 844462
 844469
 844531
 844890
 845047
 845133
 845141
 845310
 845343
 845351
 845530
 845534
 845574
 845614
 845664
 845782
 845914
 845922
 846091
 846153
 846356
 846647
 846655
 846820
 846840
 846855
 846872
 847525
 847728
 847785
 847913
 848185
 848205
 848264
 848314
 848502
 848590
 848607
 848755
 848864
 848963
 849072
 849133
 849391
 849432
 849509
 849609
 849696
 849909
 850181
 850340
 850385
 850480
 850599
 850746
 850971
 851133
 851146
 851168
 851267
 851302
 851476
 851508
 851869
 851875
 851905
 851910
 851933
 851999
 852046
 852248
 852343
 852504
 852564
 852664
 852736
 852815
 852822
 853146
 853281
 853308
 853362
 853599
 853628
 853635
 854003
 854003
 854286
 854381
 854455
 854514
 854545
 854685
 854742
 854941
 855077
 855485
 855533
 855534
 855606
 855674
 855740
 855842
 855868
 855954
 855978
 856196
 856200
 856236
 856365
 856377
 856400
 856463
 856710
 856910
 857077
 857142
 857189
 857377
 857625
 857690
 857869
 858037
 858144
 858180
 858203
 858369
 858389
 858695
 858799
 858921
 859033
 859072
 859075
 859323
 859464
 859483
 859596
 859633
 859649
 859718
 860005
 860007
 860142
 860161
 860431
 860465
 860615
 860626
 860744
 861063
 861322
 861990
 862114
 862170
 862499
 862600
 862607
 862745
 863209
 863251
 863386
 863387
 863427
 863694
 863874
 864102
 864366
 864557
 865229
 865235
 865426
 865532
 865568
 865698
 865917
 866079
 866152
 866275
 866295
 866443
 866458
 866567
 866964
 866979
 867017
 867234
 867789
 867794
 867867
 867903
 868106
 868244
 868350
 868353
 868362
 868370
 868401
 868520
 868610
 868676
 869080
 869086
 869393
 869421
 869457
 869507
 869516
 869655
 869674
 869720
 869753
 869789
 869791
 869860
 869872
 869952
 869964
 870006
 870256
 870377
 870614
 871048
 871154
 871186
 871418
 871433
 871671
 871796
 871808
 871871
 871931
 871942
 872483
 872569
 872573
 872934
 872941
 873136
 873237
 873239
 873419
 873463
 873478
 873524
 873717
 873756
 873822
 874109
 874152
 874174
 874306
 874526
 874682
 874943
 875138
 875195
 875441
 875532
 875671
 875723
 875825
 875919
 875923
 875947
 876040
 876124
 876361
 876364
 876417
 876423
 876490
 876545
 876765
 876980
 877003
 877176
 877250
 877266
 877290
 877337
 877521
 877836
 877866
 878097
 878386
 878399
 878519
 878524
 878532
 878585
 879020
 879099
 879106
 879129
 879135
 879390
 879430
 879527
 879800
 879818
 879842
 879856
 879913
 880025
 880071
 880373
 880440
 880572
 880591
 880732
 880786
 880857
 880981
 881036
 881369
 881509
 881666
 881674
 881825
 881827
 881850
 881899
 881940
 882032
 882260
 882569
 882624
 882653
 882657
 882659
 882943
 882997
 883052
 883073
 883106
 883128
 883189
 883234
 883234
 883290
 883345
 883360
 883427
 883429
 883473
 883475
 883516
 883532
 883538
 883610
 883680
 883694
 883857
 883978
 883981
 884297
 884358
 884427
 884572
 884643
 884671
 884723
 884867
 884892
 884949
 884963
 885002
 885088
 885350
 885366
 885676
 885785
 885862
 885946
 885966
 886052
 886219
 886335
 886531
 886757
 886780
 886821
 886893
 886982
 886999
 887147
 887158
 887259
 887337
 887403
 887748
 887825
 887940
 888089
 888293
 888584
 888659
 888661
 888782
 888864
 889044
 889110
 889117
 889127
 889133
 889212
 889334
 889343
 889483
 889509
 889585
 889615
 889950
 889955
 889960
 890004
 890109
 890146
 890173
 890282
 890384
 890420
 890492
 890616
 890636
 891181
 891228
 891249
 891283
 891289
 891354
 891373
 891429
 891431
 891561
 891583
 891647
 891791
 891815
 891954
 892431
 892482
 892548
 892599
 892615
 892652
 892682
 892721
 892996
 893012
 893129
 893160
 893253
 893445
 893544
 893708
 893713
 893929
 893950
 894284
 894367
 894599
 894674
 894677
 894736
 894775
 894785
 894825
 894856
 894912
 894975
 894977
 894991
 895084
 895522
 895566
 895752
 895823
 895827
 895836
 895850
 895942
 896124
 896162
 896202
 896290
 896290
 896360
 896389
 896426
 896576
 896648
 897505
 897631
 897715
 897954
 898004
 898033
 898113
 898131
 898145
 898286
 898303
 898359
 898374
 898439
 898455
 898538
 898651
 898678
 898902
 898923
 898978
 898992
 899209
 899352
 899823
 899825
 899876
 899909
 899941
 899999
 900144
 900245
 900258
 900294
 900377
 900395
 900414
 900480
 900517
 900564
 900679
 900710
 900782
 901256
 901380
 901410
 901528
 901593
 901755
 901796
 901874
 901938
 901952
 902053
 902159
 902325
 902430
 902693
 902893
 902934
 903108
 903125
 903217
 903298
 903458
 903528
 903614
 903654
 903674
 903690
 903710
 903960
 903997
 904014
 904081
 904098
 904266
 904298
 904390
 904463
 904519
 904809
 904866
 904897
 904958
 904973
 905416
 905454
 905518
 905577
 905817
 905823
 905826
 905984
 906090
 906145
 906149
 906262
 906278
 906389
 906445
 907108
 907120
 907263
 907284
 907382
 907466
 907468
 907495
 907505
 907589
 907601
 907617
 907667
 907733
 907748
 907900
 908085
 908202
 908244
 908263
 908366
 908404
 908465
 908529
 908620
 908677
 908741
 908789
 908972
 909090
 909206
 909565
 909620
 909630
 909662
 909784
 909897
 910258
 910483
 910626
 910647
 910684
 910702
 911044
 911254
 911452
 911682
 911687
 911738
 911834
 911837
 911943
 912052
 912056
 912105
 912166
 912221
 912414
 912449
 912552
 912585
 912814
 912836
 912935
 912973
 913335
 913385
 913410
 913450
 913762
 913863
 913892
 914312
 914349
 914446
 914447
 914470
 914530
 914590
 914601
 914668
 914669
 914941
 914961
 914971
 915084
 915238
 915254
 915389
 915399
 915408
 915438
 915555
 915633
 915665
 915719
 915733
 915802
 915974
 916042
 916053
 916083
 916285
 916522
 916934
 916981
 917049
 917066
 917251
 917799
 917885
 917994
 918032
 918125
 918495
 918695
 918704
 918715
 918994
 919034
 919174
 919283
 919461
 919704
 919854
 920353
 920635
 920823
 920900
 920926
 920935
 921278
 921378
 921478
 921562
 921611
 921640
 921650
 921912
 922039
 922131
 922207
 922431
 922473
 922485
 922518
 922548
 922609
 922654
 922677
 922680
 922737
 922871
 922975
 922987
 923027
 923229
 923257
 923310
 923412
 923503
 923591
 923648
 923798
 923875
 924049
 924485
 924570
 924578
 924662
 924806
 924822
 924840
 924854
 925185
 925217
 925273
 925510
 925519
 925786
 925823
 925857
 925908
 925944
 926099
 926108
 926253
 926254
 926591
 926669
 926782
 926795
 926829
 926841
 926944
 927239
 927290
 927316
 927330
 927352
 927454
 927455
 927601
 927893
 927903
 927953
 928269
 928288
 928364
 928380
 928482
 928515
 928659
 928889
 929148
 929179
 929194
 929323
 929347
 929639
 929731
 929787
 929940
 930197
 930237
 930281
 930425
 930555
 930574
 930601
 930915
 930951
 931025
 931041
 931108
 931165
 931197
 931214
 931567
 931624
 931665
 932001
 932037
 932038
 932160
 932242
 932319
 932470
 932773
 932777
 933309
 933360
 933365
 933465
 933538
 933649
 933725
 933798
 933982
 934003
 934065
 934208
 934244
 934282
 934376
 934486
 934616
 934735
 934810
 934814
 934856
 934860
 934929
 935078
 935191
 935400
 935428
 935643
 935866
 935952
 935954
 935958
 935959
 936094
 936405
 936437
 936446
 936580
 936601
 936603
 936635
 936689
 937311
 937391
 937418
 937595
 937644
 937688
 937823
 937958
 938077
 938167
 938440
 938445
 938649
 938799
 938909
 938917
 939033
 939058
 939182
 939349
 939386
 939456
 939488
 939639
 939687
 939766
 939947
 940077
 940087
 940119
 940190
 940448
 940500
 940691
 940707
 940743
 940759
 940768
 940787
 940828
 940894
 941095
 941158
 941266
 941282
 941308
 941336
 942040
 942091
 942136
 942152
 942252
 942270
 942307
 942343
 942364
 942401
 942505
 942702
 942774
 942793
 942814
 943076
 943180
 943309
 943431
 943497
 943539
 943581
 943585
 943725
 943870
 943891
 943902
 943958
 944030
 944264
 944416
 944439
 944535
 944580
 944653
 944742
 944746
 944755
 944979
 945205
 945303
 945330
 945464
 945508
 945585
 945803
 945826
 945879
 946252
 946468
 946484
 946631
 946806
 946934
 946938
 946984
 947368
 947618
 947630
 947732
 947808
 947914
 948051
 948653
 948716
 948730
 948793
 948837
 948905
 949270
 949637
 949806
 949908
 949973
 949988
 950059
 950068
 950276
 950347
 950392
 950445
 950451
 950558
 950608
 950789
 950790
 950921
 951181
 951209
 951261
 951530
 951653
 951711
 951749
 951786
 952128
 952380
 952579
 952959
 953005
 953119
 953321
 953367
 953424
 953738
 953855
 953906
 953981
 954221
 954319
 954359
 954412
 954567
 954655
 954748
 954878
 954886
 954887
 955073
 955316
 955332
 955378
 955417
 955439
 955553
 955555
 955565
 955769
 955773
 956015
 956016
 956102
 956237
 956283
 956381
 956400
 956424
 956480
 956566
 956832
 956954
 957011
 957359
 957359
 957389
 957573
 957751
 957801
 957878
 958009
 958146
 958156
 958283
 958372
 958383
 958461
 958554
 958725
 958737
 959030
 959148
 959167
 959296
 959459
 959462
 959491
 959552
 959595
 959624
 959745
 960338
 960382
 960456
 960566
 960592
 960619
 960623
 960814
 960875
 960879
 960990
 961096
 961234
 961313
 961403
 961500
 961525
 962146
 962162
 962202
 962326
 962341
 962391
 962570
 962635
 962698
 962999
 963086
 963119
 963189
 963240
 963290
 963423
 963660
 963739
 963930
 964054
 964069
 964089
 964127
 964154
 964169
 964171
 964254
 964254
 964310
 964369
 964375
 964698
 964705
 964856
 965065
 965079
 965166
 965188
 965210
 965242
 965420
 965443
 965750
 965901
 965944
 965969
 966046
 966522
 966750
 966785
 966827
 966886
 966917
 966919
 967011
 967032
 967190
 967273
 967345
 967365
 967434
 967511
 967657
 967674
 967700
 967741
 967832
 967890
 968081
 968339
 968360
 968524
 968560
 968704
 968731
 968757
 968816
 968828
 968918
 968950
 968968
 969066
 969142
 969398
 969508
 969664
 969727
 969844
 969924
 969979
 970109
 970174
 970582
 970674
 970806
 970878
 971051
 971176
 971269
 971396
 971536
 971576
 971935
 971969
 972134
 972220
 972248
 972349
 972726
 972940
 973012
 973268
 973333
 973380
 973451
 973705
 973900
 973952
 973967
 974240
 974369
 974421
 974481
 974637
 974736
 974911
 975082
 975115
 975467
 975494
 975596
 975671
 975679
 975987
 976099
 976280
 976292
 976303
 976430
 976654
 976664
 976713
 976736
 976744
 976745
 976833
 976844
 976859
 976967
 977029
 977223
 977325
 977453
 977530
 977547
 977695
 977755
 977833
 977889
 977901
 977938
 977957
 978161
 978400
 978408
 978791
 978819
 978883
 978992
 979134
 979285
 979306
 979366
 979551
 979552
 979667
 979797
 979827
 979930
 979942
 979956
 980030
 980052
 980096
 980176
 980274
 980607
 980639
 980721
 980800
 980991
 981134
 981284
 981315
 981374
 981450
 981538
 981595
 981761
 981891
 981905
 981925
 982013
 982357
 982432
 982487
 982503
 982510
 982528
 982578
 982585
 982685
 982693
 982758
 982941
 983007
 983081
 983125
 983434
 983503
 983570
 983600
 983779
 983820
 984251
 984275
 984294
 984715
 984775
 984785
 984865
 984948
 985254
 985317
 985367
 985372
 985622
 985629
 985653
 985865
 985951
 986112
 986128
 986241
 986292
 986483
 986595
 986666
 986730
 986763
 986811
 986988
 987120
 987251
 987264
 987331
 987445
 987452
 987639
 987646
 987658
 987915
 988006
 988055
 988156
 988190
 988286
 988358
 988427
 988465
 988482
 988533
 988560
 988582
 988595
 988605
 988661
 988730
 988804
 989323
 989461
 989723
 989810
 989815
 989878
 989958
 990173
 990202
 990205
 990210
 990271
 990465
 990618
 990623
 990750
 990964
 991044
 991093
 991445
 991452
 991488
 991596
 991795
 991862
 991934
 991938
 992460
 992595
 992641
 992670
 992746
 992864
 992922
 992961
 993365
 993404
 993414
 993419
 993602
 993651
 993757
 993820
 993827
 993991
 994022
 994154
 994235
 994326
 994355
 994490
 994531
 994535
 994734
 994803
 994903
 995054
 995274
 995297
 995302
 995536
 995553
 995584
 995921
 995966
 995991
 996030
 996121
 996164
 996297
 996330
 996389
 996438
 996492
 996565
 996702
 996751
 996790
 996805
 997101
 997396
 997440
 997459
 997524
 997600
 997763
 997867
 997998
 998147
 998179
 998227
 998284
 998425
 998553
 998634
 998669
 998691
 998695
 998851
 998927
 999000
 999097
 999234
 999242
 999420
 999496
 999703
 999835
 999873
 