0
 35
 247
 249
 258
 609
 686
 842
 930
 972
 1255
 1259
 1295
 1382
 1525
 1813
 1914
 1916
 1927
 2004
 2045
 2051
 2099
 2104
 2109
 2223
 2415
 2415
 2488
 2578
 2645
 2663
 2666
 2691
 2746
 2764
 2997
 3170
 3275
 3330
 3424
 3464
 3722
 3734
 3894
 4010
 4022
 4339
 4368
 4414
 4600
 4669
 4727
 4776
 4780
 4807
 5175
 5226
 5251
 5304
 5379
 5437
 5476
 5487
 5623
 5783
 5805
 5847
 5991
 6060
 6061
 6179
 6295
 6348
 6348
 6383
 6565
 6577
 6604
 6843
 6898
 7335
 7384
 7646
 7711
 7882
 8001
 8308
 8332
 8413
 8603
 8682
 8805
 8814
 8828
 9158
 9175
 9496
 9648
 9679
 9697
 9759
 9926
 10101
 10229
 10263
 10280
 10294
 10476
 10500
 10531
 10550
 10641
 10747
 10830
 10882
 10977
 11115
 11173
 11231
 11242
 11327
 11633
 11658
 11766
 11791
 11830
 11868
 11888
 12025
 12083
 12395
 12502
 12534
 12696
 12810
 12927
 12942
 12961
 13022
 13093
 13179
 13347
 13399
 13429
 13488
 13516
 13538
 13800
 13891
 13966
 13998
 14142
 14188
 14256
 14315
 14392
 14527
 14858
 14924
 15031
 15145
 15269
 15312
 15464
 15764
 15944
 15962
 16063
 16076
 16166
 16253
 16360
 16541
 16731
 16746
 16930
 16978
 17051
 17096
 17257
 17289
 17301
 17315
 17316
 17360
 17548
 17602
 17861
 17909
 17927
 17958
 17960
 18037
 18181
 18261
 18267
 18343
 18454
 18556
 18675
 18869
 19082
 19429
 19460
 19479
 19589
 19765
 19775
 19802
 19923
 19927
 19953
 19973
 20037
 20114
 20281
 20589
 20759
 20767
 20844
 20987
 21188
 21307
 21423
 21436
 21476
 21803
 22238
 22374
 22389
 22523
 22618
 22831
 22871
 22878
 22935
 22939
 23036
 23420
 23472
 23529
 23686
 23714
 23727
 23826
 24015
 24018
 24267
 24362
 24437
 24493
 25006
 25063
 25263
 25402
 25419
 25438
 25537
 25560
 25591
 25592
 25800
 25860
 25865
 25926
 26080
 26161
 26309
 26378
 26381
 26419
 26480
 26592
 26732
 27095
 27127
 27195
 27392
 27625
 27635
 27683
 27686
 27783
 27793
 27815
 27906
 27912
 28170
 28176
 28219
 28293
 28303
 28357
 28524
 28577
 28837
 28857
 28876
 28880
 29322
 29343
 29355
 29510
 29727
 29757
 29764
 29886
 29906
 29966
 29972
 30338
 30384
 30526
 30809
 30813
 30820
 30853
 30985
 31145
 31494
 31702
 31753
 31888
 31925
 31990
 31999
 32018
 32024
 32085
 32286
 32295
 32335
 32432
 32513
 32598
 32659
 32885
 32997
 33220
 33333
 33349
 33598
 33626
 33683
 33720
 33734
 33782
 33790
 33856
 33883
 33934
 33986
 34032
 34429
 34466
 34529
 34729
 34750
 34776
 34794
 34909
 34997
 35019
 35277
 35308
 35384
 35411
 35512
 36000
 36133
 36224
 36512
 36533
 36622
 36658
 36672
 36688
 36716
 36872
 37097
 37108
 37121
 37314
 37412
 37445
 37452
 37491
 37553
 37602
 37759
 38172
 38173
 38396
 38442
 38446
 38518
 38540
 38600
 38643
 38809
 38974
 39029
 39090
 39265
 39542
 39544
 39723
 39732
 39819
 39915
 40025
 40102
 40325
 40364
 40392
 40578
 40590
 40598
 40732
 40743
 40802
 40832
 40844
 40897
 40924
 40936
 40961
 41030
 41103
 41106
 41218
 41335
 41436
 41714
 41721
 41722
 41846
 41909
 42071
 42140
 42222
 42280
 42327
 42370
 42512
 42540
 42645
 42650
 42887
 43121
 43234
 43243
 43604
 43607
 43731
 43758
 43889
 43901
 44044
 44067
 44217
 44260
 44295
 44713
 44716
 44741
 44770
 45038
 45054
 45343
 45347
 45727
 45799
 45954
 45969
 46097
 46128
 46153
 46204
 46208
 46260
 46276
 46323
 46501
 46514
 46527
 46575
 46960
 47011
 47162
 47354
 47357
 47514
 47799
 47905
 47959
 47967
 48051
 48437
 48561
 48635
 48797
 49054
 49072
 49154
 49172
 49250
 49268
 49349
 49413
 49541
 49566
 49626
 49645
 49706
 50081
 50095
 50218
 50261
 50361
 50469
 50599
 50643
 50791
 50817
 51038
 51131
 51453
 51551
 51698
 51707
 51797
 51801
 51811
 51955
 51981
 51992
 52023
 52147
 52208
 52391
 52396
 52553
 52621
 52950
 53018
 53065
 53069
 53161
 53327
 53474
 53487
 53528
 53664
 53929
 54023
 54188
 54368
 54412
 54448
 54819
 54876
 54933
 55091
 55122
 55250
 55414
 55592
 55647
 55724
 55753
 55820
 55863
 55951
 56047
 56107
 56130
 56487
 56502
 56521
 56526
 56554
 56656
 57021
 57068
 57142
 57142
 57437
 57445
 57554
 57569
 57650
 57756
 57887
 57948
 57979
 57985
 58062
 58195
 58385
 58418
 58516
 58542
 58702
 58870
 58874
 59124
 59201
 59324
 59326
 59347
 59422
 59515
 59591
 59610
 59821
 59855
 59994
 60021
 60216
 60271
 60279
 60340
 60384
 60413
 60489
 60733
 60762
 61154
 61184
 61225
 61227
 61482
 61517
 61642
 61764
 61786
 61962
 62013
 62108
 62120
 62313
 62337
 62465
 62839
 62844
 62912
 62984
 63085
 63142
 63235
 63246
 63274
 63381
 63396
 63442
 63457
 63538
 63634
 63656
 63661
 63662
 63844
 64013
 64111
 64297
 64513
 64635
 64653
 64784
 65037
 65143
 65181
 65462
 65686
 65814
 66054
 66159
 66177
 66351
 66476
 66516
 66653
 66727
 66738
 66965
 66996
 67024
 67138
 67305
 67482
 67631
 67681
 67921
 68032
 68044
 68107
 68116
 68244
 68397
 68420
 68626
 68735
 68866
 68934
 69167
 69230
 69283
 69299
 69327
 69436
 69515
 69613
 69714
 69793
 69799
 69845
 69997
 70212
 70216
 70333
 70417
 70433
 70588
 70700
 70713
 70724
 70817
 70915
 71304
 71349
 71450
 71624
 71809
 71909
 71921
 71963
 72340
 72379
 72770
 72830
 72985
 73019
 73071
 73194
 73212
 73256
 73260
 73266
 73319
 73342
 73343
 73349
 73581
 73879
 73927
 74073
 74125
 74259
 74437
 74509
 74526
 75060
 75294
 75402
 75463
 75514
 75587
 75783
 76121
 76140
 76306
 76534
 76583
 76639
 77070
 77180
 77212
 77215
 77737
 78216
 78315
 78480
 78506
 78583
 78611
 78657
 78659
 78786
 78880
 78988
 79134
 79425
 79512
 79755
 79764
 79776
 79916
 80101
 80178
 80230
 80242
 80283
 80328
 80656
 80722
 80765
 80810
 80886
 81212
 81360
 81481
 81529
 81570
 81789
 81820
 81871
 81923
 82470
 82575
 82797
 83119
 83160
 83238
 83346
 83548
 83671
 83693
 83697
 83716
 83728
 83798
 83806
 83870
 84051
 84311
 84481
 84524
 84546
 84562
 84656
 84744
 84756
 84768
 84779
 84834
 84964
 85112
 85154
 85177
 85307
 85354
 85415
 85437
 85482
 85606
 85637
 85746
 85786
 85890
 86189
 86412
 86447
 86573
 86743
 86777
 86784
 86829
 86911
 86917
 86925
 86973
 86981
 86994
 87030
 87075
 87215
 87442
 87552
 87572
 87736
 87889
 88062
 88170
 88184
 88410
 88481
 88564
 88589
 88662
 88847
 89060
 89464
 89626
 89655
 89747
 89916
 90031
 90042
 90299
 90380
 90405
 90463
 90477
 90546
 90599
 91014
 91108
 91147
 91221
 91228
 91299
 91316
 91332
 91335
 91459
 91667
 91951
 92062
 92092
 92176
 92329
 92562
 92590
 92613
 92626
 92896
 93022
 93066
 93183
 93393
 93396
 93438
 93514
 93530
 93531
 93758
 93768
 93959
 94008
 94068
 94069
 94120
 94278
 94339
 94384
 94495
 94516
 94839
 94936
 95193
 95384
 95505
 95715
 95755
 95758
 95857
 95895
 96263
 96332
 96353
 96457
 96539
 96623
 96797
 97070
 97119
 97126
 97221
 97352
 97435
 97528
 97544
 97602
 97726
 97799
 98104
 98256
 98401
 98778
 98782
 98797
 98816
 98892
 99030
 99032
 99037
 99066
 99075
 99099
 99259
 99383
 99442
 99534
 99625
 99753
 99760
 99804
 99858
 