0
 66
 234
 557
 572
 588
 700
 809
 810
 1022
 1033
 1237
 1299
 1317
 1450
 1469
 1523
 1643
 1896
 1984
 2004
 2006
 2007
 2016
 2203
 2439
 2777
 2835
 2868
 2872
 2899
 3198
 3425
 3534
 3746
 3987
 4027
 4130
 4379
 4400
 4548
 4702
 4744
 4761
 4850
 4929
 4987
 5106
 5188
 5197
 5201
 5342
 5346
 5352
 5360
 5494
 5691
 5768
 5894
 6060
 6073
 6152
 6161
 6358
 6394
 6452
 6537
 6738
 6791
 6823
 6950
 7036
 7079
 7094
 7136
 7246
 7253
 7276
 7291
 7364
 7441
 7464
 7554
 7807
 7882
 7895
 7914
 7977
 8070
 8187
 8338
 8399
 8424
 8558
 8692
 8887
 9003
 9086
 9195
 9400
 9519
 9530
 9885
 10288
 10370
 10384
 10411
 10422
 10765
 10980
 11097
 11210
 11427
 11645
 11709
 11715
 11737
 11743
 11876
 11996
 11999
 12019
 12172
 12426
 12501
 12747
 12776
 12804
 12921
 13109
 13277
 13290
 13403
 13426
 13780
 13914
 13941
 13961
 14091
 14240
 14258
 14519
 14687
 14689
 14703
 14823
 14900
 14911
 15160
 15306
 15384
 15452
 15702
 15706
 15960
 16032
 16067
 16089
 16314
 16338
 16344
 16722
 16763
 16919
 16927
 17134
 17167
 17175
 17386
 17462
 17485
 17610
 17611
 17652
 17670
 17817
 17947
 18218
 18269
 18276
 18312
 18346
 18526
 18553
 18583
 18624
 18728
 18771
 18867
 18919
 19147
 19219
 19355
 19404
 19467
 19544
 19650
 19813
 19872
 19957
 20344
 20374
 20423
 20475
 20995
 20998
 21061
 21163
 21606
 21608
 21673
 21709
 21730
 21770
 22016
 22426
 22571
 22932
 22940
 23018
 23102
 23141
 23173
 23246
 23260
 23290
 23316
 23413
 23527
 23635
 23696
 23792
 24096
 24279
 24310
 24353
 24446
 24637
 24855
 25082
 25230
 25260
 25331
 25435
 25547
 25584
 25668
 25870
 25944
 25958
 26111
 26142
 26359
 26533
 26547
 26620
 26638
 26807
 26970
 26986
 27365
 27427
 27498
 27536
 27588
 27650
 27761
 27842
 27939
 27954
 27956
 27974
 28683
 28724
 28749
 28937
 28943
 29002
 29181
 29805
 29839
 29918
 29946
 30119
 30127
 30248
 30316
 30396
 30500
 30780
 30841
 30859
 30916
 31009
 31645
 31725
 31945
 32198
 32515
 32538
 32586
 32611
 32692
 32765
 32772
 32858
 33033
 33121
 33123
 33216
 33267
 33406
 33431
 33445
 33557
 33810
 33820
 33894
 33960
 34005
 34094
 34098
 34126
 34162
 34213
 34348
 34356
 34399
 34418
 34492
 34696
 34754
 34825
 34839
 34843
 34919
 35069
 35294
 35365
 35567
 35605
 35616
 35714
 35730
 35737
 35767
 35881
 35911
 35955
 35965
 36165
 36203
 36228
 36363
 36464
 36489
 36562
 36606
 36651
 36774
 36791
 36801
 36828
 37007
 37078
 37112
 37349
 37510
 37900
 37914
 38002
 38396
 38445
 38482
 38556
 38609
 38721
 38731
 38974
 38986
 39167
 39175
 39217
 39237
 39473
 39518
 39551
 39552
 39606
 39747
 39801
 39807
 39913
 39977
 40125
 40170
 40218
 40228
 40282
 40386
 40605
 40606
 40748
 40752
 40769
 41054
 41083
 41165
 41270
 41301
 41387
 41389
 41470
 41710
 41836
 41927
 42019
 42162
 42183
 42196
 42205
 42268
 42348
 42408
 42593
 42651
 42811
 42888
 42983
 43024
 43032
 43126
 43190
 43463
 43763
 43926
 43929
 43934
 43964
 43989
 44039
 44107
 44108
 44110
 44112
 44280
 44361
 44439
 44552
 44760
 44900
 44905
 44999
 45159
 45245
 45401
 45416
 45589
 45616
 45623
 45666
 45708
 45776
 45886
 45913
 45936
 46071
 46099
 46187
 46378
 46408
 46520
 46576
 46652
 46667
 46751
 46996
 47310
 47322
 47344
 47528
 47615
 47619
 47692
 47859
 47904
 48027
 48049
 48109
 48294
 48360
 48403
 48469
 48567
 48599
 48785
 48820
 48821
 48827
 48910
 48956
 49111
 49203
 49296
 49371
 49497
 49546
 49727
 49784
 49898
 50225
 50521
 50541
 50542
 50697
 50938
 50987
 51180
 51219
 51282
 51370
 51386
 51531
 51768
 51909
 52008
 52238
 52276
 52277
 52286
 52435
 52445
 52447
 52526
 52631
 52980
 52983
 52999
 53064
 53228
 53292
 53382
 53503
 53612
 53837
 53900
 54038
 54054
 54275
 54290
 54373
 54413
 54422
 54660
 54865
 55000
 55050
 55122
 55138
 55141
 55168
 55172
 55187
 55486
 55520
 55523
 55675
 55736
 55801
 55804
 55963
 55964
 56085
 56187
 56212
 56213
 56315
 56338
 56446
 56482
 56670
 56703
 56717
 56810
 56924
 57257
 57372
 57446
 57472
 57501
 57558
 57886
 57944
 58037
 58045
 58091
 58372
 58436
 58441
 58513
 58595
 58607
 58626
 58696
 58787
 59118
 59119
 59271
 59369
 59478
 59711
 59853
 59956
 60054
 60082
 60198
 60246
 60380
 60389
 60473
 60673
 60703
 60738
 60851
 60975
 60986
 60987
 61084
 61151
 61192
 61232
 61275
 61435
 61481
 61484
 61496
 61731
 61786
 62431
 62437
 62451
 62474
 62488
 62582
 62613
 62639
 62675
 62727
 62771
 62880
 63008
 63045
 63146
 63225
 63269
 63470
 63549
 63569
 63632
 63669
 63758
 63774
 63803
 63828
 64006
 64072
 64121
 64134
 64364
 64632
 64742
 64860
 64916
 65274
 65354
 65442
 65455
 65736
 65762
 65821
 65830
 65873
 65957
 66019
 66034
 66195
 66261
 66343
 66428
 66594
 66735
 66945
 66982
 67223
 67287
 67288
 67592
 67856
 67964
 68207
 68609
 68712
 68756
 69005
 69006
 69113
 69162
 69213
 69297
 69306
 69520
 69695
 69841
 69918
 69977
 70029
 70136
 70180
 70210
 70211
 70297
 70559
 70818
 70885
 70886
 70891
 70920
 71007
 71103
 71157
 71174
 71289
 71783
 71872
 71937
 72023
 72051
 72144
 72157
 72222
 72372
 72543
 72586
 72758
 72925
 72961
 72982
 72997
 73115
 73134
 73218
 73396
 73883
 73980
 74012
 74065
 74156
 74162
 74230
 74253
 74257
 74589
 74607
 74679
 74689
 75078
 75103
 75104
 75479
 75489
 75548
 75607
 75632
 75767
 76368
 76483
 76575
 76602
 76603
 76645
 76793
 76796
 76940
 77138
 77285
 77294
 77724
 77739
 77763
 77810
 78020
 78153
 78223
 78234
 78265
 78324
 78391
 78465
 78470
 78489
 78530
 78651
 78788
 78823
 78901
 78972
 79030
 79034
 79234
 79323
 79766
 79867
 80229
 80246
 80248
 80270
 80344
 80436
 80438
 80555
 80774
 80794
 81121
 81131
 81191
 81371
 81395
 81523
 81654
 81680
 81755
 81845
 82043
 82083
 82225
 82268
 82355
 82436
 82469
 82639
 82753
 82795
 82807
 82833
 82854
 82978
 83086
 83126
 83133
 83208
 83228
 83254
 83493
 83613
 83667
 83953
 84158
 84196
 84283
 84500
 84562
 84593
 84665
 84950
 85059
 85064
 85067
 85191
 85195
 85356
 85373
 85390
 85609
 85660
 86000
 86215
 86216
 86252
 86267
 86479
 86558
 86587
 86676
 86682
 86730
 86989
 87005
 87022
 87098
 87203
 87266
 87364
 87380
 87494
 87516
 87565
 87622
 87636
 87656
 87681
 87808
 87880
 87990
 88045
 88118
 88165
 88378
 88441
 88481
 88567
 88573
 88585
 88616
 89073
 89170
 89313
 89511
 89536
 89698
 89767
 89774
 89787
 89905
 89937
 89950
 89951
 90113
 90157
 90192
 90360
 90681
 90910
 90951
 90953
 91102
 91146
 91303
 91571
 91597
 91618
 91622
 91706
 91818
 91887
 91965
 92031
 92153
 92208
 92266
 92379
 92441
 92465
 92472
 92539
 92828
 92867
 92868
 93220
 93398
 93407
 93725
 93750
 93814
 93845
 93850
 93890
 94095
 94392
 94454
 94478
 94686
 94827
 94830
 94928
 94931
 94952
 94963
 95283
 95383
 95466
 95537
 95563
 95640
 95904
 95906
 96038
 96154
 96185
 96200
 96339
 96428
 96453
 96558
 96748
 96932
 97144
 97293
 97310
 97361
 97446
 97482
 97484
 97521
 97641
 97678
 97724
 97752
 97987
 98025
 98056
 98202
 98204
 98233
 98306
 98596
 98853
 98992
 99083
 99309
 99517
 99530
 99706
 99928
 99932
 99999
 100000
 100085
 100107
 100137
 100145
 100757
 100795
 100856
 100879
 100985
 100995
 101094
 101111
 101151
 101157
 101217
 101308
 101438
 101461
 101529
 101551
 101582
 101602
 101616
 101706
 101788
 101805
 101847
 101926
 102068
 102189
 102191
 102378
 102389
 102391
 102393
 102483
 102666
 102859
 102908
 103139
 103204
 103400
 103473
 103535
 103616
 103677
 103721
 103983
 104011
 104265
 104325
 104339
 104356
 104405
 104750
 104837
 104946
 105042
 105183
 105184
 105533
 105633
 105773
 105863
 105864
 105922
 105973
 106014
 106104
 106132
 106374
 106443
 106474
 106699
 106724
 106790
 106889
 107112
 107124
 107608
 107763
 107967
 108094
 108521
 108721
 108799
 108814
 108885
 109146
 109298
 109395
 109444
 109790
 109816
 109851
 109888
 109932
 110062
 110210
 110230
 110349
 110389
 110467
 110482
 110594
 110632
 110742
 110794
 110901
 110906
 110915
 110948
 111007
 111305
 111328
 111363
 111374
 111400
 111471
 111561
 111708
 111849
 112003
 112104
 112195
 112233
 112564
 112607
 112879
 112886
 113053
 113092
 113123
 113182
 113289
 113343
 113581
 113608
 113849
 114033
 114064
 114115
 114250
 114542
 114599
 114695
 114697
 114754
 114970
 115033
 115179
 115249
 115363
 115384
 115648
 115776
 116028
 116057
 116069
 116103
 116279
 116298
 116763
 116764
 116940
 117427
 117501
 117562
 117867
 117946
 118113
 118115
 118129
 118232
 118345
 118412
 118427
 118671
 118717
 118730
 118770
 118878
 118970
 119008
 119248
 119651
 119725
 119735
 119912
 120010
 120068
 120135
 120343
 120380
 120437
 120644
 120676
 120798
 121076
 121089
 121109
 121182
 121396
 121411
 121477
 121478
 121645
 121754
 121782
 121787
 121807
 121830
 121946
 122395
 122413
 122446
 122455
 122456
 122521
 122604
 122619
 122646
 122689
 122726
 122874
 122887
 122889
 122924
 123139
 123197
 123272
 123452
 123593
 123799
 124298
 124384
 124895
 125000
 125218
 125231
 125402
 125578
 125661
 125690
 125857
 126008
 126216
 126225
 126361
 126379
 126457
 126701
 126829
 127016
 127146
 127177
 127213
 127416
 127486
 127551
 127790
 127942
 128166
 128323
 128356
 128498
 128503
 128510
 128809
 128862
 129032
 129046
 129109
 129577
 129618
 129642
 129968
 130035
 130087
 130117
 130220
 130379
 130696
 130895
 130959
 131010
 131204
 131236
 131272
 131372
 131557
 131597
 131619
 131646
 131662
 131667
 131941
 132488
 132504
 132581
 132802
 133000
 133034
 133100
 133288
 133370
 133504
 133521
 133531
 133682
 133709
 133733
 133744
 133908
 133930
 133978
 133990
 134115
 134238
 134345
 134622
 134766
 134925
 135048
 135265
 135408
 135447
 135489
 135654
 135662
 135685
 135734
 135747
 135784
 135886
 136040
 136242
 136264
 136325
 136935
 137093
 137099
 137254
 137284
 137474
 137751
 137770
 137913
 137995
 138096
 138306
 138445
 138470
 138491
 138655
 138693
 138696
 138879
 138897
 139021
 139064
 139067
 139093
 139169
 139260
 139274
 139286
 139294
 139344
 139527
 139606
 139709
 139764
 139869
 139875
 140084
 140088
 140512
 140638
 140947
 141073
 141095
 141213
 141291
 141348
 141390
 141810
 141881
 141993
 142131
 142137
 142386
 142530
 142590
 142625
 142789
 142900
 142934
 142978
 143001
 143122
 143297
 143387
 143405
 143502
 143517
 143583
 143600
 143754
 143775
 143787
 143802
 143858
 143970
 144046
 144182
 144221
 144321
 144322
 144359
 144505
 144556
 144590
 144964
 145161
 145185
 145367
 145479
 145596
 145607
 145702
 145742
 145833
 145880
 146086
 146098
 146118
 146384
 146543
 146627
 146720
 146857
 146907
 146928
 147443
 147445
 147688
 147702
 147744
 147782
 147946
 147993
 148048
 148378
 148379
 148424
 148559
 148608
 148702
 148725
 148732
 149171
 149547
 149582
 149827
 149855
 149924
 150111
 150243
 150321
 150450
 150552
 150697
 150710
 150719
 150891
 150961
 151050
 151196
 151270
 151362
 151376
 151705
 151718
 151723
 151861
 151870
 152013
 152027
 152060
 152219
 152288
 152413
 152578
 152646
 152680
 152777
 152798
 152835
 152914
 152966
 153023
 153049
 153135
 153189
 153194
 153451
 153465
 153611
 153843
 153928
 154218
 154304
 154397
 154451
 154455
 154528
 154550
 154789
 154823
 154850
 154906
 154986
 155059
 155199
 155209
 155654
 155692
 155973
 155994
 156014
 156112
 156371
 156420
 156783
 156853
 156912
 156928
 156968
 157041
 157181
 157244
 157333
 157372
 157472
 157486
 157504
 157574
 157687
 157705
 157709
 157889
 157933
 158227
 158296
 158326
 158377
 158455
 158552
 158620
 158679
 158755
 158785
 158816
 158877
 158914
 159008
 159180
 159300
 159348
 159462
 159755
 160219
 160411
 160421
 160437
 160875
 161043
 161045
 161202
 161470
 161578
 161681
 161774
 161936
 161978
 162155
 162382
 162528
 162899
 163099
 163327
 163441
 163528
 163542
 163600
 163707
 163741
 163774
 163994
 164009
 164095
 164103
 164577
 164662
 164755
 164802
 164856
 164909
 165022
 165228
 165362
 165580
 165702
 165737
 165931
 166132
 166236
 166256
 166319
 166397
 166520
 166550
 166621
 166698
 166722
 166730
 166807
 166813
 166979
 166993
 167055
 167106
 167297
 167321
 167365
 167372
 167377
 167415
 167461
 167464
 167495
 167530
 167547
 167602
 167725
 167766
 167788
 167900
 167901
 167971
 168001
 168085
 168555
 168575
 168661
 168885
 168923
 168932
 169027
 169092
 169307
 169352
 169423
 169444
 169503
 169553
 169676
 169707
 169861
 169988
 169995
 170071
 170234
 170281
 170311
 170369
 170496
 170503
 170534
 170542
 170592
 170650
 170673
 170771
 170838
 170909
 171277
 171292
 171428
 171565
 171852
 172000
 172172
 172229
 172471
 172511
 172569
 172718
 172827
 172833
 172887
 173042
 173102
 173120
 173129
 173222
 173388
 173461
 173538
 173571
 173593
 173855
 174014
 174290
 174429
 174724
 174872
 174896
 175099
 175162
 175194
 175490
 175514
 175572
 175579
 175717
 175760
 175862
 175888
 175919
 175996
 176129
 176151
 176167
 176169
 176292
 176652
 176721
 176878
 177091
 177196
 177243
 177263
 177461
 177631
 177926
 177957
 177976
 178021
 178082
 178152
 178160
 178375
 178415
 178485
 178604
 178607
 178620
 178781
 178884
 178954
 179098
 179419
 179439
 179500
 179920
 180013
 180039
 180078
 180116
 180302
 180372
 180518
 180521
 180628
 181048
 181056
 181115
 181411
 181422
 181528
 181541
 181791
 181897
 181978
 182169
 182439
 182450
 182455
 182547
 182645
 182728
 183185
 183301
 183310
 183388
 183396
 183437
 183860
 183936
 184000
 184040
 184063
 184166
 184419
 184575
 184690
 184808
 184824
 184844
 185010
 185450
 185456
 185501
 185511
 185557
 185606
 185619
 185727
 185893
 185978
 185989
 186366
 186371
 186444
 186579
 186656
 186870
 186913
 186954
 186961
 186965
 186971
 187075
 187150
 187153
 187160
 187215
 187362
 187365
 187374
 187540
 187600
 187694
 187738
 187745
 187841
 187851
 188298
 188423
 188571
 188588
 188945
 188946
 188953
 188988
 189073
 189323
 189338
 189372
 189566
 189641
 189797
 189864
 189946
 189988
 190123
 190170
 190240
 190293
 190354
 190356
 190444
 190565
 190635
 190637
 190697
 190732
 190806
 190879
 190904
 190909
 190920
 190988
 191207
 191247
 191331
 191447
 191489
 191588
 191747
 191932
 192175
 192232
 192307
 192314
 192336
 192618
 192761
 192856
 193050
 193321
 193453
 193548
 193601
 193639
 193727
 193761
 193888
 193929
 194048
 194069
 194072
 194104
 194368
 194532
 194636
 194727
 194761
 194860
 194890
 194991
 195043
 195067
 195152
 195391
 195439
 195534
 195767
 195804
 195851
 195915
 195930
 195943
 196192
 196207
 196449
 196581
 196721
 196873
 197017
 197041
 197046
 197072
 197101
 197109
 197112
 197138
 197417
 197506
 197581
 197720
 197722
 197986
 198065
 198362
 198415
 198666
 199030
 199045
 199058
 199127
 199243
 199281
 199426
 199452
 199575
 199611
 199948
 199953
 199989
 199999
 200000
 200032
 200132
 200153
 200473
 200626
 200667
 200749
 200890
 200988
 201079
 201145
 201425
 201447
 201454
 201536
 201664
 201714
 201742
 201751
 201845
 201862
 202032
 202251
 202346
 202371
 202553
 202700
 202816
 202949
 202992
 203208
 203217
 203493
 203869
 203979
 204161
 204211
 204525
 204690
 204728
 204773
 204832
 204899
 204932
 205076
 205274
 205321
 205362
 205614
 205837
 206176
 206221
 206349
 206527
 206559
 206587
 206799
 206927
 207202
 207232
 207237
 207317
 207349
 207378
 207546
 207686
 207802
 207865
 208003
 208099
 208106
 208431
 208446
 208454
 208569
 208592
 208633
 208650
 208830
 208924
 208990
 209155
 209249
 209291
 209379
 209395
 209476
 209517
 209562
 209790
 209843
 210022
 210186
 210203
 210299
 210318
 210332
 210364
 210431
 210531
 210790
 210820
 211017
 211041
 211393
 211461
 211571
 211699
 211794
 211924
 212032
 212176
 212214
 212431
 212490
 212615
 212803
 212825
 212954
 212978
 213016
 213141
 213296
 213333
 213366
 213411
 213549
 213580
 213601
 213823
 213935
 213952
 214160
 214176
 214303
 214445
 214490
 214519
 214555
 214684
 214685
 214715
 214768
 214830
 214856
 214888
 214892
 215013
 215081
 215100
 215303
 215357
 215431
 215459
 215501
 215520
 215550
 215620
 216016
 216512
 216799
 216842
 217069
 217119
 217174
 217217
 217288
 217312
 217346
 217448
 217493
 217589
 217599
 217663
 217681
 217687
 217769
 217966
 218074
 218088
 218106
 218138
 218183
 218200
 218282
 218405
 218530
 218623
 218779
 218841
 219079
 219081
 219184
 219322
 219544
 219549
 219559
 219586
 219704
 219715
 219742
 219791
 219793
 220061
 220206
 220504
 220551
 220580
 220626
 220701
 220723
 220745
 220889
 221040
 221079
 221112
 221188
 221305
 221396
 221475
 221542
 221668
 221756
 222140
 222188
 222317
 222336
 222406
 222435
 222754
 222829
 222927
 223111
 223255
 223482
 223577
 223592
 223697
 223706
 223740
 223786
 223836
 223879
 223954
 224183
 224208
 224218
 224472
 224615
 224623
 224683
 224703
 224755
 224808
 224832
 224953
 225066
 225457
 225503
 225563
 225591
 225627
 225745
 226042
 226272
 226404
 226417
 226466
 226752
 226775
 226852
 226902
 227101
 227117
 227272
 227602
 227639
 227714
 227917
 228061
 228081
 228125
 228346
 228357
 228541
 228604
 228700
 228741
 228903
 228941
 229202
 229221
 229268
 229323
 229362
 229432
 229453
 229541
 229689
 229787
 229812
 229851
 230065
 230250
 230252
 230387
 230434
 230547
 230680
 230695
 230855
 230910
 231023
 231314
 231392
 231396
 231428
 231533
 231605
 231821
 231854
 232258
 232407
 232610
 232694
 232765
 232768
 232784
 232842
 232902
 232990
 233011
 233159
 233186
 233283
 233309
 233452
 233496
 233526
 233732
 234025
 234070
 234390
 234742
 234745
 234986
 235065
 235158
 235160
 235218
 235244
 235273
 235297
 235584
 235585
 235718
 235785
 235828
 235874
 235955
 236091
 236111
 236224
 236303
 236384
 236473
 236489
 236526
 236572
 236574
 236640
 236685
 236775
 236842
 237013
 237080
 237100
 237103
 237183
 237249
 237359
 237365
 237443
 237582
 237930
 237978
 238171
 238192
 238227
 238233
 238314
 238315
 238319
 238327
 238369
 238429
 238486
 238532
 238708
 238784
 238793
 238832
 238867
 238949
 239078
 239169
 239382
 239444
 239474
 239575
 239606
 239650
 239714
 239811
 239999
 240103
 240138
 240791
 240830
 240986
 240993
 241230
 241868
 241984
 242033
 242488
 242561
 242610
 242761
 243002
 243047
 243097
 243222
 243287
 243338
 243505
 243589
 243726
 243946
 244046
 244063
 244321
 244364
 244466
 244486
 244654
 244702
 244777
 244784
 244853
 244938
 244992
 244997
 245089
 245215
 245220
 245622
 245628
 245704
 245724
 246148
 246543
 246581
 246619
 246769
 246839
 246909
 246952
 246970
 247155
 247158
 247587
 247613
 247658
 247803
 247878
 247963
 247987
 248051
 248241
 248294
 248435
 248526
 248802
 248978
 248979
 249105
 249180
 249221
 249285
 249331
 249512
 249590
 249614
 249781
 249921
 250000
 250187
 250337
 250520
 250573
 250648
 250807
 250896
 250929
 250941
 250954
 251032
 251046
 251180
 251295
 251332
 251379
 251442
 251469
 251472
 251852
 251937
 251976
 252169
 252433
 252482
 252579
 252605
 252750
 252759
 252821
 252873
 252935
 253110
 253238
 253270
 253333
 253406
 253765
 253833
 253846
 253944
 253957
 253992
 254022
 254090
 254289
 254409
 254461
 254467
 254476
 254529
 254737
 254879
 254905
 254954
 255053
 255143
 255361
 255431
 255440
 255516
 255600
 255683
 255712
 255895
 255936
 256074
 256203
 256212
 256223
 256268
 256319
 257013
 257079
 257081
 257102
 257296
 257311
 257359
 257437
 257500
 257536
 257680
 257891
 257901
 257932
 258161
 258241
 258306
 258678
 258784
 258869
 258985
 259016
 259028
 259147
 259169
 259224
 259267
 259366
 259428
 259499
 259545
 259593
 259767
 259921
 260061
 260179
 260404
 260444
 260469
 260544
 260615
 260706
 260735
 260869
 260886
 260895
 260924
 261235
 261304
 261382
 261437
 261642
 261697
 261774
 261815
 261939
 261968
 261999
 262064
 262223
 262237
 262496
 262567
 262825
 262871
 262929
 262984
 263029
 263083
 263152
 263196
 263202
 263203
 263241
 263527
 263530
 263647
 263667
 263799
 263800
 263853
 263985
 264054
 264319
 264365
 264435
 264503
 264508
 264533
 264670
 264867
 265026
 265144
 265247
 265257
 265356
 265424
 265451
 265554
 265592
 265682
 265690
 265701
 265913
 266035
 266219
 266220
 266284
 266666
 266859
 266868
 266926
 266932
 266966
 266996
 267018
 267248
 267255
 267304
 267392
 267419
 267541
 267676
 267820
 267966
 268058
 268081
 268182
 268203
 268335
 268438
 268742
 268748
 268907
 268984
 269068
 269117
 269175
 269195
 269219
 269238
 269242
 269292
 269409
 269514
 269526
 269657
 269694
 269700
 269775
 269793
 269956
 270024
 270121
 270400
 270493
 270551
 270710
 270780
 271081
 271088
 271216
 271242
 271256
 271292
 271312
 271391
 271454
 271500
 271502
 271516
 271691
 271806
 271856
 271889
 272014
 272102
 272164
 272266
 272294
 272374
 272552
 272788
 272811
 272869
 273057
 273073
 273290
 273426
 273541
 273573
 274127
 274170
 274189
 274480
 274534
 274609
 274704
 274743
 274815
 274816
 274837
 275047
 275063
 275094
 275136
 275280
 275288
 275332
 275384
 275491
 275503
 275519
 275693
 275918
 275934
 276080
 276152
 276249
 276347
 276420
 276556
 276668
 276709
 276967
 277020
 277195
 277251
 277415
 277660
 277662
 277701
 277777
 277847
 278094
 278132
 278178
 278213
 278516
 278688
 278694
 278888
 278952
 279019
 279067
 279144
 279190
 279206
 279587
 279697
 279893
 279933
 280086
 280318
 280565
 280622
 280683
 280746
 280753
 281014
 281052
 281105
 281386
 281391
 281579
 281885
 282136
 282206
 282283
 282414
 282608
 282792
 282895
 282911
 283090
 283092
 283105
 283128
 283141
 283231
 283256
 283402
 283414
 283428
 283596
 283602
 283604
 283624
 283825
 284028
 284120
 284175
 284276
 284386
 284399
 284591
 284710
 284962
 284998
 285147
 285247
 285250
 285439
 285442
 285471
 285600
 285745
 285911
 285940
 285967
 286074
 286135
 286259
 286665
 286700
 286721
 286768
 286974
 287208
 287652
 287754
 287783
 288320
 288336
 288340
 288373
 288418
 288425
 288539
 288732
 288904
 288955
 288972
 289044
 289074
 289124
 289496
 289751
 289872
 289908
 289932
 289944
 290097
 290099
 290149
 290169
 290202
 290238
 290275
 290280
 290294
 290336
 290437
 290738
 290818
 290831
 290870
 290968
 290997
 291043
 291117
 291200
 291684
 291786
 291971
 292042
 292043
 292164
 292307
 292310
 292419
 292498
 292545
 292600
 292610
 292621
 292682
 292744
 292875
 292960
 292965
 293019
 293074
 293103
 293330
 293413
 293603
 293724
 293889
 294011
 294125
 294161
 294330
 294450
 294660
 294720
 294737
 294799
 294969
 294971
 295081
 295160
 295281
 295506
 295527
 295610
 295733
 295857
 295869
 295882
 296025
 296029
 296286
 296355
 296444
 296448
 296502
 296521
 296674
 296680
 296769
 296805
 296822
 296842
 296845
 297019
 297474
 297580
 297650
 298041
 298067
 298186
 298193
 298330
 298432
 298563
 298573
 298765
 298843
 298937
 298984
 299050
 299224
 299259
 299278
 299285
 299397
 299488
 299579
 299780
 299834
 300073
 300107
 300170
 300318
 300345
 300422
 300442
 300674
 300734
 300813
 300993
 301007
 301149
 301419
 301435
 301498
 301604
 301637
 301668
 301711
 301729
 301869
 301946
 301984
 302024
 302094
 302244
 302296
 302385
 302628
 302722
 302972
 302990
 303049
 303079
 303092
 303096
 303129
 303161
 303199
 303228
 303278
 303317
 303365
 303366
 303396
 303525
 303571
 303675
 303679
 303877
 303922
 304214
 304232
 304391
 304442
 304448
 304548
 304811
 304905
 304939
 305274
 305370
 305531
 306003
 306055
 306134
 306278
 306410
 306584
 306717
 306883
 306946
 307000
 307097
 307215
 307403
 307525
 307629
 307632
 307849
 307986
 308001
 308087
 308155
 308170
 308206
 308213
 308231
 308308
 308346
 308376
 308444
 308468
 308519
 308548
 308831
 308846
 309007
 309047
 309056
 309133
 309197
 309779
 309856
 309939
 309968
 310043
 310174
 310360
 310588
 310618
 310716
 310802
 311042
 311139
 311152
 311250
 311272
 311367
 311442
 311447
 311463
 311480
 311493
 311568
 311640
 311673
 311692
 311713
 311754
 311953
 311979
 312256
 312262
 312297
 312310
 312339
 312354
 312543
 312549
 312558
 312595
 312598
 312600
 313011
 313235
 313287
 313494
 313529
 313562
 313582
 313643
 313682
 314184
 314224
 314255
 314321
 314373
 314472
 314734
 314797
 314926
 314989
 315333
 315335
 315395
 315623
 315727
 315836
 315893
 315914
 316029
 316039
 316083
 316230
 316313
 316413
 316480
 316806
 316915
 317073
 317153
 317174
 317189
 317269
 317466
 317531
 317581
 317611
 317653
 317673
 317685
 317687
 317730
 317843
 318181
 318326
 318410
 318707
 318746
 319023
 319449
 319485
 319765
 319887
 319907
 320024
 320059
 320204
 320274
 320284
 320302
 320330
 320335
 320434
 320461
 320570
 320738
 320887
 321007
 321120
 321164
 321174
 321204
 321272
 321363
 321428
 321443
 321603
 321661
 321798
 321838
 321897
 321909
 321918
 322006
 322113
 322340
 322781
 323062
 323131
 323134
 323316
 323384
 323529
 323571
 323592
 323725
 323942
 324104
 324751
 324772
 324795
 324827
 324857
 324939
 325155
 325472
 325560
 325622
 325684
 325726
 325865
 325958
 326010
 326029
 326138
 326293
 326422
 326465
 326484
 326505
 326525
 326964
 326986
 327053
 327556
 327788
 327812
 328077
 328196
 328248
 328302
 328449
 328455
 328530
 328561
 328635
 328688
 328935
 329161
 329232
 329341
 329387
 329580
 329667
 329686
 329828
 329858
 329867
 329946
 330213
 330220
 330223
 330311
 330322
 330379
 330439
 330500
 330743
 330753
 330762
 330773
 330941
 330993
 331238
 331280
 331336
 331342
 331478
 331504
 331682
 331869
 331991
 332064
 332100
 332215
 332415
 332427
 332712
 332906
 332907
 333078
 333296
 333333
 333376
 333473
 333569
 333706
 333757
 333797
 333899
 333900
 333929
 334159
 334421
 334553
 334751
 334777
 334782
 335010
 335186
 335281
 335545
 335570
 335672
 335715
 335791
 335816
 335899
 336288
 336297
 336304
 336324
 336341
 336365
 336412
 336421
 336458
 336540
 336560
 336785
 336831
 337049
 337189
 337402
 337668
 337696
 337808
 337846
 337924
 338017
 338183
 338316
 338326
 338449
 338668
 338693
 338754
 338792
 339002
 339053
 339085
 339133
 339285
 339349
 339371
 339414
 339421
 339473
 339547
 339608
 339612
 339700
 339943
 340015
 340203
 340294
 340297
 340396
 340521
 340523
 340543
 340632
 340715
 340930
 340964
 340979
 341059
 341078
 341204
 341264
 341298
 341323
 341352
 341413
 341432
 341530
 341662
 341694
 341710
 341736
 342091
 342120
 342166
 342335
 342427
 342437
 342452
 342873
 342954
 343249
 343373
 343378
 343631
 344096
 344150
 344219
 344792
 344840
 344858
 344906
 345102
 345173
 345262
 345360
 345464
 345587
 345610
 345866
 345944
 345949
 346331
 346406
 346420
 346426
 346667
 346827
 346897
 346913
 347067
 347110
 347169
 347171
 347211
 347588
 347799
 347847
 348022
 348119
 348234
 348245
 348382
 348522
 348601
 348770
 348829
 348846
 348871
 348910
 348968
 349091
 349146
 349212
 349312
 349319
 349320
 349771
 349814
 349993
 349999
 350015
 350174
 350214
 350259
 350392
 350461
 350715
 350741
 350755
 350796
 350816
 350884
 351157
 351201
 351234
 351624
 351626
 351687
 351700
 351736
 351771
 351782
 351837
 351867
 351869
 352118
 352130
 352198
 352210
 352364
 352459
 352492
 352558
 352578
 352792
 352809
 353055
 353160
 353167
 353240
 353387
 353424
 353617
 353635
 353999
 354050
 354153
 354349
 354490
 354503
 354509
 354648
 354659
 354717
 354737
 354804
 354810
 354956
 355116
 355372
 355402
 355550
 355555
 355558
 355561
 355777
 355829
 355965
 355976
 356116
 356149
 356173
 356305
 356321
 356523
 356564
 356737
 356945
 356950
 357039
 357056
 357268
 357358
 357361
 357687
 357829
 357961
 358003
 358024
 358075
 358130
 358204
 358297
 358423
 358477
 358574
 358626
 358631
 358632
 358676
 358942
 359074
 359125
 359164
 359281
 359364
 359659
 359903
 360079
 360181
 360192
 360412
 360455
 360812
 361000
 361041
 361101
 361130
 361257
 361367
 361932
 362080
 362231
 362298
 362310
 362405
 362478
 362508
 362637
 362647
 362776
 362782
 362929
 363163
 363377
 363494
 363951
 364028
 364031
 364253
 364290
 364292
 364325
 364480
 364705
 364773
 364890
 365022
 365246
 365538
 365583
 365598
 365645
 365751
 365771
 365798
 365853
 365888
 365961
 366246
 366335
 366346
 366392
 366517
 366551
 366650
 366964
 367088
 367155
 367255
 367358
 367416
 367439
 367453
 367772
 367776
 367790
 367858
 367960
 368046
 368203
 368369
 368410
 368423
 368455
 368479
 368492
 368656
 368715
 368812
 368845
 368853
 368965
 369028
 369068
 369170
 369244
 369251
 369257
 369272
 369389
 369498
 369525
 369653
 369945
 370129
 370210
 370370
 370383
 370507
 370633
 370694
 370953
 371066
 371173
 371175
 371179
 371335
 371349
 371473
 371574
 371673
 371738
 371826
 371855
 372038
 372278
 372294
 372440
 372853
 372861
 372890
 372903
 372975
 373001
 373097
 373289
 373519
 373528
 373558
 373623
 373782
 373852
 373864
 373974
 374088
 374107
 374125
 374385
 374415
 374469
 374491
 374675
 374846
 374924
 375185
 375236
 375379
 375391
 375428
 375501
 375576
 375703
 375746
 375823
 375933
 376008
 376018
 376143
 376309
 376380
 376491
 376568
 376730
 376743
 376764
 376849
 376866
 376900
 376926
 376968
 376989
 377009
 377025
 377116
 377192
 377241
 377259
 377271
 377448
 377482
 377512
 377590
 377742
 377762
 377855
 377952
 377973
 378208
 378378
 378500
 378740
 378750
 378778
 378820
 378920
 379560
 379567
 379809
 379847
 380038
 380141
 380240
 380354
 380387
 380399
 380402
 380528
 380576
 380872
 380935
 380956
 381015
 381030
 381141
 381162
 381166
 381685
 382322
 382352
 382425
 382491
 382532
 382533
 382535
 382608
 382779
 383074
 383075
 383126
 383159
 383183
 383333
 383364
 383653
 383655
 383675
 383813
 383908
 384341
 384391
 384450
 384575
 384615
 384632
 384707
 384845
 384852
 385093
 385211
 385309
 385457
 385608
 385665
 385962
 386035
 386149
 386185
 386272
 386281
 386309
 386323
 386526
 386554
 386705
 386731
 386735
 386839
 386851
 386910
 386919
 387452
 387480
 387522
 387558
 387755
 387809
 387953
 388738
 388799
 388837
 388871
 389025
 389062
 389124
 389404
 389548
 389833
 389999
 390063
 390169
 390238
 390259
 390280
 390351
 390360
 390422
 390619
 390694
 390728
 390772
 390785
 390786
 390860
 390899
 391012
 391335
 391668
 391825
 391848
 392101
 392111
 392215
 392317
 392335
 392459
 392734
 392789
 392832
 393279
 393299
 393478
 393487
 393530
 393589
 393630
 393796
 393799
 393969
 393984
 393992
 394013
 394035
 394121
 394196
 394404
 394406
 394412
 394574
 394718
 394847
 394877
 394974
 394982
 394997
 395031
 395034
 395114
 395149
 395165
 395228
 395416
 395508
 395613
 395675
 395728
 395889
 396002
 396019
 396064
 396089
 396100
 396108
 396355
 396426
 396468
 396535
 396594
 396603
 396662
 396683
 396768
 397134
 397488
 397529
 397677
 397916
 397939
 398030
 398136
 398523
 398544
 398659
 398877
 399034
 399220
 399310
 399360
 399361
 399460
 399505
 399511
 399514
 399626
 399735
 399831
 399974
 400000
 400075
 400124
 400379
 400429
 400462
 400504
 400537
 400549
 400646
 400687
 400996
 401289
 401347
 401521
 401758
 401846
 401944
 401990
 402493
 402634
 402773
 402942
 403185
 403249
 403396
 403497
 403592
 403636
 403648
 403680
 403718
 403812
 403849
 403932
 404051
 404129
 404147
 404212
 404277
 404645
 404648
 404984
 405189
 405255
 405291
 405292
 405410
 405503
 405529
 405609
 405666
 405739
 405811
 406063
 406145
 406258
 406269
 406297
 406300
 406378
 406648
 406868
 406885
 406996
 407041
 407076
 407117
 407337
 407456
 407482
 407507
 407547
 407558
 407570
 407601
 407608
 408244
 408405
 408584
 408669
 408755
 409011
 409045
 409090
 409170
 409209
 409336
 409408
 409452
 409562
 409614
 409746
 410010
 410050
 410089
 410105
 410123
 410187
 410189
 410230
 410329
 410342
 410742
 410941
 411026
 411252
 411327
 411329
 411336
 411427
 411430
 411506
 411561
 411608
 411643
 411820
 411948
 412406
 412492
 412631
 412698
 412861
 413063
 413105
 413319
 413354
 413599
 413711
 413733
 413768
 413784
 413929
 414039
 414251
 414287
 414396
 414429
 414457
 414701
 414705
 414893
 415017
 415112
 415130
 415158
 415196
 415206
 415245
 415384
 415452
 415634
 415638
 415755
 415914
 415999
 416016
 416551
 416606
 416632
 416883
 416951
 417136
 417528
 417640
 417665
 417721
 417745
 417751
 417846
 417958
 417971
 418022
 418222
 418444
 418699
 418871
 418952
 419063
 419113
 419233
 419312
 419411
 419464
 419903
 420115
 420117
 420138
 420484
 420514
 420561
 420607
 420672
 420674
 421060
 421179
 421208
 421250
 421354
 421458
 421478
 421563
 421807
 421843
 421890
 421996
 422137
 422195
 422257
 422293
 422358
 422482
 422515
 422630
 422727
 422751
 422759
 422920
 422961
 422991
 423123
 423294
 423412
 423509
 423609
 423691
 423829
 423903
 424036
 424117
 424149
 424256
 424416
 424453
 424620
 424728
 424853
 424878
 425108
 425130
 425254
 425578
 425642
 425671
 425709
 425821
 425995
 426246
 426258
 426296
 426427
 426677
 426756
 427028
 427163
 427333
 427360
 427361
 427518
 427536
 427578
 427696
 427797
 427837
 427966
 427968
 427989
 428467
 428571
 428706
 428762
 428965
 429008
 429071
 429120
 429267
 429348
 429430
 429556
 429661
 429710
 429781
 429899
 429921
 429953
 430101
 430144
 430228
 430263
 430367
 430394
 430633
 430663
 430769
 430789
 430873
 430886
 431029
 431108
 431192
 431223
 431404
 431836
 431841
 431888
 432027
 432085
 432203
 432347
 432360
 432393
 432432
 432439
 432530
 432589
 432851
 432980
 433131
 433265
 433333
 433370
 433502
 433648
 433793
 433873
 434124
 434184
 434353
 434531
 434580
 434740
 434777
 434850
 434928
 434937
 434997
 435003
 435170
 435187
 435203
 435606
 435632
 435685
 435784
 435833
 435860
 435873
 435946
 435967
 436013
 436084
 436155
 436187
 436231
 436366
 436478
 436543
 436597
 436631
 436691
 436693
 436698
 436702
 436726
 436768
 436839
 437133
 437324
 437428
 437667
 438053
 438249
 438252
 438297
 438299
 438303
 438309
 438380
 438490
 438510
 438594
 438656
 438720
 439091
 439126
 439189
 439236
 439305
 439373
 439530
 439558
 439630
 439791
 439804
 439818
 440182
 440271
 440284
 440293
 440311
 440348
 440378
 440486
 440528
 440897
 441014
 441032
 441098
 441227
 441470
 441530
 441558
 441573
 441792
 442069
 442203
 442308
 442430
 442559
 442936
 443152
 443176
 443251
 443304
 443321
 443466
 443516
 443635
 443668
 444091
 444274
 444621
 444827
 444954
 445275
 445364
 445578
 445664
 445812
 446086
 446153
 446213
 446227
 446228
 446262
 446270
 446867
 446872
 447097
 447198
 447204
 447271
 447590
 447594
 447612
 447728
 447780
 447807
 447915
 447917
 447952
 447986
 448036
 448092
 448236
 448406
 448560
 448669
 448733
 448934
 449060
 449347
 449455
 449612
 449766
 449897
 449955
 449985
 450029
 450337
 450377
 450398
 450773
 450844
 450995
 451184
 451193
 451278
 451594
 451653
 451673
 451683
 451697
 451833
 451909
 452043
 452331
 452344
 452954
 453054
 453150
 453388
 453445
 453526
 453528
 453602
 453607
 453658
 453750
 453811
 453834
 453977
 453998
 454116
 454149
 454190
 454301
 454311
 454478
 454752
 454836
 454935
 454959
 455045
 455100
 455217
 455271
 455287
 455361
 455441
 455586
 455598
 455599
 455628
 455790
 455903
 455904
 456268
 456436
 456459
 456553
 456601
 456701
 456713
 456894
 456980
 456991
 457308
 457358
 457477
 457582
 457653
 457688
 457718
 457814
 458017
 458181
 458203
 458339
 458370
 458465
 458506
 458661
 458756
 458779
 459052
 459065
 459313
 459338
 459376
 459424
 459432
 459572
 459743
 459840
 459998
 460032
 460096
 460156
 460221
 460246
 460292
 460559
 460645
 460755
 460766
 460777
 460784
 460785
 460900
 461170
 461190
 461259
 461271
 461291
 461458
 461621
 461674
 461760
 461827
 461886
 461984
 462025
 462098
 462243
 462254
 462264
 462365
 462595
 462602
 462752
 462907
 462962
 463070
 463085
 463253
 463281
 463343
 463619
 463637
 463809
 463913
 463917
 463945
 463970
 464198
 464264
 464456
 464557
 464623
 464726
 464858
 464865
 465171
 465403
 465421
 465470
 465517
 465722
 465731
 465759
 465821
 465883
 465952
 465981
 466011
 466172
 466346
 466558
 466961
 467313
 467331
 467604
 467852
 467883
 468194
 468240
 468246
 468272
 468276
 468289
 468325
 468364
 468406
 468415
 468458
 468469
 468481
 468578
 468621
 468672
 468895
 468921
 469353
 469443
 469520
 469694
 469802
 469842
 469990
 470131
 470219
 470239
 470270
 470308
 470326
 470358
 470565
 470588
 470605
 470905
 471052
 471522
 471554
 471563
 471766
 471821
 471832
 472048
 472101
 472214
 472684
 472898
 473054
 473087
 473189
 473316
 473449
 473464
 473596
 473606
 473701
 474028
 474423
 474457
 474476
 474609
 474611
 474647
 474667
 474702
 474883
 475070
 475086
 475158
 475298
 475330
 475501
 475791
 476172
 476321
 476367
 476488
 476688
 476724
 476843
 477007
 477066
 477207
 477533
 477696
 477721
 477746
 477894
 478245
 478317
 478353
 478456
 478701
 479053
 479110
 479144
 479166
 479421
 479435
 479449
 479601
 479746
 479771
 479960
 479971
 480067
 480090
 480232
 480448
 480566
 480567
 480575
 480589
 480672
 480753
 480817
 480937
 481101
 481214
 481228
 481317
 481320
 481328
 481419
 481575
 481596
 481756
 481799
 481818
 481874
 482123
 482224
 482298
 482334
 482343
 482490
 482582
 482644
 482789
 482867
 482913
 482949
 483029
 483214
 483335
 483381
 483443
 483496
 483638
 483661
 483752
 483909
 483940
 484272
 484299
 484566
 484646
 484697
 484867
 485025
 485062
 485171
 485250
 485478
 485514
 485515
 485563
 485821
 485839
 485844
 486098
 486419
 486669
 487364
 487377
 487411
 487421
 487508
 487586
 487785
 487949
 488059
 488117
 488185
 488291
 488386
 488496
 488574
 488688
 488726
 488759
 488812
 488872
 488939
 489004
 489089
 489153
 489334
 489351
 489373
 489468
 489510
 489563
 489590
 489617
 489714
 489763
 489783
 489821
 489858
 489975
 490144
 490182
 490203
 490334
 490447
 490511
 490566
 490710
 490751
 490848
 490931
 490976
 491000
 491052
 491158
 491161
 491173
 491228
 491274
 491349
 491392
 491399
 491460
 491685
 491749
 491803
 491965
 492000
 492017
 492107
 492268
 492372
 492541
 493214
 493677
 493904
 494314
 494352
 494415
 494440
 494457
 494582
 494590
 494609
 494710
 494743
 494797
 494863
 494882
 495017
 495261
 495316
 495346
 495408
 495424
 495488
 495498
 495518
 495557
 495640
 495867
 496006
 496058
 496196
 496263
 496639
 496805
 496820
 496989
 497300
 497324
 497439
 497537
 497612
 497749
 497765
 497868
 497950
 498055
 498067
 498071
 498093
 498173
 498335
 498344
 498575
 498741
 498748
 498848
 499201
 499215
 499230
 499428
 499529
 499541
 499545
 499646
 499650
 499758
 499771
 499800
 499829
 499944
 499955
 