0
 156
 193
 321
 331
 350
 445
 525
 1153
 1315
 1617
 1727
 2001
 2072
 2135
 2285
 2418
 2515
 2722
 2843
 3131
 3211
 3245
 3309
 3402
 3516
 4019
 4059
 4081
 4122
 4157
 4158
 4370
 4572
 4676
 4876
 4989
 4993
 5172
 5451
 5725
 5873
 5921
 5947
 5973
 6086
 6144
 6449
 6481
 6543
 6554
 6640
 6659
 6962
 6984
 7126
 7230
 7254
 7354
 7434
 7446
 7619
 7716
 7723
 7774
 7861
 7879
 7910
 7957
 7984
 8326
 8382
 8485
 8486
 8668
 8727
 8728
 8734
 8746
 8844
 8857
 8892
 8936
 9100
 9116
 9387
 9438
 9607
 9739
 9764
 9785
 9914
 10009
 10153
 10161
 10222
 10310
 10315
 10381
 10526
 10760
 10781
 10896
 10935
 10949
 10972
 10981
 11171
 11220
 11427
 11458
 11463
 11585
 11635
 11666
 11954
 11964
 12072
 12165
 12267
 12361
 12393
 12492
 12499
 12582
 12805
 12903
 12954
 12961
 13025
 13118
 13242
 13520
 13733
 13757
 13844
 14006
 14046
 14059
 14114
 14433
 14469
 14579
 14598
 14640
 14662
 14906
 15158
 15173
 15215
 15429
 15488
 15490
 15562
 15682
 15960
 16027
 16059
 16224
 16330
 16422
 16494
 16531
 16621
 16677
 16835
 16867
 16899
 16949
 16974
 16981
 16997
 17095
 17207
 17236
 17463
 17605
 17846
 17996
 18161
 18175
 18181
 18194
 18249
 18427
 18455
 18627
 18942
 19092
 19110
 19186
 19322
 19332
 19697
 19703
 19824
 20062
 20070
 20092
 20124
 20223
 20415
 20896
 20975
 21056
 21083
 21091
 21276
 21311
 21376
 21454
 21496
 21551
 21642
 21772
 21919
 21932
 21954
 22010
 22139
 22179
 22241
 22363
 22371
 22409
 22471
 22602
 22643
 22653
 22781
 22866
 22898
 22977
 22981
 23006
 23100
 23171
 23191
 23198
 23255
 23297
 23384
 23419
 23683
 23715
 23838
 23868
 23880
 23984
 24100
 24170
 24255
 24315
 24329
 24365
 24415
 24537
 24652
 24924
 24963
 24975
 25094
 25157
 25174
 25341
 25476
 25625
 25835
 25907
 26168
 26172
 26185
 26495
 26609
 26875
 26907
 27027
 27089
 27144
 27206
 27232
 27265
 27349
 27409
 27553
 27560
 27671
 27788
 28025
 28188
 28275
 28328
 28388
 28491
 28571
 28669
 28693
 28820
 29098
 29339
 29342
 29420
 29508
 29532
 29579
 29593
 29670
 29696
 29992
 30058
 30121
 30158
 30303
 30341
 30355
 30362
 30395
 30500
 30553
 30566
 30675
 30747
 30758
 30769
 30786
 31108
 31224
 31260
 31420
 31506
 31554
 31785
 31832
 31871
 31903
 31914
 31992
 32085
 32221
 32240
 32252
 32645
 32786
 32860
 32890
 32933
 33079
 33122
 33134
 33172
 33250
 33285
 33453
 33490
 33626
 33688
 33848
 33894
 33919
 33988
 34025
 34049
 34063
 34066
 34166
 34488
 34730
 34841
 35052
 35104
 35143
 35316
 35443
 35558
 35639
 35642
 35680
 35714
 35844
 35899
 35981
 36031
 36080
 36445
 36564
 36822
 36871
 37048
 37114
 37237
 37315
 37388
 37423
 37606
 37866
 37967
 38063
 38136
 38220
 38545
 38610
 38671
 38822
 38858
 38926
 38994
 39034
 39205
 39215
 39226
 39269
 39289
 39408
 39436
 39484
 39603
 39610
 39688
 39722
 39745
 39811
 39841
 40029
 40077
 40269
 40382
 40401
 40410
 40454
 40464
 40470
 40527
 40581
 40629
 40666
 40787
 40838
 41074
 41176
 41367
 41383
 41442
 41446
 41546
 41563
 41954
 42033
 42186
 42193
 42304
 42339
 42344
 42349
 42357
 42678
 42787
 42795
 42921
 43005
 43030
 43042
 43060
 43147
 43209
 43285
 43465
 43729
 43770
 43817
 43978
 44019
 44025
 44211
 44252
 44279
 44313
 44398
 44568
 44699
 44773
 44949
 45053
 45250
 45462
 45546
 45665
 45936
 45998
 46198
 46439
 46448
 46532
 46612
 47142
 47175
 47201
 47241
 47328
 47483
 47547
 47600
 47619
 47683
 47759
 47919
 48609
 48680
 48735
 49012
 49030
 49111
 49254
 49469
 49693
 49725
 49792
 49806
 50122
 50196
 50318
 50522
 50523
 50596
 50655
 50764
 50898
 50962
 51034
 51039
 51041
 51048
 51299
 51383
 51433
 51555
 51582
 51612
 51717
 51869
 52076
 52080
 52372
 52400
 52411
 52516
 52543
 52581
 52587
 52710
 52768
 52790
 52850
 52878
 52925
 52954
 53014
 53076
 53090
 53145
 53273
 53298
 53348
 53521
 53842
 54117
 54132
 54187
 54237
 54344
 54440
 54474
 54532
 54808
 54904
 54953
 55045
 55048
 55102
 55169
 55313
 55478
 55555
 55606
 55718
 55730
 55784
 55965
 55979
 56040
 56099
 56172
 56199
 56213
 56217
 56327
 56370
 56372
 56386
 56516
 56730
 56746
 56916
 57067
 57142
 57401
 57405
 57512
 57722
 57759
 57821
 57887
 57929
 57963
 58040
 58129
 58382
 58488
 58665
 58823
 59020
 59034
 59111
 59131
 59468
 59606
 59740
 59779
 59939
 60189
 60295
 60353
 60525
 60606
 60843
 60865
 60913
 61081
 61126
 61135
 61148
 61284
 61405
 61455
 61473
 61622
 61630
 61750
 61834
 62126
 62222
 62417
 62621
 62695
 62698
 63086
 63102
 63126
 63481
 63663
 63756
 63839
 63962
 63999
 64113
 64191
 64204
 64320
 64396
 64626
 64649
 64666
 64696
 64892
 64925
 64931
 65069
 65161
 65162
 65207
 65269
 65594
 65776
 65917
 66001
 66018
 66033
 66045
 66058
 66623
 66698
 66826
 66839
 66975
 66996
 67098
 67141
 67260
 67265
 67303
 67317
 67355
 67421
 67474
 67605
 67865
 67932
 68078
 68091
 68169
 68200
 68204
 68303
 68310
 68409
 68477
 68604
 68633
 68697
 68709
 68793
 68955
 68987
 69087
 69167
 69198
 69227
 69250
 69582
 69742
 69767
 69801
 69966
 70000
 70279
 70556
 70681
 70682
 70735
 70921
 70933
 71083
 71185
 71352
 71363
 71465
 71576
 71710
 72035
 72212
 72219
 72424
 72567
 72718
 72727
 72900
 73170
 73327
 73339
 73349
 73386
 73410
 73469
 73533
 73581
 73695
 73975
 74052
 74136
 74258
 74335
 74399
 74460
 74466
 74588
 74600
 74618
 74626
 74979
 75074
 75215
 75254
 75430
 75512
 75514
 75787
 75791
 75992
 76059
 76063
 76317
 76335
 76363
 76369
 76404
 76622
 76659
 76692
 76831
 76864
 76878
 76900
 76923
 76938
 76975
 77020
 77050
 77093
 77175
 77181
 77288
 77302
 77481
 77785
 77852
 78065
 78156
 78207
 78453
 78564
 78704
 78751
 79023
 79061
 79129
 79200
 79211
 79256
 79397
 79411
 79556
 79584
 79646
 79786
 79875
 80047
 80061
 80383
 80524
 80569
 80603
 80741
 81066
 81081
 81210
 81230
 81343
 81549
 81562
 81729
 81832
 81846
 81967
 82030
 82323
 82399
 82466
 82476
 82551
 82554
 82728
 82811
 82890
 82926
 82974
 83074
 83165
 83213
 83256
 83379
 83406
 83473
 83515
 83968
 83989
 84022
 84066
 84139
 84243
 84286
 84439
 84532
 84588
 84640
 84644
 84712
 84784
 84847
 84859
 84870
 85106
 85126
 85224
 85298
 85353
 85363
 85495
 85561
 85705
 85786
 86118
 86181
 86232
 86497
 86776
 86923
 87021
 87127
 87265
 87510
 87538
 87711
 87728
 87826
 87890
 87920
 87993
 88082
 88175
 88263
 88467
 88623
 88665
 88750
 88774
 88880
 88948
 89043
 89203
 89268
 89361
 89398
 89431
 89438
 89606
 89791
 89887
 90108
 90121
 90141
 90197
 90314
 90353
 90461
 90508
 90538
 90589
 90812
 91001
 91010
 91212
 91239
 91313
 91363
 91450
 91572
 91692
 91868
 91887
 91957
 92062
 92211
 92314
 92340
 92598
 92749
 92781
 92924
 93053
 93114
 93251
 93278
 93324
 93420
 93431
 93617
 93869
 93922
 94015
 94123
 94128
 94260
 94313
 94375
 94502
 94889
 95030
 95042
 95269
 95274
 95338
 95422
 95499
 95541
 95616
 95630
 95698
 95850
 95885
 95921
 95966
 96019
 96173
 96266
 96437
 96543
 96655
 96730
 96803
 96888
 96889
 96948
 97050
 97409
 97550
 97560
 97662
 97723
 97744
 98100
 98494
 98508
 98625
 98765
 98775
 98816
 98909
 99200
 99220
 99361
 99438
 99445
 99527
 99589
 99954
 100000
 100006
 100093
 100175
 100192
 100265
 100501
 100554
 100556
 100604
 100662
 100816
 100838
 101066
 101157
 101161
 101186
 101299
 101388
 101400
 101458
 101507
 101710
 101778
 102127
 102141
 102220
 102249
 102522
 102604
 102680
 102689
 102821
 102875
 102933
 103067
 103115
 103207
 103225
 103227
 103659
 103672
 103713
 103752
 103842
 103849
 104113
 104243
 104317
 104358
 104405
 104410
 104526
 104560
 104605
 104614
 104906
 104912
 104953
 105068
 105093
 105263
 105429
 105445
 105526
 105589
 105592
 105634
 105679
 105785
 105963
 106111
 106248
 106393
 106740
 107024
 107163
 107349
 107553
 107619
 107626
 107692
 107914
 107937
 108160
 108228
 108275
 108470
 108621
 108653
 108841
 109049
 109052
 109305
 109380
 109383
 109461
 109700
 109733
 109816
 110079
 110091
 110109
 110134
 110239
 110322
 110462
 110476
 110645
 110682
 110754
 110761
 110867
 111037
 111111
 111190
 111193
 111299
 111417
 111437
 111543
 111568
 111580
 111582
 111671
 111723
 111760
 111859
 111864
 112059
 112144
 112148
 112242
 112245
 112296
 112303
 112328
 112527
 112587
 112763
 112866
 112885
 113038
 113092
 113358
 113398
 113448
 113456
 113701
 114021
 114165
 114353
 114416
 114460
 114522
 114607
 114930
 115044
 115066
 115131
 115578
 115641
 115781
 115798
 115830
 115961
 116028
 116040
 116107
 116126
 116206
 116226
 116351
 116549
 116763
 116792
 116952
 116959
 117189
 117348
 117367
 117443
 117496
 117509
 117534
 117615
 117647
 117681
 117692
 117731
 117815
 118001
 118097
 118119
 118125
 118279
 118482
 118570
 118607
 118637
 118753
 118822
 119072
 119079
 119120
 119227
 119359
 119914
 119954
 120092
 120224
 120348
 120371
 120398
 120459
 120654
 120732
 120757
 120774
 120840
 120862
 120939
 121183
 121493
 121648
 121913
 122164
 122180
 122239
 122368
 122397
 122404
 122498
 122584
 122602
 122662
 122779
 122807
 122824
 122827
 122879
 122948
 122959
 123102
 123296
 123411
 123471
 123482
 123512
 123647
 123783
 123784
 123925
 124196
 124447
 124584
 124607
 124865
 124871
 124910
 124943
 125096
 125195
 125227
 125586
 125622
 125623
 125633
 125648
 125652
 125657
 125788
 125830
 125838
 125840
 125987
 126053
 126109
 126117
 126205
 126286
 126328
 126362
 126412
 126414
 126436
 126637
 126715
 126834
 126963
 127113
 127228
 127428
 127501
 127508
 127548
 127613
 127784
 127999
 128023
 128138
 128654
 128909
 128987
 129345
 129346
 129584
 129685
 129733
 129749
 129896
 129944
 130149
 130190
 130356
 130440
 130556
 130630
 130718
 130729
 130822
 130899
 130974
 131206
 131279
 131366
 131506
 131707
 131813
 131817
 132117
 132268
 132336
 132769
 132953
 132993
 133010
 133051
 133080
 133136
 133319
 133333
 133389
 133430
 133434
 133441
 133444
 133567
 133612
 133728
 133748
 133778
 133889
 133902
 134085
 134312
 134327
 134390
 134514
 134639
 134679
 134989
 135287
 135327
 135458
 135473
 135547
 135656
 135872
 136103
 136138
 136181
 136212
 136274
 136346
 136353
 136546
 136557
 136624
 136648
 136675
 136709
 136739
 136768
 136791
 136901
 136902
 137042
 137143
 137211
 137214
 137336
 137361
 137472
 137475
 137583
 137721
 137908
 137972
 138138
 138170
 138246
 138339
 138359
 138444
 138469
 138554
 138575
 138625
 138738
 138751
 138812
 138904
 139086
 139109
 139139
 139184
 139186
 139206
 139212
 139224
 139240
 139319
 139399
 139504
 139518
 139701
 139719
 139749
 140071
 140186
 140221
 140286
 140296
 140311
 140316
 140503
 140583
 140797
 140845
 140899
 140944
 141022
 141057
 141114
 141232
 141266
 141321
 141361
 141371
 141512
 141528
 141562
 141628
 141680
 141781
 141879
 141918
 142223
 142249
 142290
 142342
 142423
 142460
 142464
 142553
 142773
 142808
 142857
 142875
 142901
 143122
 143309
 143352
 143600
 143706
 143905
 144048
 144067
 144093
 144283
 144322
 144372
 144374
 144404
 144608
 144820
 145014
 145069
 145094
 145511
 145528
 145636
 145704
 145854
 145975
 146077
 146096
 146233
 146250
 146331
 146447
 146523
 146633
 146697
 147204
 147286
 147419
 147487
 147721
 147911
 147916
 148076
 148148
 148374
 148455
 148694
 148797
 148851
 148929
 148930
 149192
 149417
 149628
 149662
 149808
 149828
 149866
 149903
 150140
 150476
 150638
 150662
 150698
 150933
 151020
 151071
 151111
 151212
 151291
 151339
 151413
 151416
 151442
 151733
 151753
 151817
 152037
 152057
 152141
 152159
 152165
 152204
 152244
 152678
 152759
 152948
 153063
 153106
 153144
 153153
 153200
 153432
 153559
 153660
 153662
 153828
 153840
 153846
 154095
 154225
 154259
 154558
 154643
 154877
 154929
 155006
 155133
 155157
 155251
 155275
 155406
 155536
 155538
 155608
 155619
 155634
 155668
 155841
 155895
 155991
 156107
 156228
 156370
 156575
 156713
 156833
 156989
 157283
 157393
 157521
 157683
 157773
 157798
 158248
 158252
 158324
 158722
 158730
 158737
 159043
 159081
 159085
 159147
 159165
 159258
 159298
 159320
 159481
 159616
 160097
 160107
 160170
 160239
 160263
 160274
 160406
 160968
 160979
 161184
 161227
 161249
 161290
 161343
 161472
 161611
 161616
 161927
 162118
 162175
 162275
 162324
 162402
 162519
 162679
 162959
 163112
 163166
 163201
 163399
 163481
 163540
 163542
 163577
 163597
 163738
 163754
 163857
 163984
 164531
 164591
 164784
 164961
 164996
 165043
 165155
 165178
 165186
 165248
 165309
 165377
 165484
 165589
 165618
 165699
 165887
 165933
 165952
 166163
 166609
 166729
 166998
 167076
 167141
 167206
 167226
 167265
 167389
 167400
 167429
 167444
 167613
 167637
 167855
 167949
 168064
 168280
 168435
 168454
 168556
 168626
 168716
 168724
 168875
 168884
 169118
 169205
 169424
 169451
 169674
 169924
 169991
 170049
 170153
 170448
 170626
 170652
 170668
 170685
 170705
 170731
 171365
 171428
 171456
 171554
 171720
 171790
 171799
 171916
 171938
 171974
 172017
 172141
 172187
 172243
 172258
 172592
 172933
 173015
 173119
 173161
 173382
 173473
 173493
 173824
 174115
 174140
 174241
 174303
 174569
 174657
 174748
 174950
 175039
 175070
 175359
 175392
 175409
 175429
 175484
 175591
 175635
 175651
 175664
 175715
 175725
 175768
 175824
 175965
 176126
 176300
 176312
 176368
 176474
 176600
 176605
 176640
 176707
 176720
 176880
 176898
 176930
 177161
 177255
 177271
 177480
 177520
 177533
 177565
 177601
 177933
 177979
 178124
 178246
 178436
 178553
 178787
 178931
 179102
 179116
 179167
 179300
 179431
 179446
 179491
 179532
 179712
 179827
 179881
 180059
 180090
 180275
 180420
 180470
 180526
 180626
 180801
 180828
 180864
 181027
 181112
 181150
 181447
 181575
 181644
 181709
 181750
 181832
 181975
 181984
 182171
 182216
 182285
 182320
 182659
 182795
 182831
 182967
 182971
 183028
 183087
 183162
 183163
 183175
 183235
 183252
 183445
 183510
 183588
 183758
 183862
 183904
 184045
 184133
 184290
 184321
 184385
 184424
 184713
 184732
 185047
 185080
 185138
 185257
 185372
 185567
 185915
 185934
 185957
 186095
 186206
 186239
 186298
 186356
 186444
 186475
 186729
 186746
 186804
 187004
 187040
 187118
 187197
 187207
 187414
 187438
 187500
 187554
 187577
 187685
 187766
 187987
 188045
 188140
 188153
 188182
 188232
 188235
 188276
 188365
 188455
 188624
 188698
 188917
 189121
 189328
 189389
 189405
 189438
 189516
 189574
 189788
 189896
 190136
 190201
 190331
 190337
 190369
 190600
 190630
 190926
 191189
 191551
 191943
 191965
 192014
 192116
 192148
 192413
 192431
 192550
 192560
 192657
 192789
 192839
 192842
 192864
 192879
 192959
 193055
 193132
 193186
 193256
 193356
 193608
 193729
 193749
 193753
 193788
 193929
 193948
 193976
 194321
 194418
 194478
 194560
 194572
 194731
 194744
 194837
 194891
 195031
 195101
 195112
 195279
 195445
 195454
 195621
 195681
 195690
 195691
 195921
 196115
 196249
 196265
 196338
 196444
 196489
 196492
 196504
 196539
 196563
 196697
 196721
 196784
 196795
 196884
 197174
 197284
 197354
 197469
 197519
 197578
 197593
 197633
 197662
 197701
 197704
 197939
 197943
 197966
 198036
 198247
 198316
 198326
 198353
 198411
 198476
 198590
 198757
 198758
 198840
 198927
 199216
 199257
 199275
 199635
 199928
 199967
 199999
 200000
 200031
 200090
 200128
 200306
 200570
 200648
 200653
 200654
 200733
 200917
 200953
 201100
 201165
 201241
 201419
 201438
 201607
 201614
 201785
 202093
 202135
 202153
 202201
 202432
 202614
 202624
 202776
 202784
 202838
 202950
 203161
 203516
 203749
 203773
 203779
 203862
 204294
 204490
 204527
 204635
 204830
 204840
 204927
 205058
 205066
 205111
 205158
 205213
 205305
 205405
 205795
 205903
 206019
 206061
 206090
 206209
 206242
 206246
 206409
 206474
 206616
 206732
 206890
 206946
 207048
 207096
 207155
 207185
 207263
 207434
 207505
 207570
 207585
 207586
 207663
 207780
 207908
 207930
 208159
 208229
 208326
 208370
 208491
 208791
 208885
 208989
 209093
 209170
 209226
 209346
 209397
 209406
 209552
 209737
 209906
 210033
 210070
 210142
 210225
 210253
 210300
 210526
 210746
 210752
 210905
 211031
 211103
 211194
 211219
 211235
 211255
 211310
 211506
 211515
 211651
 211801
 211817
 211908
 211931
 211979
 212330
 212454
 212569
 212720
 212734
 212798
 212806
 212906
 212968
 213230
 213247
 213299
 213490
 213537
 213628
 213691
 213767
 213783
 213864
 213875
 214023
 214344
 214915
 215052
 215053
 215207
 215300
 215333
 215382
 215457
 215481
 215613
 215979
 216163
 216182
 216229
 216310
 216336
 216522
 216524
 216537
 216595
 216644
 216730
 216763
 216966
 217054
 217142
 217194
 217242
 217453
 217522
 217725
 217754
 217773
 217795
 217840
 218072
 218128
 218556
 218604
 218615
 218733
 218776
 218781
 218921
 218985
 219029
 219043
 219213
 219292
 219327
 219365
 219679
 219760
 219858
 220010
 220014
 220072
 220083
 220196
 220234
 220351
 220443
 220509
 220573
 220602
 220617
 220762
 220822
 220933
 221724
 221810
 221917
 221934
 222179
 222222
 222410
 222521
 222550
 222587
 222774
 222908
 223104
 223130
 223492
 223532
 223649
 223787
 223799
 223816
 223838
 223883
 223892
 223944
 224066
 224229
 224273
 224750
 224830
 224849
 224929
 224941
 225003
 225254
 225322
 225542
 225721
 225763
 225787
 225806
 225955
 226068
 226072
 226123
 226144
 226148
 226319
 226329
 226476
 226598
 226971
 227175
 227236
 227254
 227312
 227350
 227378
 227476
 227512
 227583
 227642
 227699
 227807
 228075
 228099
 228190
 228195
 228271
 228290
 228575
 228655
 228692
 228796
 228817
 228819
 228896
 229032
 229034
 229059
 229086
 229186
 229200
 229244
 229400
 229578
 229659
 229706
 229774
 229937
 230011
 230017
 230119
 230174
 230332
 230371
 230442
 230483
 230514
 230958
 231001
 231003
 231253
 231316
 231340
 231465
 231497
 231516
 231561
 231713
 231745
 231762
 231810
 231850
 231860
 231995
 231999
 232032
 232057
 232239
 232266
 232470
 232709
 232874
 233003
 233120
 233136
 233636
 233782
 233819
 233834
 233875
 234275
 234441
 234610
 234692
 234740
 234832
 234925
 235043
 235060
 235170
 235225
 235251
 235294
 235382
 235411
 235658
 235688
 235783
 235785
 235928
 235929
 236220
 236620
 236803
 237016
 237093
 237224
 237328
 237499
 237524
 237647
 237921
 237969
 238557
 238636
 238662
 238832
 238861
 238872
 238877
 238923
 239069
 239084
 239107
 239448
 239467
 239576
 239607
 239765
 240083
 240170
 240193
 240313
 240463
 240506
 240656
 240684
 240748
 240844
 240846
 240875
 240946
 241229
 241442
 241443
 241469
 241476
 241509
 241545
 241615
 241682
 241689
 241702
 241748
 241788
 241912
 241966
 242029
 242164
 242165
 242375
 242524
 242595
 242643
 242695
 242860
 242929
 242931
 243266
 243371
 243503
 243508
 243527
 243726
 243745
 243793
 244036
 244206
 244298
 244617
 244789
 244832
 245107
 245268
 245357
 245523
 245614
 245874
 245885
 246018
 246073
 246141
 246166
 246214
 246257
 246297
 246422
 246447
 246550
 246725
 246822
 247073
 247084
 247297
 247380
 247520
 247758
 247950
 248291
 248328
 248359
 248431
 248570
 248642
 248679
 248762
 248817
 249017
 249086
 249155
 249217
 249239
 249348
 249371
 249380
 249457
 249585
 249626
 249876
 249942
 249969
 250016
 250334
 250626
 250696
 250952
 251162
 251242
 251424
 251531
 251584
 251599
 251659
 251708
 251720
 251814
 251824
 251897
 251941
 252100
 252173
 252204
 252579
 252618
 252646
 252713
 252726
 252812
 252973
 253072
 253254
 253345
 253527
 253545
 253624
 253777
 253868
 253961
 254165
 254479
 254720
 254775
 254881
 254901
 254976
 255017
 255039
 255126
 255150
 255308
 255332
 255515
 255549
 255726
 255750
 255825
 255880
 255924
 256019
 256077
 256085
 256108
 256244
 256246
 256382
 256576
 256631
 256724
 256811
 256830
 257085
 257188
 257216
 257325
 257425
 257476
 257585
 257676
 257748
 257765
 257898
 258020
 258032
 258524
 258586
 258617
 258661
 258663
 258861
 259053
 259081
 259224
 259484
 259588
 259668
 259892
 259935
 259986
 260127
 260146
 260239
 260261
 260431
 260690
 260781
 260917
 260966
 261013
 261060
 261220
 261259
 261317
 261370
 261389
 261492
 261724
 261826
 261870
 261951
 262024
 262127
 262404
 262448
 262499
 262938
 262939
 263032
 263116
 263157
 263400
 263473
 263506
 263541
 263665
 263839
 264067
 264089
 264092
 264202
 264266
 264403
 264489
 264522
 264635
 264994
 265020
 265133
 265317
 265345
 265394
 265450
 265461
 265479
 265734
 265848
 265923
 266021
 266029
 266061
 266198
 266315
 266358
 266431
 266433
 266510
 266529
 266558
 266688
 266765
 266832
 266879
 266916
 267216
 267233
 267374
 267399
 267442
 267496
 267536
 267641
 267651
 267685
 267774
 267821
 267860
 268105
 268424
 268613
 268656
 268686
 268727
 268733
 268807
 268944
 269023
 269064
 269087
 269143
 269256
 269257
 269373
 269441
 269461
 269463
 269565
 269572
 269662
 269726
 269951
 269957
 269962
 270103
 270291
 270308
 270330
 270338
 270342
 270357
 270445
 270659
 270716
 270884
 270920
 270967
 271062
 271076
 271078
 271098
 271103
 271105
 271180
 271311
 271408
 271493
 271518
 271604
 271897
 272005
 272035
 272057
 272086
 272176
 272216
 272226
 272403
 272661
 272882
 272892
 272946
 273124
 273189
 273203
 273246
 273277
 273367
 273394
 273571
 273598
 273652
 273862
 273929
 274099
 274101
 274274
 274377
 274598
 274642
 274677
 274725
 274747
 274892
 274944
 274985
 275156
 275298
 275460
 275496
 275591
 275852
 275934
 275973
 275988
 276048
 276086
 276252
 276291
 276363
 276560
 276577
 277053
 277243
 277328
 277407
 277556
 277559
 277640
 277697
 277731
 277741
 277795
 277813
 278106
 278243
 278352
 278481
 278490
 278657
 278676
 278779
 278936
 279129
 279154
 279224
 279260
 279297
 279412
 279418
 279635
 279818
 279829
 279987
 279999
 280269
 280309
 280314
 280452
 280487
 280690
 280735
 280775
 280778
 281168
 281437
 281500
 281587
 281656
 281736
 281787
 281807
 282019
 282504
 282508
 282519
 282546
 282548
 282669
 282680
 282835
 282843
 282853
 282860
 282892
 283305
 283318
 283378
 283436
 283611
 283625
 283911
 284111
 284135
 284140
 284284
 284408
 284706
 284732
 284802
 284938
 284996
 285330
 285365
 285397
 285514
 285528
 285570
 285654
 285714
 285939
 286096
 286107
 286288
 286404
 286425
 286788
 286878
 286944
 287020
 287320
 287352
 287396
 287506
 287566
 287642
 287810
 287820
 288073
 288078
 288153
 288250
 288458
 288601
 288777
 288821
 288840
 289062
 289299
 289422
 289519
 289531
 289632
 289701
 289735
 289761
 289797
 289876
 289940
 289945
 290041
 290284
 290322
 290379
 290631
 290723
 290793
 290835
 290902
 290917
 291001
 291014
 291126
 291224
 291398
 291596
 291687
 291699
 291782
 291904
 291980
 292024
 292058
 292118
 292132
 292259
 292312
 292429
 292598
 292599
 292836
 292837
 292993
 293045
 293107
 293112
 293155
 293577
 293712
 293966
 294003
 294033
 294223
 294280
 294345
 294448
 294476
 294506
 294510
 294592
 294736
 294768
 294915
 295087
 295142
 295169
 295230
 295302
 295393
 295663
 295787
 296005
 296061
 296230
 296320
 296427
 296458
 296506
 296534
 296564
 296991
 297012
 297081
 297239
 297261
 297274
 297363
 297399
 297432
 297521
 297621
 297755
 297872
 297877
 298031
 298185
 298233
 298331
 298439
 298695
 298722
 298734
 298824
 299119
 299260
 299307
 299353
 299520
 299725
 299741
 299742
 299931
 299973
 300000
 300119
 300232
 300246
 300248
 300265
 300279
 300347
 300402
 300494
 300711
 300771
 300912
 300938
 301199
 301226
 301327
 301906
 302045
 302088
 302248
 302396
 302433
 302459
 302535
 302590
 302818
 302952
 302995
 303082
 303308
 303348
 303441
 303562
 303681
 303703
 303719
 303930
 303942
 303953
 304243
 304427
 304430
 304439
 304585
 304635
 304645
 304885
 305032
 305111
 305193
 305240
 305248
 305283
 305315
 305427
 305912
 306134
 306226
 306278
 306314
 306357
 306382
 306427
 306530
 306592
 306670
 307221
 307319
 307386
 307439
 307469
 307537
 307663
 307964
 308006
 308118
 308259
 308442
 308608
 308641
 308736
 308774
 308786
 308811
 308851
 308983
 309110
 309278
 309358
 309612
 309613
 309642
 309643
 309684
 309859
 310086
 310289
 310296
 310548
 310625
 310709
 310919
 310958
 311091
 311123
 311178
 311310
 311417
 311571
 311685
 311954
 312022
 312048
 312095
 312146
 312147
 312206
 312478
 312545
 312579
 312623
 312633
 312698
 312907
 312930
 312939
 312984
 313043
 313308
 313672
 313711
 313811
 314024
 314083
 314115
 314121
 314134
 314137
 314285
 314368
 314399
 314442
 314477
 314482
 314940
 315100
 315205
 315313
 315319
 315460
 315669
 315859
 315931
 315942
 315998
 316064
 316171
 316248
 316320
 316367
 316405
 316426
 316460
 316567
 316646
 316781
 316795
 316829
 317002
 317054
 317073
 317131
 317154
 317177
 317222
 317284
 317291
 317371
 317456
 317460
 317621
 317761
 317791
 317857
 317925
 317933
 317953
 318071
 318140
 318156
 318232
 318258
 318279
 318373
 318404
 318471
 318607
 318685
 318739
 318788
 318947
 319148
 319194
 319276
 319391
 319399
 319439
 319503
 319516
 319750
 319769
 319917
 320099
 320596
 320627
 320868
 320995
 321084
 321112
 321160
 321218
 321479
 321515
 321739
 321771
 322201
 322428
 322474
 322696
 322816
 322966
 323003
 323018
 323149
 323319
 323452
 323506
 323575
 323709
 323809
 323887
 324180
 324184
 324324
 324427
 324468
 324483
 324557
 324599
 324615
 324618
 324769
 325121
 325133
 325191
 325192
 325247
 325388
 325421
 325531
 325642
 325702
 325733
 325862
 325884
 325937
 326195
 326207
 326791
 326802
 327237
 327582
 327974
 328016
 328082
 328269
 328328
 328330
 328348
 328565
 328574
 328646
 328778
 328809
 328913
 328921
 328937
 329186
 329202
 329590
 329824
 329855
 330022
 330042
 330052
 330155
 330247
 330286
 330540
 330596
 330708
 330784
 330853
 330866
 330890
 330935
 331074
 331082
 331114
 331134
 331206
 331314
 331919
 331995
 332051
 332076
 332081
 332094
 332296
 332403
 332466
 332472
 332555
 332766
 332774
 332889
 333004
 333008
 333035
 333055
 333134
 333135
 333193
 333333
 333368
 333420
 333575
 333664
 333717
 334085
 334165
 334236
 334297
 334321
 334489
 334786
 334951
 334966
 334996
 335076
 335229
 335279
 335303
 335403
 335460
 335588
 335745
 335754
 335878
 335933
 335947
 335956
 336341
 336391
 336541
 336569
 336584
 336768
 336842
 336914
 336950
 336980
 337160
 337161
 337222
 337247
 337505
 337573
 337584
 337780
 338102
 338154
 338199
 338222
 338269
 338372
 338522
 338542
 338544
 338582
 338862
 338864
 339361
 339463
 339473
 339647
 339961
 339991
 340000
 340170
 340257
 340314
 340882
 341200
 341320
 341559
 341662
 341685
 341704
 341742
 341767
 341932
 341993
 342127
 342245
 342268
 342298
 342406
 342412
 342783
 342885
 342936
 342982
 343023
 343056
 343065
 343079
 343090
 343357
 343537
 343545
 343639
 343733
 343990
 344062
 344070
 344226
 344353
 344723
 344755
 344794
 344930
 345151
 345305
 345307
 345365
 345459
 345528
 345597
 345655
 345769
 345819
 346008
 346107
 346211
 346253
 346338
 346356
 346384
 346404
 346707
 346770
 346774
 346801
 346853
 346993
 347120
 347251
 347315
 347417
 347525
 347554
 347788
 348118
 348145
 348166
 348239
 348333
 348440
 348715
 348751
 348767
 348837
 348860
 349065
 349134
 349230
 349238
 349371
 349469
 349470
 349509
 349890
 350121
 350156
 350161
 350355
 350363
 350857
 350932
 351053
 351072
 351075
 351154
 351259
 351269
 351297
 351408
 351788
 351814
 351820
 351840
 351878
 351958
 351961
 352120
 352392
 352483
 352489
 352498
 352888
 352941
 352965
 353177
 353463
 353538
 353801
 353846
 354216
 354252
 354261
 354284
 354477
 354482
 354492
 354497
 354509
 354531
 354571
 354958
 354975
 354997
 355020
 355057
 355140
 355405
 355425
 355480
 355516
 355528
 355615
 355681
 355778
 355864
 355915
 355923
 355964
 355967
 355968
 356030
 356327
 356333
 356449
 356454
 356560
 356679
 356788
 356827
 356898
 356910
 356940
 357029
 357064
 357384
 357468
 357688
 357779
 357941
 358037
 358053
 358192
 358621
 358730
 358863
 358943
 359004
 359044
 359167
 359205
 359376
 359393
 359449
 359456
 359615
 359685
 359861
 359935
 360000
 360045
 360142
 360185
 360288
 360445
 360471
 360696
 360705
 360710
 360812
 361171
 361313
 361337
 361370
 361445
 361559
 361561
 361607
 361649
 361814
 361874
 361911
 361970
 362053
 362204
 362218
 362235
 362358
 362381
 362890
 362993
 363034
 363276
 363372
 363388
 363494
 363515
 363543
 363636
 363986
 364011
 364108
 364197
 364250
 364280
 364296
 364465
 364595
 364690
 364705
 365019
 365321
 365391
 365499
 365516
 365657
 365712
 365738
 365862
 365971
 365998
 366040
 366057
 366129
 366157
 366186
 366189
 366262
 366562
 366656
 367101
 367292
 367341
 367346
 367549
 367682
 367765
 368040
 368134
 368189
 368280
 368365
 368524
 368532
 368552
 368580
 368582
 368635
 368781
 368858
 369020
 369049
 369127
 369490
 369516
 369538
 369573
 369602
 369683
 369746
 369794
 369844
 370015
 370050
 370165
 370408
 370527
 370548
 370700
 370701
 370869
 371000
 371083
 371161
 371346
 371669
 371725
 372053
 372250
 372294
 372514
 372602
 372623
 372762
 372771
 372781
 372795
 372817
 372855
 372871
 373134
 373139
 373158
 373216
 373281
 373498
 373626
 373722
 373807
 373868
 374065
 374071
 374158
 374223
 374355
 374610
 374813
 374884
 375278
 375699
 375731
 375916
 376013
 376041
 376116
 376199
 376344
 376355
 376414
 376552
 376769
 376796
 376854
 376933
 376994
 377182
 377192
 377233
 377358
 377470
 377584
 377697
 377700
 377805
 377912
 377996
 378007
 378263
 378345
 378473
 378517
 378644
 378695
 378948
 378986
 379005
 379091
 379120
 379169
 379194
 379227
 379335
 379342
 379456
 379462
 379687
 379694
 379767
 379814
 380068
 380145
 380257
 380334
 380470
 380481
 380512
 380562
 380866
 380914
 380916
 381186
 381551
 381578
 381678
 381936
 382018
 382230
 382239
 382463
 382775
 382902
 383052
 383091
 383165
 383177
 383293
 383331
 383372
 383406
 383446
 383586
 383656
 383695
 383760
 384061
 384279
 384355
 384404
 384479
 384775
 384833
 384860
 384875
 384999
 385026
 385086
 385144
 385162
 385171
 385284
 385397
 385639
 385735
 385765
 385873
 385878
 386090
 386103
 386296
 386332
 386617
 386666
 386861
 386906
 387278
 387615
 387808
 387981
 388166
 388190
 388446
 388535
 388579
 388634
 388735
 388747
 388794
 389065
 389081
 389107
 389117
 389312
 389322
 389348
 389618
 389645
 389654
 389731
 389746
 389759
 389777
 389993
 390065
 390158
 390176
 390305
 390344
 390398
 390441
 390544
 390601
 390891
 390977
 390987
 391130
 391223
 391229
 391322
 391478
 391480
 391912
 391952
 392001
 392022
 392052
 392323
 392375
 392505
 392629
 392814
 393018
 393063
 393066
 393183
 393231
 393295
 393312
 393323
 393364
 393384
 393562
 393639
 393677
 393857
 393939
 393952
 393990
 394154
 394162
 394191
 394285
 394326
 394636
 394956
 394967
 395014
 395121
 395178
 395209
 395385
 395706
 395736
 395746
 395796
 395833
 395925
 395982
 396039
 396169
 396501
 396527
 396657
 396707
 396721
 396827
 396907
 397037
 397159
 397298
 397510
 397735
 397863
 397917
 398362
 398555
 398821
 398904
 399317
 399499
 399925
 399999
 400000
 400091
 400117
 400121
 400143
 400146
 400292
 400324
 400338
 400421
 400572
 400647
 400668
 400752
 400925
 400932
 400955
 400957
 401205
 401260
 401432
 401655
 401782
 401792
 401809
 402229
 402301
 402409
 402684
 402749
 403137
 403155
 403159
 403497
 403521
 403531
 403576
 403607
 403716
 403747
 403809
 403996
 404061
 404065
 404075
 404118
 404157
 404168
 404524
 404627
 404676
 404839
 404989
 404994
 405034
 405210
 405395
 405422
 405539
 405660
 405680
 405779
 405959
 406008
 406044
 406233
 406344
 406355
 406368
 406384
 406528
 406595
 406714
 406722
 406810
 406824
 406835
 406999
 407209
 407361
 407362
 407387
 407512
 407552
 408132
 408182
 408218
 408383
 408480
 408538
 408664
 408772
 408773
 408790
 408805
 408857
 408948
 409039
 409131
 409163
 409166
 409215
 409483
 409640
 409675
 409739
 409818
 409873
 410169
 410284
 410351
 410362
 410370
 410557
 410566
 410762
 410883
 410944
 411000
 411021
 411093
 411167
 411172
 411259
 411276
 411417
 411461
 411589
 411709
 411910
 411920
 412005
 412013
 412024
 412232
 412444
 412687
 412772
 412905
 412906
 412956
 413000
 413219
 413390
 413506
 413629
 413633
 413656
 413707
 413793
 413858
 413902
 413937
 413972
 413984
 414012
 414023
 414128
 414235
 414282
 414455
 414531
 414593
 414924
 415068
 415109
 415349
 415510
 415544
 415692
 415721
 415772
 415818
 415993
 416085
 416373
 416455
 416527
 416628
 416656
 416727
 416880
 417060
 417400
 417480
 417483
 417661
 417670
 418040
 418115
 418132
 418284
 418300
 418318
 418327
 418570
 418575
 418751
 418793
 418794
 418829
 419054
 419263
 419341
 419567
 419672
 419832
 419834
 419872
 419918
 419941
 420053
 420064
 420103
 420470
 420779
 420987
 421040
 421157
 421174
 421176
 421265
 421310
 421312
 421313
 421548
 421555
 421695
 421857
 421897
 421989
 422008
 422051
 422152
 422205
 422222
 422362
 422617
 422670
 422730
 422775
 422984
 423091
 423167
 423189
 423370
 423427
 423856
 423867
 423909
 423933
 423938
 424150
 424242
 424329
 424472
 424618
 424657
 424737
 424778
 424833
 424999
 425033
 425048
 425203
 425316
 425404
 425405
 425472
 425645
 425742
 425793
 425810
 425876
 426346
 426590
 426642
 426702
 426758
 426845
 426994
 426998
 427094
 427273
 427280
 427367
 427433
 427549
 427792
 427820
 427860
 427909
 428314
 428353
 428383
 428571
 428630
 428733
 428750
 428766
 428774
 428884
 428966
 428996
 429148
 429340
 429525
 429654
 429668
 429810
 429891
 429925
 429961
 429973
 430271
 430316
 430338
 430373
 430404
 430800
 431153
 431266
 431337
 431458
 431648
 431659
 431699
 431747
 431784
 431820
 431848
 432044
 432173
 432197
 432301
 432599
 432746
 432847
 432983
 433017
 433088
 433451
 433519
 433792
 433799
 433962
 434061
 434177
 434328
 434354
 434408
 434494
 434496
 434753
 434867
 434963
 435072
 435220
 435391
 435397
 435452
 435473
 435504
 435664
 435669
 435691
 435831
 436037
 436038
 436057
 436147
 436173
 436268
 436315
 436317
 436357
 436363
 436922
 436932
 436997
 437307
 437408
 437561
 437632
 437902
 437919
 438178
 438249
 438337
 438342
 438512
 438608
 438619
 438620
 438624
 438750
 438838
 438917
 438932
 439005
 439006
 439114
 439175
 439413
 439425
 439541
 440056
 440269
 440750
 440767
 441056
 441065
 441372
 441406
 441478
 441640
 441711
 441822
 442031
 442126
 442189
 442315
 442340
 442428
 442642
 443149
 443243
 443254
 443370
 443379
 443420
 443508
 443607
 443643
 443661
 443712
 443752
 443765
 443768
 443850
 443938
 444179
 444253
 444276
 444347
 444419
 444444
 444505
 444580
 444658
 444986
 445009
 445070
 445105
 445108
 445279
 445444
 445454
 445502
 445519
 445620
 445658
 445728
 445843
 445854
 445871
 445980
 445986
 445993
 446151
 446169
 446229
 446301
 446342
 446546
 446697
 446718
 446922
 447007
 447017
 447073
 447086
 447124
 447205
 447336
 447421
 447481
 447513
 447831
 447878
 447963
 447982
 448026
 448132
 448143
 448275
 448402
 448473
 448484
 448559
 448581
 448784
 448815
 449101
 449144
 449153
 449191
 449222
 449278
 449387
 449396
 449595
 449704
 449914
 449961
 449996
 450040
 450064
 450083
 450222
 450253
 450266
 450363
 450367
 450401
 450414
 450511
 450704
 450752
 450754
 450819
 451238
 451570
 451645
 451674
 451681
 451748
 451767
 451792
 451826
 452051
 452079
 452129
 452205
 452350
 452380
 452436
 452532
 452560
 452569
 452643
 452657
 452689
 452725
 452867
 452955
 453254
 453333
 453437
 453612
 453699
 453751
 453775
 453782
 453865
 454066
 454112
 454140
 454216
 454302
 454336
 454395
 454466
 454545
 454597
 454806
 454901
 454946
 455085
 455470
 455551
 455621
 455691
 455711
 455740
 455805
 455851
 455887
 455937
 456456
 456713
 456813
 456864
 456887
 456896
 457060
 457211
 457212
 457270
 457479
 457519
 457525
 457807
 457952
 457953
 457996
 458080
 458148
 458149
 458156
 458263
 458318
 458373
 458449
 458604
 458670
 458840
 458932
 459095
 459107
 459283
 459515
 459525
 459691
 459817
 460047
 460086
 460088
 460317
 460390
 460561
 460574
 460622
 460640
 460805
 460815
 460938
 461019
 461348
 461538
 462240
 462272
 462320
 462511
 462571
 462623
 462809
 462994
 463040
 463101
 463301
 463383
 463436
 463583
 463625
 463725
 463768
 463806
 463877
 463896
 463946
 463961
 463976
 463989
 464091
 464168
 464233
 464237
 464251
 464313
 464407
 464425
 464520
 464538
 464547
 464712
 464734
 464739
 464747
 464806
 464932
 464982
 465077
 465087
 465101
 465103
 465474
 465484
 465753
 465847
 465925
 466050
 466051
 466103
 466209
 466334
 466431
 466433
 466453
 466515
 466617
 466666
 466684
 467005
 467114
 467120
 467371
 467498
 467592
 467603
 467885
 468088
 468105
 468140
 468396
 468441
 468497
 468522
 468616
 468623
 468743
 468784
 468964
 469026
 469175
 469188
 469334
 469443
 469458
 469571
 469652
 469828
 469830
 469852
 469863
 470100
 470119
 470165
 470252
 470320
 470395
 470401
 470696
 470723
 470854
 471022
 471038
 471059
 471180
 471544
 471620
 471626
 471632
 471661
 471664
 471887
 472123
 472315
 472402
 472411
 472527
 472636
 472657
 472727
 472848
 472933
 473069
 473289
 473481
 473499
 473605
 473696
 473815
 473901
 474200
 474584
 474898
 475301
 475328
 475434
 475447
 475709
 475747
 475763
 475773
 475794
 475823
 475843
 475902
 475955
 475968
 476059
 476157
 476175
 476190
 476243
 476313
 476407
 476510
 476623
 476624
 476692
 476830
 477083
 477321
 477322
 477341
 477348
 477473
 477484
 477527
 477748
 477845
 477975
 478123
 478208
 478238
 478298
 478550
 478709
 478793
 478864
 478934
 478945
 479029
 479080
 479145
 479307
 479321
 479338
 479348
 479376
 479440
 479552
 479688
 479799
 479805
 479861
 479948
 480242
 480267
 480285
 480370
 480504
 480512
 480523
 480652
 480824
 480915
 481192
 481209
 481444
 481454
 481524
 481820
 481998
 482171
 482215
 482221
 482319
 482535
 482959
 483451
 483587
 483781
 483999
 484114
 484131
 484216
 484221
 484277
 484291
 484433
 484586
 484593
 484721
 484768
 484811
 484984
 485008
 485061
 485078
 485096
 485115
 485125
 485145
 485207
 485225
 485390
 485466
 485685
 485714
 485897
 485924
 486021
 486114
 486143
 486178
 486206
 486516
 486528
 486655
 486737
 486852
 486901
 486917
 486988
 487119
 487258
 487325
 487390
 487440
 487465
 488035
 488049
 488190
 488222
 488233
 488271
 488349
 488356
 488457
 488545
 488602
 488705
 488998
 489095
 489135
 489172
 489410
 489479
 489525
 489539
 489625
 489686
 489855
 489968
 490021
 490153
 490197
 490227
 490302
 490343
 490391
 490456
 490680
 490885
 490984
 490992
 491066
 491081
 491105
 491279
 491395
 491467
 491493
 491495
 491548
 491573
 491675
 491725
 491739
 491774
 491803
 491891
 492322
 492449
 492462
 492487
 492621
 493046
 493141
 493194
 493289
 493399
 493423
 493469
 493568
 493705
 493747
 493865
 493880
 493910
 494150
 494224
 494243
 494354
 494364
 494420
 494475
 494583
 494638
 494646
 494748
 494830
 494989
 495192
 495197
 495327
 495471
 495534
 496010
 496141
 496154
 496430
 496575
 496785
 496862
 496887
 497250
 497394
 497441
 497664
 497769
 497870
 497918
 497919
 497944
 498084
 498236
 498266
 498340
 498362
 498388
 498406
 498493
 498507
 498634
 498750
 498823
 498836
 498841
 498923
 498969
 499033
 499105
 499124
 499308
 499521
 499710
 499846
 499916
 500067
 500163
 500220
 500304
 500330
 500373
 500458
 500570
 500617
 500660
 500684
 500894
 501068
 501470
 501544
 501606
 501743
 501762
 501850
 501907
 501915
 502013
 502053
 502095
 502315
 502332
 502382
 502399
 502567
 502747
 503006
 503015
 503039
 503063
 503090
 503105
 503310
 503477
 503534
 503572
 503840
 503916
 503923
 503966
 504028
 504091
 504236
 504259
 504317
 504443
 504466
 504504
 504548
 504643
 504673
 504683
 504700
 504778
 504968
 505035
 505125
 505532
 505554
 505975
 505980
 505985
 506055
 506172
 506234
 506531
 506538
 506691
 506748
 506792
 506849
 506934
 506960
 507048
 507225
 507280
 507290
 507358
 507396
 507441
 507536
 507546
 507617
 507646
 507693
 507760
 507801
 507833
 507859
 507901
 507987
 508104
 508112
 508175
 508191
 508218
 508257
 508299
 508300
 508429
 508433
 508502
 508550
 508555
 508833
 508904
 509060
 509300
 509458
 509803
 509850
 509880
 509986
 510204
 510264
 510364
 510392
 510719
 510731
 510775
 510903
 510917
 511002
 511008
 511036
 511046
 511109
 511119
 511129
 511134
 511184
 511333
 511351
 511400
 511437
 511440
 511520
 511555
 511590
 511700
 512173
 512351
 512484
 512522
 512603
 512669
 512677
 512758
 512925
 512963
 513001
 513062
 513148
 513201
 513210
 513393
 513859
 513868
 514041
 514154
 514285
 514367
 514470
 514500
 514765
 514919
 514959
 514966
 515143
 515230
 515317
 515472
 515485
 515517
 515555
 515966
 516027
 516066
 516155
 516242
 516483
 516592
 516661
 516671
 516707
 516966
 517021
 517345
 517381
 517530
 517558
 517643
 517858
 518077
 518122
 518456
 518532
 518534
 518637
 518638
 518771
 518847
 519000
 519061
 519216
 519307
 519479
 519600
 519695
 519848
 519899
 519982
 520070
 520098
 520106
 520222
 520391
 520514
 520528
 520648
 520654
 520755
 520863
 520882
 521064
 521084
 521194
 521226
 521366
 521450
 521506
 521537
 521541
 521583
 521584
 521632
 521766
 521794
 521805
 521940
 521959
 522305
 522403
 522521
 522568
 522671
 522732
 522902
 522942
 523050
 523222
 523244
 523270
 523576
 523687
 523934
 524015
 524057
 524143
 524278
 524281
 524313
 524353
 524410
 524701
 525427
 525501
 525505
 525578
 525981
 526102
 526176
 526315
 526479
 526539
 526654
 526725
 526802
 526889
 527000
 527002
 527152
 527222
 527239
 527382
 527481
 527528
 527577
 527587
 527914
 528016
 528033
 528052
 528063
 528107
 528386
 528401
 528616
 528716
 528843
 528920
 528985
 529119
 529161
 529233
 529297
 529411
 529429
 529547
 529715
 529801
 529838
 529865
 529952
 529979
 530070
 530185
 530191
 530315
 530329
 530411
 530492
 530498
 530572
 530951
 531089
 531101
 531130
 531155
 531589
 531612
 531760
 531914
 531971
 532027
 532216
 532341
 532382
 532395
 532463
 532488
 532502
 532673
 532704
 532725
 532825
 532867
 533039
 533308
 533333
 533765
 533771
 533821
 533923
 534059
 534134
 534156
 534332
 534365
 534516
 534563
 534723
 534835
 534936
 535166
 535234
 535244
 535245
 535435
 535464
 535584
 535603
 535642
 535724
 535986
 536307
 536383
 536454
 536604
 536642
 536753
 536803
 537085
 537127
 537240
 537268
 537283
 537336
 537444
 537475
 537496
 537558
 537679
 537688
 537848
 537975
 538028
 538231
 538237
 538503
 538596
 538614
 538856
 539103
 539104
 539200
 539304
 539710
 539841
 539842
 540115
 540207
 540241
 540395
 540530
 540901
 540950
 541005
 541053
 541076
 541105
 541125
 541169
 541208
 541436
 541448
 541552
 541781
 541849
 542032
 542141
 542269
 542369
 542409
 542515
 542593
 542644
 542707
 542773
 542780
 542833
 543075
 543238
 543295
 543759
 543827
 543842
 544109
 544288
 544821
 544868
 544891
 544925
 545003
 545051
 545205
 545340
 545448
 545454
 545497
 545674
 545807
 545880
 545976
 546202
 546331
 546401
 546484
 546564
 546587
 546648
 547045
 547107
 547225
 547248
 547330
 547613
 547641
 547664
 547669
 547694
 547749
 547770
 547938
 547949
 548022
 548185
 548262
 548274
 548475
 548487
 548672
 548978
 549199
 549397
 549712
 549945
 550021
 550073
 550079
 550187
 550288
 550301
 550495
 550566
 550638
 550668
 550802
 550840
 550863
 550969
 550983
 551082
 551139
 551168
 551220
 551296
 551410
 551424
 551549
 551576
 551724
 551830
 551893
 551916
 551923
 552020
 552242
 552248
 552305
 552349
 552380
 552514
 552592
 552625
 552902
 552975
 552976
 552978
 553110
 553272
 553279
 553306
 553407
 553455
 553516
 553558
 553617
 553640
 553762
 553814
 553831
 553833
 553926
 553957
 554140
 554171
 554209
 554234
 554325
 554330
 554345
 554501
 554520
 554688
 554947
 554973
 555063
 555077
 555145
 555165
 555269
 555440
 555530
 555537
 555548
 555555
 555592
 555627
 555658
 555722
 555773
 556435
 556440
 556451
 556458
 556541
 556556
 556746
 556786
 556895
 557002
 557181
 557243
 557377
 557544
 557746
 557802
 557838
 557878
 557933
 557941
 558115
 558323
 558329
 558334
 558620
 558692
 559212
 559262
 559582
 559754
 559766
 559970
 560057
 560178
 560591
 560655
 560747
 560824
 560836
 560848
 560975
 561004
 561034
 561137
 561205
 561233
 561276
 561338
 561545
 561810
 561819
 561920
 561943
 562003
 562010
 562091
 562166
 562258
 562380
 562521
 562550
 562739
 562761
 562792
 562864
 562984
 563075
 563161
 563443
 563774
 563786
 563850
 563892
 564153
 564168
 564245
 564320
 564408
 564426
 564535
 564540
 564562
 564623
 564673
 564833
 564937
 564964
 565195
 565260
 565279
 565328
 565348
 565405
 565453
 565502
 565579
 565650
 565876
 566037
 566069
 566118
 566134
 566356
 566646
 567059
 567113
 567182
 567261
 567287
 567383
 567451
 567507
 567704
 568081
 568158
 568280
 568328
 568430
 568488
 568518
 568668
 568680
 568698
 568817
 568900
 568987
 569055
 569089
 569109
 569185
 569471
 569616
 569797
 569887
 570008
 570010
 570139
 570272
 570347
 570545
 570694
 570920
 570966
 571017
 571118
 571246
 571348
 571495
 571503
 571807
 571859
 572049
 572208
 572296
 572441
 572605
 572674
 572677
 572694
 572762
 573049
 573630
 573806
 573850
 574051
 574313
 574337
 574468
 574525
 574566
 574649
 574664
 574688
 574812
 574825
 574905
 575182
 575330
 575338
 575539
 575669
 575706
 575757
 575802
 575812
 575956
 575960
 576093
 576400
 576417
 576636
 576673
 576810
 577130
 577136
 577168
 577195
 577229
 577287
 577302
 577303
 577353
 577383
 577437
 577543
 577571
 577779
 577959
 578201
 578268
 578295
 578460
 578504
 578516
 578534
 578733
 578752
 578829
 578926
 578947
 579005
 579153
 579278
 579585
 579609
 579710
 579728
 580045
 580055
 580072
 580139
 580141
 580195
 580278
 580306
 580392
 580468
 580475
 580477
 580739
 580973
 581188
 581210
 581281
 581416
 581522
 581531
 581591
 581597
 581724
 581761
 581776
 581917
 582264
 582381
 582540
 582647
 582674
 582692
 582702
 582755
 582857
 582917
 583017
 583272
 583456
 583634
 583693
 583732
 584036
 584071
 584086
 584208
 584413
 584497
 584503
 584615
 584738
 584826
 584931
 585028
 585043
 585062
 585129
 585461
 585631
 585781
 585794
 585814
 585923
 585931
 585974
 586101
 586137
 586159
 586626
 586706
 586738
 586801
 586806
 587082
 587342
 587537
 587583
 587600
 587681
 587791
 587840
 587898
 587904
 588015
 588045
 588422
 588473
 588622
 588785
 588820
 588833
 588852
 588928
 589332
 589433
 589563
 589623
 589630
 589757
 590112
 590173
 590177
 590313
 590335
 590387
 590529
 590541
 590780
 591005
 591119
 591152
 591155
 591183
 591192
 591202
 591234
 591562
 591640
 591794
 591807
 591833
 592027
 592047
 592234
 592241
 592455
 592529
 592717
 592760
 592788
 592938
 592976
 593019
 593054
 593113
 593296
 593300
 593389
 593785
 593919
 594010
 594031
 594053
 594242
 594374
 594494
 594522
 594558
 594603
 594611
 594639
 594674
 594701
 594731
 594842
 594871
 595072
 595194
 595261
 595342
 595345
 595438
 595601
 595608
 595681
 595889
 595954
 595959
 596354
 596607
 596610
 596876
 596881
 596979
 597000
 597130
 597147
 597205
 597393
 597465
 597489
 597530
 597629
 597655
 597701
 597730
 597802
 597827
 598087
 598464
 598797
 598893
 598907
 599053
 599315
 599374
 599405
 599463
 599498
 599561
 599577
 599655
 599707
 599999
 600030
 600097
 600123
 600277
 600321
 600379
 600443
 600483
 600484
 600497
 600652
 600683
 600924
 600932
 600938
 600944
 601041
 601166
 601188
 601229
 601498
 601626
 601895
 601914
 601996
 602109
 602219
 602304
 602339
 602480
 602555
 602610
 602629
 602726
 602805
 602903
 603053
 603196
 603294
 603428
 603506
 603547
 603649
 603696
 603810
 603870
 603900
 604326
 604403
 604439
 604501
 604658
 604724
 604756
 604785
 604816
 604831
 604921
 604997
 605120
 605170
 605212
 605237
 605302
 605374
 605380
 605444
 605470
 605504
 605670
 605705
 606010
 606035
 606250
 606273
 606313
 606360
 606593
 606643
 606951
 607159
 607287
 607320
 607748
 607759
 607765
 607809
 607901
 607915
 607966
 608029
 608059
 608130
 608158
 608171
 608191
 608394
 608541
 608611
 608763
 608765
 608787
 608802
 608886
 608944
 608982
 609087
 609546
 609649
 609762
 610172
 610330
 610457
 610763
 610775
 610989
 611069
 611101
 611111
 611160
 611223
 611290
 611451
 611453
 611565
 611584
 611879
 611889
 611937
 611984
 611998
 612297
 612484
 612499
 612826
 612836
 613030
 613141
 613259
 613401
 613476
 613810
 613872
 614394
 614418
 614438
 614511
 614572
 614630
 614690
 614730
 614742
 614942
 614979
 615112
 615140
 615332
 615384
 615391
 615635
 615699
 615749
 615750
 615948
 616040
 616109
 616167
 616450
 616482
 616578
 616668
 616781
 616918
 616978
 617310
 617317
 617443
 617482
 617489
 617652
 617737
 617817
 617977
 618093
 618181
 618397
 618433
 618556
 618626
 618699
 618721
 618895
 618900
 618929
 619067
 619123
 619239
 619240
 619350
 619413
 619509
 619554
 619598
 619668
 619695
 619730
 619903
 620004
 620041
 620306
 620317
 620386
 620521
 620559
 620626
 620715
 620821
 620871
 621145
 621230
 621305
 621306
 621529
 621756
 622040
 622235
 622489
 622659
 622682
 622845
 622907
 623010
 623061
 623070
 623110
 623119
 623125
 623127
 623283
 623295
 623398
 623533
 623548
 623906
 623953
 624024
 624085
 624113
 624233
 624305
 624338
 624393
 624420
 624471
 624472
 624721
 624786
 624883
 625036
 625057
 625192
 625273
 625310
 625355
 625386
 625531
 625766
 625920
 625941
 626025
 626219
 626229
 626248
 626298
 626333
 626378
 626447
 626528
 626594
 626623
 626678
 626716
 626804
 627030
 627079
 627134
 627199
 627240
 627259
 627382
 627477
 627534
 627575
 627769
 627841
 627855
 628160
 628191
 628283
 628804
 628879
 629128
 629223
 629231
 629344
 629534
 629681
 629740
 629811
 630022
 630114
 630136
 630215
 630303
 630612
 630768
 630780
 630857
 630909
 631050
 631250
 631760
 631880
 632203
 632422
 632451
 632516
 632586
 632605
 632962
 633050
 633130
 633187
 633237
 633347
 633570
 633694
 633884
 633973
 634049
 634365
 634439
 634525
 634538
 634610
 634680
 634727
 634741
 634765
 634971
 634984
 635282
 635321
 635700
 635724
 635768
 635936
 635990
 636000
 636156
 636399
 636591
 636684
 636804
 636840
 637159
 637164
 637480
 637483
 637523
 637688
 637751
 637828
 637964
 637969
 637996
 638036
 638073
 638184
 638189
 638360
 638408
 638430
 638872
 638877
 638905
 639089
 639157
 639168
 639175
 639185
 639246
 639407
 639421
 639559
 639794
 639828
 639834
 639866
 639930
 640027
 640254
 640266
 640406
 640437
 640531
 640594
 640617
 640836
 640939
 641097
 641207
 641236
 641262
 641372
 641478
 641502
 641509
 641682
 641720
 641810
 641857
 641938
 642046
 642432
 642496
 642498
 642745
 642945
 643014
 643204
 643306
 643423
 643690
 643712
 643814
 643967
 644007
 644129
 644134
 644161
 644303
 644353
 644424
 644460
 644628
 644748
 644793
 644849
 644865
 644926
 645323
 645380
 645505
 645662
 645802
 646124
 646129
 646139
 646153
 646503
 646775
 646812
 646813
 646949
 647107
 647209
 647229
 647251
 647341
 647411
 647578
 647955
 648145
 648165
 648464
 648480
 648597
 648739
 648839
 649042
 649046
 649066
 649080
 649091
 649108
 649130
 649226
 649376
 649389
 649492
 649516
 649947
 649953
 650003
 650314
 650440
 650580
 650764
 650980
 650987
 650990
 650992
 651065
 651087
 651193
 651198
 651248
 651324
 652012
 652095
 652173
 652204
 652549
 652599
 652765
 652787
 652813
 652872
 653040
 653481
 653496
 653529
 653543
 653886
 653991
 654072
 654293
 654504
 654533
 654549
 654650
 654714
 654907
 654985
 654993
 655151
 655217
 655221
 655287
 655314
 655335
 655392
 655453
 655512
 655912
 655942
 655981
 656000
 656050
 656129
 656157
 656174
 656375
 656708
 656830
 656872
 656938
 657082
 657252
 657293
 657417
 657450
 657584
 657756
 657848
 657871
 657986
 658114
 658160
 658236
 658395
 658415
 658437
 658504
 658654
 658664
 658773
 658874
 658879
 658976
 658983
 659016
 659182
 659490
 659565
 659767
 659774
 659806
 659847
 659888
 660077
 660188
 660428
 660434
 660435
 660590
 660706
 660773
 660795
 660876
 660908
 660962
 661016
 661156
 661277
 661310
 661386
 661571
 661699
 661710
 661721
 661753
 661865
 661971
 662006
 662018
 662030
 662204
 662264
 662313
 662594
 662627
 662753
 662883
 662921
 662952
 663338
 663373
 663377
 663540
 663544
 663715
 663719
 663745
 663858
 664189
 664328
 664347
 664480
 664485
 664518
 664528
 664592
 664657
 664689
 664739
 664997
 665094
 665264
 665361
 665402
 665412
 665434
 665486
 665503
 665694
 665853
 665912
 665982
 666115
 666138
 666405
 666565
 666666
 666943
 667014
 667100
 667320
 667426
 667532
 667552
 667904
 668086
 668115
 668131
 668134
 668146
 668304
 668389
 668455
 668692
 668720
 668753
 668755
 668769
 668788
 668965
 669114
 669223
 669243
 669264
 669498
 669555
 669648
 669759
 669950
 669999
 670052
 670150
 670195
 670581
 670610
 670690
 670819
 670923
 670935
 671041
 671126
 671165
 671180
 671373
 671430
 671515
 671544
 671554
 671563
 671619
 671825
 671860
 672094
 672124
 672170
 672315
 672371
 672424
 672765
 673055
 673056
 673163
 673215
 673387
 673858
 673932
 673953
 674097
 674125
 674487
 674681
 674826
 674902
 675059
 675105
 675161
 675247
 675276
 675299
 675396
 675443
 675464
 675724
 675745
 675901
 676277
 676279
 676384
 676456
 676616
 676674
 676709
 676889
 677008
 677052
 677069
 677072
 677256
 677257
 677755
 677936
 677969
 677992
 678181
 678496
 678516
 678552
 678647
 678684
 678784
 679197
 679283
 679363
 679524
 679989
 679990
 680126
 680291
 680398
 680542
 680597
 680671
 680680
 680786
 680863
 680866
 680880
 680911
 680987
 681044
 681171
 681254
 681528
 681552
 681564
 681723
 681748
 681792
 681863
 682065
 682070
 682148
 682163
 682240
 682397
 682570
 682847
 682860
 682866
 683168
 683261
 683360
 683377
 683618
 683624
 683760
 683864
 684095
 684150
 684245
 684272
 684587
 684602
 684734
 684782
 684867
 684906
 684948
 685175
 685286
 685771
 685932
 686200
 686269
 686330
 686664
 686680
 687019
 687026
 687303
 687318
 687378
 687500
 687601
 687822
 687871
 687910
 687950
 688100
 688271
 688393
 688435
 688809
 688822
 688865
 688977
 689030
 689141
 689161
 689207
 689318
 689360
 689497
 689541
 689628
 689655
 689833
 689848
 690014
 690122
 690542
 690686
 690887
 690981
 691009
 691102
 691145
 691216
 691308
 691329
 691343
 691556
 691594
 691692
 691911
 691942
 692007
 692079
 692222
 692255
 692307
 692354
 692385
 692393
 692462
 692485
 692730
 692734
 692763
 692836
 692875
 692913
 692946
 693447
 693543
 693834
 693854
 694001
 694197
 694269
 694295
 694408
 694479
 694532
 694656
 694988
 695094
 695121
 695135
 695206
 695207
 695214
 695447
 695485
 695537
 695589
 695623
 695765
 695808
 695845
 695871
 695959
 696050
 696257
 696319
 696540
 696629
 696716
 697018
 697183
 697208
 697297
 697412
 697819
 697837
 697874
 697963
 698076
 698086
 698189
 698244
 698309
 698552
 698649
 698721
 698824
 698890
 698910
 698927
 698960
 699008
 699253
 699281
 699408
 699965
 700052
 700103
 700126
 700387
 700457
 700478
 700510
 700642
 700702
 700809
 700941
 701348
 701411
 701624
 701631
 701651
 701689
 701723
 701725
 701886
 701926
 702122
 702157
 702282
 702329
 702379
 702458
 702661
 702833
 702983
 703051
 703105
 703172
 703477
 703488
 703549
 703643
 703659
 703772
 703844
 703877
 703880
 703994
 704043
 704139
 704217
 704301
 704306
 704307
 704427
 704622
 704649
 704721
 704906
 704935
 705075
 705372
 705409
 705483
 705597
 705651
 705803
 705858
 706064
 706074
 706092
 706109
 706279
 706374
 706429
 706472
 706540
 706788
 706864
 706934
 707103
 707112
 707142
 707164
 707351
 707379
 707400
 707499
 707531
 707580
 707618
 707639
 707805
 707905
 708118
 708206
 708316
 708330
 708333
 708428
 708463
 708479
 708487
 708497
 708505
 708584
 708591
 708641
 708656
 708816
 708860
 708870
 708912
 708984
 709215
 709228
 709377
 709388
 709585
 709740
 709764
 709892
 710059
 710316
 710337
 710389
 710582
 710656
 710678
 710723
 710762
 710940
 710956
 711109
 711194
 711323
 711499
 711521
 711659
 711729
 711853
 711893
 712050
 712230
 712241
 712273
 712328
 712432
 712456
 712464
 712550
 712564
 712617
 712686
 712819
 712838
 712963
 712972
 713153
 713182
 713330
 713339
 713446
 713606
 713609
 713620
 713710
 713790
 713809
 713810
 713995
 714121
 714250
 714285
 714398
 714595
 714752
 714874
 714876
 715099
 715192
 715461
 715511
 715532
 715674
 715710
 715745
 715904
 715968
 716041
 716174
 716187
 716221
 716298
 716427
 716619
 716622
 716674
 716921
 717013
 717173
 717201
 717293
 717314
 717337
 717399
 717414
 717457
 717478
 717771
 717802
 717902
 718162
 718217
 718238
 718246
 718334
 718399
 718412
 718443
 718507
 718600
 718750
 718824
 719141
 719160
 719166
 719248
 719360
 719367
 719369
 719382
 719444
 719707
 719805
 720042
 720080
 720081
 720266
 720271
 720634
 720712
 720771
 720814
 720930
 721045
 721062
 721117
 721187
 721257
 721394
 721396
 721408
 721596
 721654
 721678
 721777
 721785
 721868
 721943
 722048
 722244
 722528
 722551
 722708
 722830
 722854
 722858
 722869
 723194
 723662
 723806
 723830
 723924
 724048
 724102
 724355
 724406
 724413
 724437
 724503
 724703
 724744
 724890
 724921
 724946
 725080
 725085
 725143
 725409
 725547
 725632
 725660
 725754
 726166
 726434
 726462
 726561
 726736
 726822
 727041
 727051
 727192
 727301
 727779
 727961
 728009
 728094
 728271
 728395
 728406
 728450
 728462
 728580
 728622
 728698
 728740
 728800
 729009
 729085
 729314
 729360
 729387
 729421
 729500
 729693
 729963
 730047
 730074
 730195
 730253
 730279
 730519
 730583
 730711
 730819
 730856
 730896
 730976
 731127
 731426
 731429
 731480
 731652
 731785
 731875
 731914
 731961
 732125
 732178
 732220
 732236
 732329
 732537
 732545
 732620
 732739
 732740
 732899
 732926
 732951
 732977
 732992
 733310
 733343
 733404
 733448
 733520
 733815
 733826
 734082
 734105
 734260
 734314
 734403
 734524
 734648
 734668
 734694
 734993
 735207
 735429
 735433
 735587
 735650
 735665
 735682
 735859
 735862
 735888
 736000
 736196
 736228
 736300
 736395
 736426
 736518
 736526
 736630
 736666
 736725
 736734
 736842
 737015
 737034
 737113
 737161
 737171
 737172
 737208
 737236
 737254
 737556
 737576
 737719
 737733
 737864
 737884
 737893
 738054
 738058
 738095
 738229
 738299
 738373
 738509
 738696
 739293
 739388
 739563
 739629
 739638
 739640
 739670
 739682
 739710
 739723
 739829
 739987
 740037
 740189
 740478
 740486
 740793
 740827
 740985
 741027
 741061
 741093
 741107
 741112
 741379
 741391
 741520
 741558
 741567
 741634
 741692
 741764
 741821
 742133
 742138
 742184
 742203
 742257
 742367
 742477
 742580
 742620
 742707
 742717
 742943
 742974
 743119
 743244
 743306
 743364
 743476
 743583
 743748
 743923
 743947
 743971
 743992
 744287
 744303
 744323
 744353
 744425
 744954
 744970
 745062
 745137
 745178
 745329
 745529
 745643
 745655
 745925
 746077
 746139
 746184
 746192
 746320
 746492
 746645
 746698
 746766
 746799
 746872
 747027
 747184
 747227
 747247
 747317
 747330
 747353
 747381
 747385
 747391
 747421
 747487
 747519
 747588
 747660
 747663
 747742
 747787
 747800
 747939
 748046
 748283
 748394
 748513
 748734
 748764
 748844
 748994
 749111
 749122
 749138
 749269
 749739
 749887
 749956
 749975
 749981
 750000
 750017
 750051
 750087
 750206
 750207
 750243
 750410
 750599
 750902
 750966
 751152
 751273
 751312
 751353
 751762
 752028
 752101
 752218
 752479
 752544
 752589
 752730
 752731
 752740
 752805
 753162
 753429
 753723
 754021
 754022
 754039
 754054
 754143
 754356
 754416
 754609
 754634
 754766
 754817
 755027
 755038
 755112
 755134
 755166
 755190
 755375
 755621
 755638
 755658
 755799
 755880
 755985
 756224
 756481
 756620
 756707
 756923
 756936
 757116
 757302
 757327
 757358
 757372
 757413
 757493
 757575
 757630
 757652
 757691
 757763
 757812
 758013
 758075
 758102
 758164
 758218
 758241
 758433
 758595
 758620
 758715
 759061
 759069
 759089
 759115
 759135
 759277
 759308
 759485
 759878
 759962
 760015
 760035
 760135
 760176
 760598
 760717
 760718
 761026
 761028
 761183
 761397
 761467
 761483
 761534
 761684
 761721
 761816
 761867
 762278
 762336
 762400
 762732
 762886
 762955
 762966
 763157
 763193
 763278
 763383
 763430
 763478
 763619
 763716
 763735
 763865
 763987
 763995
 764015
 764227
 764468
 764581
 764595
 764647
 764683
 764705
 764850
 765199
 765217
 765310
 765324
 765329
 765363
 765463
 766032
 766041
 766126
 766189
 766289
 766307
 766345
 766467
 766495
 766635
 766996
 767065
 767123
 767202
 767698
 767775
 767899
 768014
 768046
 768216
 768456
 768590
 768656
 768742
 768850
 769097
 769280
 769759
 769794
 769802
 769834
 769901
 770021
 770040
 770218
 770400
 770499
 770634
 770695
 770706
 770749
 770854
 771047
 771089
 771142
 771351
 771511
 771551
 771631
 771806
 771812
 772012
 772130
 772169
 772344
 772359
 772472
 772580
 772737
 772810
 772821
 772997
 773144
 773497
 773586
 773633
 773686
 773769
 773789
 773831
 773879
 773963
 774155
 774159
 774246
 774248
 774260
 774294
 774607
 774779
 775456
 775518
 775578
 775779
 775862
 775885
 775950
 776059
 776243
 776307
 776515
 776645
 776730
 776740
 776779
 776805
 776815
 776834
 776864
 777008
 777043
 777081
 777179
 777303
 777308
 777320
 777385
 777406
 777453
 777520
 777616
 777645
 777652
 777867
 777978
 778177
 778431
 778469
 778586
 778595
 778661
 778673
 778678
 778679
 778781
 778819
 778826
 778906
 778947
 779116
 779158
 779196
 779425
 779456
 779579
 779645
 779706
 779764
 779789
 779836
 779876
 780044
 780187
 780275
 780346
 780473
 780509
 780556
 781221
 781230
 781575
 781942
 782018
 782025
 782075
 782244
 782319
 782436
 782444
 782601
 782791
 783026
 783098
 783247
 783587
 783601
 783712
 783969
 784022
 784172
 784364
 784470
 784507
 784663
 784701
 784778
 784779
 784786
 784821
 784841
 785028
 785103
 785405
 785456
 785567
 785596
 785711
 786234
 786529
 786595
 786730
 786736
 786795
 786829
 786867
 787177
 787255
 787303
 787401
 787422
 787709
 787781
 787921
 787981
 787989
 788292
 788336
 788480
 788661
 788764
 788769
 788958
 789139
 789173
 789236
 789270
 789286
 789578
 789700
 789732
 789943
 790038
 790092
 790123
 790157
 790303
 790328
 790708
 790731
 790940
 791131
 791461
 791510
 791521
 791549
 791793
 791821
 792013
 792097
 792157
 792285
 792366
 792498
 792738
 792874
 792906
 792909
 793017
 793031
 793437
 793480
 793625
 793660
 793786
 793796
 793805
 793935
 793974
 793998
 794152
 794179
 794204
 794295
 794323
 794337
 794357
 794457
 794495
 794677
 794758
 794763
 794795
 794859
 794912
 794918
 795023
 795035
 795095
 795110
 795309
 795818
 795916
 795918
 795992
 796011
 796034
 796279
 796293
 796504
 796575
 796606
 796705
 796747
 796937
 797044
 797303
 797311
 797369
 797460
 797505
 797683
 797887
 798084
 798101
 798148
 798175
 798220
 798357
 798401
 798404
 798442
 798516
 798571
 799330
 799376
 799529
 799549
 799999
 800170
 800225
 800263
 800318
 800535
 800615
 800730
 800781
 800785
 800799
 800813
 800845
 801135
 801249
 801273
 801295
 801315
 801493
 801526
 801567
 801605
 801621
 801702
 801836
 801973
 802135
 802245
 802374
 802675
 802707
 803343
 803460
 803490
 803666
 803691
 803861
 804201
 804299
 804381
 804568
 804583
 804827
 804886
 804905
 805115
 805175
 805237
 805405
 805517
 805676
 805712
 805744
 805765
 806142
 806199
 806321
 806342
 806361
 806430
 806534
 806664
 806720
 806780
 806890
 807060
 807297
 807393
 807666
 807826
 808033
 808116
 808221
 808350
 808465
 808680
 808777
 809101
 809114
 809260
 809273
 809429
 809523
 809671
 809735
 809812
 809829
 809967
 810031
 810111
 810232
 810482
 810596
 810734
 810765
 810962
 811097
 811240
 811326
 811768
 811984
 812196
 812206
 812261
 812365
 812383
 812493
 812531
 812784
 812865
 812873
 812956
 813032
 813181
 813408
 813698
 813724
 813777
 813864
 814196
 814245
 814578
 814583
 814600
 814705
 814758
 814835
 815183
 815235
 815279
 815302
 815385
 815437
 815509
 815748
 815996
 816000
 816044
 816046
 816277
 816279
 816326
 816540
 816577
 816591
 816822
 817353
 817416
 817449
 817638
 817691
 817807
 817944
 818016
 818033
 818252
 818297
 818353
 818367
 818568
 818587
 818637
 818722
 818854
 818998
 819005
 819259
 819706
 819798
 819899
 820003
 820039
 820081
 820091
 820167
 820190
 820415
 820468
 820607
 820862
 821187
 821270
 821295
 821314
 821576
 821627
 821826
 821893
 821908
 821940
 821943
 822374
 822503
 822516
 822607
 822632
 822697
 822730
 822846
 822856
 822962
 822966
 823087
 823277
 823285
 823312
 823343
 823434
 823477
 823529
 823608
 823747
 823762
 823913
 824029
 824043
 824175
 824246
 824249
 824396
 824478
 824489
 824562
 824834
 824845
 824881
 824897
 825047
 825321
 825386
 825396
 825409
 825419
 825464
 825564
 825637
 825688
 825727
 825823
 825856
 825976
 826086
 826397
 826453
 826529
 826737
 826821
 827053
 827093
 827160
 827188
 827275
 827375
 827567
 827611
 827628
 827881
 827960
 827967
 828029
 828263
 828393
 828466
 828658
 828673
 828801
 829150
 829188
 829272
 829286
 829577
 829596
 829643
 829686
 829872
 829956
 830083
 830550
 830663
 830688
 830741
 830758
 830879
 830938
 830970
 830985
 831061
 831188
 831238
 831292
 831328
 831433
 831460
 831462
 831688
 832120
 832209
 832676
 832854
 832900
 833006
 833139
 833154
 833333
 833350
 833368
 833465
 833877
 833993
 834039
 834084
 834124
 834212
 834316
 834460
 834507
 834526
 834667
 834717
 834808
 834840
 835106
 835114
 835164
 835171
 835189
 835250
 835300
 835329
 835554
 835627
 835660
 835688
 835773
 836289
 836301
 836324
 836326
 836373
 836427
 836442
 836461
 836643
 836684
 836740
 836979
 837107
 837212
 837471
 837563
 837664
 837665
 837718
 837746
 837801
 837976
 838150
 838167
 838253
 838328
 838383
 838479
 838487
 838615
 838950
 838954
 839061
 839260
 839463
 839613
 839755
 839886
 840022
 840125
 840273
 840538
 840546
 840572
 840642
 840857
 840878
 841055
 841163
 841219
 841425
 841490
 841628
 841771
 841808
 841876
 841915
 842057
 842068
 842094
 842095
 842105
 842438
 842534
 842545
 842590
 842733
 842977
 843023
 843165
 843172
 843174
 843199
 843218
 843236
 843356
 843357
 843450
 843477
 843620
 843699
 843748
 843813
 843818
 843828
 843847
 844006
 844264
 844286
 844328
 844380
 844694
 844740
 844884
 844920
 845005
 845063
 845091
 845240
 845283
 845588
 845590
 845592
 845651
 845848
 845885
 845901
 846050
 846094
 846119
 846132
 846578
 846583
 846689
 846715
 846728
 846744
 846930
 846961
 847116
 847207
 847290
 847319
 847509
 847706
 847755
 847822
 847893
 847926
 848009
 848291
 848317
 848330
 848484
 848841
 848960
 849169
 849297
 849339
 849367
 849467
 849602
 849639
 849902
 849914
 849937
 850078
 850208
 850275
 850279
 850511
 850728
 851035
 851183
 851271
 851344
 851414
 851424
 851456
 851465
 851612
 851615
 851851
 851974
 852298
 852448
 852595
 852654
 852821
 852933
 852945
 853111
 853180
 853244
 853295
 853326
 853377
 853418
 853573
 854189
 854219
 854259
 854276
 854289
 854432
 854765
 854959
 855000
 855010
 855108
 855205
 855460
 855561
 855579
 855785
 855844
 855853
 855855
 855983
 856036
 856095
 856695
 856698
 856776
 856821
 856870
 856875
 856979
 857097
 857142
 857386
 857647
 857742
 857772
 858059
 858066
 858097
 858244
 858323
 858447
 858607
 858734
 858854
 858943
 858973
 858994
 859121
 859162
 859387
 859400
 859590
 859598
 859863
 859917
 860192
 860313
 860377
 860465
 860501
 860869
 860871
 861189
 861313
 861355
 861390
 861495
 861556
 861573
 861593
 861608
 861611
 861727
 861744
 861813
 861923
 861937
 861952
 861990
 862009
 862061
 862113
 862257
 862302
 862344
 862366
 862451
 862501
 862813
 862923
 862928
 863063
 863291
 863793
 863822
 864010
 864039
 864197
 864334
 864535
 864578
 864787
 864896
 865033
 865086
 865126
 865195
 865234
 865320
 865710
 865724
 865798
 866089
 866156
 866293
 866492
 866523
 866529
 866677
 866680
 866767
 866970
 866985
 866991
 867013
 867072
 867099
 867104
 867151
 867195
 867256
 867267
 867394
 867403
 867416
 867506
 867768
 867879
 867881
 868083
 868193
 868256
 868395
 868476
 868586
 868604
 868630
 868725
 868919
 868927
 868999
 869018
 869019
 869197
 869288
 869374
 869482
 869502
 869621
 869973
 869994
 870102
 870136
 870343
 870354
 870412
 870421
 870570
 870577
 870740
 870821
 870823
 870862
 871119
 871287
 871293
 871317
 871733
 871804
 871852
 872113
 872118
 872239
 872307
 872315
 872584
 872673
 872679
 872680
 872807
 872985
 873004
 873015
 873046
 873090
 873347
 873417
 873442
 873508
 873663
 873973
 874058
 874092
 874101
 874120
 874133
 874164
 874263
 874268
 874302
 874508
 874579
 874690
 874705
 874794
 874807
 875061
 875069
 875074
 875102
 875109
 875157
 875269
 875338
 875379
 875751
 875873
 875997
 876228
 876272
 876434
 876597
 876643
 876824
 876978
 877012
 877114
 877191
 877213
 877407
 877434
 877463
 877622
 877687
 877718
 877777
 877918
 877922
 878008
 878146
 878501
 878677
 878694
 878948
 879122
 879241
 879340
 879468
 879498
 879535
 879601
 879669
 879767
 879871
 879902
 879930
 879954
 879993
 879999
 880098
 880166
 880217
 880256
 880284
 880294
 880341
 880429
 880708
 880748
 880779
 880836
 881029
 881191
 881225
 881261
 881287
 881289
 881392
 881492
 881632
 881706
 881785
 881833
 882020
 882283
 882874
 882999
 883211
 883289
 883444
 883466
 883606
 883974
 884009
 884021
 884051
 884167
 884258
 884397
 884474
 884590
 884772
 884794
 884848
 884990
 885645
 885718
 885890
 886167
 886268
 886275
 886290
 886403
 886832
 886864
 886940
 887190
 887197
 887199
 887210
 887216
 887285
 887340
 887438
 887478
 887515
 887550
 887615
 887920
 887936
 887963
 888375
 888419
 888476
 888510
 888524
 888581
 888658
 888718
 888740
 888888
 888952
 889013
 889400
 889561
 889738
 889985
 890068
 890158
 890182
 890248
 890295
 890335
 890384
 890552
 890592
 891019
 891061
 891102
 891172
 891343
 891369
 891418
 891434
 891442
 891558
 892109
 892516
 892610
 892665
 892744
 892918
 892942
 893044
 893115
 893385
 893455
 893534
 893583
 893639
 893743
 893861
 893965
 894080
 894124
 894141
 894249
 894296
 894472
 894490
 894514
 894546
 894593
 894640
 894700
 894791
 895043
 895236
 895292
 895307
 895341
 895457
 895560
 895624
 895793
 895953
 896002
 896027
 896096
 896186
 896239
 896624
 896713
 896886
 896962
 897075
 897201
 897226
 897332
 897532
 897533
 897603
 897662
 897714
 897777
 897858
 898364
 898787
 898835
 898941
 899024
 899082
 899222
 899280
 899452
 899731
 899826
 899986
 900024
 900184
 900266
 900369
 900373
 900842
 900958
 900985
 901008
 901071
 901101
 901190
 901199
 901264
 901303
 901549
 901677
 901768
 901773
 901876
 901939
 902023
 902027
 902147
 902328
 902383
 902700
 902730
 902757
 902764
 902835
 902836
 902897
 902912
 902965
 903194
 903218
 903267
 903770
 903788
 903846
 903899
 904070
 904211
 904335
 904437
 904734
 904885
 904896
 905013
 905458
 905533
 905569
 905774
 905781
 905923
 906088
 906241
 906294
 906440
 906487
 906498
 906659
 906751
 906760
 906792
 906804
 907063
 907260
 907377
 907583
 907618
 907875
 908046
 908275
 908324
 908327
 908616
 908650
 908748
 908858
 909090
 909200
 909269
 909371
 909538
 909604
 909774
 909876
 910077
 910153
 910224
 910290
 910342
 910815
 910891
 910931
 911074
 911113
 911168
 911280
 911332
 911596
 911669
 911957
 911979
 912021
 912063
 912113
 912144
 912262
 912280
 912433
 912478
 912511
 912631
 912847
 913043
 913072
 913305
 913612
 913663
 913758
 913782
 913818
 914046
 914104
 914187
 914304
 914342
 914473
 914606
 914802
 914932
 914989
 915015
 915057
 915111
 915289
 915779
 915898
 915978
 916031
 916042
 916127
 916168
 916201
 916259
 916454
 916543
 916564
 916611
 916802
 916831
 916868
 916923
 916974
 917205
 917676
 917734
 917793
 917836
 917856
 917937
 918150
 918218
 918351
 918444
 918457
 918513
 918578
 918587
 918901
 918915
 918918
 918994
 919002
 919037
 919131
 919354
 919488
 919663
 919802
 919901
 920233
 920273
 920331
 920388
 920575
 920620
 920755
 920903
 920959
 921177
 921325
 921370
 921527
 921622
 921709
 921815
 922033
 922067
 922110
 922120
 922552
 922767
 922803
 922878
 923050
 923255
 923492
 923537
 923823
 923857
 923861
 923886
 923988
 924061
 924161
 924842
 924901
 924913
 925266
 925335
 925342
 925438
 925474
 925573
 925633
 925900
 925907
 926113
 926143
 926202
 926238
 926344
 926353
 926389
 926423
 926444
 926841
 926912
 926935
 927060
 927197
 927207
 927217
 927319
 927633
 927746
 928041
 928074
 928147
 928189
 928207
 928251
 928346
 928744
 928760
 929364
 929434
 929503
 929585
 929599
 929622
 929959
 930032
 930048
 930152
 930405
 930563
 930591
 930594
 930663
 930793
 930875
 930922
 931054
 931279
 931377
 931479
 931507
 931674
 931707
 931755
 931768
 931937
 931939
 931941
 931947
 931951
 932055
 932569
 932666
 932753
 932893
 933214
 933254
 933333
 933376
 933563
 933668
 933797
 933824
 933978
 934189
 934520
 934759
 934834
 934848
 934955
 935032
 935330
 935411
 935414
 935453
 935584
 935785
 935833
 935980
 936170
 936322
 936453
 936810
 936980
 937027
 937422
 937461
 937500
 937517
 937556
 937682
 937774
 937851
 937879
 938337
 938351
 938514
 938515
 938574
 938596
 938657
 938707
 938782
 938860
 939081
 939102
 939277
 939299
 939372
 939383
 939501
 939641
 939779
 939831
 939855
 939919
 939941
 940215
 940233
 940314
 940615
 940809
 940857
 940916
 940945
 940953
 941072
 941231
 941391
 941527
 941599
 942035
 942101
 942233
 942340
 942412
 942482
 942519
 942796
 942879
 942945
 942964
 943072
 943130
 943174
 943221
 943279
 943374
 943382
 943498
 943584
 943715
 943769
 943918
 944003
 944237
 944598
 944601
 944615
 944771
 944881
 944891
 945069
 945203
 945204
 945480
 945562
 945811
 946022
 946027
 946096
 946490
 946612
 946615
 946666
 946726
 947019
 947108
 947188
 947282
 947292
 947372
 947384
 947462
 947536
 947565
 947753
 947763
 947891
 948162
 948186
 948207
 948258
 948462
 948480
 948634
 948676
 948795
 948813
 948842
 948891
 949015
 949303
 949620
 949676
 949681
 949800
 949943
 950047
 950106
 950112
 950287
 950394
 950442
 950507
 950581
 950755
 950945
 951070
 951403
 951482
 951672
 951809
 951925
 952073
 952082
 952095
 952161
 952171
 952176
 952355
 952433
 952515
 952761
 952776
 952922
 953266
 953375
 953376
 953428
 953488
 953583
 953595
 953603
 953638
 953980
 954134
 954691
 954728
 954770
 954883
 954924
 954954
 955215
 955327
 955405
 955491
 955530
 955693
 955714
 956003
 956058
 956141
 956265
 956358
 956490
 956503
 956655
 956823
 956942
 956947
 956991
 957437
 957442
 957501
 957537
 957539
 957569
 957584
 957708
 957763
 957928
 957974
 958030
 958342
 958415
 958465
 958710
 958762
 958766
 959284
 959315
 959432
 959479
 959507
 959530
 959606
 959889
 959891
 959923
 959964
 959999
 960019
 960053
 960073
 960155
 960187
 960225
 960257
 960347
 960538
 960629
 960646
 960865
 961051
 961117
 961145
 961174
 961394
 961497
 961600
 961640
 961668
 961689
 961721
 961756
 961848
 961878
 962264
 962403
 962446
 962783
 962867
 962949
 963038
 963111
 963195
 963282
 963384
 963498
 963663
 963709
 963720
 963761
 963779
 963792
 963800
 963840
 963906
 964064
 964203
 964253
 964334
 964493
 964510
 964577
 964641
 964778
 964791
 964832
 965046
 965252
 965260
 965285
 965356
 965387
 965445
 965475
 965601
 965616
 965667
 965707
 966155
 966280
 966380
 966483
 966519
 966644
 966788
 966840
 966859
 966906
 966961
 966966
 966969
 967325
 967370
 967394
 967557
 967689
 967741
 967802
 967828
 967861
 968008
 968022
 968152
 968196
 968421
 968485
 968508
 968590
 968609
 968688
 968780
 968801
 969053
 969181
 969248
 969423
 969517
 969539
 969579
 969602
 969696
 969785
 969915
 969963
 970659
 970687
 970708
 970764
 970843
 970956
 971068
 971085
 971285
 971298
 971340
 971361
 971373
 971506
 971529
 971569
 971751
 971826
 971835
 972098
 972222
 972258
 972285
 972477
 972848
 972854
 973004
 973325
 973491
 973506
 973815
 973944
 973995
 974168
 974278
 974319
 974561
 974716
 974788
 974789
 974828
 974988
 975086
 975105
 975216
 975276
 975284
 975391
 975468
 975545
 975553
 975644
 975760
 976155
 976177
 976201
 976203
 976264
 976273
 976332
 976377
 976418
 976453
 976476
 976721
 976786
 976841
 976899
 976984
 976990
 977031
 977176
 977425
 977523
 977728
 977781
 978085
 978129
 978178
 978388
 978505
 978533
 978561
 978608
 978723
 978966
 979183
 979296
 979333
 979553
 979591
 979843
 979919
 979977
 980198
 980273
 980323
 980427
 980449
 980497
 980539
 980733
 980797
 980928
 980936
 981024
 981028
 981047
 981048
 981121
 981201
 981233
 981321
 981620
 981786
 981961
 981979
 982171
 982221
 982340
 982360
 982374
 982448
 982475
 982645
 982649
 982741
 982895
 982964
 982975
 983147
 983155
 983192
 983207
 983553
 983789
 983939
 984069
 984073
 984090
 984096
 984278
 984303
 984407
 984424
 984644
 984795
 984796
 984814
 984923
 985227
 985309
 985379
 985463
 985543
 985699
 985761
 985859
 985915
 986080
 986117
 986134
 986194
 986288
 986289
 986337
 986539
 986899
 986905
 987163
 987220
 987228
 987275
 987338
 987460
 987487
 987543
 987551
 987623
 987910
 988093
 988605
 988857
 988861
 988953
 989040
 989159
 989825
 989887
 990101
 990131
 990144
 990231
 990335
 990359
 990412
 990441
 990455
 990477
 990655
 990689
 990734
 990759
 991094
 991129
 991171
 991218
 991577
 991640
 991660
 991672
 991710
 991799
 991857
 992222
 992471
 992495
 992542
 992575
 992758
 992770
 992784
 992850
 992935
 993111
 993119
 993337
 993354
 993387
 993443
 993597
 993806
 994076
 994077
 994095
 994240
 994334
 994387
 994422
 994459
 994557
 994616
 994632
 994883
 995359
 995533
 995728
 995829
 995902
 995990
 995998
 996095
 996207
 996266
 996312
 996326
 996383
 996391
 996455
 996503
 996653
 997237
 997269
 997275
 997421
 997505
 997507
 997521
 997610
 997654
 997772
 997834
 997848
 997865
 997959
 998278
 998400
 998433
 998467
 998485
 998521
 998653
 998683
 998698
 998771
 998821
 998930
 998964
 999002
 999111
 999239
 999261
 999366
 999460
 999647
 999738
 999850
 