140
 155
 190
 202
 304
 384
 429
 450
 725
 864
 973
 1089
 1203
 1340
 1379
 1390
 1431
 1448
 1642
 1762
 1867
 2036
 2207
 2310
 2313
 2338
 2371
 2474
 2564
 2653
 2679
 2954
 3078
 3166
 3181
 3206
 3301
 3447
 3641
 3699
 3823
 3960
 4321
 4395
 4576
 4616
 4680
 4878
 5452
 5575
 5649
 5661
 5670
 5802
 5854
 5887
 5975
 6079
 6081
 6257
 6370
 6595
 6641
 6666
 6759
 6780
 7001
 7053
 7175
 7267
 7335
 7379
 7414
 7690
 7691
 7771
 7787
 7788
 7807
 7846
 7882
 8150
 8292
 8350
 8482
 8558
 8563
 8579
 8727
 8749
 9123
 9243
 9397
 9681
 9685
 9767
 9803
 9826
 9928
 9932
 9970
 10093
 10168
 10287
 10310
 10354
 10460
 10496
 10533
 10632
 10757
 10841
 10870
 10946
 11059
 11272
 11283
 11594
 11864
 11901
 11931
 12058
 12143
 12176
 12217
 12224
 12308
 12428
 12430
 12502
 12518
 12586
 12649
 12672
 12885
 12897
 12934
 13517
 13561
 13736
 13827
 14095
 14261
 14289
 14352
 14366
 14424
 14424
 14455
 14509
 14577
 14607
 14633
 14635
 14699
 14970
 15149
 15311
 15443
 15452
 15503
 15512
 15683
 16043
 16221
 16338
 16344
 16354
 16450
 16455
 16474
 16489
 16655
 16666
 16747
 16766
 16989
 17033
 17124
 17334
 17557
 17610
 17722
 17725
 17796
 17892
 17988
 18100
 18190
 18199
 18225
 18322
 18437
 18528
 18553
 18880
 18912
 19027
 19045
 19055
 19095
 19138
 19252
 19267
 19475
 19478
 19537
 19544
 19549
 19555
 19602
 19634
 19865
 19874
 19991
 20021
 20037
 20324
 20373
 20456
 20515
 20617
 20622
 21057
 21097
 21212
 21254
 21357
 21536
 21541
 21780
 21902
 22023
 22039
 22081
 22148
 22381
 22517
 22585
 22602
 22736
 23065
 23090
 23124
 23244
 23259
 23376
 23386
 23387
 23428
 23432
 23484
 23648
 23775
 24001
 24138
 24154
 24188
 24204
 24260
 24330
 24663
 24722
 24974
 25013
 25016
 25045
 25266
 25331
 25572
 25621
 25633
 25642
 25695
 25702
 25784
 25786
 25831
 26138
 26139
 26249
 26251
 26279
 26368
 26516
 26655
 27187
 27625
 27694
 27724
 27954
 28272
 28467
 28579
 28607
 28629
 28785
 28798
 28888
 28909
 28985
 29001
 29043
 29062
 29306
 29585
 29782
 29871
 29927
 29975
 30051
 30342
 30370
 30458
 30697
 30865
 30935
 30964
 30995
 31196
 31226
 31254
 31461
 31518
 31626
 31761
 32038
 32139
 32185
 32198
 32275
 32344
 32374
 32558
 32597
 32618
 32750
 32828
 33048
 33235
 33644
 33791
 33818
 33827
 33941
 34120
 34125
 34226
 34300
 34305
 34554
 34599
 34689
 34734
 34758
 34880
 34915
 34973
 35067
 35089
 35106
 35153
 35567
 35608
 35647
 35649
 35741
 36050
 36131
 36140
 36191
 36243
 36423
 36586
 36639
 36684
 36702
 37164
 37193
 37229
 37238
 37301
 37388
 37711
 37714
 37734
 37796
 37812
 38024
 38184
 38216
 38597
 38654
 38907
 39125
 39173
 39193
 39408
 39587
 39636
 39750
 39830
 39846
 40470
 40481
 40715
 40830
 40954
 40962
 41015
 41201
 41219
 41303
 41356
 41648
 41964
 42163
 42248
 42463
 42807
 42811
 42816
 42818
 42896
 43172
 43414
 43442
 43701
 43853
 43866
 44106
 44120
 44247
 44254
 44350
 44377
 44389
 44468
 44585
 44610
 44635
 44680
 44855
 44865
 44891
 44953
 44983
 45142
 45170
 45220
 45272
 45326
 45457
 45475
 45514
 45873
 46125
 46223
 46272
 46399
 46564
 46588
 46598
 46605
 46835
 46848
 46887
 47152
 47176
 47188
 47255
 47274
 47467
 47540
 47608
 47649
 47722
 47745
 47796
 47815
 47890
 47916
 48057
 48078
 48130
 48210
 48547
 48648
 48656
 48659
 48674
 48706
 48765
 49099
 49202
 49253
 49303
 49335
 49568
 49891
 