0
 0
 0
 0
 0
 0
 0
 0
 0
 0
 0
 0
 0
 394
 427
 469
 583
 677
 680
 873
 987
 1064
 1242
 1372
 1461
 1620
 1769
 1815
 1832
 1917
 1941
 2097
 2144
 2228
 2350
 2385
 2405
 2566
 2570
 2626
 2943
 2963
 3413
 3490
 3503
 3731
 4013
 4090
 4310
 4409
 4446
 4524
 4549
 4623
 4710
 4744
 4747
 5071
 5075
 5109
 5228
 5302
 5370
 5371
 5572
 5587
 5613
 5649
 5689
 5881
 5976
 6214
 6418
 6624
 6650
 6742
 6835
 6850
 6954
 6955
 7165
 7276
 7351
 7592
 7671
 8104
 8114
 8181
 8363
 8434
 8508
 8841
 8857
 8902
 8915
 8955
 9029
 9067
 9177
 9257
 9317
 9479
 9518
 9631
 9720
 9852
 10032
 10589
 10893
 11045
 11137
 11246
 11367
 11413
 11479
 11560
 11626
 11638
 11715
 11805
 11866
 11923
 12093
 12164
 12291
 12373
 12751
 12875
 13083
 13378
 13382
 13403
 13629
 13774
 13833
 13866
 13879
 13892
 13925
 13967
 14378
 14433
 14582
 14653
 14718
 14856
 14883
 14990
 15027
 15129
 15129
 15382
 15497
 15638
 15657
 15746
 15746
 15945
 15950
 15971
 15982
 16070
 16114
 16141
 16200
 16228
 16251
 16614
 16637
 16703
 16711
 16934
 16947
 17075
 17264
 17317
 17456
 17718
 17775
 17859
 17948
 18038
 18136
 18417
 18609
 18788
 18887
 19082
 19246
 19490
 19684
 19792
 19859
 19886
 20055
 20206
 20321
 20397
 20517
 20597
 20642
 20839
 20937
 21022
 21162
 21357
 21755
 21907
 22268
 22329
 22353
 22524
 22589
 22603
 22767
 23011
 23059
 23071
 23075
 23255
 23441
 23462
 23506
 23597
 23746
 23774
 23872
 23981
 24021
 24066
 24302
 24336
 24379
 24474
 24936
 24984
 24999
 25171
 25553
 25694
 25696
 26109
 26114
 26235
 26255
 26490
 26539
 26691
 26715
 26757
 26781
 26787
 26948
 27088
 27250
 27741
 27780
 27802
 27838
 27854
 27953
 27978
 28064
 28169
 28189
 28229
 28239
 28466
 28526
 28535
 28571
 28574
 28623
 28644
 28796
 28825
 28914
 28998
 29153
 29301
 29320
 29486
 29562
 29698
 29789
 29890
 30118
 30132
 30390
 30564
 30796
 31038
 31055
 31072
 31341
 31524
 31578
 31641
 31673
 31698
 31800
 31945
 31960
 32108
 32131
 32177
 32197
 32256
 32256
 32386
 32540
 32642
 32882
 32949
 33005
 33092
 33212
 33220
 33475
 33641
 33649
 33799
 33902
 33910
 34129
 34159
 34240
 34245
 34254
 34356
 34404
 34504
 34548
 34559
 34745
 34810
 34843
 34863
 34868
 34907
 34920
 34958
 35145
 35269
 35327
 35448
 35489
 35616
 35874
 35915
 35936
 36009
 36036
 36196
 36199
 36351
 36446
 36541
 36599
 36908
 37104
 37130
 37465
 37499
 37551
 37814
 38022
 38139
 38147
 38152
 38316
 38610
 38753
 38826
 38874
 38892
 39122
 39153
 39264
 39291
 39464
 39486
 39920
 39950
 39974
 40333
 40427
 40499
 40510
 40559
 40623
 40764
 40837
 40905
 40933
 41033
 41107
 41209
 41308
 41357
 41570
 41576
 41602
 41606
 41641
 41686
 41806
 41983
 42153
 42166
 42176
 42208
 42319
 42377
 42562
 42680
 42886
 43059
 43143
 43212
 43255
 43285
 43395
 43429
 43478
 43534
 43588
 43686
 43871
 43926
 43952
 44041
 44167
 44340
 44383
 44595
 44619
 44902
 44967
 44991
 45094
 45328
 45332
 45436
 45726
 46195
 46259
 46269
 46335
 46781
 46913
 46944
 46957
 46979
 46990
 47058
 47119
 47201
 47295
 47323
 47352
 47382
 47490
 47581
 47588
 47626
 47679
 47763
 47866
 48095
 48438
 48526
 48545
 48588
 48618
 48644
 48768
 48988
 49006
 49282
 49346
 49429
 49462
 49567
 49642
 49660
 49741
 49763
 49789
 49815
 49935
 49982
 50033
 50077
 50108
 50261
 50268
 50628
 50716
 50717
 50814
 50845
 51055
 51213
 51263
 51417
 51458
 51484
 51655
 52061
 52125
 52369
 52386
 52468
 52631
 52664
 52810
 52814
 52877
 53183
 53330
 53475
 53492
 53589
 53622
 53636
 53652
 53756
 53857
 53883
 53883
 53983
 54072
 54112
 54195
 54221
 54257
 54298
 54358
 54378
 54380
 54491
 54494
 54573
 55045
 55376
 55642
 55749
 55865
 55900
 56127
 56485
 56538
 56543
 56644
 56665
 56782
 56912
 57021
 57147
 57247
 57350
 57460
 57471
 57565
 57566
 57607
 57719
 57771
 57799
 57837
 57851
 58057
 58144
 58430
 58589
 58716
 58745
 58823
 58823
 59044
 59052
 59141
 59170
 59307
 59574
 59829
 59979
 60030
 60141
 60160
 60203
 60225
 60285
 60327
 60440
 60482
 60514
 60606
 60626
 60869
 60961
 61027
 61039
 61175
 61360
 61479
 61505
 61627
 61981
 62049
 62092
 62113
 62171
 62377
 62418
 62496
 62508
 62690
 62691
 62912
 63063
 63092
 63129
 63136
 63154
 63211
 63409
 63586
 63636
 63828
 63829
 63834
 63949
 64386
 64415
 64467
 64497
 64671
 64846
 65224
 65293
 65382
 65442
 65581
 65643
 65793
 65803
 65955
 66087
 66115
 66207
 66262
 66330
 66376
 66575
 66650
 66728
 66760
 66773
 66774
 67148
 67163
 67202
 67273
 67315
 67380
 67398
 67508
 67546
 67727
 67971
 68167
 68182
 68310
 68560
 68626
 68648
 68662
 68836
 68846
 68846
 68862
 68903
 69056
 69246
 69289
 69323
 69344
 69347
 69364
 69382
 69547
 69550
 69656
 69693
 69755
 69823
 69987
 70201
 70206
 70217
 70220
 70336
 70446
 70484
 70537
 70588
 70588
 70758
 70815
 71042
 71047
 71072
 71074
 71101
 71348
 71407
 71424
 71467
 71596
 71726
 71737
 71770
 71890
 72026
 72220
 72233
 72339
 72361
 72398
 72511
 72543
 72566
 72576
 72696
 72874
 72979
 73100
 73147
 73273
 73705
 73721
 73728
 73803
 73806
 73822
 73960
 73979
 74074
 74402
 74449
 74800
 74803
 74839
 74862
 75187
 75321
 75417
 75427
 75630
 75723
 75758
 75846
 75850
 75961
 75980
 76162
 76275
 76279
 76319
 76371
 76610
 76630
 76811
 76834
 76867
 76891
 76923
 77121
 77238
 77257
 77269
 77420
 77465
 77511
 77646
 78110
 78112
 78322
 78431
 78506
 78537
 78596
 78706
 78717
 79040
 79151
 79238
 79306
 79355
 79394
 79561
 79581
 79722
 79751
 79900
 79989
 80118
 80447
 80469
 80595
 80649
 80673
 80676
 80702
 80717
 80848
 80957
 81178
 81190
 81409
 81418
 81520
 81600
 81728
 81731
 81756
 81900
 81951
 81992
 82021
 82036
 82119
 82124
 82150
 82228
 82296
 82382
 82445
 82474
 82506
 82578
 82687
 82691
 82764
 82800
 82811
 82895
 83271
 83393
 83412
 83536
 83561
 83743
 83916
 83936
 83943
 83980
 84093
 84175
 84309
 84337
 84489
 84528
 84579
 84860
 85223
 85470
 85573
 85617
 85621
 85754
 85755
 85790
 85826
 85839
 85863
 85910
 86048
 86205
 86234
 86472
 86575
 86612
 86793
 86844
 86893
 86898
 86956
 86956
 87170
 87198
 87248
 87763
 87809
 87870
 88050
 88186
 88269
 88299
 88363
 88685
 88740
 88769
 88815
 88862
 89025
 89056
 89096
 89290
 89407
 89635
 89875
 90151
 90317
 90322
 90370
 90447
 90540
 90698
 90704
 90762
 90909
 91169
 91206
 91249
 91503
 91757
 91988
 92003
 92111
 92229
 92253
 92271
 92297
 92353
 92398
 92415
 92507
 92619
 92751
 92782
 92977
 93333
 93378
 93398
 93903
 93908
 94074
 94263
 94393
 94422
 94537
 94803
 94890
 94913
 95020
 95105
 95238
 95261
 95280
 95466
 95769
 95831
 96224
 96339
 96481
 96632
 96670
 96696
 96768
 96786
 96927
 96935
 96951
 97017
 97165
 97236
 97246
 97261
 97312
 97462
 97465
 97478
 97498
 97521
 97626
 97658
 97680
 97698
 97762
 97792
 97941
 98005
 98169
 98187
 98191
 98274
 98570
 98647
 98663
 98737
 98838
 98856
 98885
 99127
 99173
 99253
 99290
 99360
 99398
 99560
 99646
 99688
 99833
 100061
 100151
 100175
 100201
 100341
 100369
 100379
 100425
 100673
 100772
 101209
 101240
 101403
 101629
 101703
 101736
 101744
 102043
 102069
 102262
 102629
 102631
 102675
 102834
 102950
 103126
 103147
 103155
 103362
 103506
 103512
 103585
 103734
 103906
 103956
 104345
 104472
 104610
 104611
 104722
 104761
 104844
 105009
 105038
 105419
 105478
 105500
 105813
 105816
 105894
 105930
 106048
 106108
 106138
 106250
 106264
 106286
 106362
 106504
 106740
 106811
 106877
 106878
 106921
 106933
 106947
 107041
 107079
 107219
 107258
 107290
 107308
 107322
 107540
 107649
 107692
 107708
 108000
 108048
 108108
 108276
 108415
 108486
 108573
 108605
 108946
 109072
 109210
 109252
 109268
 109279
 109315
 109333
 109373
 109422
 109538
 109608
 109677
 109776
 109798
 110021
 110097
 110149
 110225
 110375
 110407
 110473
 110858
 110972
 111199
 111223
 111264
 111352
 111965
 111979
 112031
 112205
 112469
 112484
 112676
 112697
 112742
 112762
 112855
 112863
 112884
 112988
 113170
 113181
 113224
 113279
 113298
 113402
 113449
 114186
 114433
 114611
 114941
 114943
 115080
 115304
 115373
 115381
 115400
 115411
 115453
 115512
 115514
 115566
 115620
 115637
 115720
 115840
 115876
 115879
 115894
 116011
 116166
 116169
 116275
 116276
 116279
 116395
 116461
 116504
 116532
 116702
 116881
 116895
 117185
 117192
 117230
 117263
 117478
 117544
 117672
 117733
 117872
 117922
 118078
 118092
 118145
 118187
 118457
 118459
 118597
 118713
 118808
 118843
 118985
 119040
 119059
 119141
 119190
 119221
 119226
 119332
 119429
 119658
 119736
 119812
 119865
 120108
 120129
 120413
 120422
 120533
 120684
 120704
 120739
 120792
 120838
 121032
 121072
 121753
 121760
 121996
 122033
 122049
 122053
 122162
 122244
 122342
 122443
 122449
 122644
 122686
 122779
 123060
 123095
 123378
 123853
 123870
 124075
 124176
 124421
 124735
 124764
 124820
 125057
 125259
 125328
 125341
 125408
 125564
 125910
 126257
 126322
 126383
 126523
 126672
 126678
 126941
 126980
 127053
 127107
 127423
 127518
 127545
 127649
 127888
 127910
 127968
 128060
 128102
 128166
 128221
 128230
 128247
 128275
 128324
 128366
 128374
 128445
 128551
 128577
 128604
 128678
 129047
 129094
 129326
 129485
 129825
 129868
 130174
 130434
 130568
 130574
 130735
 130790
 130797
 130913
 130913
 130957
 131172
 131402
 131826
 131846
 131982
 132228
 132622
 132660
 132688
 132943
 132952
 133010
 133178
 133333
 133651
 133657
 133724
 133727
 133750
 133762
 133978
 133994
 134015
 134138
 134419
 134470
 134502
 134636
 134643
 134786
 134802
 134853
 134861
 134872
 134890
 135112
 135365
 135539
 135593
 135694
 135818
 135839
 135974
 136012
 136082
 136111
 136242
 136307
 136439
 136459
 136521
 136522
 136608
 136701
 136772
 136834
 136842
 136909
 136915
 136986
 137060
 137404
 137671
 137772
 137847
 137971
 138013
 138273
 138299
 138344
 138461
 138544
 138739
 138851
 138882
 139009
 139012
 139293
 139338
 139438
 139534
 139669
 140284
 140480
 140741
 140771
 140792
 140919
 141011
 141077
 141085
 141099
 141145
 141230
 141256
 141395
 141449
 141640
 141646
 141725
 141783
 141848
 141855
 141925
 142064
 142121
 142135
 142280
 142329
 142372
 142671
 142746
 142904
 142919
 142958
 143186
 143357
 143433
 143671
 143721
 143804
 143865
 143928
 144094
 144241
 144338
 144379
 144531
 144729
 145049
 145212
 145262
 145478
 145634
 145712
 145993
 145993
 146146
 146272
 146312
 146587
 146715
 146777
 146913
 146993
 147041
 147161
 147189
 147400
 147862
 147924
 148183
 148212
 148417
 148453
 148480
 148499
 148514
 148558
 148559
 148634
 148641
 148657
 148936
 149004
 149018
 149058
 149196
 149574
 149606
 149635
 149675
 149687
 149844
 149854
 149947
 149974
 150163
 150196
 150261
 150395
 150439
 150579
 150747
 150853
 150984
 151231
 151291
 151355
 151595
 151633
 151909
 152003
 152137
 152223
 152259
 152412
 152436
 152443
 152463
 152493
 152572
 152770
 152909
 152924
 153008
 153147
 153153
 153294
 153453
 153461
 153496
 153572
 153606
 153952
 154145
 154167
 154185
 154311
 154378
 154667
 155022
 155071
 155080
 155259
 155480
 155490
 155536
 156474
 156495
 156623
 156765
 156766
 156834
 156896
 156901
 156917
 157056
 157184
 157232
 157380
 157429
 157459
 157483
 157495
 157536
 157608
 157721
 157877
 157894
 158003
 158135
 158341
 158528
 158630
 158730
 158812
 158887
 159011
 159223
 159259
 159322
 159486
 159496
 159552
 159618
 159827
 159843
 159849
 159863
 159999
 160127
 160387
 160387
 160393
 160458
 160548
 160566
 160589
 160728
 160783
 160990
 161031
 161137
 161273
 161286
 161468
 161484
 161506
 161633
 161667
 161776
 161801
 161920
 161923
 162060
 162082
 162136
 162459
 162507
 162537
 162544
 162551
 162616
 162659
 162751
 163029
 163296
 163412
 163464
 163468
 163518
 163558
 163575
 163622
 163624
 163949
 164005
 164027
 164305
 164382
 164382
 164606
 164755
 164783
 165232
 165340
 165358
 165367
 165556
 165960
 166118
 166156
 166179
 166275
 166384
 166555
 166666
 166697
 166856
 166916
 166919
 167011
 167312
 167384
 167416
 167741
 167874
 167894
 168185
 168185
 168348
 168718
 168923
 169012
 169188
 169225
 169236
 169259
 169298
 169410
 169458
 169469
 169663
 169675
 169704
 169726
 169816
 169878
 170016
 170028
 170052
 170082
 170415
 170463
 170537
 170549
 170578
 170760
 170775
 170804
 170953
 171067
 171131
 171274
 171380
 171415
 171537
 171587
 171930
 171943
 172064
 172241
 172417
 172482
 172780
 173039
 173046
 173072
 173157
 173483
 173655
 173913
 173942
 173996
 174017
 174039
 174081
 174089
 174216
 174271
 174434
 174627
 174679
 174683
 174923
 174999
 175000
 175270
 175300
 175356
 175429
 175637
 175647
 175665
 175804
 175812
 175974
 176088
 176165
 176168
 176194
 176328
 176435
 176470
 176515
 176807
 176839
 176893
 176913
 176928
 177008
 177080
 177261
 177367
 177372
 177661
 177685
 178009
 178016
 178024
 178057
 178071
 178154
 178190
 178399
 178403
 178415
 178533
 178573
 178651
 178663
 178734
 178809
 178890
 179050
 179172
 179286
 179289
 179610
 179676
 179894
 180191
 180359
 180751
 180775
 180789
 180874
 180904
 180932
 181250
 181396
 181470
 181592
 181597
 181599
 181716
 181851
 181869
 181947
 181988
 182184
 182203
 182334
 182371
 182372
 182446
 182547
 183495
 183516
 183619
 183673
 183776
 183819
 183911
 183970
 183973
 184043
 184082
 184089
 184216
 184234
 184339
 184507
 184511
 184537
 184611
 184615
 184951
 184955
 185140
 185243
 185255
 185301
 185356
 185399
 185526
 185634
 185682
 185732
 185942
 186017
 186046
 186216
 186574
 186615
 186746
 186758
 186807
 186835
 186846
 186874
 187002
 187079
 187155
 187613
 187699
 187737
 187851
 188079
 188118
 188142
 188177
 188186
 188271
 188598
 188652
 188770
 188841
 188968
 189162
 189289
 189602
 189748
 189828
 189843
 189914
 190133
 190192
 190205
 190206
 190395
 190454
 190583
 190737
 191137
 191228
 191392
 191697
 191831
 192082
 192170
 192181
 192304
 192326
 192425
 192462
 192474
 192481
 192537
 192557
 192796
 192820
 192853
 192982
 193091
 193195
 193307
 193345
 193356
 193495
 193560
 193665
 193712
 193762
 193767
 193796
 193892
 193956
 193984
 194075
 194100
 194113
 194181
 194224
 194232
 194353
 194453
 194498
 194589
 194634
 194848
 194875
 195000
 195067
 195075
 195085
 195133
 195164
 195178
 195322
 195447
 195466
 195564
 195866
 195910
 196050
 196064
 196076
 196094
 196111
 196164
 196204
 196235
 196370
 196418
 196528
 196689
 196898
 196930
 197003
 197017
 197171
 197307
 197313
 197362
 197365
 197441
 197710
 197785
 197948
 197972
 197981
 197994
 198019
 198051
 198116
 198263
 198359
 198449
 198837
 198862
 198924
 198949
 198979
 199194
 199313
 199395
 199501
 199639
 199701
 199714
 199886
 199999
 200000
 200000
 200000
 200317
 200339
 200385
 200582
 200658
 200671
 200821
 201114
 201310
 201450
 201550
 201565
 201590
 201976
 202072
 202170
 202308
 202352
 202416
 202533
 202552
 202882
 202918
 203007
 203073
 203187
 203190
 203316
 203501
 203522
 203532
 203564
 203645
 203721
 204081
 204532
 204616
 204678
 204717
 205128
 205183
 205233
 205248
 205314
 205375
 205485
 205486
 205674
 205821
 205837
 205941
 206114
 206169
 206210
 206475
 206477
 206536
 206559
 206581
 206653
 206655
 206703
 206718
 206802
 206926
 206981
 207152
 207213
 207217
 207289
 207298
 207360
 207369
 207493
 207516
 207646
 207806
 207834
 207845
 207977
 208130
 208192
 208593
 208691
 208705
 209001
 209206
 209241
 209293
 209373
 209444
 209567
 209700
 209730
 209902
 209972
 210071
 210167
 210461
 210574
 210985
 211062
 211153
 211214
 211290
 211315
 211424
 211443
 211454
 211489
 211613
 211634
 211685
 211922
 211995
 212121
 212159
 212227
 212230
 212324
 212368
 212507
 212792
 212938
 213019
 213043
 213089
 213108
 213137
 213148
 213265
 213316
 213406
 213464
 213542
 213598
 213651
 213962
 214010
 214059
 214172
 214173
 214629
 214949
 215016
 215404
 215411
 215512
 215723
 215875
 216140
 216396
 216490
 216494
 216558
 216578
 216628
 216776
 216807
 216901
 216979
 217013
 217062
 217075
 217090
 217127
 217207
 217223
 217353
 217496
 217582
 217954
 217994
 218181
 218306
 218390
 218528
 218760
 218790
 218801
 219158
 219314
 219505
 219591
 219651
 219687
 219744
 219750
 219770
 219810
 219860
 219942
 219947
 220011
 220168
 220310
 220422
 220533
 220639
 220679
 220737
 220835
 220850
 220858
 220868
 220885
 220918
 221120
 221167
 221295
 221312
 221459
 221507
 221719
 221755
 221800
 221831
 221878
 221998
 222062
 222093
 222166
 222255
 222520
 222650
 222791
 222809
 222828
 223155
 223337
 223376
 223408
 223523
 223533
 223687
 223734
 223849
 223880
 224235
 224260
 224412
 224451
 224560
 224792
 224848
 224880
 224917
 224962
 225032
 225183
 225198
 225297
 225352
 225539
 225615
 225884
 225979
 226110
 226304
 226470
 226490
 226494
 226649
 226672
 226732
 227115
 227291
 227458
 227633
 227633
 227675
 227789
 227794
 227893
 227945
 227989
 228239
 228302
 228373
 228558
 228738
 229135
 229395
 229464
 229654
 229830
 230044
 230073
 230158
 230184
 230329
 230394
 230509
 230556
 230592
 230624
 230641
 230671
 230769
 230859
 231033
 231041
 231327
 231685
 231719
 231895
 231939
 232068
 232130
 232465
 232530
 232543
 232607
 232638
 232722
 232786
 233039
 233352
 233362
 233379
 233546
 233832
 233868
 233918
 233959
 233962
 233997
 234063
 234099
 234347
 234440
 234805
 234879
 234887
 234920
 235232
 235294
 235404
 235409
 235481
 235602
 235679
 235702
 235937
 236122
 236276
 236352
 236728
 236828
 236957
 237075
 237126
 237138
 237288
 237337
 237449
 237507
 237796
 238043
 238128
 238153
 238251
 238270
 238387
 238401
 238672
 238731
 238759
 238901
 238965
 239005
 239056
 239207
 239209
 239223
 239353
 239354
 239369
 239436
 239451
 239615
 239861
 239928
 240136
 240171
 240455
 240499
 240530
 240574
 240704
 240831
 240846
 240846
 240916
 240965
 241035
 241111
 241117
 241171
 241554
 241573
 241608
 241622
 241715
 241791
 242269
 242339
 242361
 242490
 242538
 242552
 242606
 242720
 242879
 242964
 243055
 243161
 243173
 243186
 243212
 243243
 243279
 243400
 243453
 243549
 243603
 243874
 244038
 244083
 244217
 244217
 244273
 244454
 244456
 244475
 244501
 244527
 244679
 244680
 244761
 244820
 245134
 245217
 245343
 245431
 245446
 245517
 245540
 245660
 245933
 246307
 246387
 246638
 246780
 246995
 247004
 247021
 247038
 247127
 247177
 247271
 247482
 247484
 247538
 247603
 247734
 247843
 247891
 247932
 248050
 248226
 248261
 248280
 248377
 248466
 248578
 248586
 248704
 248856
 248960
 249054
 249079
 249084
 249376
 249451
 249665
 249791
 249893
 249920
 249957
 250000
 250000
 250027
 250348
 250470
 250577
 250618
 250837
 250904
 250983
 251519
 251529
 251598
 251612
 251861
 252054
 252192
 252200
 252351
 252432
 252452
 252614
 252662
 252734
 252768
 252962
 253081
 253113
 253263
 253327
 253381
 253425
 253504
 253542
 253543
 253545
 253602
 253647
 253719
 254052
 254226
 254519
 254850
 254881
 255038
 255173
 255208
 255355
 255396
 255478
 255570
 255700
 255782
 255785
 255936
 256049
 256487
 256490
 256548
 256683
 256851
 256931
 256958
 257126
 257199
 257343
 257375
 257396
 257543
 257654
 257776
 257969
 258153
 258241
 258488
 258550
 258853
 258864
 258938
 258946
 259050
 259068
 259259
 259501
 259530
 259857
 259882
 260017
 260202
 260215
 260479
 260550
 260869
 260957
 261003
 261004
 261031
 261044
 261447
 261538
 261747
 261764
 261765
 261920
 262203
 262375
 262380
 262413
 262630
 262826
 263467
 263545
 263565
 263565
 263639
 263660
 263660
 263755
 263816
 263926
 264063
 264100
 264107
 264114
 264289
 264291
 264550
 264570
 264728
 264836
 265192
 265330
 265609
 265726
 265885
 265919
 265987
 266013
 266044
 266141
 266296
 266607
 266716
 266900
 267082
 267115
 267269
 267387
 267426
 267668
 267698
 267710
 267836
 268048
 268170
 268292
 268334
 268395
 268644
 268656
 268656
 268668
 268760
 269036
 269115
 269315
 269395
 269451
 269495
 269728
 269752
 269769
 269801
 269896
 269900
 269901
 269908
 269988
 270072
 270076
 270088
 270116
 270181
 270270
 270313
 270358
 270463
 270522
 270531
 270557
 270784
 270865
 271030
 271039
 271084
 271256
 271366
 271413
 271423
 271444
 271466
 271553
 271560
 271604
 271765
 271769
 271895
 272053
 272133
 272195
 272223
 272476
 272737
 272849
 272925
 273014
 273137
 273215
 273254
 273378
 273386
 273422
 273560
 273594
 273631
 273916
 274014
 274123
 274191
 274245
 274302
 274446
 274527
 274591
 274637
 274655
 274688
 274745
 274941
 274942
 275077
 275120
 275148
 275229
 275334
 275399
 275413
 275535
 275885
 275923
 276057
 276075
 276161
 276493
 276597
 276720
 277020
 277032
 277053
 277056
 277107
 277108
 277248
 277473
 277533
 277644
 277680
 277725
 277736
 277742
 277777
 277981
 278386
 278531
 278532
 278787
 278820
 278988
 279010
 279278
 279295
 279325
 279999
 280175
 280177
 280193
 280229
 280263
 280427
 280437
 280471
 280708
 280769
 280802
 280865
 280886
 281031
 281089
 281210
 281236
 281293
 281294
 281611
 281647
 281656
 281997
 282361
 282454
 282696
 282852
 282957
 283027
 283147
 283248
 283328
 283446
 283732
 283882
 283895
 284130
 284205
 284217
 284255
 284296
 284336
 284413
 284582
 284606
 284729
 284746
 284883
 284942
 285044
 285082
 285184
 285398
 285714
 285714
 285737
 285849
 285949
 285984
 286178
 286436
 286463
 286658
 286676
 286717
 286751
 286758
 286825
 286851
 286875
 286938
 286977
 287440
 287444
 287571
 287659
 287669
 287734
 287780
 287935
 287959
 288074
 288146
 288392
 288624
 288695
 288761
 289110
 289139
 289237
 289258
 289270
 289299
 289340
 289539
 289584
 289680
 289800
 289855
 289889
 289971
 290179
 290388
 290502
 290590
 290771
 290843
 290932
 291079
 291200
 291410
 291564
 291623
 291828
 291890
 292032
 292055
 292085
 292124
 292191
 292332
 292376
 292446
 292682
 292723
 292908
 292937
 292993
 293027
 293135
 293183
 293384
 293588
 293695
 293773
 294085
 294117
 294171
 294214
 294238
 294290
 294335
 294386
 294398
 294824
 295015
 295045
 295063
 295164
 295180
 295316
 295373
 295416
 295479
 295525
 295837
 295867
 296056
 296108
 296175
 296196
 296342
 296383
 296449
 296619
 296637
 296803
 297079
 297123
 297279
 297392
 297575
 297639
 298020
 298026
 298034
 298122
 298157
 298522
 298712
 298969
 299173
 299487
 299641
 299669
 299686
 299837
 299838
 299912
 299913
 300047
 300177
 300180
 300429
 300492
 300503
 300529
 300540
 300569
 300917
 301023
 301071
 301177
 301207
 301408
 301476
 301630
 301707
 301818
 301874
 301897
 301909
 302507
 302518
 302635
 302738
 302924
 303055
 303128
 303178
 303225
 303314
 303508
 303622
 303727
 303867
 303926
 303939
 303939
 304237
 304247
 304250
 304294
 304317
 304375
 304383
 304388
 304418
 304431
 304461
 304464
 304600
 304653
 304692
 305025
 305163
 305351
 305556
 305619
 305950
 305954
 306095
 306122
 306141
 306500
 306532
 306623
 306623
 306741
 306790
 306954
 307058
 307061
 307245
 307574
 307942
 308098
 308203
 308242
 308373
 308418
 308607
 308614
 308620
 308637
 308720
 308855
 309122
 309190
 309190
 309192
 309267
 309433
 309584
 309678
 309697
 309782
 309963
 310080
 310271
 310297
 310437
 310539
 310761
 310815
 311059
 311218
 311222
 311300
 311328
 311428
 311647
 311727
 311750
 311827
 311935
 311984
 312184
 312199
 312457
 312538
 312626
 312642
 312772
 312775
 312937
 313050
 313104
 313168
 313188
 313459
 313477
 313618
 313698
 313924
 313957
 314049
 314446
 314652
 314834
 314836
 314882
 314917
 315059
 315089
 315200
 315397
 315485
 315608
 315667
 315734
 316027
 316093
 316134
 316192
 316275
 316328
 316360
 316368
 316756
 316777
 316883
 316907
 317145
 317275
 317351
 317404
 317439
 317478
 317679
 317703
 317914
 317929
 317991
 318038
 318168
 318181
 318304
 318345
 318475
 318509
 318587
 318610
 318743
 319039
 319042
 319084
 319117
 319148
 319160
 319243
 319321
 319407
 319448
 319448
 319482
 319532
 319938
 319963
 320097
 320220
 320433
 320546
 320579
 321100
 321169
 321590
 321656
 322283
 322557
 322600
 322648
 322652
 322721
 322805
 322865
 322941
 322947
 322953
 323107
 323162
 323211
 323275
 323294
 323297
 323395
 323450
 323534
 323691
 323712
 323913
 323992
 324116
 324147
 324253
 324339
 324434
 324658
 324826
 325130
 325198
 325322
 325543
 325747
 325768
 325775
 326154
 326216
 326282
 326319
 326587
 326599
 326889
 327024
 327169
 327258
 327268
 327512
 327627
 327675
 327697
 327846
 328031
 328067
 328099
 328311
 328346
 328523
 328523
 328555
 328643
 328781
 328976
 329038
 329070
 329073
 329217
 329218
 329411
 329442
 329562
 329664
 329739
 329801
 329886
 329902
 329982
 330004
 330143
 330483
 330515
 330719
 330745
 330808
 330838
 330935
 331011
 331323
 331385
 331463
 331500
 331518
 332051
 332197
 332345
 332381
 332382
 332447
 332807
 333098
 333116
 333333
 333333
 333333
 333801
 334077
 334173
 334225
 334318
 334322
 334770
 334787
 335091
 335111
 335119
 335159
 335187
 335329
 335654
 335852
 335931
 336000
 336077
 336210
 336283
 336297
 336372
 336396
 336409
 336487
 336585
 336593
 336686
 336829
 336966
 336971
 337487
 337698
 337778
 337903
 337948
 338165
 338366
 338381
 338598
 338624
 339054
 339261
 339347
 339364
 339446
 339449
 339610
 339674
 339740
 339913
 339979
 340012
 340035
 340128
 340156
 340231
 340298
 340344
 340458
 340495
 340665
 340718
 340725
 340982
 341010
 341013
 341152
 341204
 341210
 341372
 341392
 341448
 341485
 341510
 341695
 341775
 341860
 341894
 342010
 342022
 342195
 342284
 342455
 342479
 342563
 342571
 342583
 342614
 342655
 342657
 342707
 342735
 342744
 342806
 343003
 343045
 343048
 343055
 343081
 343095
 343432
 343536
 343598
 343657
 343818
 343952
 343963
 344061
 344069
 344123
 344262
 344307
 344549
 344787
 344796
 344837
 345002
 345039
 345109
 345271
 345379
 345420
 345686
 345700
 345806
 345915
 345915
 346108
 346110
 346335
 346358
 346515
 346627
 346673
 346878
 346946
 346959
 346973
 347123
 347200
 347230
 347256
 347312
 347320
 347435
 347566
 347571
 347675
 347947
 347993
 348017
 348109
 348360
 348379
 348392
 348632
 348634
 348700
 348867
 349019
 349074
 349136
 349388
 349602
 349614
 349618
 349643
 349660
 349693
 349789
 349809
 349844
 349910
 350026
 350150
 350478
 350584
 350597
 350786
 350794
 350916
 350985
 351023
 351083
 351101
 351192
 351274
 351321
 351484
 351506
 351564
 351955
 352139
 352186
 352289
 352376
 352451
 352566
 352650
 352716
 352845
 352868
 352964
 353122
 353152
 353276
 353276
 353293
 353325
 353559
 353587
 353593
 353594
 353762
 353766
 353842
 354134
 354309
 354480
 354618
 355008
 355048
 355149
 355555
 355649
 355778
 355832
 356229
 356315
 356354
 356357
 356501
 356506
 356521
 356616
 356660
 357227
 357259
 357262
 357375
 357626
 357632
 357710
 357716
 357728
 357735
 357826
 358096
 358107
 358107
 358113
 358466
 358568
 358571
 358615
 358685
 358685
 358688
 358720
 358928
 358951
 358974
 358991
 359057
 359073
 359329
 359334
 359442
 359492
 359687
 359774
 359870
 359874
 360058
 360085
 360094
 360097
 360221
 360523
 360620
 360864
 360922
 360975
 361013
 361093
 361223
 361294
 361443
 361445
 361445
 361491
 361613
 361676
 361723
 361792
 362043
 362075
 362285
 362324
 362330
 362384
 362560
 362765
 362778
 362997
 363209
 363481
 363521
 363636
 363639
 363654
 363745
 363785
 363851
 363889
 364429
 364452
 364527
 364792
 365051
 365121
 365222
 365289
 365512
 365577
 365692
 365853
 365883
 365938
 366259
 366530
 366539
 366948
 367069
 367088
 367201
 367272
 367364
 367379
 367405
 367539
 367862
 367978
 368045
 368186
 368196
 368260
 368322
 368357
 368404
 368464
 368521
 368529
 368625
 368866
 368974
 369087
 369117
 369262
 369269
 369376
 369478
 369715
 369863
 369967
 370024
 370027
 370349
 370485
 370706
 370750
 370800
 370815
 371202
 371267
 371383
 371517
 371720
 372190
 372226
 372479
 372572
 372854
 372959
 373115
 373158
 373255
 373292
 373297
 373411
 373540
 373554
 373574
 373630
 373902
 374015
 374040
 374262
 374273
 374421
 374507
 374554
 374581
 374642
 374741
 374816
 374877
 374936
 375010
 375046
 375121
 375179
 375265
 375269
 375339
 375414
 375432
 375451
 375454
 375607
 375713
 375772
 375924
 376025
 376183
 376217
 376226
 376290
 376492
 376596
 376599
 376743
 376807
 376913
 376924
 377031
 377093
 377114
 377218
 377230
 377300
 377505
 377562
 377599
 378131
 378280
 378308
 378347
 378421
 378427
 378607
 378746
 378799
 378869
 378942
 378947
 378992
 379014
 379120
 379224
 379291
 379310
 379442
 379620
 379722
 380136
 380295
 380354
 380361
 380590
 380837
 381018
 381128
 381258
 381311
 381329
 381443
 381691
 381733
 381748
 381894
 382132
 382196
 383105
 383173
 383198
 383408
 383468
 383512
 383564
 383619
 383675
 383685
 383933
 383947
 383997
 384055
 384136
 384441
 384565
 384607
 384615
 384736
 384769
 384789
 384793
 384853
 384991
 385005
 385255
 385277
 385294
 385341
 385488
 385542
 385607
 385818
 385884
 386162
 386195
 386287
 386495
 386963
 386985
 386989
 387096
 387128
 387161
 387460
 387574
 387811
 387822
 387836
 388024
 388283
 388466
 388549
 388787
 388942
 388944
 389233
 389312
 389503
 389608
 389628
 389770
 389783
 390029
 390143
 390156
 390243
 390331
 390346
 390371
 390444
 390476
 390929
 390950
 391049
 391159
 391193
 391194
 391222
 391275
 391312
 391366
 391566
 391575
 391601
 391622
 391664
 391753
 391849
 391912
 391967
 392081
 392143
 392214
 392273
 392388
 392405
 392442
 392468
 392521
 392564
 392578
 392697
 392721
 392771
 392858
 392864
 392887
 392941
 392988
 393150
 393189
 393277
 393291
 393442
 393487
 393700
 393893
 393920
 393971
 394126
 394185
 394211
 394224
 394419
 394597
 394879
 394904
 395197
 395557
 395749
 395815
 395978
 396020
 396072
 396144
 396226
 396474
 396565
 396575
 396605
 396644
 396702
 396795
 396804
 396820
 397038
 397166
 397391
 397457
 397515
 397533
 397674
 398138
 398212
 398535
 398773
 398822
 398914
 398977
 399036
 399305
 399401
 399463
 399482
 399506
 399649
 399773
 399798
 399865
 399912
 399934
 399999
 400049
 400228
 400262
 400429
 400460
 400625
 400730
 400868
 400875
 400906
 401015
 401016
 401110
 401253
 401299
 401326
 401383
 401535
 401615
 401645
 401665
 401679
 401869
 402008
 402032
 402060
 402134
 402476
 402588
 402800
 402807
 403035
 403294
 403425
 403454
 403526
 403595
 403828
 403986
 403991
 403996
 404014
 404021
 404172
 404212
 404593
 404630
 404927
 405034
 405201
 405269
 405405
 405495
 405748
 405854
 405940
 405959
 405962
 406054
 406276
 406466
 406549
 406805
 406842
 406995
 407035
 407098
 407364
 407393
 407709
 407970
 408118
 408540
 408588
 408623
 408712
 408752
 408833
 408881
 408945
 409112
 409221
 409224
 409258
 409398
 409448
 409569
 409844
 409907
 409921
 409965
 410047
 410166
 410265
 410272
 410431
 410620
 410623
 410994
 411050
 411107
 411141
 411149
 411187
 411210
 411221
 411233
 411499
 411635
 411641
 411663
 411704
 411743
 411764
 411851
 412089
 412125
 412135
 412197
 412360
 412376
 412556
 412655
 412677
 412684
 412798
 413034
 413064
 413305
 413587
 413611
 413644
 413657
 413660
 413892
 414223
 414248
 414473
 414634
 414687
 414723
 414852
 414863
 414947
 414965
 415062
 415064
 415075
 415380
 415437
 415472
 415697
 415718
 415940
 416038
 416063
 416114
 416244
 416373
 416487
 416495
 416706
 416815
 416864
 416904
 416970
 417005
 417122
 417285
 417303
 417457
 417459
 417510
 417520
 417582
 417864
 417910
 417929
 418016
 418025
 418031
 418160
 418244
 418374
 418375
 418522
 418554
 418604
 418738
 418790
 418808
 418970
 419116
 419370
 419588
 419662
 419703
 419808
 419889
 419942
 419946
 420023
 420108
 420121
 420140
 420361
 420429
 420448
 420587
 420794
 421052
 421058
 421091
 421108
 421331
 421342
 421418
 421478
 421486
 421854
 421875
 421926
 421999
 422025
 422066
 422104
 422343
 422362
 422365
 422570
 422576
 422610
 422687
 422782
 423152
 423310
 423369
 423455
 423487
 423789
 423897
 423946
 424074
 424258
 424514
 424539
 424563
 424577
 424647
 424746
 424762
 424810
 424947
 424951
 425039
 425128
 425151
 425326
 425343
 425381
 425406
 425413
 425560
 425597
 425782
 425802
 425835
 426065
 426142
 426325
 426342
 426800
 426933
 427055
 427136
 427181
 427189
 427284
 427671
 427735
 427941
 427963
 428387
 428434
 428924
 428984
 429017
 429161
 429167
 429334
 429489
 429532
 429687
 429747
 429772
 429979
 430269
 430282
 430306
 430363
 430592
 430695
 430728
 430779
 430986
 431018
 431203
 431239
 431339
 431372
 431441
 431461
 431532
 431578
 431744
 431760
 432128
 432128
 432204
 432312
 432341
 432380
 432450
 432521
 432525
 432575
 432697
 432706
 432870
 433102
 433184
 433307
 433487
 433536
 433745
 433773
 433789
 433798
 433851
 434125
 434131
 434170
 434189
 434379
 434385
 434397
 434599
 434632
 434701
 434711
 434726
 434727
 434883
 435021
 435092
 435134
 435444
 435510
 435575
 435590
 435728
 435903
 436254
 436376
 436399
 436456
 436593
 436733
 436901
 436974
 437106
 437205
 437500
 437527
 437607
 437614
 437696
 437992
 438108
 438188
 438302
 438321
 438474
 438583
 438583
 438686
 438935
 439128
 439192
 439311
 439331
 439560
 439567
 439670
 439823
 439913
 440000
 440028
 440032
 440070
 440165
 440214
 440476
 440520
 440731
 440818
 440934
 441035
 441278
 441436
 441558
 441726
 441738
 441832
 441986
 441998
 442211
 442237
 442266
 442304
 442612
 442724
 442742
 442806
 442845
 443030
 443076
 443232
 443316
 443478
 443526
 443564
 443661
 443860
 444006
 444024
 444238
 444444
 444494
 444512
 444536
 444539
 444590
 444606
 444673
 444766
 444970
 445578
 445662
 445695
 445926
 446250
 446255
 446381
 446707
 446783
 447111
 447299
 447432
 447513
 447566
 447579
 447655
 447743
 447811
 447953
 448275
 448309
 448318
 448486
 448903
 448910
 449007
 449083
 449117
 449476
 449642
 449653
 449725
 449781
 449804
 449884
 450018
 450172
 450249
 450251
 450307
 450437
 450456
 450495
 450566
 450593
 450614
 450853
 451187
 451188
 451268
 451473
 451519
 451544
 451596
 451994
 452069
 452172
 452326
 452359
 452410
 452580
 452703
 453109
 453173
 453250
 453287
 453307
 453356
 453445
 453504
 453512
 453560
 453673
 453676
 453687
 453741
 453803
 453842
 453855
 453906
 453910
 453987
 454019
 454154
 454160
 454253
 454317
 454341
 454428
 454745
 454976
 455044
 455077
 455405
 455406
 455552
 455565
 455600
 455639
 455742
 455770
 455822
 455961
 455998
 456038
 456398
 456767
 456796
 456996
 457008
 457103
 457230
 457260
 457297
 457337
 457659
 457782
 457787
 457880
 458027
 458186
 458278
 458278
 458333
 458344
 458380
 458390
 458461
 458612
 458831
 458889
 458919
 459096
 459166
 459232
 459259
 459284
 459299
 459417
 459426
 459439
 459627
 459763
 460017
 460147
 460198
 460253
 460284
 460376
 460475
 460541
 460592
 460627
 460714
 460717
 460725
 460766
 460857
 460866
 460886
 460961
 460972
 461036
 461038
 461158
 461232
 461353
 461354
 461366
 461432
 461456
 461505
 462039
 462124
 462174
 462269
 462708
 462709
 462782
 462805
 462875
 463022
 463082
 463424
 463484
 463744
 463992
 464239
 464251
 464285
 464299
 464312
 464325
 464555
 464574
 464606
 464646
 464668
 464833
 464871
 465296
 465335
 465422
 465467
 465488
 465559
 465578
 465631
 465977
 466088
 466098
 466229
 466334
 466370
 466467
 466582
 466889
 466981
 467007
 467108
 467153
 467370
 467479
 467483
 467561
 467595
 467680
 468016
 468175
 468232
 468353
 468479
 468502
 468993
 469058
 469091
 469128
 469273
 469286
 469308
 469482
 469586
 469764
 469857
 469879
 470251
 470312
 470313
 470392
 470510
 470514
 470717
 470839
 471294
 471335
 471397
 471409
 471482
 471658
 471698
 471705
 471705
 471759
 471763
 471835
 472071
 472117
 472249
 472335
 472353
 472429
 472527
 472562
 472596
 472738
 472991
 473035
 473053
 473282
 473294
 473878
 473971
 473983
 474004
 474074
 474161
 474188
 474209
 474253
 474308
 474314
 474349
 474378
 474461
 474483
 474499
 474523
 474662
 474683
 474763
 474828
 474844
 475079
 475109
 475134
 475246
 475256
 475261
 475279
 475294
 475433
 475529
 475675
 475756
 475822
 476105
 476116
 476276
 476392
 476446
 476591
 476593
 476654
 476777
 477078
 477248
 477397
 477663
 477723
 477760
 477761
 477767
 477927
 477947
 478078
 478187
 478320
 478340
 478341
 478399
 478424
 478432
 478478
 478493
 478520
 478549
 478601
 478601
 478611
 478751
 478807
 478832
 478843
 479185
 479189
 479226
 479251
 479383
 479441
 479580
 479686
 479720
 479800
 479803
 479876
 479877
 479985
 480235
 480292
 480385
 480415
 480615
 480668
 480786
 480937
 481002
 481077
 481107
 481233
 481420
 481502
 481543
 481568
 481858
 481879
 481967
 481980
 482216
 482349
 482701
 482832
 482854
 482904
 482942
 483115
 483171
 483230
 483648
 483692
 483726
 483777
 484087
 484183
 484190
 484276
 484361
 484384
 484410
 484416
 484431
 484530
 484536
 484541
 484692
 484714
 484740
 484791
 484887
 484926
 484957
 484978
 485314
 485356
 485368
 485463
 485561
 485598
 485714
 485714
 485788
 485825
 485838
 485917
 485979
 486267
 486357
 486376
 486449
 486466
 486488
 486573
 486915
 486986
 487036
 487407
 487421
 487588
 487650
 487822
 487848
 487849
 487860
 487895
 488217
 488249
 488287
 488328
 488390
 488423
 488607
 488800
 488913
 488940
 488977
 489668
 489795
 489903
 489913
 490164
 490254
 490332
 490375
 490497
 490699
 490711
 490909
 490941
 490984
 491054
 491174
 491191
 491280
 491867
 491894
 491933
 492029
 492184
 492284
 492451
 492497
 492635
 492657
 492662
 492890
 492908
 492957
 493101
 493113
 493268
 493313
 493631
 493794
 493852
 493868
 493873
 493881
 494204
 494291
 494351
 494377
 494439
 494469
 494488
 494744
 494761
 494983
 495051
 495062
 495126
 495167
 495248
 495250
 495369
 495428
 495481
 495611
 495808
 495867
 495911
 495915
 496032
 496191
 496378
 496388
 496408
 496447
 496485
 496752
 496846
 496868
 496904
 497003
 497083
 497125
 497289
 497290
 497290
 497343
 497373
 497565
 497670
 497797
 497798
 497834
 497943
 498149
 498189
 498229
 498252
 498550
 498602
 498661
 498763
 498798
 498850
 498869
 498904
 498953
 499316
 499377
 499638
 500000
 500000
 500157
 500280
 500366
 500385
 500431
 500484
 500562
 500573
 500643
 500714
 500786
 500892
 500897
 501204
 501240
 501256
 501270
 501338
 501359
 501515
 501624
 501669
 502023
 502125
 502316
 502361
 502439
 502468
 502470
 502622
 502645
 502704
 502797
 502874
 502923
 502936
 503122
 503180
 503271
 503452
 503506
 503601
 503868
 503988
 504145
 504189
 504305
 504412
 504436
 504533
 504717
 504778
 504822
 504854
 504875
 504900
 505023
 505103
 505271
 505365
 505523
 505606
 505665
 505814
 506107
 506121
 506209
 506374
 506493
 506677
 506818
 507054
 507106
 507344
 507570
 507593
 507641
 507659
 507660
 507713
 507809
 507836
 507977
 507982
 508081
 508272
 508292
 508438
 508445
 508488
 508517
 508527
 508535
 508629
 508728
 508749
 508861
 509096
 509332
 509361
 509417
 509420
 509420
 509580
 509586
 509803
 510103
 510352
 510366
 510381
 510437
 510487
 510561
 510648
 510660
 510823
 510828
 510860
 510897
 510952
 511021
 511197
 511509
 511592
 511694
 511813
 511833
 511941
 511949
 511997
 512000
 512133
 512225
 512227
 512294
 512318
 512427
 512476
 512546
 512575
 512748
 512761
 512890
 512922
 513141
 513172
 513184
 513200
 513341
 513387
 513596
 513642
 513790
 513816
 513866
 513938
 513951
 514045
 514116
 514506
 514578
 514588
 514685
 514694
 514735
 514770
 514802
 514879
 514938
 515314
 515524
 515735
 515789
 515969
 516054
 516059
 516106
 516126
 516367
 516581
 516646
 516870
 516871
 516921
 516984
 517011
 517016
 517017
 517107
 517118
 517137
 517176
 517230
 517733
 517852
 517985
 518050
 518054
 518115
 518207
 518323
 518384
 518631
 518650
 518717
 518737
 518839
 518852
 518936
 518953
 518972
 519050
 519055
 519116
 519443
 519445
 519447
 519669
 520167
 520233
 520241
 520334
 520377
 520566
 520602
 520623
 520930
 521042
 521049
 521113
 521126
 521129
 521294
 521379
 521722
 521741
 521753
 521893
 522167
 522382
 522552
 522673
 522882
 522903
 522973
 523008
 523073
 523129
 523162
 523186
 523311
 523395
 523690
 523771
 523927
 523954
 523979
 524035
 524137
 524429
 524492
 524544
 524637
 524647
 524945
 525005
 525110
 525208
 525423
 525455
 525481
 525626
 525773
 525806
 525984
 526036
 526038
 526057
 526321
 526410
 526484
 526616
 526638
 526770
 526810
 526869
 526938
 527046
 527163
 527339
 527398
 527412
 527441
 527559
 527624
 527777
 527844
 527997
 528005
 528014
 528135
 528135
 528232
 528414
 528579
 528582
 528648
 528805
 529046
 529391
 529764
 529889
 529953
 529960
 529969
 530063
 530095
 530559
 530654
 530859
 530964
 531333
 531333
 531342
 531722
 531805
 531994
 532263
 532269
 532347
 532521
 532688
 532797
 532967
 533110
 533253
 533318
 533333
 533401
 533576
 533612
 533724
 533779
 533878
 533902
 533947
 534045
 534064
 534123
 534138
 534178
 534567
 534653
 534936
 535108
 535161
 535162
 535333
 535432
 535564
 535625
 535875
 535919
 535932
 536242
 536253
 536358
 536549
 536585
 536585
 536649
 536764
 536802
 536831
 536907
 536978
 536988
 537016
 537352
 537437
 537645
 537931
 537945
 538282
 538315
 538327
 538391
 538539
 538697
 538750
 538873
 538915
 539092
 539146
 539312
 539344
 539360
 539625
 539799
 540116
 540178
 540303
 540540
 540716
 540945
 540970
 541008
 541023
 541303
 541391
 541493
 541619
 541763
 541982
 542051
 542267
 542312
 542386
 542475
 542667
 542787
 542792
 542857
 542867
 543243
 543244
 543387
 543408
 543520
 543772
 543831
 543855
 543868
 543874
 543897
 543906
 543940
 544067
 544102
 544171
 544245
 544408
 544674
 544713
 544714
 544871
 545226
 545294
 545375
 545423
 545439
 545795
 545844
 545869
 545977
 545983
 546075
 546177
 546333
 546482
 546715
 546762
 546948
 546983
 547023
 547123
 547174
 547213
 547328
 547788
 547910
 547948
 548117
 548162
 548255
 548423
 548456
 548458
 548571
 548609
 548737
 548783
 548827
 548924
 548988
 549109
 549308
 549509
 549542
 549682
 549824
 549886
 549893
 550085
 550451
 550599
 550659
 550766
 550954
 551176
 551234
 551507
 551698
 551709
 551724
 551991
 552026
 552174
 552475
 552519
 552528
 552595
 552623
 552763
 552828
 552934
 552985
 553098
 553189
 553296
 553457
 553459
 553459
 553497
 553605
 553633
 553719
 553789
 553931
 554067
 554079
 554103
 554121
 554216
 554396
 554655
 554677
 554865
 554923
 555111
 555555
 555647
 555689
 555706
 555764
 555922
 556081
 556104
 556159
 556162
 556219
 556222
 556255
 556339
 556451
 556650
 556705
 556830
 556958
 557124
 557251
 557364
 557399
 557456
 557476
 557690
 558028
 558157
 558282
 558529
 558757
 558840
 558929
 559225
 559231
 559497
 559517
 559555
 559562
 559570
 559612
 559717
 559758
 559816
 559865
 559906
 559968
 560121
 560132
 560279
 560427
 560449
 560553
 560700
 560747
 560767
 560836
 561085
 561108
 561111
 561122
 561227
 561248
 561249
 561381
 561403
 561420
 561455
 561524
 561642
 561656
 561752
 561822
 561830
 561834
 561870
 562008
 562107
 562370
 562383
 562425
 562470
 562553
 562582
 562705
 562761
 562903
 562983
 562984
 563311
 563392
 563517
 563605
 563753
 563808
 563876
 564077
 564233
 564364
 564467
 564575
 564601
 564635
 564724
 565121
 565145
 565240
 565335
 565491
 565499
 565634
 565682
 565780
 565785
 565880
 566000
 566023
 566042
 566188
 566293
 566447
 566556
 566563
 566617
 566811
 566871
 566918
 567133
 567223
 567303
 567443
 567632
 567765
 568102
 568447
 568496
 568537
 568662
 568664
 568673
 568765
 568788
 568793
 568871
 568939
 569012
 569126
 569170
 569272
 569377
 569414
 569492
 569503
 569625
 569642
 569732
 569815
 569920
 570077
 570091
 570093
 570391
 570469
 570469
 570525
 570670
 570797
 570851
 570877
 570938
 570964
 571101
 571106
 571143
 571229
 571428
 571469
 571658
 571680
 571692
 571759
 571807
 571807
 571830
 571878
 571984
 572052
 572164
 572775
 572927
 573002
 573093
 573281
 573333
 573333
 573440
 573444
 573655
 573684
 573689
 573718
 573759
 573938
 574013
 574044
 574257
 574413
 574660
 574744
 574830
 574871
 574945
 575070
 575128
 575171
 575171
 575210
 575213
 575374
 575445
 575485
 575539
 575550
 575709
 575734
 575797
 575820
 575967
 575998
 575999
 576323
 576441
 576499
 576536
 576626
 576718
 576740
 576822
 576874
 577132
 577229
 577285
 577299
 577562
 577679
 577728
 577786
 577882
 577918
 578046
 578087
 578724
 578727
 578905
 578935
 579152
 579171
 579171
 579187
 579228
 579352
 579363
 579445
 579569
 579615
 579791
 579964
 580072
 580072
 580229
 580303
 580372
 580375
 580375
 580501
 580513
 580555
 580562
 580666
 580824
 580828
 580854
 581088
 581238
 581391
 581586
 581600
 581677
 581699
 581809
 581937
 581944
 582133
 582159
 582368
 582423
 582570
 583037
 583059
 583214
 583324
 583486
 583666
 583854
 583906
 583934
 584209
 584261
 584305
 584439
 584442
 584456
 584484
 584615
 584666
 584692
 584703
 584859
 584909
 584968
 585185
 585228
 585245
 585342
 585417
 585424
 585425
 585641
 585643
 585657
 585697
 585983
 586153
 586325
 586464
 586511
 586573
 586750
 586776
 586945
 587045
 587056
 587480
 587523
 587562
 587575
 587650
 587810
 587979
 588040
 588173
 588253
 588334
 588427
 588670
 588700
 589090
 589173
 589208
 589225
 589407
 589449
 589743
 589812
 590036
 590130
 590147
 590237
 590299
 590537
 590715
 590865
 590929
 590978
 590990
 591125
 591397
 591402
 591416
 591436
 591930
 592534
 592553
 592711
 592757
 592757
 592885
 593027
 593035
 593056
 593197
 593301
 593346
 593436
 593575
 593616
 593618
 593947
 594041
 594044
 594489
 594501
 594558
 594728
 594769
 594865
 594939
 595015
 595067
 595090
 595152
 595555
 595662
 595850
 596092
 596182
 596336
 596379
 596440
 596505
 596645
 596680
 596997
 597025
 597134
 597164
 597173
 597315
 597322
 597473
 597518
 597690
 597768
 597810
 597889
 598030
 598155
 598158
 598562
 598786
 598838
 598957
 598967
 599060
 599162
 599408
 599539
 599710
 599807
 599897
 600083
 600089
 600135
 600254
 600265
 600283
 600411
 600425
 600446
 600737
 600792
 600797
 600873
 600905
 600987
 601220
 601379
 601637
 601709
 601711
 601853
 601989
 602033
 602094
 602157
 602393
 602494
 602633
 602666
 603001
 603022
 603036
 603044
 603371
 603732
 603759
 603773
 603875
 603937
 604134
 604166
 604187
 604210
 604346
 604368
 604446
 604455
 604466
 604479
 604704
 604781
 604821
 604826
 605067
 605201
 605270
 605349
 605435
 605590
 605734
 605744
 605744
 606153
 606392
 606484
 606542
 606657
 606727
 606741
 606793
 606841
 607061
 607528
 607569
 607626
 608050
 608133
 608177
 608241
 608334
 608469
 608479
 608575
 608611
 609274
 609335
 609387
 609447
 609609
 609674
 609695
 609756
 609871
 610345
 610370
 610458
 610501
 610722
 611015
 611175
 611197
 611272
 611286
 611296
 611458
 611517
 611692
 611812
 611924
 611954
 611961
 611983
 612005
 612103
 612149
 612471
 612509
 612512
 612594
 612604
 612628
 612650
 612707
 612716
 612776
 612957
 612978
 613130
 613138
 613796
 613928
 614038
 614057
 614070
 614083
 614135
 614365
 614449
 614503
 614588
 614601
 614671
 614718
 614725
 614816
 615138
 615259
 615275
 615311
 615322
 615331
 615343
 615384
 615588
 616532
 616631
 616696
 616928
 616929
 617084
 617139
 617623
 617712
 617760
 617883
 617980
 618004
 618019
 618187
 618208
 618210
 618219
 618249
 618307
 618327
 618341
 618556
 618774
 618919
 619238
 619252
 619266
 619348
 619499
 619671
 619673
 619703
 619745
 620002
 620048
 620668
 620854
 620928
 621101
 621109
 621174
 621227
 621230
 621245
 621246
 621391
 621397
 621581
 621613
 621692
 621706
 621826
 621967
 622080
 622161
 622163
 622206
 622504
 622618
 622638
 622722
 622828
 622857
 623070
 623100
 623106
 623117
 623307
 623318
 623411
 623468
 623470
 623682
 623838
 624185
 624209
 624391
 624431
 624570
 625004
 625439
 625469
 625485
 625634
 625777
 625797
 625827
 625959
 626072
 626181
 626297
 626321
 626487
 626521
 626523
 626533
 626652
 626723
 626780
 626814
 626832
 626937
 626968
 627029
 627041
 627069
 627520
 627623
 627873
 628173
 628211
 628290
 628425
 628491
 628893
 628937
 628977
 629142
 629174
 629179
 629276
 629474
 629474
 629503
 629609
 629629
 629681
 629940
 629942
 630050
 630085
 630264
 630652
 630756
 630925
 631158
 631221
 631224
 631257
 631300
 631323
 631337
 631370
 631374
 631431
 631458
 631578
 631578
 631580
 631641
 631725
 631732
 631744
 631867
 631918
 632044
 632124
 632144
 632156
 632204
 632341
 632357
 632427
 632506
 632807
 632858
 633014
 633190
 633395
 633412
 633617
 633650
 633788
 633885
 634046
 634223
 634233
 634448
 634501
 634710
 634841
 634850
 634854
 634867
 635260
 635260
 635549
 635603
 635712
 635891
 635953
 636064
 636158
 636363
 636514
 636520
 636553
 636819
 636884
 636890
 636916
 637050
 637104
 637251
 637321
 637352
 637445
 637559
 637747
 637770
 637777
 637795
 637831
 637879
 638018
 638121
 638191
 638233
 638279
 638340
 638472
 638503
 638513
 638571
 638762
 638788
 638913
 639002
 639066
 639191
 639238
 639400
 639503
 639800
 639803
 639844
 639910
 639930
 640046
 640086
 640240
 640378
 640444
 640490
 640561
 640585
 640597
 640729
 640797
 640910
 641019
 641029
 641098
 641148
 641200
 641201
 641269
 641284
 641342
 641395
 641546
 641554
 641715
 641749
 641779
 641861
 641998
 642021
 642193
 642460
 642469
 642479
 642599
 642619
 642665
 642758
 642967
 643049
 643062
 643083
 643137
 643314
 643564
 643598
 643675
 643693
 643716
 643746
 643841
 643853
 644022
 644035
 644086
 644221
 644597
 644848
 644859
 644984
 645203
 645290
 645331
 645374
 645429
 645547
 645754
 645998
 646001
 646004
 646209
 646369
 646739
 646848
 646918
 646962
 647089
 647169
 647188
 647566
 647661
 647685
 647697
 647743
 647850
 647908
 647944
 647945
 648014
 648291
 648581
 648596
 648611
 648622
 648926
 649276
 649344
 649408
 649414
 649472
 649512
 649529
 649573
 649681
 649686
 649764
 649799
 649837
 649863
 649895
 650016
 650124
 650125
 650375
 650418
 650471
 650579
 650864
 650963
 651016
 651085
 651107
 651176
 651483
 651578
 651770
 651822
 651956
 652134
 652173
 652520
 652544
 652553
 652680
 652694
 652711
 652738
 652779
 652859
 652937
 653231
 653433
 653512
 653579
 653625
 653682
 653696
 653847
 653915
 654094
 654283
 654454
 654555
 654603
 654679
 654755
 654812
 654887
 654982
 655076
 655093
 655152
 655205
 655445
 655474
 655492
 655560
 655727
 655833
 655848
 655899
 655900
 656059
 656203
 656265
 656364
 656379
 656441
 656451
 656454
 656505
 656571
 656597
 656616
 656626
 656710
 656885
 656947
 656953
 656973
 657109
 657142
 657182
 657487
 657620
 657623
 657776
 657926
 658034
 658457
 658630
 658826
 659017
 659027
 659095
 659192
 659220
 659574
 659754
 659757
 659791
 659838
 659972
 660183
 660228
 660445
 660638
 660690
 660702
 660861
 660942
 661184
 661279
 661417
 661661
 661670
 661682
 661709
 661832
 661879
 661911
 661983
 662006
 662057
 662082
 662180
 662504
 662672
 662713
 662753
 662815
 662863
 662869
 662921
 662998
 663004
 663231
 663282
 663372
 663437
 663644
 663648
 663886
 663903
 664007
 664299
 664449
 664480
 664598
 664626
 664777
 664846
 665273
 665279
 665399
 665455
 665660
 665730
 665847
 666058
 666108
 666291
 666515
 666630
 666666
 666666
 666666
 666689
 666747
 666799
 666861
 667025
 667132
 667339
 667477
 667643
 667681
 667694
 667906
 668041
 668110
 668179
 668274
 668334
 668457
 668494
 668689
 668728
 668965
 669052
 669148
 669257
 669259
 669462
 669525
 669930
 670032
 670339
 670346
 670445
 670564
 670597
 670756
 670921
 670937
 671168
 671316
 671342
 671397
 671532
 671546
 671575
 671865
 671896
 671929
 672053
 672290
 672404
 672417
 672507
 672936
 673003
 673121
 673173
 673176
 673267
 673354
 673469
 673525
 673585
 673716
 673806
 673953
 674039
 674056
 674072
 674315
 674475
 674487
 674782
 674945
 675064
 675170
 675194
 675196
 675213
 675391
 675409
 675414
 675487
 675612
 675663
 675752
 675789
 675834
 675916
 675944
 676086
 676104
 676129
 676235
 676276
 676286
 676526
 676655
 676695
 676739
 676997
 677028
 677047
 677095
 677168
 677291
 677318
 677411
 677486
 677590
 677893
 678210
 678247
 678263
 678549
 678592
 678847
 679102
 679357
 679362
 679501
 679586
 679820
 680070
 680083
 680145
 680239
 680387
 680472
 680604
 680745
 680800
 680816
 680878
 681079
 681133
 681197
 681356
 681358
 681399
 681520
 681542
 681826
 681955
 682101
 682269
 682283
 682398
 682405
 682503
 682842
 682994
 683081
 683332
 683333
 683393
 683456
 683489
 683640
 683724
 683754
 683797
 683799
 683848
 683870
 684002
 684300
 684380
 684381
 684388
 684765
 684785
 684791
 684931
 684982
 685002
 685203
 685204
 685461
 685619
 685750
 685989
 686099
 686241
 686460
 686541
 686583
 686677
 686687
 686896
 686908
 686933
 687381
 687517
 687735
 687933
 688063
 688155
 688209
 688307
 688327
 688486
 688589
 688781
 688876
 688892
 688927
 688961
 688996
 689043
 689094
 689212
 689221
 689251
 689620
 689837
 689891
 689909
 689956
 690095
 690248
 690326
 690339
 690353
 690418
 690617
 690909
 690909
 690915
 690955
 691066
 691099
 691124
 691297
 691411
 691684
 692094
 692197
 692225
 692266
 692277
 692307
 692474
 692497
 692688
 692762
 692808
 692811
 692838
 692995
 693102
 693333
 693412
 693430
 693467
 693867
 693874
 693875
 693983
 694346
 694460
 694508
 694563
 694628
 694744
 694749
 694772
 694829
 694915
 695031
 695188
 695364
 695447
 695819
 695835
 695871
 695912
 695984
 696093
 696192
 696313
 696435
 696649
 696727
 696813
 697029
 697056
 697097
 697211
 697214
 697320
 697430
 697600
 697722
 697787
 697868
 697877
 697910
 697955
 698259
 698300
 698412
 698596
 698617
 698641
 698666
 698668
 698747
 698814
 698992
 699154
 699237
 699546
 699554
 699589
 699624
 699696
 699707
 699800
 699808
 699842
 699859
 700200
 700211
 700385
 700401
 700421
 700429
 700498
 700606
 700744
 700800
 700829
 700874
 700904
 700909
 701143
 701356
 701393
 701464
 701514
 701589
 701634
 701754
 701786
 701916
 701924
 701940
 702324
 702457
 702532
 702683
 702754
 702875
 702908
 702919
 703051
 703065
 703247
 703327
 703391
 703459
 703656
 703661
 703756
 703862
 703910
 703919
 703929
 703935
 704188
 704266
 704477
 704530
 704548
 704604
 704933
 705160
 705219
 705310
 705324
 705509
 705514
 705516
 705814
 705921
 706027
 706036
 706115
 706160
 706233
 706289
 706374
 706440
 706468
 706561
 706615
 706753
 706948
 706976
 706996
 707070
 707228
 707462
 707647
 707670
 707782
 708086
 708434
 708498
 708566
 708644
 708800
 708825
 708879
 708897
 709051
 709159
 709191
 709217
 709416
 709677
 710087
 710170
 710215
 710388
 710410
 710426
 710441
 710465
 710514
 710636
 710650
 710775
 710861
 710871
 710891
 710982
 711093
 711173
 711311
 711350
 711353
 711403
 711439
 711808
 711852
 711864
 711947
 712562
 712790
 712818
 712896
 713086
 713193
 713268
 713322
 713328
 713344
 713375
 713376
 713424
 713441
 713473
 713508
 713567
 713757
 713961
 713965
 714030
 714168
 714285
 714316
 714410
 714460
 714479
 714631
 714771
 714832
 714966
 715289
 715515
 715551
 715565
 715662
 715938
 716136
 716357
 716470
 716502
 716823
 716889
 717001
 717026
 717051
 717063
 717281
 717405
 717423
 717523
 717643
 717801
 717870
 718042
 718044
 718269
 718444
 718671
 718717
 718828
 719179
 719581
 719592
 719597
 719599
 719649
 719720
 719911
 720058
 720091
 720203
 720242
 720384
 720408
 720435
 720574
 720595
 720711
 721033
 721035
 721043
 721127
 721212
 721285
 721351
 721393
 721467
 721477
 721533
 721555
 721689
 721711
 721791
 721809
 721869
 722229
 722347
 722605
 722687
 722696
 722842
 722843
 722878
 722911
 722936
 723056
 723093
 723306
 723329
 723620
 723965
 723982
 723997
 724002
 724137
 724137
 724180
 724355
 724409
 724472
 724503
 724514
 724603
 724672
 724793
 724883
 725132
 725166
 725173
 725230
 725545
 725973
 726017
 726132
 726190
 726439
 726484
 726507
 726554
 726587
 726777
 726917
 726987
 727107
 727224
 727272
 727491
 727520
 727525
 727824
 728050
 728054
 728089
 728160
 728416
 728604
 728609
 728812
 728836
 728837
 728872
 728896
 728916
 728938
 728987
 729009
 729419
 729477
 729539
 729596
 729636
 729686
 729759
 729784
 729867
 729912
 730200
 730202
 730278
 730519
 730531
 730559
 730630
 730718
 730806
 730838
 730887
 730921
 731062
 731178
 731182
 731236
 731307
 731472
 731526
 731746
 731969
 731977
 732058
 732158
 732187
 732318
 732455
 732537
 732773
 732848
 732865
 732917
 733084
 733116
 733134
 733316
 733333
 733370
 733565
 733852
 733944
 734015
 734042
 734126
 735260
 735288
 735342
 735403
 735595
 735675
 735867
 735893
 736005
 736082
 736263
 736304
 736448
 736559
 736673
 736728
 736768
 736866
 736972
 737044
 737426
 737870
 738022
 738058
 738069
 738148
 738375
 738393
 738564
 738840
 738901
 738912
 738934
 739029
 739249
 739549
 739789
 739900
 740021
 740090
 740203
 740211
 740226
 740442
 740488
 740540
 740628
 741072
 741210
 741436
 741512
 741513
 741527
 741625
 742221
 742233
 742625
 742645
 742701
 742722
 742765
 742768
 742857
 742994
 743061
 743684
 743694
 743718
 743903
 743940
 744060
 744270
 744549
 744678
 744697
 744811
 744940
 745003
 745101
 745222
 745618
 745667
 745818
 745885
 745910
 745918
 746171
 746325
 746360
 746364
 746499
 746549
 746599
 746794
 747043
 747068
 747336
 747401
 747443
 747456
 747474
 747731
 748082
 748148
 748430
 748629
 748712
 748768
 748822
 748823
 748927
 748996
 749142
 749227
 749358
 749718
 749856
 750080
 750087
 750106
 750113
 750114
 750416
 750428
 750467
 750516
 750538
 750546
 750929
 751129
 751308
 751412
 751430
 751461
 751462
 751653
 751673
 751712
 751754
 751803
 751806
 751868
 751896
 751926
 751941
 751948
 751999
 752136
 752196
 752341
 752462
 752475
 752550
 752768
 753012
 753031
 753044
 753120
 753206
 753309
 753394
 753546
 753623
 753692
 753810
 753923
 753984
 753985
 754054
 754140
 754276
 754620
 754851
 754858
 755060
 755062
 755259
 755287
 755608
 755696
 756024
 756028
 756060
 756062
 756219
 756222
 756232
 756277
 756321
 756345
 756499
 756756
 756887
 757092
 757168
 757224
 757635
 757678
 757710
 757827
 757872
 758034
 758096
 758103
 758166
 758169
 758335
 758581
 758652
 758813
 758847
 758941
 758957
 759513
 759541
 759624
 759639
 759651
 759857
 759879
 759947
 760010
 760157
 760185
 760276
 760302
 760345
 760386
 760400
 760436
 760533
 760794
 760821
 760930
 761037
 761059
 761209
 761365
 761483
 761627
 761659
 761758
 761767
 761768
 762161
 762205
 762205
 762366
 762394
 762415
 762419
 762437
 762471
 762725
 762730
 762803
 762835
 763002
 763225
 763501
 763659
 763704
 763733
 763768
 763940
 763996
 764076
 764275
 764385
 764524
 764647
 764864
 764914
 764959
 764968
 765001
 765018
 765108
 765109
 765131
 765253
 765286
 765443
 765541
 765602
 765619
 765638
 765843
 765884
 765957
 765976
 766145
 766234
 766275
 766293
 766323
 766408
 766438
 766519
 766539
 766608
 766848
 766938
 767051
 767137
 767225
 767249
 767317
 767431
 767523
 767533
 767611
 767645
 767809
 767877
 768010
 768472
 768548
 768613
 768807
 768828
 769202
 769301
 769330
 769509
 769710
 769741
 769746
 769778
 769828
 769997
 770083
 770129
 770220
 770223
 770338
 770461
 770477
 770515
 770645
 770697
 770732
 770751
 770808
 770868
 770881
 771028
 771030
 771324
 771340
 771653
 771906
 772079
 772158
 772243
 772325
 772347
 772357
 772427
 772507
 772771
 772897
 773004
 773058
 773142
 773179
 773226
 773312
 773314
 773346
 773349
 773517
 773534
 773584
 773651
 773728
 773826
 773827
 773831
 773988
 774073
 774213
 774340
 774351
 774418
 774783
 774832
 774892
 774967
 774974
 775043
 775129
 775206
 775322
 775466
 775483
 775817
 775884
 775952
 776028
 776034
 776146
 776356
 776361
 776362
 776377
 776445
 776536
 776820
 776834
 776961
 776982
 777163
 777313
 777576
 777716
 777895
 778052
 778057
 778195
 778296
 778309
 778315
 778437
 778443
 778534
 778570
 778625
 778664
 778697
 778887
 778978
 779204
 779220
 779224
 779236
 779516
 779552
 779921
 780176
 780229
 780332
 780363
 780398
 780403
 780409
 780415
 780477
 780510
 780511
 780568
 780577
 781033
 781147
 781250
 781616
 781717
 781726
 781799
 781860
 781902
 781988
 782027
 782056
 782061
 782096
 782158
 782242
 782546
 782602
 782608
 782608
 782731
 782779
 782804
 782879
 783040
 783244
 783285
 783410
 783437
 783613
 783981
 783992
 783998
 784142
 784205
 784229
 784357
 784517
 784588
 784603
 784764
 784872
 785066
 785265
 785365
 785529
 785617
 785686
 785817
 785837
 785959
 785973
 786294
 786311
 786351
 786377
 786423
 786469
 786547
 786567
 786866
 787575
 787625
 787684
 787752
 787805
 787881
 787889
 787924
 788156
 788163
 788171
 788235
 788306
 788365
 788386
 788680
 788871
 789109
 789242
 789335
 789751
 789812
 789959
 789973
 790220
 790258
 790273
 790291
 790298
 790417
 790484
 790594
 790613
 790668
 790669
 790886
 791061
 791171
 791268
 791710
 791720
 791832
 791877
 791939
 792023
 792026
 792112
 792200
 792386
 792457
 792549
 792606
 792771
 792945
 792973
 793298
 793364
 793383
 793554
 793748
 793763
 793782
 793783
 794085
 794117
 794213
 794298
 794346
 794352
 794369
 794405
 794627
 794701
 794801
 794917
 794979
 794987
 795125
 795160
 795164
 795189
 795334
 795391
 795403
 795472
 795695
 795826
 795884
 796054
 796163
 796189
 796325
 796376
 796724
 796823
 797342
 797751
 797910
 797912
 798074
 798210
 798252
 798360
 798525
 798748
 798813
 798822
 798918
 799013
 799273
 799371
 799397
 799410
 799425
 799572
 799897
 799946
 799999
 800054
 800091
 800187
 800322
 800384
 800747
 800869
 800899
 800927
 800966
 801009
 801109
 801314
 801415
 801530
 801587
 801598
 801669
 801718
 801750
 801936
 801963
 801991
 802167
 802188
 802207
 802225
 802348
 802371
 802441
 802502
 802675
 802913
 802989
 803018
 803108
 803258
 803288
 803522
 803536
 803688
 803781
 803937
 804179
 804226
 804384
 804437
 804481
 804532
 804594
 804594
 804606
 805005
 805128
 805130
 805168
 805248
 805384
 805453
 805517
 805562
 805784
 805885
 806171
 806222
 806231
 806313
 806386
 806412
 806451
 806467
 806560
 806596
 806709
 806711
 806870
 806919
 806941
 806984
 806988
 807100
 807123
 807337
 807350
 807412
 807438
 807587
 807616
 807909
 807943
 808535
 808555
 808559
 808663
 808664
 808703
 808835
 808845
 809016
 809157
 809185
 809286
 809303
 809550
 809585
 809782
 809815
 809940
 809977
 810120
 810126
 810337
 810506
 810558
 810643
 810647
 810650
 810902
 810916
 810990
 811098
 811113
 811272
 811511
 811628
 811680
 811681
 811881
 811903
 812015
 812061
 812135
 812400
 812472
 812480
 812481
 812519
 812549
 812613
 812629
 812725
 812743
 812762
 812904
 813147
 813289
 813374
 813494
 813602
 813641
 813767
 813892
 813896
 813986
 814045
 814064
 814070
 814150
 814252
 814321
 814546
 814547
 814621
 814668
 814717
 814808
 814843
 814888
 814958
 815157
 815170
 815314
 815326
 815417
 815418
 815445
 815825
 815870
 816018
 816023
 816058
 816075
 816182
 816306
 816389
 816554
 816901
 816956
 817044
 817119
 817124
 817144
 817221
 817430
 817554
 817578
 817629
 817750
 817779
 817784
 817960
 817985
 817989
 818001
 818020
 818051
 818096
 818129
 818181
 818475
 818477
 818488
 818571
 818662
 818783
 818790
 818833
 819003
 819023
 819133
 819177
 819189
 819327
 819338
 819357
 819360
 819383
 819404
 819433
 819509
 819514
 819523
 819558
 819695
 819884
 820014
 820019
 820135
 820265
 820432
 820512
 820589
 820684
 820757
 821089
 821102
 821305
 821405
 821473
 821532
 821538
 821565
 821584
 821615
 821656
 821719
 821724
 821780
 821786
 821837
 821910
 822264
 822298
 822299
 822321
 822505
 822556
 822574
 822641
 822715
 822947
 823219
 823264
 823303
 823325
 823376
 823431
 823590
 823616
 823641
 823698
 823799
 823906
 823971
 824267
 824350
 824406
 824466
 824561
 824737
 824791
 824957
 824965
 825039
 825174
 825199
 825219
 825285
 825369
 825425
 825521
 825638
 825784
 825889
 825960
 826003
 826350
 826484
 826587
 826637
 826651
 826765
 826990
 826993
 827018
 827126
 827136
 827339
 827420
 827492
 827498
 827531
 827537
 827857
 827868
 827898
 827911
 827991
 828184
 828318
 828337
 828351
 828382
 828433
 828473
 828877
 828889
 828991
 829166
 829388
 829420
 829472
 829614
 829647
 829789
 829937
 829947
 830006
 830074
 830134
 830157
 830191
 830334
 831156
 831173
 831207
 831255
 831359
 831403
 831474
 831824
 831873
 832310
 832313
 832359
 832402
 832443
 832556
 832562
 832695
 832756
 833062
 833145
 833175
 833299
 833333
 833414
 833540
 833882
 833918
 833941
 834004
 834144
 834144
 834160
 834292
 834354
 834536
 834586
 834606
 835037
 835110
 835277
 835595
 835704
 835963
 836103
 836110
 836198
 836383
 836618
 836641
 836694
 836707
 836766
 836890
 836927
 836966
 836967
 837135
 837248
 837255
 837365
 837551
 837649
 837747
 837812
 837837
 837913
 837972
 837974
 838100
 838323
 838351
 838401
 838644
 838770
 838802
 838824
 838862
 838967
 839092
 839160
 839236
 839287
 839501
 839541
 839545
 839983
 840008
 840043
 840047
 840236
 840251
 840278
 840492
 840568
 840590
 840974
 841126
 841194
 841729
 841842
 841872
 841899
 842131
 842238
 842290
 842372
 842513
 842529
 842815
 842915
 842975
 843041
 843047
 843138
 843555
 843750
 843780
 843914
 843975
 844024
 844094
 844127
 844143
 844169
 844230
 844578
 844593
 844619
 844676
 844798
 844901
 845324
 845373
 845602
 845688
 845712
 845831
 845863
 845927
 846153
 846153
 846201
 846259
 846291
 846310
 846355
 846365
 846458
 846536
 846553
 846591
 846608
 846666
 847068
 847122
 847150
 847539
 847642
 847658
 847855
 847886
 847937
 848046
 848124
 848182
 848336
 848349
 848389
 848389
 848554
 848758
 849070
 849090
 849286
 849389
 849480
 849523
 849659
 849661
 849745
 850007
 850267
 850327
 850327
 850432
 850447
 850470
 850476
 850720
 850746
 850777
 850914
 851211
 851240
 851329
 851392
 851439
 851443
 851528
 851639
 851717
 851867
 852173
 852173
 852355
 852435
 852501
 852524
 852652
 852925
 853179
 853209
 853261
 853450
 853520
 853576
 853658
 853791
 853817
 853896
 854158
 854258
 854492
 854515
 854545
 854555
 854584
 854811
 854852
 854870
 854947
 855029
 855052
 855056
 855082
 855202
 855305
 855387
 855555
 855727
 855820
 855838
 855841
 856058
 856185
 856205
 856232
 856286
 856336
 856338
 856459
 856709
 856783
 856931
 857048
 857142
 857142
 857263
 857348
 857350
 857370
 857406
 857417
 857516
 857525
 857689
 857711
 857732
 857821
 857851
 857929
 857968
 858073
 858245
 858485
 858625
 858659
 859049
 859453
 859787
 859884
 860422
 860529
 860666
 860706
 860738
 860778
 860911
 860931
 861117
 861133
 861138
 861146
 861271
 861329
 861386
 861470
 861521
 861574
 861775
 861808
 861825
 862044
 862114
 862204
 862271
 862638
 862675
 862827
 862978
 863033
 863034
 863135
 863177
 863338
 863417
 863602
 863650
 863873
 863965
 864022
 864274
 864357
 864367
 864436
 864454
 864487
 864609
 864818
 864864
 864864
 864924
 865035
 865161
 865191
 865536
 865628
 865654
 865742
 865771
 865948
 865976
 866180
 866221
 866249
 866306
 866439
 866666
 866683
 866755
 866804
 866845
 867115
 867314
 867558
 867573
 867924
 868133
 868161
 868230
 868309
 868314
 868330
 868349
 868555
 868672
 868685
 868756
 868881
 868933
 868937
 869047
 869065
 869298
 869336
 869413
 869428
 869483
 869565
 869619
 869681
 869718
 869840
 869948
 870247
 870418
 870421
 870450
 870564
 870571
 870640
 870683
 870787
 870789
 870823
 871014
 871111
 871626
 871664
 871730
 872314
 872340
 872383
 872409
 872410
 872458
 872591
 872653
 872767
 872792
 872806
 872933
 873096
 873139
 873369
 873589
 873687
 873740
 873817
 873873
 873888
 874015
 874285
 874551
 874647
 874666
 874972
 875176
 875275
 875518
 875834
 875835
 875891
 875939
 876015
 876274
 876381
 876595
 876699
 876848
 877062
 877126
 877128
 877175
 877192
 877340
 877348
 877349
 877531
 877700
 877789
 877795
 877811
 877941
 878008
 878053
 878070
 878211
 878216
 878304
 878465
 878490
 878593
 878598
 878766
 878889
 878899
 878966
 879333
 879402
 879558
 879702
 879705
 879748
 879966
 879969
 879972
 880034
 880082
 880122
 880202
 880260
 880265
 880277
 880613
 880713
 880724
 880826
 880841
 880843
 880866
 880910
 880933
 880991
 881045
 881155
 881167
 881319
 881328
 881418
 881506
 881991
 882064
 882096
 882151
 882438
 882505
 882541
 882716
 882759
 882778
 882924
 883422
 883509
 883564
 883619
 883713
 883760
 883875
 883976
 884063
 884111
 884240
 884444
 884490
 884524
 884533
 884640
 884677
 884711
 884761
 884855
 885087
 885221
 885300
 885635
 885793
 885936
 885943
 885950
 885995
 886147
 886275
 886581
 886609
 886878
 887112
 887120
 887206
 887279
 887378
 887386
 887401
 887422
 887428
 887467
 887474
 887488
 887565
 887578
 887591
 887730
 887843
 887902
 887911
 888111
 888289
 888336
 888489
 888623
 888888
 888888
 889061
 889122
 889135
 889140
 889319
 889366
 889391
 889434
 889443
 889602
 889755
 889816
 889872
 890000
 890301
 890579
 890799
 890831
 890838
 890841
 890885
 890974
 891250
 891381
 891383
 891411
 891468
 891490
 891611
 891615
 891808
 891891
 891898
 891956
 892116
 892192
 892211
 892317
 892427
 892530
 892544
 892626
 892699
 892730
 892740
 892746
 892831
 892845
 893176
 893235
 893333
 893369
 893371
 893635
 893692
 893736
 893754
 893924
 894074
 894157
 894179
 894237
 894287
 894736
 894842
 894910
 894941
 894974
 895085
 895177
 895334
 895470
 895510
 895591
 895636
 895673
 895679
 895727
 895749
 896057
 896104
 896228
 896421
 896480
 896482
 896530
 896565
 896637
 896653
 896656
 896657
 896665
 896794
 896841
 896844
 896860
 896885
 896956
 897003
 897024
 897033
 897180
 897229
 897458
 897652
 897659
 897689
 897725
 897755
 897810
 898229
 898263
 898282
 898288
 898358
 898466
 898484
 898661
 898698
 898704
 898734
 898864
 898985
 898987
 899108
 899154
 899246
 899300
 899420
 899595
 899761
 899797
 899882
 899901
 899965
 900180
 900240
 900287
 900385
 900763
 900790
 900900
 900990
 901009
 901086
 901098
 901470
 901525
 901530
 901611
 901779
 901846
 901879
 901960
 902087
 902288
 902367
 902439
 902455
 902612
 902711
 902735
 902740
 902900
 902999
 903160
 903216
 903225
 903262
 903330
 903547
 903649
 903657
 904006
 904109
 904186
 904244
 904409
 904589
 904646
 904686
 904721
 904752
 904817
 904934
 905003
 905193
 905198
 905476
 905521
 905525
 905694
 906033
 906178
 906247
 906303
 906394
 906480
 906530
 906646
 906787
 906872
 906885
 907097
 907110
 907139
 907309
 907346
 907486
 907654
 907865
 908236
 908467
 908660
 908813
 908985
 908988
 909035
 909090
 909090
 909246
 909324
 909414
 909537
 909598
 909623
 909693
 909755
 909972
 910014
 910152
 910223
 910550
 910793
 910832
 910891
 910960
 911063
 911158
 911468
 911719
 911748
 911778
 911787
 912048
 912148
 912208
 912243
 912371
 912560
 912650
 912672
 912686
 912742
 912760
 912927
 912993
 913043
 913063
 913110
 913140
 913372
 913388
 913402
 913402
 913492
 913508
 913544
 913663
 913976
 914076
 914126
 914168
 914178
 914191
 914215
 914283
 914297
 914457
 914561
 914601
 914695
 914707
 914742
 914770
 914975
 915083
 915099
 915226
 915264
 915270
 915433
 915602
 915740
 915915
 915933
 915956
 916030
 916088
 916136
 916163
 916298
 916371
 916417
 916530
 916611
 916761
 916932
 917129
 917211
 917470
 917513
 917523
 917544
 917589
 917616
 917634
 917867
 918765
 918781
 918793
 918867
 918901
 918918
 918987
 919040
 919057
 919119
 919136
 919188
 919346
 919443
 919490
 919744
 919748
 919768
 919837
 919985
 920019
 920109
 920127
 920148
 920247
 920262
 920331
 920460
 920517
 920594
 920651
 920704
 920731
 921095
 921203
 921270
 921280
 921376
 921465
 921467
 921596
 921850
 921887
 922040
 922074
 922142
 922207
 922231
 922262
 922402
 922421
 922538
 922615
 922635
 922806
 922823
 922935
 923061
 923066
 923506
 923612
 923632
 923778
 923819
 923913
 924026
 924050
 924073
 924088
 924162
 924168
 924342
 924429
 924586
 924698
 924750
 924759
 924819
 924921
 925035
 925091
 925114
 925123
 925233
 925248
 925280
 925297
 925342
 925607
 925634
 925786
 925868
 926064
 926083
 926120
 926175
 926176
 926515
 926568
 926583
 926748
 926980
 927210
 927245
 927579
 927664
 927868
 927877
 927937
 927987
 928025
 928170
 928615
 928647
 928702
 928854
 928975
 929129
 929141
 929262
 929391
 929442
 929502
 929617
 929739
 929760
 929762
 929875
 929964
 930022
 930048
 930086
 930267
 930326
 930513
 930566
 930568
 930857
 930863
 930902
 931164
 931203
 931259
 931503
 931586
 931644
 931730
 931863
 931961
 932005
 932019
 932035
 932461
 932491
 932541
 932610
 932633
 932847
 932885
 933051
 933210
 933267
 933277
 933359
 933458
 933477
 933656
 933747
 933866
 934439
 934544
 934659
 934744
 934760
 934761
 934848
 935119
 935131
 935194
 935218
 935375
 935418
 935494
 935695
 935725
 935766
 935798
 935798
 935836
 935933
 935979
 935983
 936062
 936074
 936449
 936671
 936744
 936804
 936819
 936918
 937124
 937171
 937271
 937280
 937385
 937400
 937412
 937507
 937768
 937848
 937887
 937905
 937905
 937982
 937984
 938006
 938113
 938219
 938288
 938380
 938403
 938403
 938419
 938567
 938612
 938669
 938716
 938806
 938872
 938920
 938968
 939027
 939050
 939092
 939187
 939305
 939362
 939388
 939442
 939491
 939656
 939670
 939711
 939738
 939804
 939949
 940228
 940293
 940425
 940478
 940653
 940706
 940868
 941114
 941373
 941618
 941688
 941700
 941775
 941895
 941954
 941984
 942116
 942307
 942345
 942372
 942468
 942509
 942730
 942770
 942885
 943100
 943163
 943209
 943224
 943298
 943343
 943434
 943457
 943517
 943556
 943689
 943740
 943782
 943836
 944010
 944099
 944110
 944207
 944304
 944321
 944421
 944424
 944572
 944713
 944769
 944804
 944873
 945271
 945348
 945489
 945566
 945607
 945610
 945611
 945864
 945912
 945931
 945945
 945994
 946034
 946064
 946122
 946138
 946326
 946876
 946882
 946902
 946990
 947242
 947267
 947368
 947552
 947598
 947780
 947980
 948095
 948164
 948197
 948831
 948967
 949103
 949203
 949215
 949266
 949268
 949313
 949338
 949436
 949484
 949494
 949640
 949691
 949723
 949755
 949874
 949920
 950000
 950402
 950516
 950748
 950838
 950971
 951048
 951060
 951293
 951319
 951417
 951522
 951585
 951670
 951875
 952013
 952016
 952027
 952058
 952283
 952376
 952399
 952419
 952540
 952586
 952618
 952618
 953236
 953316
 953442
 953480
 953488
 953488
 953515
 953678
 953711
 953726
 953899
 953909
 953985
 954127
 954180
 954271
 954343
 954382
 954489
 954684
 954703
 954779
 954784
 954825
 954841
 954861
 955041
 955041
 955046
 955116
 955182
 955412
 955468
 955629
 955879
 955925
 955990
 956030
 956087
 956282
 956304
 956474
 956662
 956677
 956684
 956701
 956834
 957012
 957109
 957289
 957334
 957363
 957407
 957420
 957446
 957489
 957598
 957694
 957746
 957834
 957876
 957950
 957955
 958074
 958144
 958245
 958368
 958601
 958631
 958642
 958804
 958958
 958963
 958978
 959038
 959047
 959072
 959197
 959501
 959561
 959610
 959660
 959866
 959914
 959925
 960071
 960153
 960183
 960217
 960414
 960664
 960784
 960991
 961047
 961182
 961334
 961533
 961590
 961592
 961743
 961761
 961783
 961849
 961926
 961994
 962027
 962389
 962482
 962507
 962580
 962591
 962643
 963002
 963032
 963324
 963476
 963749
 963811
 963829
 963937
 963993
 964168
 964304
 964433
 964523
 964570
 964661
 964750
 964899
 964912
 965043
 965079
 965099
 965119
 965130
 965172
 965480
 965536
 965556
 965767
 966003
 966067
 966184
 966270
 966386
 966402
 966584
 966729
 967123
 967294
 967352
 967435
 967457
 967525
 967829
 967854
 967907
 968063
 968066
 968080
 968257
 968296
 968325
 968346
 968596
 968599
 968610
 968702
 968713
 968773
 968782
 968816
 968950
 968998
 969018
 969019
 969072
 969107
 969339
 969736
 970091
 970218
 970373
 970394
 970595
 970661
 970833
 970992
 971014
 971014
 971021
 971063
 971085
 971114
 971188
 971526
 971769
 971823
 971886
 971918
 971990
 972007
 972136
 972274
 972685
 972762
 972780
 972789
 972906
 972934
 973120
 973289
 973333
 973451
 973493
 973567
 974264
 974302
 974327
 974347
 974399
 974425
 974574
 974729
 974741
 974817
 974842
 974951
 974961
 975229
 975229
 975233
 975492
 975604
 975661
 975691
 975733
 975888
 975958
 976065
 976143
 976279
 976399
 976406
 976454
 976529
 976553
 976750
 976778
 977137
 977241
 977254
 977392
 977890
 977917
 977934
 978180
 978195
 978257
 978300
 978376
 978567
 978578
 978638
 978851
 979070
 979072
 979081
 979081
 979127
 979149
 979172
 979178
 979208
 979264
 979414
 979441
 979591
 979676
 979852
 979998
 980127
 980230
 980512
 980601
 980613
 980716
 980729
 980751
 980781
 980850
 980943
 981051
 981085
 981170
 981354
 981538
 982208
 982208
 982209
 982279
 982345
 982364
 982547
 982792
 982990
 983067
 983085
 983231
 983269
 983294
 983535
 983847
 983914
 984120
 984474
 984520
 984550
 984552
 984639
 984659
 984753
 984879
 984942
 985443
 985480
 985545
 985581
 985692
 985696
 985778
 985801
 986005
 986086
 986248
 986290
 986636
 986889
 987193
 987234
 987321
 987350
 987396
 987464
 987491
 987851
 987975
 988091
 988137
 988140
 988257
 988336
 988351
 988487
 988625
 988638
 988738
 988912
 988968
 989069
 989071
 989371
 989873
 990306
 990369
 990424
 990503
 990555
 990582
 990627
 990646
 991029
 991031
 991089
 991166
 991320
 991341
 991348
 991359
 991452
 991461
 991596
 991724
 991816
 991933
 992125
 992189
 992231
 992240
 992457
 992642
 992686
 992756
 992772
 992848
 992887
 993019
 993204
 993309
 993399
 993469
 993488
 993685
 993973
 994133
 994226
 994236
 994298
 994338
 994387
 994894
 994911
 994982
 995000
 995043
 995072
 995381
 995433
 995451
 995737
 995744
 995786
 995834
 995841
 995859
 995941
 996150
 996192
 996262
 996472
 996591
 996608
 996701
 996815
 997011
 997176
 997179
 997233
 997284
 997376
 997565
 997736
 997870
 997964
 998114
 998132
 998153
 998173
 998207
 998310
 998357
 998577
 998686
 998712
 998788
 998813
 998902
 998945
 999056
 999116
 999202
 999205
 999240
 999242
 999305
 999455
 999610
 999853
 999913
 