10
 111
 176
 178
 188
 266
 388
 443
 513
 558
 623
 646
 653
 672
 740
 840
 985
 1012
 1132
 1168
 1245
 1378
 1625
 1697
 1822
 1884
 1919
 2012
 2196
 2258
 2312
 2396
 2458
 2497
 2513
 2936
 3063
 3139
 3155
 3362
 3404
 3434
 3529
 3668
 3710
 4122
 4231
 4292
 4396
 4472
 4689
 4753
 4787
 4811
 4863
 4942
 5035
 5092
 5177
 5189
 5227
 5339
 5483
 5557
 5578
 5626
 5655
 5749
 5897
 6073
 6119
 6144
 6425
 6438
 6503
 6672
 6722
 6804
 6885
 6920
 6957
 7004
 7092
 7235
 7488
 7511
 7611
 7901
 8422
 8440
 8457
 8510
 8582
 8658
 8725
 8726
 9095
 9121
 9246
 9314
 9327
 9470
 9490
 9688
 9797
 9813
 9862
 9940
 10077
 10085
 10133
 10173
 10191
 10267
 10414
 10568
 10584
 10769
 10857
 10931
 10938
 10996
 11070
 11135
 11207
 11294
 11310
 11398
 11647
 11788
 11897
 11908
 11926
 11969
 12017
 12105
 12135
 12153
 12208
 12314
 12328
 12373
 12374
 12396
 12427
 12461
 12488
 12500
 12608
 12631
 12636
 12650
 12769
 13088
 13117
 13333
 13413
 13450
 13512
 13617
 13660
 13710
 13774
 13793
 13846
 13907
 13957
 14101
 14197
 14297
 14367
 14518
 14556
 14596
 14767
 14769
 14800
 14875
 14948
 14986
 15109
 15125
 15344
 15409
 15445
 15463
 15556
 15597
 15625
 15648
 15730
 15789
 15812
 15882
 16255
 16336
 16491
 16582
 16612
 16718
 16949
 16966
 16987
 17115
 17159
 17254
 17338
 17424
 18016
 18066
 18123
 18135
 18239
 18315
 18515
 18559
 18577
 18677
 18789
 18936
 18981
 19104
 19206
 19266
 19299
 19489
 19576
 19694
 19731
 19807
 19931
 19948
 20000
 20312
 20387
 20440
 20530
 21125
 21329
 21347
 21378
 21645
 21716
 21975
 22058
 22116
 22174
 22299
 22301
 22439
 22553
 22678
 22880
 23071
 23207
 23411
 23475
 23488
 23688
 23762
 23937
 23992
 24176
 24285
 24486
 24495
 24567
 24771
 24821
 24838
 25203
 25280
 25331
 25542
 25635
 25662
 25678
 25740
 25810
 25928
 26030
 26230
 26294
 26416
 26474
 26751
 26776
 26807
 26823
 26830
 26861
 26904
 27039
 27078
 27084
 27408
 27538
 27539
 27611
 27636
 27776
 27799
 27861
 27870
 28083
 28309
 28354
 28394
 28537
 28667
 28932
 28969
 28996
 29055
 29081
 29093
 29158
 29461
 29504
 29792
 29923
 30051
 30150
 30215
 30386
 30431
 30609
 30769
 30791
 30805
 30888
 30911
 30969
 30985
 31184
 31247
 31249
 31625
 31634
 31773
 31980
 31981
 32330
 32354
 32397
 33021
 33028
 33092
 33160
 33244
 33474
 33524
 33615
 33653
 33735
 33755
 33871
 34013
 34196
 34400
 34546
 34628
 34740
 34756
 34801
 34813
 34827
 34830
 34849
 35057
 35250
 35383
 35412
 35552
 35606
 35914
 36013
 36016
 36091
 36325
 36450
 36593
 36604
 36623
 36700
 36742
 36803
 36901
 36909
 36957
 37037
 37070
 37074
 37198
 37360
 37366
 37717
 37828
 37884
 37927
 37962
 38184
 38255
 38485
 38682
 38722
 38864
 38888
 39343
 39398
 39492
 39682
 39777
 39892
 39894
 39999
 40128
 40265
 40752
 40782
 40838
 40938
 40974
 41016
 41036
 41091
 41106
 41188
 41452
 41636
 41655
 41663
 41713
 41859
 42036
 42111
 42140
 42355
 42464
 42517
 42604
 42657
 42707
 42742
 42894
 42900
 43020
 43192
 43220
 43261
 43425
 43436
 43576
 43736
 43762
 43765
 44056
 44134
 44167
 44336
 44432
 44439
 44683
 44811
 45000
 45169
 45378
 45404
 45528
 45842
 45900
 46186
 46188
 46270
 46398
 46503
 46511
 46610
 46636
 46677
 46901
 46938
 46941
 46980
 47105
 47135
 47204
 47628
 47723
 47844
 48127
 48426
 48524
 48717
 49032
 49223
 49230
 49295
 49469
 49498
 