86
 373
 415
 507
 815
 854
 858
 869
 909
 940
 1043
 1129
 1197
 1213
 1322
 1397
 1464
 1502
 1546
 1562
 1613
 1618
 1692
 1708
 1816
 1929
 1980
 2095
 2238
 2244
 2359
 2365
 2429
 2802
 2847
 2955
 3042
 3045
 3203
 3251
 3436
 3450
 3637
 3674
 3731
 3745
 3800
 3849
 3970
 3974
 4074
 4202
 4220
 4419
 4667
 4687
 4797
 4854
 4856
 5155
 5294
 5321
 5381
 5436
 5505
 5718
 5735
 5853
 5930
 5931
 5998
 6142
 6190
 6236
 6308
 6410
 6548
 6761
 6831
 6839
 6941
 7147
 7183
 7797
 7852
 8059
 8291
 8292
 8312
 8483
 8485
 8511
 8565
 8675
 8841
 8904
 8997
 9029
 9440
 9601
 