99974
 99798
 99604
 99593
 99561
 99368
 99345
 99280
 99152
 98983
 98946
 98730
 98703
 98580
 98570
 98550
 98546
 98389
 98316
 98136
 98129
 97882
 97684
 97619
 97562
 97486
 97337
 97268
 97260
 97074
 97020
 96995
 96775
 96749
 96709
 96595
 96551
 96482
 96255
 96166
 96142
 95905
 95838
 95815
 95767
 95729
 95726
 95560
 95412
 95367
 95291
 95240
 95142
 95091
 95068
 95045
 94926
 94862
 94620
 94606
 94483
 94420
 94356
 94213
 94104
 94046
 93874
 93873
 93771
 93611
 93225
 93214
 93170
 92851
 92717
 92349
 92342
 92275
 91953
 91852
 91821
 91709
 91680
 91636
 91534
 91500
 91218
 91118
 90990
 90635
 90614
 90607
 90586
 90520
 90310
 90163
 90008
 89688
 89545
 89512
 89482
 89331
 89298
 89224
 89125
 89052
 88967
 88808
 88708
 88646
 88527
 88432
 88090
 88046
 88006
 87905
 87776
 87745
 87622
 87621
 87381
 87116
 87112
 87111
 87050
 87028
 86923
 86920
 86737
 86690
 86578
 86503
 86243
 86212
 86175
 86136
 85932
 85900
 85838
 85524
 85459
 85411
 85393
 85381
 85378
 85145
 85084
 85082
 84867
 84690
 84685
 84628
 84543
 84265
 84226
 84225
 84073
 84024
 84000
 83878
 83875
 83870
 83820
 83790
 83647
 83488
 83430
 83384
 83368
 83240
 83089
 83008
 82916
 82899
 82853
 82629
 82528
 82469
 82375
 82345
 82274
 82155
 82060
 81776
 81708
 81658
 81549
 81528
 81464
 81435
 81381
 81081
 81035
 80750
 80729
 80622
 80612
 80526
 80519
 80359
 80334
 80288
 80237
 80228
 80115
 80019
 79532
 79527
 79393
 79310
 79227
 79152
 79128
 79000
 78990
 78716
 78676
 78454
 78334
 78101
 78053
 77812
 77471
 77351
 77176
 76918
 76727
 76702
 76473
 76324
 76121
 76113
 75943
 75922
 75750
 75739
 75728
 75713
 75672
 75259
 75093
 74972
 74821
 74815
 74807
 74488
 74369
 74227
 74083
 74074
 74017
 73943
 73838
 73572
 73477
 73333
 73243
 72933
 72743
 72586
 72583
 72407
 72372
 72297
 72273
 72270
 72238
 72182
 72136
 72026
 72005
 71980
 71875
 71755
 71720
 71629
 71514
 71465
 71197
 70999
 70998
 70964
 70887
 70575
 70570
 70549
 70542
 70471
 70469
 70445
 70377
 70368
 70342
 70272
 70114
 69903
 69773
 69476
 69405
 69369
 69336
 69115
 69099
 68979
 68929
 68742
 68701
 68422
 68175
 68115
 68085
 68083
 67861
 67756
 67747
 67723
 67720
 67515
 67404
 67291
 67192
 67138
 67115
 67075
 67011
 66953
 66816
 66655
 66558
 66256
 66148
 66070
 65721
 65661
 65633
 65594
 65568
 65438
 65379
 65361
 65340
 65262
 65234
 65105
 64952
 64587
 64584
 64481
 64256
 64241
 64201
 64060
 63976
 63831
 63810
 63757
 63756
 63643
 63636
 63622
 63507
 63428
 63150
 63123
 63072
 63036
 62941
 62833
 62823
 62702
 62592
 62523
 62393
 62169
 62023
 61963
 61948
 61920
 61776
 61717
 61641
 61216
 61012
 61010
 60830
 60726
 60714
 60625
 60477
 60358
 60296
 60277
 60269
 60000
 59970
 59965
 59744
 59679
 59631
 59628
 59569
 59399
 59389
 58599
 58525
 58493
 58440
 58360
 58321
 58305
 58250
 58189
 58087
 57971
 57698
 57577
 57245
 57239
 57177
 57160
 57158
 56986
 56980
 56945
 56836
 56500
 56298
 56073
 56001
 55881
 55838
 55809
 55673
 55211
 55141
 55116
 55047
 54954
 54812
 54800
 54775
 54767
 54651
 54541
 54424
 54345
 54260
 54244
 54161
 54111
 53907
 53680
 53660
 53594
 53159
 53078
 52962
 52928
 52678
 52588
 52473
 52162
 52063
 51986
 51764
 51722
 51682
 51680
 51336
 51302
 51233
 51182
 51071
 51070
 51039
 51037
 50996
 50922
 50858
 50798
 50607
 50569
 50536
 50472
 50222
 50160
 50154
 50147
 50137
 50057
 49856
 49817
 49472
 49332
 49112
 49104
 49019
 48892
 48672
 48567
 48543
 48111
 48076
 47894
 47769
 47671
 47670
 47658
 47621
 47469
 47440
 47431
 47322
 47244
 47129
 47106
 46745
 46672
 46666
 46639
 46635
 46526
 46525
 46398
 46369
 45845
 45786
 45366
 45080
 45064
 45014
 45008
 44956
 44679
 44247
 44246
 44182
 43862
 43707
 43570
 43479
 43301
 42996
 42821
 42679
 42678
 42651
 42607
 42586
 42485
 42256
 42002
 41975
 41845
 41828
 41811
 41799
 41719
 41664
 41531
 41356
 41315
 41240
 41040
 40786
 40659
 40632
 40494
 40479
 40344
 40242
 40197
 40177
 40003
 39989
 39909
 39870
 39816
 39780
 39679
 39607
 39487
 39314
 39296
 39212
 39205
 38957
 38885
 38834
 38826
 38676
 38639
 38632
 38630
 38588
 38586
 38498
 38345
 38280
 38257
 38202
 38192
 38183
 38179
 38162
 38118
 38113
 38091
 37864
 37727
 37717
 37704
 37625
 37485
 37345
 37311
 37218
 37072
 37057
 36792
 36740
 36612
 36528
 36446
 35999
 35962
 35960
 35946
 35942
 35710
 35591
 35446
 35347
 35313
 35277
 35237
 35166
 35165
 35070
 35060
 34964
 34869
 34854
 34851
 34812
 34782
 34758
 34566
 34467
 34437
 34413
 34370
 34257
 34250
 34243
 34179
 34145
 34101
 34055
 33975
 33944
 33920
 33629
 33376
 33222
 33012
 32767
 32751
 32724
 32528
 32507
 32354
 32250
 32196
 32129
 32024
 31948
 31891
 31654
 31595
 31578
 31512
 31412
 31234
 31118
 31014
 30973
 30862
 30830
 30618
 30567
 30512
 30478
 30452
 30313
 30213
 30096
 30072
 29868
 29639
 29517
 29429
 29213
 29185
 29154
 29079
 28853
 28784
 28775
 28713
 28532
 28394
 28260
 27960
 27926
 27850
 27835
 27822
 27718
 27550
 27523
 27497
 27477
 27394
 27217
 26969
 26957
 26858
 26793
 26625
 26564
 26519
 26473
 26113
 26105
 26048
 26003
 25960
 25762
 25568
 25536
 25490
 25362
 25340
 25288
 25244
 25180
 25025
 24993
 24811
 24737
 24626
 24620
 24525
 24358
 24140
 24056
 24055
 24041
 24007
 23940
 23757
 23458
 23424
 23203
 23191
 23151
 23064
 22771
 22661
 22573
 22476
 22475
 22400
 22340
 22299
 21805
 21544
 21236
 21223
 21032
 21010
 20754
 20147
 20134
 20079
 19999
 19868
 19832
 19794
 19569
 19510
 19439
 19437
 19428
 19423
 19327
 19286
 19268
 19250
 19212
 18979
 18934
 18460
 18430
 18361
 18215
 18075
 18072
 18022
 17899
 17891
 17811
 17796
 17783
 17521
 17439
 17319
 17273
 17182
 17054
 17002
 16972
 16953
 16838
 16779
 16756
 16710
 16535
 16502
 16475
 16428
 16397
 16253
 16071
 15783
 15673
 15533
 15273
 15209
 14989
 14957
 14803
 14800
 14674
 14508
 14456
 14436
 14347
 14199
 14076
 13891
 13608
 13540
 13537
 13498
 13492
 13335
 13324
 13259
 13212
 13130
 13089
 13025
 12611
 12428
 12396
 12349
 12289
 12262
 12080
 12065
 11982
 11949
 11937
 11928
 11866
 11575
 11461
 11455
 11440
 11180
 10959
 10868
 10764
 10458
 10158
 10080
 10018
 9927
 9908
 9865
 9797
 9768
 9763
 9678
 9543
 9523
 9382
 9330
 9045
 8972
 8957
 8871
 8868
 8779
 8596
 8535
 8468
 8458
 8389
 8289
 8160
 8116
 7987
 7969
 7827
 7790
 7610
 7586
 7521
 7466
 7458
 7257
 7240
 7185
 7034
 6752
 6736
 6696
 6440
 6426
 6411
 6261
 6126
 6038
 5992
 5844
 5810
 5790
 5695
 5584
 5563
 5556
 5487
 5478
 5321
 5043
 5004
 4915
 4670
 4439
 4387
 4313
 3974
 3661
 3575
 3432
 3405
 3356
 3351
 3304
 3202
 2904
 2893
 2814
 2703
 2614
 2582
 2561
 2523
 2409
 2311
 2307
 2304
 2126
 1992
 1696
 1551
 1417
 1411
 1377
 1324
 1227
 1188
 1119
 1060
 1017
 809
 776
 698
 667
 650
 624
 499
 456
 424
 422
 317
 170
 