9932
 9929
 9906
 9787
 9752
 9708
 9637
 9529
 9143
 9123
 9122
 9013
 8822
 8625
 8325
 8202
 7989
 7947
 7795
 7775
 7762
 7748
 7619
 7297
 7119
 7009
 6974
 6901
 6829
 6827
 6708
 6543
 6476
 6196
 5970
 5946
 5901
 5880
 5815
 5783
 5588
 5373
 5348
 5291
 5262
 5225
 5154
 5134
 5093
 5024
 4926
 4910
 4822
 4755
 4611
 4600
 4366
 4351
 3865
 3849
 3722
 3670
 3526
 3088
 3057
 2980
 2909
 2907
 2829
 2496
 2491
 2316
 2295
 2261
 2141
 1996
 1738
 1734
 1498
 1411
 1231
 1115
 1078
 1011
 973
 900
 891
 874
 842
 763
 673
 667
 630
 599
 455
 370
 325
 295
 246
 91
 