49887
 49872
 49871
 49848
 49829
 49704
 49521
 49514
 49461
 49218
 49146
 48855
 48827
 48808
 48808
 48604
 48601
 48569
 48500
 48446
 48351
 48127
 48025
 47937
 47768
 47735
 47706
 47556
 47379
 47273
 47120
 47094
 47076
 46927
 46911
 46775
 46694
 46591
 46423
 46403
 46284
 46225
 46034
 45969
 45867
 45714
 45707
 45512
 45501
 45433
 45410
 45175
 45136
 44748
 44594
 44551
 44342
 44083
 43703
 43571
 43558
 43530
 43353
 43339
 43117
 43088
 42986
 42824
 42700
 42663
 42517
 42266
 42101
 41930
 41869
 41862
 41806
 41732
 41725
 41692
 41491
 41442
 41368
 41171
 41102
 41097
 41092
 40862
 40831
 40745
 40545
 40406
 40350
 40331
 40278
 40234
 40231
 40107
 40060
 40038
 40013
 40010
 40009
 39981
 39841
 39816
 39680
 39621
 39591
 39431
 39382
 39332
 39248
 39036
 38665
 38444
 38289
 38251
 38236
 38195
 38170
 38164
 38070
 38041
 37894
 37850
 37830
 37816
 37790
 37769
 37556
 37544
 37531
 37432
 37399
 37277
 37211
 37159
 37099
 37075
 37068
 36779
 36739
 36697
 36646
 36354
 36334
 36201
 36176
 36147
 36025
 35902
 35823
 35764
 35714
 35611
 35438
 35413
 35404
 35291
 35283
 35262
 35241
 35181
 34863
 34840
 34624
 34540
 34490
 34426
 34421
 34386
 34252
 34215
 34108
 34085
 34018
 33997
 33848
 33758
 33740
 33683
 33631
 33613
 33549
 33530
 33431
 33236
 33043
 33042
 32767
 32603
 32576
 32530
 32388
 32161
 32120
 32105
 31828
 31684
 31603
 31587
 31579
 31447
 31219
 31038
 30940
 30874
 30592
 30541
 30442
 30353
 30137
 30000
 29999
 29369
 29248
 29183
 29109
 28955
 28882
 28709
 28381
 28285
 28115
 28108
 28062
 27951
 27819
 27754
 27729
 27718
 27590
 27530
 27476
 27229
 27194
 27091
 26917
 26825
 26821
 26646
 26429
 26323
 26271
 26248
 26116
 26056
 25990
 25952
 25846
 25833
 25817
 25805
 25469
 25408
 25383
 25302
 25152
 25102
 25009
 24790
 24776
 24726
 24715
 24193
 24167
 24101
 24079
 23981
 23919
 23851
 23837
 23606
 23549
 23292
 23092
 22875
 22859
 22764
 22741
 22681
 22318
 22194
 22041
 21906
 21732
 21517
 21485
 21237
 21145
 21114
 21114
 20654
 20509
 20446
 20416
 20215
 20212
 20107
 20025
 20006
 19989
 19906
 19746
 19698
 19431
 19243
 19237
 19227
 19177
 19107
 19024
 18919
 18613
 18576
 18512
 18332
 18250
 18226
 18181
 18148
 18071
 18015
 17850
 17849
 17586
 17579
 17446
 17365
 16838
 16587
 16547
 16416
 16407
 16195
 16154
 16118
 15982
 15971
 15959
 15935
 15915
 15871
 15858
 15742
 15343
 15269
 15264
 15141
 15138
 15132
 14880
 14796
 14763
 14723
 14719
 14536
 14434
 14307
 14169
 14062
 13948
 13940
 13932
 13926
 13905
 13849
 13807
 13499
 13492
 13332
 13303
 13253
 13243
 13181
 13054
 12790
 12749
 12697
 12584
 12357
 12321
 12090
 12065
 12046
 11619
 11607
 11486
 11465
 11355
 11311
 11279
 10863
 10716
 10691
 10639
 10635
 10578
 10535
 10522
 10404
 10396
 10375
 10328
 10164
 10081
 10041
 9986
 9967
 9866
 9640
 9608
 9294
 9225
 9115
 9100
 9025
 8978
 8930
 8765
 8682
 8656
 8370
 8333
 8256
 8226
 8087
 8028
 7863
 7811
 7692
 7488
 7384
 7228
 7150
 7133
 7057
 7006
 6963
 6787
 6776
 6675
 6597
 6501
 6385
 6345
 6236
 6132
 6036
 5779
 5253
 5247
 5074
 4906
 4694
 4588
 4571
 4095
 3953
 3795
 3554
 3397
 3192
 2992
 2945
 2938
 2763
 2758
 2581
 2578
 2473
 2448
 2388
 2318
 2314
 2079
 2054
 1925
 1779
 1737
 1657
 1656
 1324
 1308
 1217
 1200
 1129
 1045
 847
 695
 602
 445
 419
 260
 236
 62
 38
 0
 0
 