99935
 99828
 99343
 99341
 99336
 99261
 99220
 99143
 99081
 98812
 98765
 98688
 98651
 98583
 98523
 98451
 98444
 98245
 98140
 98097
 98069
 98025
 97846
 97604
 97348
 97333
 97299
 97263
 97183
 97168
 97144
 97115
 97058
 96925
 96743
 96659
 96538
 96516
 96491
 96479
 96441
 96317
 96302
 96170
 95954
 95912
 95892
 95625
 95605
 95599
 95593
 95508
 95331
 95286
 95177
 95136
 95094
 94917
 94882
 94848
 94823
 94766
 94759
 94721
 94479
 94369
 94308
 94177
 94168
 94148
 93892
 93817
 93645
 93559
 93544
 93504
 93456
 93409
 93361
 93350
 93345
 93263
 93239
 92749
 92560
 92424
 92313
 92297
 92296
 92141
 92116
 91936
 91918
 91822
 91819
 91621
 91604
 91581
 91534
 91497
 91442
 90963
 90884
 90492
 90376
 90206
 90199
 90075
 90026
 89977
 89831
 89676
 89465
 89345
 89264
 89082
 89077
 88992
 88796
 88795
 88521
 88474
 88469
 88372
 88183
 88008
 87963
 87899
 87759
 87677
 87594
 87423
 87398
 87356
 87322
 87289
 87266
 87188
 86756
 86600
 86581
 86506
 86341
 86206
 86197
 86186
 86124
 86116
 86079
 85770
 85753
 85601
 85585
 85410
 85376
 85306
 85257
 85203
 85198
 85117
 85078
 84982
 84925
 84924
 84706
 84679
 84668
 84541
 84465
 84458
 84441
 84321
 84203
 83853
 83791
 83764
 83582
 83545
 83526
 83250
 83215
 83068
 82857
 82842
 82804
 82788
 82740
 82543
 82521
 82475
 82442
 82250
 82180
 82168
 82147
 82068
 82013
 81796
 81738
 81727
 81686
 81554
 81527
 81482
 81446
 81209
 81099
 80856
 80745
 79779
 79621
 79559
 79550
 79538
 79513
 79499
 79387
 79379
 79326
 79270
 79254
 79210
 79183
 79132
 79038
 78808
 78738
 78702
 78626
 78541
 78340
 78239
 78042
 78028
 77820
 77794
 77790
 77670
 77633
 77543
 77480
 77461
 77432
 77368
 77348
 77316
 77304
 77235
 77234
 77109
 76926
 76846
 76640
 76532
 76470
 76422
 76293
 76249
 76075
 75777
 75288
 75267
 75225
 75145
 75132
 75131
 74868
 74781
 74776
 74657
 74574
 74466
 74455
 74425
 74352
 74325
 74306
 74269
 74220
 74069
 74055
 73858
 73630
 73513
 73505
 73492
 73363
 73239
 73238
 73191
 73128
 73104
 73008
 72923
 72861
 72764
 72693
 72671
 72462
 72420
 72416
 72282
 72280
 72144
 71999
 71889
 71844
 71733
 71707
 71617
 71390
 71237
 70688
 70668
 70569
 70477
 70432
 70372
 70294
 70286
 70245
 70083
 70064
 69962
 69946
 69860
 69626
 69558
 69519
 69433
 69398
 69261
 69108
 69046
 69030
 68999
 68947
 68820
 68796
 68715
 68680
 68624
 68530
 68454
 68367
 68185
 67823
 67775
 67709
 67660
 67651
 67581
 67432
 67327
 67270
 67157
 67045
 66983
 66903
 66869
 66823
 66668
 66596
 66554
 66482
 66469
 66420
 66412
 66338
 66238
 66235
 65890
 65866
 65791
 65578
 65459
 65427
 65386
 65354
 65300
 65236
 65210
 65201
 65011
 64954
 64825
 64802
 64768
 64477
 64434
 64408
 64389
 64301
 64200
 64071
 63921
 63907
 63622
 63523
 63283
 63133
 63074
 62863
 62767
 62602
 62513
 62475
 62351
 62131
 62008
 61964
 61949
 61880
 61781
 61601
 61565
 61545
 61498
 61466
 61451
 61290
 61273
 61253
 61205
 61202
 61063
 60852
 60720
 60540
 60327
 60325
 60043
 59848
 59804
 59789
 59706
 59573
 59412
 59324
 59300
 59286
 59051
 58849
 58842
 58823
 58485
 58344
 58337
 58153
 58019
 57976
 57612
 57596
 57546
 57528
 57446
 57433
 57415
 57270
 57165
 57051
 56997
 56945
 56840
 56578
 56563
 56518
 56306
 56101
 56095
 55982
 55925
 55546
 55280
 55256
 55068
 54892
 54732
 54648
 54593
 54513
 54352
 54264
 54158
 54017
 53763
 53616
 53562
 53477
 53408
 53201
 53172
 53033
 52885
 52602
 52398
 52362
 52277
 52262
 52129
 52071
 52058
 52001
 51998
 51995
 51967
 51966
 51779
 51640
 51609
 51454
 51428
 51332
 51195
 51110
 50898
 50812
 50764
 50657
 50636
 50591
 50551
 50428
 50382
 50353
 50241
 50126
 50006
 49987
 49982
 49581
 49537
 49427
 49217
 49122
 49110
 48293
 48230
 48036
 48022
 47794
 47562
 47550
 47247
 47225
 47042
 46843
 46831
 46778
 46774
 46683
 46484
 46457
 46397
 46166
 46034
 45653
 45605
 45509
 45460
 45359
 45206
 45178
 44967
 44868
 44853
 44826
 44750
 44713
 44697
 44628
 44615
 44589
 44378
 44340
 44323
 44297
 44113
 44072
 43970
 43960
 43932
 43853
 43794
 43735
 43492
 43445
 43160
 43139
 43092
 43002
 42778
 42657
 42556
 42376
 42271
 42190
 42070
 41891
 41868
 41866
 41804
 41713
 41418
 41389
 41356
 41318
 41265
 41053
 40947
 40898
 40823
 40779
 40758
 40752
 40718
 40531
 40184
 40159
 40153
 40090
 40045
 40017
 39936
 39670
 39541
 39323
 39289
 39144
 39072
 39013
 38894
 38774
 38728
 38698
 38657
 38599
 38437
 38429
 38415
 38410
 38396
 38394
 38181
 38130
 38072
 38009
 37636
 37579
 37479
 37416
 37362
 37323
 37183
 37099
 37095
 37076
 37067
 36924
 36904
 36893
 36819
 36742
 36485
 36467
 36417
 36398
 36379
 36128
 35877
 35774
 35597
 35434
 35348
 35322
 35085
 35025
 34979
 34798
 34668
 34634
 34521
 34074
 34059
 33782
 33777
 33613
 33370
 33362
 33318
 33300
 33180
 33109
 33040
 33004
 32995
 32765
 32583
 32528
 32122
 32071
 31742
 31633
 31586
 31508
 31487
 31357
 31325
 31220
 31147
 31034
 31006
 30996
 30938
 30732
 30711
 30533
 30290
 30272
 30235
 30176
 30108
 29997
 29895
 29873
 29850
 29724
 29716
 29492
 29395
 29273
 29180
 28801
 28748
 28725
 28485
 28434
 28421
 28234
 28172
 27988
 27774
 27697
 27649
 27602
 27601
 27592
 27568
 27528
 27428
 27234
 27166
 27071
 27010
 26804
 26794
 26554
 26412
 26299
 25817
 25692
 25635
 25508
 25168
 25166
 24936
 24802
 24636
 24614
 24498
 24390
 24346
 24328
 23957
 23942
 23920
 23572
 23540
 23527
 23507
 23431
 23424
 23349
 23321
 23025
 22976
 22711
 22441
 22402
 22353
 22329
 22268
 22265
 21967
 21832
 21682
 21474
 21108
 21104
 20972
 20910
 20390
 20335
 20186
 20165
 19825
 19594
 19591
 19575
 19417
 19407
 19395
 19271
 19238
 19170
 18983
 18914
 18884
 18862
 18820
 18800
 18539
 18518
 18370
 18314
 18279
 18129
 17953
 17938
 17926
 17839
 17794
 17693
 17611
 17607
 17583
 17436
 17427
 17368
 17248
 17167
 16978
 16943
 16935
 16819
 16370
 16272
 16271
 15999
 15782
 15763
 15655
 15537
 15354
 15340
 15307
 15257
 15076
 14879
 14749
 14746
 14701
 14488
 14472
 14468
 14241
 14202
 14157
 14073
 14000
 13747
 13634
 13582
 13552
 13463
 13429
 13372
 13339
 13201
 13160
 13081
 13067
 12997
 12804
 12616
 12496
 12281
 12247
 11933
 11798
 11230
 11174
 11041
 10705
 10505
 10469
 10266
 10203
 10159
 9930
 9638
 9546
 9269
 9204
 9058
 9054
 9041
 8896
 8790
 8751
 8641
 8532
 8451
 8447
 8439
 8379
 8237
 8217
 8193
 8166
 8109
 8096
 7928
 7876
 7627
 7330
 7281
 7266
 7241
 7141
 7116
 6723
 6659
 6564
 6538
 6370
 6333
 6315
 6228
 5941
 5919
 5913
 5739
 5676
 5405
 5272
 5194
 5191
 5090
 4856
 4850
 4801
 4769
 4707
 4551
 4369
 4201
 4129
 4061
 4039
 3914
 3775
 3735
 3668
 3480
 3408
 3396
 3182
 3072
 3052
 3045
 2684
 2588
 2570
 2543
 2471
 2404
 2309
 2274
 2144
 1747
 1723
 1698
 1599
 1552
 1376
 1237
 1185
 1135
 1037
 950
 915
 802
 670
 638
 592
 558
 280
 209
 67
 