49840
 49786
 49749
 49728
 49615
 49555
 49448
 49441
 49390
 49300
 49219
 49180
 49150
 49083
 49057
 49050
 48981
 48867
 48667
 48416
 48300
 48157
 48153
 48140
 48121
 47999
 47972
 47865
 47656
 47603
 47564
 47470
 47340
 47259
 47137
 47015
 46985
 46779
 46602
 46565
 46515
 46487
 46425
 46321
 46319
 46259
 46227
 46179
 46005
 45970
 45901
 45871
 45713
 45669
 45640
 45381
 45180
 45111
 45086
 44872
 44672
 44665
 44652
 44630
 44592
 44521
 44470
 44432
 44160
 44029
 44015
 43917
 43878
 43779
 43640
 43617
 43596
 43545
 43396
 43366
 43336
 43153
 42884
 42623
 42620
 42543
 42323
 42180
 41979
 41911
 41907
 41640
 41640
 41598
 41568
 41469
 41450
 41416
 41265
 41212
 41093
 41021
 40923
 40908
 40761
 40723
 40719
 40718
 40679
 40566
 40510
 40472
 40447
 40440
 40181
 40138
 40015
 39912
 39854
 39829
 39726
 39612
 39429
 39417
 39346
 39345
 39307
 39198
 39106
 38915
 38777
 38755
 38695
 38466
 38387
 38372
 38289
 37809
 37622
 37504
 37423
 37363
 37264
 37252
 37250
 37222
 37135
 37090
 36984
 36968
 36884
 36718
 36604
 36483
 36436
 36249
 36210
 36193
 36143
 35975
 35974
 35909
 35852
 35787
 35590
 35510
 35434
 35424
 35322
 35304
 35091
 35047
 34803
 34627
 34618
 34170
 34148
 34116
 34093
 34090
 34086
 34060
 33966
 33922
 33896
 33656
 33471
 33462
 33437
 33373
 32826
 32421
 32367
 32350
 32159
 32090
 31958
 31868
 31804
 31398
 31335
 31331
 31288
 31226
 31111
 31006
 30920
 30637
 30580
 30540
 30510
 30475
 30434
 30392
 30355
 30189
 29432
 29187
 29030
 29013
 28816
 28725
 28716
 28672
 28634
 28554
 28483
 28400
 28341
 28260
 27811
 27788
 27758
 27626
 27538
 27525
 27504
 27406
 27255
 27091
 26578
 26494
 26430
 26129
 25883
 25834
 25681
 25605
 25585
 25477
 25460
 25439
 25407
 25206
 25108
 25098
 25065
 25030
 25008
 24968
 24751
 24674
 24670
 24604
 24459
 24458
 24311
 24271
 23902
 23841
 23816
 23764
 23698
 23425
 23028
 22989
 22884
 22830
 22826
 22524
 21968
 21959
 21883
 21872
 21844
 21746
 21631
 21169
 21128
 20730
 20644
 20572
 20533
 20414
 20315
 20259
 20152
 20136
 19345
 19008
 18948
 18908
 18714
 18661
 18578
 18549
 18345
 18309
 18228
 18201
 18183
 18179
 18103
 17813
 17721
 17663
 17616
 17567
 17562
 17523
 17473
 17460
 17348
 17159
 16905
 16880
 16681
 16669
 16666
 16328
 16276
 16231
 16229
 16129
 15939
 15797
 15691
 15674
 15567
 15486
 15359
 15324
 15204
 15082
 14900
 14844
 14841
 14824
 14655
 14646
 14642
 14205
 14189
 14174
 14022
 13838
 13610
 13384
 13319
 13299
 13004
 12962
 12915
 12798
 12748
 12686
 12654
 12522
 12462
 12457
 12415
 12408
 12383
 12106
 11947
 11827
 11810
 11794
 11410
 11314
 11149
 10998
 10747
 10471
 10326
 10217
 10202
 10139
 10131
 9975
 9918
 9839
 9838
 9604
 9566
 9525
 9137
 9090
 9000
 8872
 8866
 8842
 8821
 8511
 8426
 8414
 8359
 8333
 8261
 8218
 8133
 8113
 8101
 7979
 7653
 7623
 7604
 7459
 7339
 7335
 7275
 7164
 7156
 7035
 7003
 6947
 6906
 6870
 6705
 6474
 6293
 6199
 5964
 5949
 5905
 5865
 5840
 5514
 5478
 5462
 5368
 5362
 5299
 5287
 5227
 5185
 5174
 5105
 5074
 4926
 4792
 4501
 4496
 4356
 4353
 4323
 4321
 4274
 4179
 4080
 3962
 3881
 3849
 3819
 3701
 3559
 3446
 3409
 3371
 3038
 2752
 2706
 2670
 2578
 2380
 2305
 2265
 1919
 1848
 1834
 1639
 1565
 1462
 1423
 1347
 1125
 1003
 978
 902
 868
 851
 806
 682
 613
 574
 447
 414
 303
 294
 0
 