49498
 49469
 49295
 49230
 49223
 49032
 48717
 48524
 48426
 48127
 47844
 47723
 47628
 47204
 47135
 47105
 46980
 46941
 46938
 46901
 46677
 46636
 46610
 46511
 46503
 46398
 46270
 46188
 46186
 45900
 45842
 45528
 45404
 45378
 45169
 45000
 44811
 44683
 44439
 44432
 44336
 44167
 44134
 44056
 43765
 43762
 43736
 43576
 43436
 43425
 43261
 43220
 43192
 43020
 42900
 42894
 42742
 42707
 42657
 42604
 42517
 42464
 42355
 42140
 42111
 42036
 41859
 41713
 41663
 41655
 41636
 41452
 41188
 41106
 41091
 41036
 41016
 40974
 40938
 40838
 40782
 40752
 40265
 40128
 39999
 39894
 39892
 39777
 39682
 39492
 39398
 39343
 38888
 38864
 38722
 38682
 38485
 38255
 38184
 37962
 37927
 37884
 37828
 37717
 37366
 37360
 37198
 37074
 37070
 37037
 36957
 36909
 36901
 36803
 36742
 36700
 36623
 36604
 36593
 36450
 36325
 36091
 36016
 36013
 35914
 35606
 35552
 35412
 35383
 35250
 35057
 34849
 34830
 34827
 34813
 34801
 34756
 34740
 34628
 34546
 34400
 34196
 34013
 33871
 33755
 33735
 33653
 33615
 33524
 33474
 33244
 33160
 33092
 33028
 33021
 32397
 32354
 32330
 31981
 31980
 31773
 31634
 31625
 31249
 31247
 31184
 30985
 30969
 30911
 30888
 30805
 30791
 30769
 30609
 30431
 30386
 30215
 30150
 30051
 29923
 29792
 29504
 29461
 29158
 29093
 29081
 29055
 28996
 28969
 28932
 28667
 28537
 28394
 28354
 28309
 28083
 27870
 27861
 27799
 27776
 27636
 27611
 27539
 27538
 27408
 27084
 27078
 27039
 26904
 26861
 26830
 26823
 26807
 26776
 26751
 26474
 26416
 26294
 26230
 26030
 25928
 25810
 25740
 25678
 25662
 25635
 25542
 25331
 25280
 25203
 24838
 24821
 24771
 24567
 24495
 24486
 24285
 24176
 23992
 23937
 23762
 23688
 23488
 23475
 23411
 23207
 23071
 22880
 22678
 22553
 22439
 22301
 22299
 22174
 22116
 22058
 21975
 21716
 21645
 21378
 21347
 21329
 21125
 20530
 20440
 20387
 20312
 20000
 19948
 19931
 19807
 19731
 19694
 19576
 19489
 19299
 19266
 19206
 19104
 18981
 18936
 18789
 18677
 18577
 18559
 18515
 18315
 18239
 18135
 18123
 18066
 18016
 17424
 17338
 17254
 17159
 17115
 16987
 16966
 16949
 16718
 16612
 16582
 16491
 16336
 16255
 15882
 15812
 15789
 15730
 15648
 15625
 15597
 15556
 15463
 15445
 15409
 15344
 15125
 15109
 14986
 14948
 14875
 14800
 14769
 14767
 14596
 14556
 14518
 14367
 14297
 14197
 14101
 13957
 13907
 13846
 13793
 13774
 13710
 13660
 13617
 13512
 13450
 13413
 13333
 13117
 13088
 12769
 12650
 12636
 12631
 12608
 12500
 12488
 12461
 12427
 12396
 12374
 12373
 12328
 12314
 12208
 12153
 12135
 12105
 12017
 11969
 11926
 11908
 11897
 11788
 11647
 11398
 11310
 11294
 11207
 11135
 11070
 10996
 10938
 10931
 10857
 10769
 10584
 10568
 10414
 10267
 10191
 10173
 10133
 10085
 10077
 9940
 9862
 9813
 9797
 9688
 9490
 9470
 9327
 9314
 9246
 9121
 9095
 8726
 8725
 8658
 8582
 8510
 8457
 8440
 8422
 7901
 7611
 7511
 7488
 7235
 7092
 7004
 6957
 6920
 6885
 6804
 6722
 6672
 6503
 6438
 6425
 6144
 6119
 6073
 5897
 5749
 5655
 5626
 5578
 5557
 5483
 5339
 5227
 5189
 5177
 5092
 5035
 4942
 4863
 4811
 4787
 4753
 4689
 4472
 4396
 4292
 4231
 4122
 3710
 3668
 3529
 3434
 3404
 3362
 3155
 3139
 3063
 2936
 2513
 2497
 2458
 2396
 2312
 2258
 2196
 2012
 1919
 1884
 1822
 1697
 1625
 1378
 1245
 1168
 1132
 1012
 985
 840
 740
 672
 653
 646
 623
 558
 513
 443
 388
 266
 188
 178
 176
 111
 10
 