499955
 499944
 499829
 499800
 499771
 499758
 499650
 499646
 499545
 499541
 499529
 499428
 499230
 499215
 499201
 498848
 498748
 498741
 498575
 498344
 498335
 498173
 498093
 498071
 498067
 498055
 497950
 497868
 497765
 497749
 497612
 497537
 497439
 497324
 497300
 496989
 496820
 496805
 496639
 496263
 496196
 496058
 496006
 495867
 495640
 495557
 495518
 495498
 495488
 495424
 495408
 495346
 495316
 495261
 495017
 494882
 494863
 494797
 494743
 494710
 494609
 494590
 494582
 494457
 494440
 494415
 494352
 494314
 493904
 493677
 493214
 492541
 492372
 492268
 492107
 492017
 492000
 491965
 491803
 491749
 491685
 491460
 491399
 491392
 491349
 491274
 491228
 491173
 491161
 491158
 491052
 491000
 490976
 490931
 490848
 490751
 490710
 490566
 490511
 490447
 490334
 490203
 490182
 490144
 489975
 489858
 489821
 489783
 489763
 489714
 489617
 489590
 489563
 489510
 489468
 489373
 489351
 489334
 489153
 489089
 489004
 488939
 488872
 488812
 488759
 488726
 488688
 488574
 488496
 488386
 488291
 488185
 488117
 488059
 487949
 487785
 487586
 487508
 487421
 487411
 487377
 487364
 486669
 486419
 486098
 485844
 485839
 485821
 485563
 485515
 485514
 485478
 485250
 485171
 485062
 485025
 484867
 484697
 484646
 484566
 484299
 484272
 483940
 483909
 483752
 483661
 483638
 483496
 483443
 483381
 483335
 483214
 483029
 482949
 482913
 482867
 482789
 482644
 482582
 482490
 482343
 482334
 482298
 482224
 482123
 481874
 481818
 481799
 481756
 481596
 481575
 481419
 481328
 481320
 481317
 481228
 481214
 481101
 480937
 480817
 480753
 480672
 480589
 480575
 480567
 480566
 480448
 480232
 480090
 480067
 479971
 479960
 479771
 479746
 479601
 479449
 479435
 479421
 479166
 479144
 479110
 479053
 478701
 478456
 478353
 478317
 478245
 477894
 477746
 477721
 477696
 477533
 477207
 477066
 477007
 476843
 476724
 476688
 476488
 476367
 476321
 476172
 475791
 475501
 475330
 475298
 475158
 475086
 475070
 474883
 474702
 474667
 474647
 474611
 474609
 474476
 474457
 474423
 474028
 473701
 473606
 473596
 473464
 473449
 473316
 473189
 473087
 473054
 472898
 472684
 472214
 472101
 472048
 471832
 471821
 471766
 471563
 471554
 471522
 471052
 470905
 470605
 470588
 470565
 470358
 470326
 470308
 470270
 470239
 470219
 470131
 469990
 469842
 469802
 469694
 469520
 469443
 469353
 468921
 468895
 468672
 468621
 468578
 468481
 468469
 468458
 468415
 468406
 468364
 468325
 468289
 468276
 468272
 468246
 468240
 468194
 467883
 467852
 467604
 467331
 467313
 466961
 466558
 466346
 466172
 466011
 465981
 465952
 465883
 465821
 465759
 465731
 465722
 465517
 465470
 465421
 465403
 465171
 464865
 464858
 464726
 464623
 464557
 464456
 464264
 464198
 463970
 463945
 463917
 463913
 463809
 463637
 463619
 463343
 463281
 463253
 463085
 463070
 462962
 462907
 462752
 462602
 462595
 462365
 462264
 462254
 462243
 462098
 462025
 461984
 461886
 461827
 461760
 461674
 461621
 461458
 461291
 461271
 461259
 461190
 461170
 460900
 460785
 460784
 460777
 460766
 460755
 460645
 460559
 460292
 460246
 460221
 460156
 460096
 460032
 459998
 459840
 459743
 459572
 459432
 459424
 459376
 459338
 459313
 459065
 459052
 458779
 458756
 458661
 458506
 458465
 458370
 458339
 458203
 458181
 458017
 457814
 457718
 457688
 457653
 457582
 457477
 457358
 457308
 456991
 456980
 456894
 456713
 456701
 456601
 456553
 456459
 456436
 456268
 455904
 455903
 455790
 455628
 455599
 455598
 455586
 455441
 455361
 455287
 455271
 455217
 455100
 455045
 454959
 454935
 454836
 454752
 454478
 454311
 454301
 454190
 454149
 454116
 453998
 453977
 453834
 453811
 453750
 453658
 453607
 453602
 453528
 453526
 453445
 453388
 453150
 453054
 452954
 452344
 452331
 452043
 451909
 451833
 451697
 451683
 451673
 451653
 451594
 451278
 451193
 451184
 450995
 450844
 450773
 450398
 450377
 450337
 450029
 449985
 449955
 449897
 449766
 449612
 449455
 449347
 449060
 448934
 448733
 448669
 448560
 448406
 448236
 448092
 448036
 447986
 447952
 447917
 447915
 447807
 447780
 447728
 447612
 447594
 447590
 447271
 447204
 447198
 447097
 446872
 446867
 446270
 446262
 446228
 446227
 446213
 446153
 446086
 445812
 445664
 445578
 445364
 445275
 444954
 444827
 444621
 444274
 444091
 443668
 443635
 443516
 443466
 443321
 443304
 443251
 443176
 443152
 442936
 442559
 442430
 442308
 442203
 442069
 441792
 441573
 441558
 441530
 441470
 441227
 441098
 441032
 441014
 440897
 440528
 440486
 440378
 440348
 440311
 440293
 440284
 440271
 440182
 439818
 439804
 439791
 439630
 439558
 439530
 439373
 439305
 439236
 439189
 439126
 439091
 438720
 438656
 438594
 438510
 438490
 438380
 438309
 438303
 438299
 438297
 438252
 438249
 438053
 437667
 437428
 437324
 437133
 436839
 436768
 436726
 436702
 436698
 436693
 436691
 436631
 436597
 436543
 436478
 436366
 436231
 436187
 436155
 436084
 436013
 435967
 435946
 435873
 435860
 435833
 435784
 435685
 435632
 435606
 435203
 435187
 435170
 435003
 434997
 434937
 434928
 434850
 434777
 434740
 434580
 434531
 434353
 434184
 434124
 433873
 433793
 433648
 433502
 433370
 433333
 433265
 433131
 432980
 432851
 432589
 432530
 432439
 432432
 432393
 432360
 432347
 432203
 432085
 432027
 431888
 431841
 431836
 431404
 431223
 431192
 431108
 431029
 430886
 430873
 430789
 430769
 430663
 430633
 430394
 430367
 430263
 430228
 430144
 430101
 429953
 429921
 429899
 429781
 429710
 429661
 429556
 429430
 429348
 429267
 429120
 429071
 429008
 428965
 428762
 428706
 428571
 428467
 427989
 427968
 427966
 427837
 427797
 427696
 427578
 427536
 427518
 427361
 427360
 427333
 427163
 427028
 426756
 426677
 426427
 426296
 426258
 426246
 425995
 425821
 425709
 425671
 425642
 425578
 425254
 425130
 425108
 424878
 424853
 424728
 424620
 424453
 424416
 424256
 424149
 424117
 424036
 423903
 423829
 423691
 423609
 423509
 423412
 423294
 423123
 422991
 422961
 422920
 422759
 422751
 422727
 422630
 422515
 422482
 422358
 422293
 422257
 422195
 422137
 421996
 421890
 421843
 421807
 421563
 421478
 421458
 421354
 421250
 421208
 421179
 421060
 420674
 420672
 420607
 420561
 420514
 420484
 420138
 420117
 420115
 419903
 419464
 419411
 419312
 419233
 419113
 419063
 418952
 418871
 418699
 418444
 418222
 418022
 417971
 417958
 417846
 417751
 417745
 417721
 417665
 417640
 417528
 417136
 416951
 416883
 416632
 416606
 416551
 416016
 415999
 415914
 415755
 415638
 415634
 415452
 415384
 415245
 415206
 415196
 415158
 415130
 415112
 415017
 414893
 414705
 414701
 414457
 414429
 414396
 414287
 414251
 414039
 413929
 413784
 413768
 413733
 413711
 413599
 413354
 413319
 413105
 413063
 412861
 412698
 412631
 412492
 412406
 411948
 411820
 411643
 411608
 411561
 411506
 411430
 411427
 411336
 411329
 411327
 411252
 411026
 410941
 410742
 410342
 410329
 410230
 410189
 410187
 410123
 410105
 410089
 410050
 410010
 409746
 409614
 409562
 409452
 409408
 409336
 409209
 409170
 409090
 409045
 409011
 408755
 408669
 408584
 408405
 408244
 407608
 407601
 407570
 407558
 407547
 407507
 407482
 407456
 407337
 407117
 407076
 407041
 406996
 406885
 406868
 406648
 406378
 406300
 406297
 406269
 406258
 406145
 406063
 405811
 405739
 405666
 405609
 405529
 405503
 405410
 405292
 405291
 405255
 405189
 404984
 404648
 404645
 404277
 404212
 404147
 404129
 404051
 403932
 403849
 403812
 403718
 403680
 403648
 403636
 403592
 403497
 403396
 403249
 403185
 402942
 402773
 402634
 402493
 401990
 401944
 401846
 401758
 401521
 401347
 401289
 400996
 400687
 400646
 400549
 400537
 400504
 400462
 400429
 400379
 400124
 400075
 400000
 399974
 399831
 399735
 399626
 399514
 399511
 399505
 399460
 399361
 399360
 399310
 399220
 399034
 398877
 398659
 398544
 398523
 398136
 398030
 397939
 397916
 397677
 397529
 397488
 397134
 396768
 396683
 396662
 396603
 396594
 396535
 396468
 396426
 396355
 396108
 396100
 396089
 396064
 396019
 396002
 395889
 395728
 395675
 395613
 395508
 395416
 395228
 395165
 395149
 395114
 395034
 395031
 394997
 394982
 394974
 394877
 394847
 394718
 394574
 394412
 394406
 394404
 394196
 394121
 394035
 394013
 393992
 393984
 393969
 393799
 393796
 393630
 393589
 393530
 393487
 393478
 393299
 393279
 392832
 392789
 392734
 392459
 392335
 392317
 392215
 392111
 392101
 391848
 391825
 391668
 391335
 391012
 390899
 390860
 390786
 390785
 390772
 390728
 390694
 390619
 390422
 390360
 390351
 390280
 390259
 390238
 390169
 390063
 389999
 389833
 389548
 389404
 389124
 389062
 389025
 388871
 388837
 388799
 388738
 387953
 387809
 387755
 387558
 387522
 387480
 387452
 386919
 386910
 386851
 386839
 386735
 386731
 386705
 386554
 386526
 386323
 386309
 386281
 386272
 386185
 386149
 386035
 385962
 385665
 385608
 385457
 385309
 385211
 385093
 384852
 384845
 384707
 384632
 384615
 384575
 384450
 384391
 384341
 383908
 383813
 383675
 383655
 383653
 383364
 383333
 383183
 383159
 383126
 383075
 383074
 382779
 382608
 382535
 382533
 382532
 382491
 382425
 382352
 382322
 381685
 381166
 381162
 381141
 381030
 381015
 380956
 380935
 380872
 380576
 380528
 380402
 380399
 380387
 380354
 380240
 380141
 380038
 379847
 379809
 379567
 379560
 378920
 378820
 378778
 378750
 378740
 378500
 378378
 378208
 377973
 377952
 377855
 377762
 377742
 377590
 377512
 377482
 377448
 377271
 377259
 377241
 377192
 377116
 377025
 377009
 376989
 376968
 376926
 376900
 376866
 376849
 376764
 376743
 376730
 376568
 376491
 376380
 376309
 376143
 376018
 376008
 375933
 375823
 375746
 375703
 375576
 375501
 375428
 375391
 375379
 375236
 375185
 374924
 374846
 374675
 374491
 374469
 374415
 374385
 374125
 374107
 374088
 373974
 373864
 373852
 373782
 373623
 373558
 373528
 373519
 373289
 373097
 373001
 372975
 372903
 372890
 372861
 372853
 372440
 372294
 372278
 372038
 371855
 371826
 371738
 371673
 371574
 371473
 371349
 371335
 371179
 371175
 371173
 371066
 370953
 370694
 370633
 370507
 370383
 370370
 370210
 370129
 369945
 369653
 369525
 369498
 369389
 369272
 369257
 369251
 369244
 369170
 369068
 369028
 368965
 368853
 368845
 368812
 368715
 368656
 368492
 368479
 368455
 368423
 368410
 368369
 368203
 368046
 367960
 367858
 367790
 367776
 367772
 367453
 367439
 367416
 367358
 367255
 367155
 367088
 366964
 366650
 366551
 366517
 366392
 366346
 366335
 366246
 365961
 365888
 365853
 365798
 365771
 365751
 365645
 365598
 365583
 365538
 365246
 365022
 364890
 364773
 364705
 364480
 364325
 364292
 364290
 364253
 364031
 364028
 363951
 363494
 363377
 363163
 362929
 362782
 362776
 362647
 362637
 362508
 362478
 362405
 362310
 362298
 362231
 362080
 361932
 361367
 361257
 361130
 361101
 361041
 361000
 360812
 360455
 360412
 360192
 360181
 360079
 359903
 359659
 359364
 359281
 359164
 359125
 359074
 358942
 358676
 358632
 358631
 358626
 358574
 358477
 358423
 358297
 358204
 358130
 358075
 358024
 358003
 357961
 357829
 357687
 357361
 357358
 357268
 357056
 357039
 356950
 356945
 356737
 356564
 356523
 356321
 356305
 356173
 356149
 356116
 355976
 355965
 355829
 355777
 355561
 355558
 355555
 355550
 355402
 355372
 355116
 354956
 354810
 354804
 354737
 354717
 354659
 354648
 354509
 354503
 354490
 354349
 354153
 354050
 353999
 353635
 353617
 353424
 353387
 353240
 353167
 353160
 353055
 352809
 352792
 352578
 352558
 352492
 352459
 352364
 352210
 352198
 352130
 352118
 351869
 351867
 351837
 351782
 351771
 351736
 351700
 351687
 351626
 351624
 351234
 351201
 351157
 350884
 350816
 350796
 350755
 350741
 350715
 350461
 350392
 350259
 350214
 350174
 350015
 349999
 349993
 349814
 349771
 349320
 349319
 349312
 349212
 349146
 349091
 348968
 348910
 348871
 348846
 348829
 348770
 348601
 348522
 348382
 348245
 348234
 348119
 348022
 347847
 347799
 347588
 347211
 347171
 347169
 347110
 347067
 346913
 346897
 346827
 346667
 346426
 346420
 346406
 346331
 345949
 345944
 345866
 345610
 345587
 345464
 345360
 345262
 345173
 345102
 344906
 344858
 344840
 344792
 344219
 344150
 344096
 343631
 343378
 343373
 343249
 342954
 342873
 342452
 342437
 342427
 342335
 342166
 342120
 342091
 341736
 341710
 341694
 341662
 341530
 341432
 341413
 341352
 341323
 341298
 341264
 341204
 341078
 341059
 340979
 340964
 340930
 340715
 340632
 340543
 340523
 340521
 340396
 340297
 340294
 340203
 340015
 339943
 339700
 339612
 339608
 339547
 339473
 339421
 339414
 339371
 339349
 339285
 339133
 339085
 339053
 339002
 338792
 338754
 338693
 338668
 338449
 338326
 338316
 338183
 338017
 337924
 337846
 337808
 337696
 337668
 337402
 337189
 337049
 336831
 336785
 336560
 336540
 336458
 336421
 336412
 336365
 336341
 336324
 336304
 336297
 336288
 335899
 335816
 335791
 335715
 335672
 335570
 335545
 335281
 335186
 335010
 334782
 334777
 334751
 334553
 334421
 334159
 333929
 333900
 333899
 333797
 333757
 333706
 333569
 333473
 333376
 333333
 333296
 333078
 332907
 332906
 332712
 332427
 332415
 332215
 332100
 332064
 331991
 331869
 331682
 331504
 331478
 331342
 331336
 331280
 331238
 330993
 330941
 330773
 330762
 330753
 330743
 330500
 330439
 330379
 330322
 330311
 330223
 330220
 330213
 329946
 329867
 329858
 329828
 329686
 329667
 329580
 329387
 329341
 329232
 329161
 328935
 328688
 328635
 328561
 328530
 328455
 328449
 328302
 328248
 328196
 328077
 327812
 327788
 327556
 327053
 326986
 326964
 326525
 326505
 326484
 326465
 326422
 326293
 326138
 326029
 326010
 325958
 325865
 325726
 325684
 325622
 325560
 325472
 325155
 324939
 324857
 324827
 324795
 324772
 324751
 324104
 323942
 323725
 323592
 323571
 323529
 323384
 323316
 323134
 323131
 323062
 322781
 322340
 322113
 322006
 321918
 321909
 321897
 321838
 321798
 321661
 321603
 321443
 321428
 321363
 321272
 321204
 321174
 321164
 321120
 321007
 320887
 320738
 320570
 320461
 320434
 320335
 320330
 320302
 320284
 320274
 320204
 320059
 320024
 319907
 319887
 319765
 319485
 319449
 319023
 318746
 318707
 318410
 318326
 318181
 317843
 317730
 317687
 317685
 317673
 317653
 317611
 317581
 317531
 317466
 317269
 317189
 317174
 317153
 317073
 316915
 316806
 316480
 316413
 316313
 316230
 316083
 316039
 316029
 315914
 315893
 315836
 315727
 315623
 315395
 315335
 315333
 314989
 314926
 314797
 314734
 314472
 314373
 314321
 314255
 314224
 314184
 313682
 313643
 313582
 313562
 313529
 313494
 313287
 313235
 313011
 312600
 312598
 312595
 312558
 312549
 312543
 312354
 312339
 312310
 312297
 312262
 312256
 311979
 311953
 311754
 311713
 311692
 311673
 311640
 311568
 311493
 311480
 311463
 311447
 311442
 311367
 311272
 311250
 311152
 311139
 311042
 310802
 310716
 310618
 310588
 310360
 310174
 310043
 309968
 309939
 309856
 309779
 309197
 309133
 309056
 309047
 309007
 308846
 308831
 308548
 308519
 308468
 308444
 308376
 308346
 308308
 308231
 308213
 308206
 308170
 308155
 308087
 308001
 307986
 307849
 307632
 307629
 307525
 307403
 307215
 307097
 307000
 306946
 306883
 306717
 306584
 306410
 306278
 306134
 306055
 306003
 305531
 305370
 305274
 304939
 304905
 304811
 304548
 304448
 304442
 304391
 304232
 304214
 303922
 303877
 303679
 303675
 303571
 303525
 303396
 303366
 303365
 303317
 303278
 303228
 303199
 303161
 303129
 303096
 303092
 303079
 303049
 302990
 302972
 302722
 302628
 302385
 302296
 302244
 302094
 302024
 301984
 301946
 301869
 301729
 301711
 301668
 301637
 301604
 301498
 301435
 301419
 301149
 301007
 300993
 300813
 300734
 300674
 300442
 300422
 300345
 300318
 300170
 300107
 300073
 299834
 299780
 299579
 299488
 299397
 299285
 299278
 299259
 299224
 299050
 298984
 298937
 298843
 298765
 298573
 298563
 298432
 298330
 298193
 298186
 298067
 298041
 297650
 297580
 297474
 297019
 296845
 296842
 296822
 296805
 296769
 296680
 296674
 296521
 296502
 296448
 296444
 296355
 296286
 296029
 296025
 295882
 295869
 295857
 295733
 295610
 295527
 295506
 295281
 295160
 295081
 294971
 294969
 294799
 294737
 294720
 294660
 294450
 294330
 294161
 294125
 294011
 293889
 293724
 293603
 293413
 293330
 293103
 293074
 293019
 292965
 292960
 292875
 292744
 292682
 292621
 292610
 292600
 292545
 292498
 292419
 292310
 292307
 292164
 292043
 292042
 291971
 291786
 291684
 291200
 291117
 291043
 290997
 290968
 290870
 290831
 290818
 290738
 290437
 290336
 290294
 290280
 290275
 290238
 290202
 290169
 290149
 290099
 290097
 289944
 289932
 289908
 289872
 289751
 289496
 289124
 289074
 289044
 288972
 288955
 288904
 288732
 288539
 288425
 288418
 288373
 288340
 288336
 288320
 287783
 287754
 287652
 287208
 286974
 286768
 286721
 286700
 286665
 286259
 286135
 286074
 285967
 285940
 285911
 285745
 285600
 285471
 285442
 285439
 285250
 285247
 285147
 284998
 284962
 284710
 284591
 284399
 284386
 284276
 284175
 284120
 284028
 283825
 283624
 283604
 283602
 283596
 283428
 283414
 283402
 283256
 283231
 283141
 283128
 283105
 283092
 283090
 282911
 282895
 282792
 282608
 282414
 282283
 282206
 282136
 281885
 281579
 281391
 281386
 281105
 281052
 281014
 280753
 280746
 280683
 280622
 280565
 280318
 280086
 279933
 279893
 279697
 279587
 279206
 279190
 279144
 279067
 279019
 278952
 278888
 278694
 278688
 278516
 278213
 278178
 278132
 278094
 277847
 277777
 277701
 277662
 277660
 277415
 277251
 277195
 277020
 276967
 276709
 276668
 276556
 276420
 276347
 276249
 276152
 276080
 275934
 275918
 275693
 275519
 275503
 275491
 275384
 275332
 275288
 275280
 275136
 275094
 275063
 275047
 274837
 274816
 274815
 274743
 274704
 274609
 274534
 274480
 274189
 274170
 274127
 273573
 273541
 273426
 273290
 273073
 273057
 272869
 272811
 272788
 272552
 272374
 272294
 272266
 272164
 272102
 272014
 271889
 271856
 271806
 271691
 271516
 271502
 271500
 271454
 271391
 271312
 271292
 271256
 271242
 271216
 271088
 271081
 270780
 270710
 270551
 270493
 270400
 270121
 270024
 269956
 269793
 269775
 269700
 269694
 269657
 269526
 269514
 269409
 269292
 269242
 269238
 269219
 269195
 269175
 269117
 269068
 268984
 268907
 268748
 268742
 268438
 268335
 268203
 268182
 268081
 268058
 267966
 267820
 267676
 267541
 267419
 267392
 267304
 267255
 267248
 267018
 266996
 266966
 266932
 266926
 266868
 266859
 266666
 266284
 266220
 266219
 266035
 265913
 265701
 265690
 265682
 265592
 265554
 265451
 265424
 265356
 265257
 265247
 265144
 265026
 264867
 264670
 264533
 264508
 264503
 264435
 264365
 264319
 264054
 263985
 263853
 263800
 263799
 263667
 263647
 263530
 263527
 263241
 263203
 263202
 263196
 263152
 263083
 263029
 262984
 262929
 262871
 262825
 262567
 262496
 262237
 262223
 262064
 261999
 261968
 261939
 261815
 261774
 261697
 261642
 261437
 261382
 261304
 261235
 260924
 260895
 260886
 260869
 260735
 260706
 260615
 260544
 260469
 260444
 260404
 260179
 260061
 259921
 259767
 259593
 259545
 259499
 259428
 259366
 259267
 259224
 259169
 259147
 259028
 259016
 258985
 258869
 258784
 258678
 258306
 258241
 258161
 257932
 257901
 257891
 257680
 257536
 257500
 257437
 257359
 257311
 257296
 257102
 257081
 257079
 257013
 256319
 256268
 256223
 256212
 256203
 256074
 255936
 255895
 255712
 255683
 255600
 255516
 255440
 255431
 255361
 255143
 255053
 254954
 254905
 254879
 254737
 254529
 254476
 254467
 254461
 254409
 254289
 254090
 254022
 253992
 253957
 253944
 253846
 253833
 253765
 253406
 253333
 253270
 253238
 253110
 252935
 252873
 252821
 252759
 252750
 252605
 252579
 252482
 252433
 252169
 251976
 251937
 251852
 251472
 251469
 251442
 251379
 251332
 251295
 251180
 251046
 251032
 250954
 250941
 250929
 250896
 250807
 250648
 250573
 250520
 250337
 250187
 250000
 249921
 249781
 249614
 249590
 249512
 249331
 249285
 249221
 249180
 249105
 248979
 248978
 248802
 248526
 248435
 248294
 248241
 248051
 247987
 247963
 247878
 247803
 247658
 247613
 247587
 247158
 247155
 246970
 246952
 246909
 246839
 246769
 246619
 246581
 246543
 246148
 245724
 245704
 245628
 245622
 245220
 245215
 245089
 244997
 244992
 244938
 244853
 244784
 244777
 244702
 244654
 244486
 244466
 244364
 244321
 244063
 244046
 243946
 243726
 243589
 243505
 243338
 243287
 243222
 243097
 243047
 243002
 242761
 242610
 242561
 242488
 242033
 241984
 241868
 241230
 240993
 240986
 240830
 240791
 240138
 240103
 239999
 239811
 239714
 239650
 239606
 239575
 239474
 239444
 239382
 239169
 239078
 238949
 238867
 238832
 238793
 238784
 238708
 238532
 238486
 238429
 238369
 238327
 238319
 238315
 238314
 238233
 238227
 238192
 238171
 237978
 237930
 237582
 237443
 237365
 237359
 237249
 237183
 237103
 237100
 237080
 237013
 236842
 236775
 236685
 236640
 236574
 236572
 236526
 236489
 236473
 236384
 236303
 236224
 236111
 236091
 235955
 235874
 235828
 235785
 235718
 235585
 235584
 235297
 235273
 235244
 235218
 235160
 235158
 235065
 234986
 234745
 234742
 234390
 234070
 234025
 233732
 233526
 233496
 233452
 233309
 233283
 233186
 233159
 233011
 232990
 232902
 232842
 232784
 232768
 232765
 232694
 232610
 232407
 232258
 231854
 231821
 231605
 231533
 231428
 231396
 231392
 231314
 231023
 230910
 230855
 230695
 230680
 230547
 230434
 230387
 230252
 230250
 230065
 229851
 229812
 229787
 229689
 229541
 229453
 229432
 229362
 229323
 229268
 229221
 229202
 228941
 228903
 228741
 228700
 228604
 228541
 228357
 228346
 228125
 228081
 228061
 227917
 227714
 227639
 227602
 227272
 227117
 227101
 226902
 226852
 226775
 226752
 226466
 226417
 226404
 226272
 226042
 225745
 225627
 225591
 225563
 225503
 225457
 225066
 224953
 224832
 224808
 224755
 224703
 224683
 224623
 224615
 224472
 224218
 224208
 224183
 223954
 223879
 223836
 223786
 223740
 223706
 223697
 223592
 223577
 223482
 223255
 223111
 222927
 222829
 222754
 222435
 222406
 222336
 222317
 222188
 222140
 221756
 221668
 221542
 221475
 221396
 221305
 221188
 221112
 221079
 221040
 220889
 220745
 220723
 220701
 220626
 220580
 220551
 220504
 220206
 220061
 219793
 219791
 219742
 219715
 219704
 219586
 219559
 219549
 219544
 219322
 219184
 219081
 219079
 218841
 218779
 218623
 218530
 218405
 218282
 218200
 218183
 218138
 218106
 218088
 218074
 217966
 217769
 217687
 217681
 217663
 217599
 217589
 217493
 217448
 217346
 217312
 217288
 217217
 217174
 217119
 217069
 216842
 216799
 216512
 216016
 215620
 215550
 215520
 215501
 215459
 215431
 215357
 215303
 215100
 215081
 215013
 214892
 214888
 214856
 214830
 214768
 214715
 214685
 214684
 214555
 214519
 214490
 214445
 214303
 214176
 214160
 213952
 213935
 213823
 213601
 213580
 213549
 213411
 213366
 213333
 213296
 213141
 213016
 212978
 212954
 212825
 212803
 212615
 212490
 212431
 212214
 212176
 212032
 211924
 211794
 211699
 211571
 211461
 211393
 211041
 211017
 210820
 210790
 210531
 210431
 210364
 210332
 210318
 210299
 210203
 210186
 210022
 209843
 209790
 209562
 209517
 209476
 209395
 209379
 209291
 209249
 209155
 208990
 208924
 208830
 208650
 208633
 208592
 208569
 208454
 208446
 208431
 208106
 208099
 208003
 207865
 207802
 207686
 207546
 207378
 207349
 207317
 207237
 207232
 207202
 206927
 206799
 206587
 206559
 206527
 206349
 206221
 206176
 205837
 205614
 205362
 205321
 205274
 205076
 204932
 204899
 204832
 204773
 204728
 204690
 204525
 204211
 204161
 203979
 203869
 203493
 203217
 203208
 202992
 202949
 202816
 202700
 202553
 202371
 202346
 202251
 202032
 201862
 201845
 201751
 201742
 201714
 201664
 201536
 201454
 201447
 201425
 201145
 201079
 200988
 200890
 200749
 200667
 200626
 200473
 200153
 200132
 200032
 200000
 199999
 199989
 199953
 199948
 199611
 199575
 199452
 199426
 199281
 199243
 199127
 199058
 199045
 199030
 198666
 198415
 198362
 198065
 197986
 197722
 197720
 197581
 197506
 197417
 197138
 197112
 197109
 197101
 197072
 197046
 197041
 197017
 196873
 196721
 196581
 196449
 196207
 196192
 195943
 195930
 195915
 195851
 195804
 195767
 195534
 195439
 195391
 195152
 195067
 195043
 194991
 194890
 194860
 194761
 194727
 194636
 194532
 194368
 194104
 194072
 194069
 194048
 193929
 193888
 193761
 193727
 193639
 193601
 193548
 193453
 193321
 193050
 192856
 192761
 192618
 192336
 192314
 192307
 192232
 192175
 191932
 191747
 191588
 191489
 191447
 191331
 191247
 191207
 190988
 190920
 190909
 190904
 190879
 190806
 190732
 190697
 190637
 190635
 190565
 190444
 190356
 190354
 190293
 190240
 190170
 190123
 189988
 189946
 189864
 189797
 189641
 189566
 189372
 189338
 189323
 189073
 188988
 188953
 188946
 188945
 188588
 188571
 188423
 188298
 187851
 187841
 187745
 187738
 187694
 187600
 187540
 187374
 187365
 187362
 187215
 187160
 187153
 187150
 187075
 186971
 186965
 186961
 186954
 186913
 186870
 186656
 186579
 186444
 186371
 186366
 185989
 185978
 185893
 185727
 185619
 185606
 185557
 185511
 185501
 185456
 185450
 185010
 184844
 184824
 184808
 184690
 184575
 184419
 184166
 184063
 184040
 184000
 183936
 183860
 183437
 183396
 183388
 183310
 183301
 183185
 182728
 182645
 182547
 182455
 182450
 182439
 182169
 181978
 181897
 181791
 181541
 181528
 181422
 181411
 181115
 181056
 181048
 180628
 180521
 180518
 180372
 180302
 180116
 180078
 180039
 180013
 179920
 179500
 179439
 179419
 179098
 178954
 178884
 178781
 178620
 178607
 178604
 178485
 178415
 178375
 178160
 178152
 178082
 178021
 177976
 177957
 177926
 177631
 177461
 177263
 177243
 177196
 177091
 176878
 176721
 176652
 176292
 176169
 176167
 176151
 176129
 175996
 175919
 175888
 175862
 175760
 175717
 175579
 175572
 175514
 175490
 175194
 175162
 175099
 174896
 174872
 174724
 174429
 174290
 174014
 173855
 173593
 173571
 173538
 173461
 173388
 173222
 173129
 173120
 173102
 173042
 172887
 172833
 172827
 172718
 172569
 172511
 172471
 172229
 172172
 172000
 171852
 171565
 171428
 171292
 171277
 170909
 170838
 170771
 170673
 170650
 170592
 170542
 170534
 170503
 170496
 170369
 170311
 170281
 170234
 170071
 169995
 169988
 169861
 169707
 169676
 169553
 169503
 169444
 169423
 169352
 169307
 169092
 169027
 168932
 168923
 168885
 168661
 168575
 168555
 168085
 168001
 167971
 167901
 167900
 167788
 167766
 167725
 167602
 167547
 167530
 167495
 167464
 167461
 167415
 167377
 167372
 167365
 167321
 167297
 167106
 167055
 166993
 166979
 166813
 166807
 166730
 166722
 166698
 166621
 166550
 166520
 166397
 166319
 166256
 166236
 166132
 165931
 165737
 165702
 165580
 165362
 165228
 165022
 164909
 164856
 164802
 164755
 164662
 164577
 164103
 164095
 164009
 163994
 163774
 163741
 163707
 163600
 163542
 163528
 163441
 163327
 163099
 162899
 162528
 162382
 162155
 161978
 161936
 161774
 161681
 161578
 161470
 161202
 161045
 161043
 160875
 160437
 160421
 160411
 160219
 159755
 159462
 159348
 159300
 159180
 159008
 158914
 158877
 158816
 158785
 158755
 158679
 158620
 158552
 158455
 158377
 158326
 158296
 158227
 157933
 157889
 157709
 157705
 157687
 157574
 157504
 157486
 157472
 157372
 157333
 157244
 157181
 157041
 156968
 156928
 156912
 156853
 156783
 156420
 156371
 156112
 156014
 155994
 155973
 155692
 155654
 155209
 155199
 155059
 154986
 154906
 154850
 154823
 154789
 154550
 154528
 154455
 154451
 154397
 154304
 154218
 153928
 153843
 153611
 153465
 153451
 153194
 153189
 153135
 153049
 153023
 152966
 152914
 152835
 152798
 152777
 152680
 152646
 152578
 152413
 152288
 152219
 152060
 152027
 152013
 151870
 151861
 151723
 151718
 151705
 151376
 151362
 151270
 151196
 151050
 150961
 150891
 150719
 150710
 150697
 150552
 150450
 150321
 150243
 150111
 149924
 149855
 149827
 149582
 149547
 149171
 148732
 148725
 148702
 148608
 148559
 148424
 148379
 148378
 148048
 147993
 147946
 147782
 147744
 147702
 147688
 147445
 147443
 146928
 146907
 146857
 146720
 146627
 146543
 146384
 146118
 146098
 146086
 145880
 145833
 145742
 145702
 145607
 145596
 145479
 145367
 145185
 145161
 144964
 144590
 144556
 144505
 144359
 144322
 144321
 144221
 144182
 144046
 143970
 143858
 143802
 143787
 143775
 143754
 143600
 143583
 143517
 143502
 143405
 143387
 143297
 143122
 143001
 142978
 142934
 142900
 142789
 142625
 142590
 142530
 142386
 142137
 142131
 141993
 141881
 141810
 141390
 141348
 141291
 141213
 141095
 141073
 140947
 140638
 140512
 140088
 140084
 139875
 139869
 139764
 139709
 139606
 139527
 139344
 139294
 139286
 139274
 139260
 139169
 139093
 139067
 139064
 139021
 138897
 138879
 138696
 138693
 138655
 138491
 138470
 138445
 138306
 138096
 137995
 137913
 137770
 137751
 137474
 137284
 137254
 137099
 137093
 136935
 136325
 136264
 136242
 136040
 135886
 135784
 135747
 135734
 135685
 135662
 135654
 135489
 135447
 135408
 135265
 135048
 134925
 134766
 134622
 134345
 134238
 134115
 133990
 133978
 133930
 133908
 133744
 133733
 133709
 133682
 133531
 133521
 133504
 133370
 133288
 133100
 133034
 133000
 132802
 132581
 132504
 132488
 131941
 131667
 131662
 131646
 131619
 131597
 131557
 131372
 131272
 131236
 131204
 131010
 130959
 130895
 130696
 130379
 130220
 130117
 130087
 130035
 129968
 129642
 129618
 129577
 129109
 129046
 129032
 128862
 128809
 128510
 128503
 128498
 128356
 128323
 128166
 127942
 127790
 127551
 127486
 127416
 127213
 127177
 127146
 127016
 126829
 126701
 126457
 126379
 126361
 126225
 126216
 126008
 125857
 125690
 125661
 125578
 125402
 125231
 125218
 125000
 124895
 124384
 124298
 123799
 123593
 123452
 123272
 123197
 123139
 122924
 122889
 122887
 122874
 122726
 122689
 122646
 122619
 122604
 122521
 122456
 122455
 122446
 122413
 122395
 121946
 121830
 121807
 121787
 121782
 121754
 121645
 121478
 121477
 121411
 121396
 121182
 121109
 121089
 121076
 120798
 120676
 120644
 120437
 120380
 120343
 120135
 120068
 120010
 119912
 119735
 119725
 119651
 119248
 119008
 118970
 118878
 118770
 118730
 118717
 118671
 118427
 118412
 118345
 118232
 118129
 118115
 118113
 117946
 117867
 117562
 117501
 117427
 116940
 116764
 116763
 116298
 116279
 116103
 116069
 116057
 116028
 115776
 115648
 115384
 115363
 115249
 115179
 115033
 114970
 114754
 114697
 114695
 114599
 114542
 114250
 114115
 114064
 114033
 113849
 113608
 113581
 113343
 113289
 113182
 113123
 113092
 113053
 112886
 112879
 112607
 112564
 112233
 112195
 112104
 112003
 111849
 111708
 111561
 111471
 111400
 111374
 111363
 111328
 111305
 111007
 110948
 110915
 110906
 110901
 110794
 110742
 110632
 110594
 110482
 110467
 110389
 110349
 110230
 110210
 110062
 109932
 109888
 109851
 109816
 109790
 109444
 109395
 109298
 109146
 108885
 108814
 108799
 108721
 108521
 108094
 107967
 107763
 107608
 107124
 107112
 106889
 106790
 106724
 106699
 106474
 106443
 106374
 106132
 106104
 106014
 105973
 105922
 105864
 105863
 105773
 105633
 105533
 105184
 105183
 105042
 104946
 104837
 104750
 104405
 104356
 104339
 104325
 104265
 104011
 103983
 103721
 103677
 103616
 103535
 103473
 103400
 103204
 103139
 102908
 102859
 102666
 102483
 102393
 102391
 102389
 102378
 102191
 102189
 102068
 101926
 101847
 101805
 101788
 101706
 101616
 101602
 101582
 101551
 101529
 101461
 101438
 101308
 101217
 101157
 101151
 101111
 101094
 100995
 100985
 100879
 100856
 100795
 100757
 100145
 100137
 100107
 100085
 100000
 99999
 99932
 99928
 99706
 99530
 99517
 99309
 99083
 98992
 98853
 98596
 98306
 98233
 98204
 98202
 98056
 98025
 97987
 97752
 97724
 97678
 97641
 97521
 97484
 97482
 97446
 97361
 97310
 97293
 97144
 96932
 96748
 96558
 96453
 96428
 96339
 96200
 96185
 96154
 96038
 95906
 95904
 95640
 95563
 95537
 95466
 95383
 95283
 94963
 94952
 94931
 94928
 94830
 94827
 94686
 94478
 94454
 94392
 94095
 93890
 93850
 93845
 93814
 93750
 93725
 93407
 93398
 93220
 92868
 92867
 92828
 92539
 92472
 92465
 92441
 92379
 92266
 92208
 92153
 92031
 91965
 91887
 91818
 91706
 91622
 91618
 91597
 91571
 91303
 91146
 91102
 90953
 90951
 90910
 90681
 90360
 90192
 90157
 90113
 89951
 89950
 89937
 89905
 89787
 89774
 89767
 89698
 89536
 89511
 89313
 89170
 89073
 88616
 88585
 88573
 88567
 88481
 88441
 88378
 88165
 88118
 88045
 87990
 87880
 87808
 87681
 87656
 87636
 87622
 87565
 87516
 87494
 87380
 87364
 87266
 87203
 87098
 87022
 87005
 86989
 86730
 86682
 86676
 86587
 86558
 86479
 86267
 86252
 86216
 86215
 86000
 85660
 85609
 85390
 85373
 85356
 85195
 85191
 85067
 85064
 85059
 84950
 84665
 84593
 84562
 84500
 84283
 84196
 84158
 83953
 83667
 83613
 83493
 83254
 83228
 83208
 83133
 83126
 83086
 82978
 82854
 82833
 82807
 82795
 82753
 82639
 82469
 82436
 82355
 82268
 82225
 82083
 82043
 81845
 81755
 81680
 81654
 81523
 81395
 81371
 81191
 81131
 81121
 80794
 80774
 80555
 80438
 80436
 80344
 80270
 80248
 80246
 80229
 79867
 79766
 79323
 79234
 79034
 79030
 78972
 78901
 78823
 78788
 78651
 78530
 78489
 78470
 78465
 78391
 78324
 78265
 78234
 78223
 78153
 78020
 77810
 77763
 77739
 77724
 77294
 77285
 77138
 76940
 76796
 76793
 76645
 76603
 76602
 76575
 76483
 76368
 75767
 75632
 75607
 75548
 75489
 75479
 75104
 75103
 75078
 74689
 74679
 74607
 74589
 74257
 74253
 74230
 74162
 74156
 74065
 74012
 73980
 73883
 73396
 73218
 73134
 73115
 72997
 72982
 72961
 72925
 72758
 72586
 72543
 72372
 72222
 72157
 72144
 72051
 72023
 71937
 71872
 71783
 71289
 71174
 71157
 71103
 71007
 70920
 70891
 70886
 70885
 70818
 70559
 70297
 70211
 70210
 70180
 70136
 70029
 69977
 69918
 69841
 69695
 69520
 69306
 69297
 69213
 69162
 69113
 69006
 69005
 68756
 68712
 68609
 68207
 67964
 67856
 67592
 67288
 67287
 67223
 66982
 66945
 66735
 66594
 66428
 66343
 66261
 66195
 66034
 66019
 65957
 65873
 65830
 65821
 65762
 65736
 65455
 65442
 65354
 65274
 64916
 64860
 64742
 64632
 64364
 64134
 64121
 64072
 64006
 63828
 63803
 63774
 63758
 63669
 63632
 63569
 63549
 63470
 63269
 63225
 63146
 63045
 63008
 62880
 62771
 62727
 62675
 62639
 62613
 62582
 62488
 62474
 62451
 62437
 62431
 61786
 61731
 61496
 61484
 61481
 61435
 61275
 61232
 61192
 61151
 61084
 60987
 60986
 60975
 60851
 60738
 60703
 60673
 60473
 60389
 60380
 60246
 60198
 60082
 60054
 59956
 59853
 59711
 59478
 59369
 59271
 59119
 59118
 58787
 58696
 58626
 58607
 58595
 58513
 58441
 58436
 58372
 58091
 58045
 58037
 57944
 57886
 57558
 57501
 57472
 57446
 57372
 57257
 56924
 56810
 56717
 56703
 56670
 56482
 56446
 56338
 56315
 56213
 56212
 56187
 56085
 55964
 55963
 55804
 55801
 55736
 55675
 55523
 55520
 55486
 55187
 55172
 55168
 55141
 55138
 55122
 55050
 55000
 54865
 54660
 54422
 54413
 54373
 54290
 54275
 54054
 54038
 53900
 53837
 53612
 53503
 53382
 53292
 53228
 53064
 52999
 52983
 52980
 52631
 52526
 52447
 52445
 52435
 52286
 52277
 52276
 52238
 52008
 51909
 51768
 51531
 51386
 51370
 51282
 51219
 51180
 50987
 50938
 50697
 50542
 50541
 50521
 50225
 49898
 49784
 49727
 49546
 49497
 49371
 49296
 49203
 49111
 48956
 48910
 48827
 48821
 48820
 48785
 48599
 48567
 48469
 48403
 48360
 48294
 48109
 48049
 48027
 47904
 47859
 47692
 47619
 47615
 47528
 47344
 47322
 47310
 46996
 46751
 46667
 46652
 46576
 46520
 46408
 46378
 46187
 46099
 46071
 45936
 45913
 45886
 45776
 45708
 45666
 45623
 45616
 45589
 45416
 45401
 45245
 45159
 44999
 44905
 44900
 44760
 44552
 44439
 44361
 44280
 44112
 44110
 44108
 44107
 44039
 43989
 43964
 43934
 43929
 43926
 43763
 43463
 43190
 43126
 43032
 43024
 42983
 42888
 42811
 42651
 42593
 42408
 42348
 42268
 42205
 42196
 42183
 42162
 42019
 41927
 41836
 41710
 41470
 41389
 41387
 41301
 41270
 41165
 41083
 41054
 40769
 40752
 40748
 40606
 40605
 40386
 40282
 40228
 40218
 40170
 40125
 39977
 39913
 39807
 39801
 39747
 39606
 39552
 39551
 39518
 39473
 39237
 39217
 39175
 39167
 38986
 38974
 38731
 38721
 38609
 38556
 38482
 38445
 38396
 38002
 37914
 37900
 37510
 37349
 37112
 37078
 37007
 36828
 36801
 36791
 36774
 36651
 36606
 36562
 36489
 36464
 36363
 36228
 36203
 36165
 35965
 35955
 35911
 35881
 35767
 35737
 35730
 35714
 35616
 35605
 35567
 35365
 35294
 35069
 34919
 34843
 34839
 34825
 34754
 34696
 34492
 34418
 34399
 34356
 34348
 34213
 34162
 34126
 34098
 34094
 34005
 33960
 33894
 33820
 33810
 33557
 33445
 33431
 33406
 33267
 33216
 33123
 33121
 33033
 32858
 32772
 32765
 32692
 32611
 32586
 32538
 32515
 32198
 31945
 31725
 31645
 31009
 30916
 30859
 30841
 30780
 30500
 30396
 30316
 30248
 30127
 30119
 29946
 29918
 29839
 29805
 29181
 29002
 28943
 28937
 28749
 28724
 28683
 27974
 27956
 27954
 27939
 27842
 27761
 27650
 27588
 27536
 27498
 27427
 27365
 26986
 26970
 26807
 26638
 26620
 26547
 26533
 26359
 26142
 26111
 25958
 25944
 25870
 25668
 25584
 25547
 25435
 25331
 25260
 25230
 25082
 24855
 24637
 24446
 24353
 24310
 24279
 24096
 23792
 23696
 23635
 23527
 23413
 23316
 23290
 23260
 23246
 23173
 23141
 23102
 23018
 22940
 22932
 22571
 22426
 22016
 21770
 21730
 21709
 21673
 21608
 21606
 21163
 21061
 20998
 20995
 20475
 20423
 20374
 20344
 19957
 19872
 19813
 19650
 19544
 19467
 19404
 19355
 19219
 19147
 18919
 18867
 18771
 18728
 18624
 18583
 18553
 18526
 18346
 18312
 18276
 18269
 18218
 17947
 17817
 17670
 17652
 17611
 17610
 17485
 17462
 17386
 17175
 17167
 17134
 16927
 16919
 16763
 16722
 16344
 16338
 16314
 16089
 16067
 16032
 15960
 15706
 15702
 15452
 15384
 15306
 15160
 14911
 14900
 14823
 14703
 14689
 14687
 14519
 14258
 14240
 14091
 13961
 13941
 13914
 13780
 13426
 13403
 13290
 13277
 13109
 12921
 12804
 12776
 12747
 12501
 12426
 12172
 12019
 11999
 11996
 11876
 11743
 11737
 11715
 11709
 11645
 11427
 11210
 11097
 10980
 10765
 10422
 10411
 10384
 10370
 10288
 9885
 9530
 9519
 9400
 9195
 9086
 9003
 8887
 8692
 8558
 8424
 8399
 8338
 8187
 8070
 7977
 7914
 7895
 7882
 7807
 7554
 7464
 7441
 7364
 7291
 7276
 7253
 7246
 7136
 7094
 7079
 7036
 6950
 6823
 6791
 6738
 6537
 6452
 6394
 6358
 6161
 6152
 6073
 6060
 5894
 5768
 5691
 5494
 5360
 5352
 5346
 5342
 5201
 5197
 5188
 5106
 4987
 4929
 4850
 4761
 4744
 4702
 4548
 4400
 4379
 4130
 4027
 3987
 3746
 3534
 3425
 3198
 2899
 2872
 2868
 2835
 2777
 2439
 2203
 2016
 2007
 2006
 2004
 1984
 1896
 1643
 1523
 1469
 1450
 1317
 1299
 1237
 1033
 1022
 810
 809
 700
 588
 572
 557
 234
 66
 0
 