9695
 9512
 9341
 9245
 9214
 9202
 9156
 9087
 9073
 9025
 8973
 8910
 8908
 8786
 8715
 8521
 8422
 8409
 8132
 8113
 8087
 7995
 7921
 7909
 7716
 7666
 7447
 7385
 7310
 7181
 7134
 6988
 6928
 6821
 6720
 6633
 6421
 6409
 6155
 6039
 6032
 5923
 5856
 5580
 5570
 5559
 5512
 5175
 5162
 5161
 5148
 5096
 4991
 4782
 4734
 4395
 4299
 4233
 4217
 4079
 3951
 3615
 3577
 3490
 3462
 3443
 3371
 3257
 3086
 3032
 3020
 2803
 2793
 2215
 2205
 2168
 2164
 2074
 2045
 2028
 1955
 1868
 1803
 1661
 1612
 1568
 1340
 1334
 1321
 1302
 1262
 1225
 1029
 746
 282
 258
 189
 156
 74
 54
 