999883
 999755
 999737
 999678
 999631
 999598
 999455
 999417
 999196
 999005
 998389
 998115
 998065
 997941
 997745
 997727
 997645
 997569
 997512
 997413
 997314
 997236
 997135
 996780
 996728
 996620
 996617
 996554
 996505
 996484
 996441
 996353
 996200
 996163
 996127
 996114
 995987
 995986
 995955
 995913
 995903
 995825
 995780
 995716
 995406
 995357
 995332
 995316
 995216
 995174
 995024
 994882
 994784
 994476
 994379
 994184
 994005
 993994
 993842
 993837
 993724
 993275
 993003
 992962
 992604
 992488
 992434
 992378
 992248
 991918
 991855
 991816
 991664
 991587
 991477
 991468
 991403
 991398
 991304
 991278
 991270
 991216
 990905
 990801
 990775
 990743
 990735
 990679
 990666
 990613
 990602
 990452
 990133
 989975
 989951
 989893
 989847
 989818
 989531
 989518
 989473
 989420
 989249
 989223
 989214
 989126
 989121
 989051
 988950
 988900
 988857
 988768
 988640
 988505
 988439
 988282
 988280
 988190
 988085
 988073
 987986
 987921
 987911
 987770
 987521
 987470
 987341
 987273
 987268
 987169
 987085
 987074
 987049
 986957
 986901
 986814
 986762
 986735
 986734
 986562
 986489
 986359
 986323
 986301
 986254
 986219
 986199
 986134
 986030
 986021
 985659
 985654
 985622
 985422
 985314
 985185
 985148
 985074
 984924
 984810
 984774
 984603
 984567
 984338
 984141
 983999
 983944
 983870
 983801
 983776
 983728
 983697
 983531
 983483
 983369
 983312
 983296
 983105
 983099
 982920
 982864
 982759
 982673
 982660
 982635
 982630
 982583
 982552
 982442
 982435
 982418
 982359
 982264
 982100
 982019
 981986
 981947
 981917
 981899
 981887
 981820
 981365
 981337
 981229
 981221
 981179
 981036
 980958
 980952
 980922
 980908
 980596
 980514
 980440
 980387
 980303
 980266
 980013
 979846
 979844
 979687
 979529
 979405
 979088
 979014
 978996
 978828
 978810
 978760
 978703
 978639
 978570
 978563
 978384
 978175
 978081
 978051
 977983
 977951
 977941
 977589
 977325
 977005
 976839
 976525
 976465
 976415
 976401
 976379
 976199
 976099
 975808
 975615
 975580
 975446
 975398
 975347
 975345
 975339
 975308
 975233
 975177
 975130
 975064
 975022
 974998
 974996
 974715
 974513
 974315
 974037
 974021
 973632
 973572
 973520
 973508
 973497
 973493
 973489
 973462
 973345
 973304
 973095
 972972
 972752
 972745
 972687
 972514
 972488
 972370
 972362
 972287
 972252
 972206
 972177
 972111
 971943
 971840
 971830
 971693
 971605
 971362
 971339
 971326
 971254
 971138
 971129
 971051
 971042
 970958
 970772
 970678
 970654
 970652
 970588
 970350
 970271
 970217
 970204
 970174
 970152
 969938
 969848
 969793
 969790
 969763
 969743
 969696
 969392
 969357
 969353
 969287
 969199
 969158
 968954
 968919
 968812
 968791
 968703
 968633
 968464
 968453
 968405
 968386
 968304
 968062
 968028
 967988
 967839
 967700
 967659
 967576
 967574
 967422
 967414
 967366
 967213
 967133
 967106
 966845
 966775
 966740
 966722
 966473
 966430
 966189
 966101
 966022
 965950
 965755
 965667
 965596
 965529
 965489
 965453
 965299
 965097
 965082
 964902
 964809
 964657
 964573
 963951
 963800
 963798
 963734
 963570
 963565
 963531
 963261
 963170
 963163
 963116
 963029
 962787
 962522
 962505
 962372
 962324
 962162
 962129
 962096
 962012
 961918
 961904
 961853
 961817
 961286
 961280
 961232
 961146
 961102
 961070
 960774
 960511
 960191
 960072
 959950
 959901
 959825
 959752
 959709
 959513
 959461
 959358
 959347
 959288
 959156
 958969
 958700
 958618
 958495
 958357
 958208
 958199
 958109
 958035
 957991
 957714
 957668
 957655
 957113
 957076
 956980
 956853
 956433
 956235
 956193
 956158
 956040
 955838
 955620
 955504
 955329
 955226
 955097
 954986
 954903
 954851
 954812
 954792
 954600
 954501
 954475
 954380
 954368
 954312
 954110
 954090
 954016
 953912
 953894
 953844
 953833
 953752
 953519
 953187
 953117
 952929
 952901
 952792
 952710
 952683
 952655
 952644
 952395
 952191
 952094
 952086
 951897
 951828
 951717
 951542
 951483
 951428
 951367
 951312
 951300
 951136
 951085
 951048
 950963
 950930
 950913
 950874
 950852
 950617
 950591
 950479
 950421
 950038
 949893
 949880
 949753
 949714
 949577
 949523
 949456
 949356
 949320
 949317
 949240
 949212
 949112
 949107
 948819
 948730
 948727
 948582
 948306
 947974
 947943
 947882
 947658
 947525
 947360
 947225
 947036
 946859
 946648
 946643
 946564
 946402
 946225
 946119
 946020
 946013
 945861
 945769
 945725
 945597
 945386
 945375
 945343
 945291
 945279
 945181
 945164
 944961
 944922
 944781
 944686
 944631
 944318
 944215
 944198
 944112
 943940
 943925
 943837
 943795
 943568
 943566
 943413
 943363
 943252
 943100
 942698
 942697
 942564
 942562
 942533
 942504
 942227
 942162
 942101
 942058
 942047
 941984
 941870
 941739
 941668
 941598
 941560
 941529
 941176
 941155
 941048
 940966
 940824
 940658
 940550
 940532
 940296
 940261
 940174
 940120
 940027
 940003
 939808
 939607
 939373
 939338
 939249
 939075
 939006
 938737
 938571
 938507
 938343
 938301
 938251
 938144
 938138
 938082
 937931
 937832
 937808
 937796
 937779
 937727
 937513
 937161
 937088
 937083
 937058
 937002
 936990
 936873
 936850
 936849
 936846
 936758
 936719
 936627
 936537
 936510
 936319
 936225
 936194
 936120
 936008
 935954
 935943
 935857
 935326
 935251
 935118
 934964
 934628
 934612
 934524
 934304
 934237
 934103
 933632
 933609
 933563
 933559
 933366
 932706
 932609
 932565
 932516
 932495
 932468
 932310
 932233
 932213
 932199
 932181
 932178
 932085
 931926
 931805
 931796
 931705
 931630
 931385
 931305
 931241
 931236
 931214
 931111
 931092
 931048
 930982
 930953
 930853
 930757
 930481
 930439
 930418
 930364
 930162
 930141
 930022
 929996
 929864
 929830
 929481
 929443
 929425
 929317
 929304
 929295
 929165
 929125
 929087
 928739
 928399
 928333
 928327
 928118
 928038
 927825
 927710
 927400
 927317
 927264
 927089
 926877
 926829
 926710
 926632
 926613
 926605
 926445
 926311
 926291
 926253
 926163
 926059
 925925
 925916
 925863
 925724
 925709
 925594
 925525
 925257
 925247
 925170
 924970
 924882
 924859
 924748
 924731
 924703
 924506
 924394
 924326
 924297
 924050
 924033
 923993
 923832
 923786
 923673
 923669
 923528
 923517
 923426
 923254
 923175
 923071
 923053
 923006
 922860
 922829
 922767
 922717
 922561
 922503
 922403
 922382
 922269
 921995
 921970
 921827
 921766
 921692
 921662
 921435
 921425
 921409
 921143
 921135
 921131
 921117
 921095
 920628
 920446
 920384
 920353
 920287
 920238
 920193
 920186
 920158
 920079
 919678
 919571
 919387
 919286
 919153
 919072
 918999
 918918
 918816
 918756
 918754
 918631
 918625
 918584
 918209
 918032
 918030
 918003
 917952
 917847
 917753
 917702
 917663
 917595
 917543
 917479
 917455
 917427
 917407
 917355
 917313
 917302
 917230
 917200
 917137
 917060
 917054
 916905
 916903
 916280
 916228
 915893
 915851
 915767
 915567
 915540
 915403
 915364
 915332
 915029
 914893
 914827
 914706
 914567
 914542
 914493
 914413
 914379
 914269
 914180
 913834
 913774
 913767
 913684
 913628
 913587
 913145
 913047
 912851
 912616
 912609
 912398
 912235
 911627
 911617
 911440
 911374
 910926
 910883
 910716
 910688
 910667
 910629
 910225
 910162
 910111
 910110
 910096
 910029
 909970
 909852
 909533
 909498
 909377
 909362
 909350
 909047
 909007
 908788
 908660
 908552
 908496
 908337
 908256
 908221
 908125
 908052
 907692
 907356
 907323
 907317
 907276
 907255
 907103
 907004
 906953
 906833
 906707
 906646
 906548
 906510
 906328
 906303
 906298
 906128
 906046
 906015
 905890
 905673
 905362
 905269
 904992
 904981
 904919
 904908
 904780
 904542
 904481
 904336
 904309
 904273
 904109
 903996
 903914
 903901
 903781
 903627
 903513
 903488
 903300
 903096
 903086
 902986
 902698
 902668
 902644
 902480
 902301
 902270
 902250
 902169
 901943
 901840
 901701
 901678
 901639
 901522
 901432
 901414
 901298
 901257
 901234
 901136
 901071
 901014
 900922
 900853
 900727
 900626
 900603
 900526
 900372
 900092
 900010
 899974
 899908
 899898
 899877
 899844
 899819
 899786
 899760
 899629
 899453
 899329
 899266
 898957
 898884
 898846
 898834
 898730
 898719
 898547
 898423
 898234
 898156
 897985
 897947
 897938
 897893
 897692
 897435
 897396
 897348
 897296
 897187
 897119
 897083
 896758
 896725
 896551
 896390
 896362
 896110
 896000
 895724
 895624
 895516
 895466
 895347
 895303
 895238
 895181
 895141
 895110
 895039
 894980
 894897
 894878
 894864
 894736
 894657
 894616
 894397
 894297
 894048
 893914
 893826
 893632
 893623
 893617
 893556
 893491
 893345
 893163
 893095
 893000
 892963
 892604
 892477
 892466
 892286
 892189
 892162
 892040
 891894
 891797
 891650
 891491
 891398
 891313
 891169
 891096
 891089
 890949
 890915
 890811
 890770
 890769
 890714
 890357
 890322
 890094
 889921
 889908
 889889
 889839
 889799
 889795
 889647
 889436
 889387
 889298
 889217
 889135
 888888
 888778
 888740
 888628
 888588
 888569
 888205
 888103
 888040
 888037
 887964
 887886
 887710
 887554
 887537
 887507
 887301
 887133
 887017
 887004
 886997
 886933
 886761
 886659
 886522
 886448
 886414
 886365
 886101
 886096
 886092
 886058
 886050
 886032
 886016
 885582
 885457
 885430
 885091
 885057
 884984
 884971
 884658
 884557
 884553
 884368
 884337
 884247
 884065
 883919
 883881
 883799
 883789
 883785
 883729
 883561
 883352
 882911
 882795
 882597
 882587
 882475
 882230
 882030
 882024
 881959
 881939
 881902
 881828
 881688
 881639
 881355
 881343
 881218
 881198
 881111
 881005
 880952
 880898
 880675
 880559
 880382
 880354
 880275
 880142
 880071
 879890
 879831
 879805
 879663
 879529
 879356
 879266
 879219
 879142
 879065
 879023
 878975
 878854
 878598
 878567
 878500
 878440
 878323
 878292
 878201
 878194
 878145
 877770
 877704
 877701
 877634
 877562
 877526
 877012
 876963
 876961
 876943
 876755
 876510
 875855
 875594
 875535
 875488
 875288
 875189
 875000
 874980
 874966
 874784
 874693
 874629
 874445
 874321
 874141
 874103
 873961
 873947
 873906
 873812
 873640
 873604
 873443
 873226
 873225
 873205
 873189
 872749
 872627
 872464
 872448
 872447
 872094
 872000
 871952
 871773
 871677
 871549
 871520
 871478
 871447
 871282
 870926
 870764
 870674
 870531
 870526
 870478
 870379
 870253
 870241
 870139
 870092
 870089
 869882
 869761
 869751
 869548
 869462
 869442
 869439
 869310
 869299
 869227
 869214
 869153
 869146
 868968
 868904
 868823
 868720
 868432
 868248
 868105
 868092
 867956
 867826
 867612
 867574
 867518
 867410
 867162
 867142
 866912
 866842
 866770
 866679
 866666
 866622
 866220
 866191
 865974
 865836
 865628
 865560
 865418
 865248
 865093
 864918
 864819
 864796
 864772
 864700
 864644
 864435
 864271
 864233
 864066
 863755
 863736
 863716
 863668
 863562
 863466
 863389
 863375
 863340
 863305
 863293
 863157
 863023
 863013
 862781
 862721
 862646
 862213
 862082
 862004
 861734
 861538
 861501
 861440
 861237
 861058
 861011
 860597
 860465
 860412
 860024
 860023
 859931
 859862
 859820
 859761
 859756
 859723
 859631
 859614
 859516
 859463
 859421
 859196
 859070
 859002
 858823
 858817
 858799
 858788
 858549
 858545
 858425
 858073
 857812
 857519
 857456
 857454
 857368
 857201
 857181
 857067
 856776
 856769
 856746
 856498
 856368
 856317
 856256
 856054
 855885
 855851
 855849
 855738
 855579
 855251
 854901
 854884
 854404
 854373
 854331
 853967
 853955
 853937
 853801
 853582
 853286
 853261
 853181
 853090
 852968
 852790
 852606
 852539
 852512
 852485
 852479
 852459
 852418
 852392
 852141
 851910
 851851
 851686
 851685
 851663
 851568
 851473
 851388
 851233
 851194
 851185
 851179
 851132
 850982
 850768
 850698
 850674
 850649
 850475
 850242
 849895
 849894
 849649
 849642
 849566
 849538
 849448
 849056
 848925
 848834
 848784
 848645
 848622
 848588
 848361
 848253
 848179
 848167
 847869
 847860
 847804
 847742
 847700
 847679
 847672
 847619
 847544
 847414
 847396
 847107
 847094
 847058
 846820
 846762
 846706
 846675
 846276
 846252
 846193
 845908
 845867
 845857
 845684
 845616
 845396
 845272
 845251
 845219
 845166
 845017
 844907
 844838
 844643
 844428
 844233
 844164
 844079
 844022
 844007
 843666
 843387
 843375
 843296
 843247
 843210
 842853
 842816
 842533
 842502
 842479
 842338
 842166
 841993
 841946
 841846
 841733
 841411
 841245
 841231
 841108
 840993
 840984
 840970
 840768
 840449
 839999
 839765
 839715
 839693
 839500
 839455
 839383
 839362
 839207
 839023
 838973
 838939
 838918
 838807
 838709
 838689
 838620
 838467
 838425
 838380
 838295
 838283
 838196
 838119
 838090
 838074
 837795
 836925
 836293
 836185
 835633
 835247
 835246
 835222
 835167
 835043
 835024
 834622
 834611
 834506
 834469
 834312
 834227
 834084
 833999
 833780
 833744
 833714
 833633
 833595
 833586
 833457
 833356
 833208
 833119
 833044
 833034
 833014
 832962
 832866
 832847
 832694
 832650
 832509
 832384
 832353
 832299
 832296
 831988
 831929
 831849
 831724
 831650
 831578
 831515
 831431
 831078
 831068
 831031
 830643
 830604
 830599
 830552
 830428
 830269
 830174
 830123
 830075
 830069
 830043
 829968
 829927
 829853
 829613
 829611
 829531
 829495
 829379
 829292
 829218
 828976
 828903
 828647
 828616
 828429
 828322
 828246
 828178
 828174
 827926
 827908
 827881
 827878
 827723
 827718
 827608
 827553
 827510
 827320
 827294
 827156
 827128
 827124
 827031
 826926
 826843
 826741
 826578
 826144
 826086
 825755
 825714
 825688
 825608
 825523
 825282
 824945
 824936
 824912
 824880
 824840
 824750
 824742
 824558
 824515
 824336
 824321
 824150
 824072
 824016
 823992
 823990
 823881
 823868
 823818
 823735
 823332
 823300
 823287
 823227
 823204
 823008
 822989
 822706
 822680
 822663
 822560
 822502
 822500
 822492
 822259
 822234
 822224
 821737
 821580
 821509
 821495
 821492
 821450
 821213
 821163
 821092
 820760
 820658
 820612
 820527
 820479
 820413
 820380
 820285
 820074
 819751
 819733
 819715
 819402
 819331
 819225
 818946
 818931
 818930
 818884
 818847
 818846
 818781
 818624
 818576
 818509
 818461
 818360
 818198
 818159
 817849
 817691
 817568
 817237
 817050
 816993
 816611
 816543
 816452
 816393
 816372
 816281
 815919
 815748
 815709
 815384
 815321
 815284
 815234
 815132
 814901
 814561
 814509
 814385
 814310
 814073
 814029
 813953
 813930
 813770
 813760
 813664
 813343
 813333
 813163
 812933
 812827
 812535
 812337
 812320
 812111
 812020
 811875
 811853
 811757
 811755
 811665
 811656
 811637
 811360
 811259
 811209
 811203
 811035
 810817
 810793
 810673
 810625
 810590
 810474
 810317
 810306
 810183
 810109
 809673
 809638
 809630
 809593
 809536
 809469
 809136
 808738
 808618
 808616
 808593
 808415
 808378
 808072
 807792
 807742
 807581
 807342
 807164
 807123
 807074
 807010
 806629
 806536
 806225
 806153
 805988
 805980
 805836
 805803
 805696
 805635
 805558
 805513
 805509
 805481
 805423
 805383
 805298
 805189
 805133
 805091
 804998
 804963
 804960
 804878
 804846
 804615
 804611
 804571
 804532
 804380
 804356
 804289
 804254
 803961
 803921
 803709
 803674
 803623
 803458
 803399
 803261
 803162
 803140
 803034
 802899
 802892
 802750
 802740
 802578
 802507
 802485
 802355
 802296
 802048
 802046
 801980
 801744
 801652
 801603
 801534
 801513
 801412
 801355
 801101
 801053
 801033
 800777
 800677
 800554
 800521
 800393
 800385
 800365
 800337
 800098
 800039
 799999
 799924
 799856
 799760
 799752
 799681
 799543
 799473
 799436
 799420
 799390
 799353
 799190
 799112
 799086
 799006
 798578
 798501
 798443
 798194
 798091
 797987
 797752
 797732
 797680
 797590
 797492
 797366
 797023
 796916
 796670
 796525
 796403
 796397
 796335
 796274
 796060
 795921
 795918
 795856
 795721
 795573
 795389
 795250
 795180
 794961
 794637
 794588
 794504
 794502
 794428
 794360
 794291
 794195
 794119
 794005
 793926
 793908
 793893
 793883
 793802
 793785
 793559
 793503
 793405
 793312
 793309
 793293
 792941
 792832
 792821
 792759
 792713
 792705
 792521
 792498
 792452
 792405
 792313
 792248
 792054
 791821
 791678
 791393
 791385
 791286
 791183
 791126
 791040
 790949
 790724
 790416
 790369
 790290
 790167
 790060
 790027
 789940
 789788
 789750
 789739
 789709
 789705
 789128
 788933
 788865
 788835
 788749
 788732
 788698
 788523
 788330
 788156
 787844
 787520
 787510
 787133
 787099
 787001
 786982
 786839
 786822
 786715
 786552
 786086
 786058
 786022
 786011
 785990
 785902
 785871
 785821
 785694
 785680
 785633
 785610
 785545
 785497
 785476
 785367
 785197
 785172
 785171
 784741
 784679
 784633
 784567
 784499
 784373
 784353
 784313
 784210
 783983
 783783
 783764
 783695
 783666
 783563
 783427
 783257
 783255
 783234
 783110
 782825
 782642
 782515
 782334
 782255
 782048
 781994
 781986
 781981
 781945
 781448
 781315
 781296
 781187
 781144
 781040
 780796
 780512
 780379
 780171
 780169
 780147
 780141
 780139
 780068
 780045
 780043
 779857
 779796
 779610
 779598
 779586
 779555
 779461
 779401
 779232
 779223
 779185
 779013
 778982
 778950
 778942
 778835
 778797
 778597
 778585
 778406
 778088
 778054
 778039
 778002
 777777
 777689
 777439
 777361
 777320
 777218
 777144
 776918
 776732
 776650
 776615
 776521
 776438
 776026
 776000
 775958
 775719
 775651
 775510
 775496
 775297
 775033
 774919
 774885
 774869
 774721
 774597
 774419
 774411
 774083
 774080
 774020
 773913
 773907
 773750
 773697
 773442
 773365
 773353
 773337
 773299
 773034
 772867
 772764
 772708
 772567
 772463
 772395
 772197
 771915
 771899
 771778
 771750
 771608
 771587
 771570
 771532
 771522
 771349
 771079
 771067
 771011
 771010
 770887
 770679
 770650
 770557
 770536
 770390
 770186
 770114
 770082
 769960
 769834
 769822
 769744
 769706
 769611
 769447
 769375
 769137
 769060
 769050
 768873
 768862
 768425
 768378
 768360
 768315
 768248
 768196
 768115
 768061
 768042
 767999
 767653
 767438
 767296
 767280
 767245
 767223
 767197
 767123
 766965
 766884
 766806
 766636
 766617
 766606
 766426
 766404
 766285
 766215
 766148
 766137
 766048
 765988
 765903
 765726
 765579
 765415
 765144
 764878
 764864
 764827
 764793
 764756
 764710
 764520
 764486
 764442
 764429
 764415
 764405
 764305
 764192
 764158
 764030
 763903
 763828
 763682
 763645
 763576
 763545
 763518
 763450
 763362
 763337
 763176
 763074
 762957
 762945
 762932
 762731
 762618
 762597
 762489
 762487
 762412
 762257
 762018
 762007
 761876
 761859
 761727
 761567
 761483
 761459
 761250
 760854
 760714
 760571
 760491
 760270
 760247
 760199
 760194
 759979
 759711
 759505
 759378
 759338
 759303
 759298
 759198
 759164
 759153
 758957
 758793
 758570
 758540
 758535
 758512
 758506
 758469
 758186
 758077
 757857
 757607
 757580
 757451
 757401
 757352
 757138
 757108
 757052
 757019
 756996
 756975
 756934
 756756
 756710
 756660
 756596
 756460
 756408
 756047
 755938
 755700
 755555
 755536
 755506
 755051
 754788
 754699
 754601
 754591
 754390
 754231
 754098
 754063
 754039
 754030
 754001
 753922
 753869
 753697
 753572
 753535
 753348
 753294
 753272
 753136
 753104
 752998
 752882
 752790
 752415
 752248
 751914
 751893
 751881
 751843
 751784
 751690
 751586
 751380
 751337
 751313
 751261
 751259
 751051
 750981
 750816
 750341
 750209
 750110
 749988
 749876
 749838
 749705
 749629
 749608
 749573
 749469
 749322
 749275
 749133
 749127
 749112
 749063
 748794
 748732
 748604
 748581
 748511
 748396
 748218
 748157
 748100
 748099
 748053
 748027
 748019
 747974
 747957
 747919
 747781
 747688
 747564
 747545
 747463
 747431
 747393
 747225
 747135
 747116
 747096
 747070
 747001
 746987
 746946
 746900
 746655
 746466
 746278
 746268
 746097
 745950
 745835
 745791
 745746
 745670
 745566
 745565
 745329
 745315
 745141
 745138
 745065
 745034
 744911
 744906
 744808
 744723
 744666
 744623
 744514
 744392
 744325
 744115
 743958
 743883
 743834
 743829
 743827
 743698
 743682
 743681
 743558
 743342
 743259
 743098
 743034
 742980
 742975
 742795
 742781
 742753
 742682
 742635
 742598
 742398
 742254
 742201
 741771
 741756
 741745
 741605
 741587
 741463
 741451
 741355
 741258
 741246
 741184
 741183
 741160
 741101
 741068
 740514
 740486
 740392
 740174
 740151
 740147
 740126
 739934
 739905
 739898
 739795
 739780
 739677
 739575
 739461
 739428
 739307
 739269
 739235
 739232
 739177
 739152
 739090
 738965
 738800
 738760
 738540
 738467
 738289
 738128
 737838
 737814
 737654
 737573
 737454
 737233
 737199
 737192
 737099
 737084
 736618
 736311
 736302
 736208
 735994
 735915
 735909
 735766
 735748
 735616
 735459
 735399
 735205
 735149
 735085
 735003
 734953
 734871
 734533
 734400
 734181
 734179
 734124
 734042
 733929
 733921
 733847
 733846
 733724
 733660
 733356
 733354
 733333
 733255
 733183
 733096
 733092
 733059
 732888
 732811
 732776
 732620
 732247
 732245
 732178
 732111
 732042
 732026
 731977
 731961
 731616
 731610
 731558
 731517
 731421
 731370
 730971
 730934
 730933
 730904
 730868
 730736
 730498
 730287
 730181
 730180
 730158
 730020
 729883
 729827
 729525
 729436
 729304
 729156
 729069
 728932
 728906
 728765
 728753
 728733
 728617
 728482
 728452
 728306
 728143
 728126
 727916
 727866
 727788
 727602
 727574
 727499
 727409
 727371
 727356
 727328
 727247
 727108
 727037
 726915
 726688
 726616
 726558
 726347
 725823
 725740
 725632
 725504
 725395
 725388
 725372
 725370
 725320
 725251
 725206
 725199
 725111
 724904
 724793
 724733
 724707
 724689
 724677
 724375
 724309
 724272
 724190
 724160
 724095
 723766
 723502
 723492
 723362
 723347
 723221
 723122
 723056
 722847
 722821
 722807
 722624
 722596
 722595
 722523
 722265
 722239
 722144
 722100
 722018
 721970
 721907
 721740
 721590
 721239
 721211
 721044
 720907
 720862
 720763
 720676
 720612
 720359
 720263
 720241
 720213
 720167
 720155
 720076
 719783
 719652
 719599
 719538
 719391
 719286
 719262
 719238
 719215
 719070
 719067
 719022
 718963
 718944
 718913
 718891
 718804
 718654
 718564
 718500
 718416
 718356
 718296
 718290
 718227
 718217
 718043
 718017
 717985
 717938
 717913
 717817
 717544
 717512
 717488
 717314
 717309
 717277
 717200
 717184
 716927
 716837
 716798
 716710
 716592
 716536
 716514
 716512
 716493
 716430
 716401
 716265
 716194
 716121
 715869
 715793
 715709
 715688
 715428
 715372
 715250
 715226
 715170
 714961
 714906
 714892
 714854
 714689
 714422
 714368
 714273
 714231
 714181
 714176
 714163
 714160
 713783
 713710
 713652
 713605
 713482
 713465
 713309
 713163
 712576
 712560
 712480
 712384
 712246
 712212
 712104
 712095
 711779
 711723
 711566
 711406
 711375
 711187
 711170
 711111
 711003
 710949
 710771
 710694
 710643
 710607
 710573
 710390
 710258
 710223
 709884
 709880
 709709
 709184
 709031
 708866
 708819
 708610
 708408
 708399
 708375
 708348
 708225
 708163
 708137
 707909
 707892
 707877
 707852
 707692
 707677
 707644
 707618
 707615
 707599
 707525
 707424
 707204
 707203
 707127
 707119
 707102
 707100
 706979
 706972
 706952
 706902
 706666
 706634
 706584
 706516
 706496
 706271
 706234
 706158
 706157
 706113
 706103
 705596
 705487
 705244
 705227
 705157
 705112
 705019
 704931
 704902
 704889
 704852
 704806
 704647
 704646
 704607
 704503
 704441
 704407
 704071
 703936
 703899
 703669
 703601
 703453
 703350
 703319
 703183
 703182
 703154
 703153
 703049
 702870
 702838
 702801
 702688
 702678
 702567
 702537
 702443
 702420
 702389
 702276
 702087
 701971
 701944
 701870
 701798
 701622
 701438
 701406
 701380
 701237
 701145
 701056
 700718
 700622
 700370
 700336
 700175
 700035
 699991
 699819
 699639
 699588
 699574
 699529
 699517
 699448
 699381
 699206
 698952
 698947
 698818
 698815
 698595
 698534
 698395
 698321
 698253
 698240
 698063
 698034
 697974
 697949
 697865
 697750
 697429
 697196
 697130
 696916
 696846
 696832
 696737
 696728
 696704
 696533
 696506
 696504
 696251
 696202
 696140
 696138
 696050
 695787
 695674
 695668
 695656
 695467
 695440
 695417
 695287
 695125
 694949
 694892
 694886
 694875
 694793
 694750
 694747
 694688
 694603
 694510
 694480
 694457
 694426
 694391
 694245
 694192
 694117
 694010
 693695
 693685
 693453
 693419
 693398
 693367
 693296
 693290
 693248
 693201
 693168
 693146
 693069
 692896
 692718
 692520
 692299
 692029
 691975
 691960
 691907
 691875
 691761
 691731
 691722
 691633
 691629
 691437
 691415
 691377
 691332
 691282
 691228
 691208
 691056
 691049
 690903
 690884
 690835
 690829
 690797
 690695
 690667
 690592
 690215
 690157
 690132
 690053
 689978
 689962
 689897
 689894
 689719
 689551
 689411
 689186
 689032
 688946
 688766
 688761
 688690
 688678
 688395
 688249
 688211
 688127
 688098
 687992
 687273
 687247
 687205
 687141
 687134
 687124
 686998
 686978
 686944
 686923
 686879
 686709
 686654
 686634
 686582
 686578
 686567
 686491
 686400
 686286
 686111
 686096
 686053
 685983
 685939
 685889
 685831
 685503
 685478
 685477
 685454
 685430
 685302
 685221
 685157
 685076
 685054
 684965
 684962
 684818
 684816
 684807
 684675
 684338
 684291
 684155
 684100
 684006
 683688
 683678
 683657
 683627
 683573
 683466
 683403
 683373
 683299
 683222
 683125
 683110
 682918
 682859
 682803
 682564
 682473
 682301
 682206
 682158
 682140
 681958
 681942
 681879
 681840
 681839
 681799
 681543
 681502
 681276
 681243
 681226
 681165
 681153
 681145
 681070
 681063
 680981
 680900
 680708
 680674
 680548
 680544
 680540
 680469
 680327
 680299
 680113
 680064
 680015
 679911
 679633
 679444
 679410
 679332
 679322
 679290
 679287
 679144
 679093
 678777
 678466
 678462
 678319
 678106
 677966
 677873
 677798
 677712
 677685
 677651
 677611
 677583
 677539
 677481
 677376
 677345
 677265
 677219
 677183
 677115
 676873
 676721
 676426
 676212
 676206
 676203
 676126
 676000
 675977
 675959
 675883
 675846
 675712
 675551
 675524
 675509
 675478
 675475
 675471
 675350
 675334
 675319
 675315
 675193
 674924
 674846
 674698
 674506
 674390
 674386
 674349
 674239
 674219
 674074
 673850
 673821
 673684
 673678
 673656
 673553
 673369
 673312
 673121
 672789
 672754
 672719
 672634
 672456
 672397
 672005
 671832
 671792
 671720
 671717
 671667
 671189
 671169
 671134
 671012
 670788
 670723
 670601
 670402
 670378
 670159
 670098
 670097
 670085
 669767
 669752
 669713
 669546
 669338
 668863
 668689
 668682
 668656
 668655
 668511
 668450
 668390
 668357
 668297
 668156
 668041
 668027
 667648
 667588
 667549
 667273
 667239
 667154
 667153
 667129
 666967
 666893
 666844
 666839
 666828
 666819
 666666
 666580
 666519
 666479
 666459
 666389
 666331
 665970
 665687
 665592
 665474
 665454
 665367
 665306
 665276
 665119
 665081
 665020
 664998
 664912
 664907
 664781
 664436
 664275
 664121
 664077
 663926
 663775
 663716
 663590
 663553
 663533
 663512
 663460
 663316
 663270
 663245
 663191
 662921
 662857
 662793
 662632
 662598
 662557
 662406
 662332
 662132
 661938
 661007
 660899
 660777
 660691
 660589
 660574
 660558
 660377
 660248
 659913
 659854
 659837
 659724
 659641
 659409
 659145
 659120
 658978
 658961
 658787
 658270
 658227
 658189
 658031
 658013
 657990
 657911
 657894
 657839
 657808
 657765
 657753
 657729
 657707
 657631
 657502
 657496
 657480
 657478
 657385
 657255
 657200
 657154
 656964
 656813
 656537
 656473
 656371
 656357
 656222
 656025
 655394
 655356
 655324
 655207
 655146
 655069
 654998
 654975
 654918
 654851
 654731
 654655
 654628
 654452
 654335
 654334
 654333
 654311
 653986
 653968
 653880
 653727
 653676
 653590
 653498
 653377
 653352
 653241
 653227
 652892
 652760
 652725
 652581
 652545
 652217
 652214
 652161
 652030
 651994
 651909
 651851
 651760
 651631
 651525
 651376
 651144
 651072
 651071
 650959
 650825
 650625
 650556
 650531
 650442
 650357
 650323
 650119
 650082
 650032
 649920
 649897
 649889
 649742
 649657
 649630
 649572
 649483
 649313
 649120
 649114
 649061
 648856
 648710
 648665
 648648
 648612
 648588
 648525
 648428
 648402
 648397
 648137
 648035
 647652
 647583
 647577
 647570
 647475
 647058
 646950
 646860
 646840
 646833
 646612
 646275
 646075
 646015
 645691
 645533
 645502
 645417
 645060
 644979
 644936
 644516
 644510
 644422
 644354
 644310
 644257
 644235
 644224
 644164
 644155
 644128
 644101
 644067
 643974
 643905
 643840
 643764
 643732
 643405
 643299
 643296
 643244
 643229
 643153
 643128
 643044
 643017
 642928
 642875
 642800
 642747
 642655
 642617
 642553
 642443
 642363
 642355
 641821
 641778
 641706
 641595
 641532
 641300
 641093
 640962
 640961
 640814
 640800
 640680
 640547
 640481
 640278
 640273
 639905
 639903
 639891
 639805
 639781
 639758
 639715
 639516
 639442
 639353
 639195
 639092
 639069
 639029
 639014
 638958
 638891
 638731
 638702
 638701
 638633
 638458
 638377
 638357
 638202
 638144
 637986
 637967
 637882
 637717
 637326
 637076
 636997
 636970
 636917
 636838
 636755
 636749
 636738
 636711
 636697
 636568
 636554
 636474
 636412
 635734
 635580
 635405
 635339
 635211
 635126
 634804
 634596
 634449
 633954
 633898
 633830
 633799
 633519
 633463
 633433
 633277
 633258
 633240
 633204
 633152
 633130
 633075
 633067
 633022
 633015
 632967
 632933
 632574
 632215
 631901
 631767
 631647
 631640
 631485
 631296
 631165
 631120
 630941
 630880
 630774
 630673
 630657
 630633
 630536
 630434
 630294
 630272
 630210
 630197
 630114
 630082
 630042
 630009
 629999
 629985
 629847
 629629
 629614
 629582
 629485
 629282
 629268
 629098
 628971
 628942
 628906
 628883
 628420
 627939
 627750
 627664
 627586
 627501
 627454
 627388
 627344
 627229
 627027
 626924
 626917
 626771
 626740
 626713
 626674
 626559
 626437
 626372
 625962
 625629
 625617
 625570
 625565
 625541
 625328
 625309
 625188
 625174
 625164
 625094
 625017
 624872
 624751
 624634
 624568
 624541
 624488
 624436
 624319
 624309
 624286
 624235
 624046
 624016
 623882
 623846
 623709
 623574
 623564
 623547
 623495
 623466
 623438
 623352
 623289
 623245
 623045
 623043
 622999
 622969
 622965
 622847
 622688
 622385
 621892
 621822
 621755
 621571
 621496
 621434
 621431
 621387
 621258
 621251
 621101
 620838
 620716
 620624
 620562
 620409
 620367
 620342
 620285
 620217
 620130
 620071
 620016
 619915
 619833
 619790
 619786
 619750
 619723
 619703
 619035
 619033
 618984
 618959
 618911
 618887
 618757
 618736
 618640
 618556
 618370
 618361
 618255
 618175
 618122
 618081
 617796
 617605
 617405
 617162
 617096
 617053
 616863
 616838
 616813
 616797
 616581
 616463
 616453
 616418
 616402
 616324
 616195
 616156
 616123
 615992
 615988
 615690
 615472
 615384
 615281
 615146
 615118
 614896
 614860
 614799
 614730
 614618
 614419
 614278
 613914
 613830
 613756
 613531
 613528
 613469
 613259
 613251
 613042
 613002
 612982
 612903
 612893
 612778
 612748
 612704
 612556
 612486
 612411
 612382
 612361
 612252
 612244
 612173
 612074
 612024
 611999
 611862
 611795
 611727
 611665
 611646
 611625
 611537
 611268
 611211
 611154
 611137
 611033
 610957
 610940
 610910
 610854
 610580
 610526
 610422
 610365
 610284
 609972
 609932
 609707
 609369
 609261
 609174
 609025
 608955
 608938
 608908
 608767
 608630
 608539
 608424
 608348
 608219
 608152
 608055
 608048
 608013
 607926
 607844
 607646
 607569
 607402
 607361
 607278
 607273
 606973
 606950
 606781
 606779
 606557
 606484
 606279
 606273
 606189
 606079
 606068
 605894
 605818
 605760
 605609
 605464
 605381
 605066
 604978
 604913
 604878
 604773
 604700
 604606
 604591
 604543
 604196
 604106
 604032
 604028
 604001
 603636
 603600
 603550
 603451
 603446
 603401
 603248
 603226
 603020
 602788
 602758
 602478
 602305
 602278
 602215
 601925
 601847
 601413
 601132
 601100
 601011
 600895
 600858
 600749
 600692
 600619
 600575
 600446
 600231
 599779
 599760
 599584
 599511
 599479
 599471
 599459
 599454
 599341
 599235
 599179
 599126
 599113
 599102
 598790
 598746
 598729
 598686
 598673
 598648
 598550
 598523
 598499
 598431
 598336
 598138
 597910
 597863
 597725
 597596
 597569
 597535
 597527
 597429
 597407
 597375
 597286
 597249
 597119
 597073
 596787
 596780
 596750
 596746
 596627
 596514
 596513
 596420
 596355
 596298
 596169
 596017
 595999
 595854
 595828
 595783
 595752
 595632
 595554
 595528
 595505
 595460
 595141
 594955
 594774
 594578
 594143
 594102
 594080
 593836
 593307
 593125
 592991
 592990
 592986
 592964
 592810
 592794
 592783
 592724
 592687
 592592
 592513
 592417
 592342
 592282
 592227
 591955
 591781
 591700
 591590
 591397
 591362
 591277
 591258
 591253
 591220
 591048
 590944
 590937
 590738
 590611
 590597
 590486
 590476
 590344
 590230
 590216
 590145
 590141
 590113
 590102
 590043
 589913
 589830
 589653
 589629
 589565
 589533
 589517
 589479
 589433
 589368
 589364
 589361
 589336
 589010
 588923
 588913
 588904
 588889
 588847
 588632
 588589
 588463
 588308
 588275
 587908
 587902
 587795
 587421
 587309
 587287
 587270
 587103
 586926
 586840
 586803
 586719
 586714
 586685
 586657
 586642
 586546
 586514
 586251
 586206
 586177
 586105
 585987
 585673
 585545
 585492
 585469
 585408
 585365
 585098
 585022
 584993
 584614
 584571
 584309
 584279
 584219
 584177
 584078
 583990
 583969
 583715
 583657
 583481
 583426
 583355
 583349
 583193
 583121
 583085
 582838
 582725
 582672
 582572
 582429
 582242
 582183
 582105
 582044
 582028
 582020
 581904
 581779
 581750
 581680
 581610
 581529
 581459
 581382
 581309
 580934
 580915
 580908
 580828
 580575
 580503
 580437
 580077
 580043
 580041
 579869
 579838
 579776
 579710
 579690
 579610
 579569
 579513
 579500
 579384
 579338
 579202
 579186
 579111
 579016
 579013
 579005
 578934
 578901
 578833
 578695
 578684
 578586
 578542
 578536
 578524
 578495
 578410
 578399
 578339
 578313
 578176
 578063
 577962
 577823
 577538
 577463
 577461
 577109
 577092
 577055
 576993
 576967
 576861
 576812
 576652
 576642
 576584
 576514
 576413
 576359
 576287
 576131
 576055
 576047
 575965
 575918
 575894
 575784
 575724
 575437
 575328
 575177
 575104
 574672
 574669
 574531
 574372
 574216
 574041
 574018
 573936
 573903
 573846
 573768
 573761
 573625
 573551
 573413
 573333
 573325
 573319
 573217
 573200
 573185
 573041
 572771
 572728
 572675
 572661
 572654
 572645
 572516
 572490
 572384
 572339
 572185
 572165
 572094
 572058
 571860
 571733
 571732
 571552
 571535
 571271
 571006
 570781
 570493
 570440
 570430
 570276
 570130
 570122
 570039
 570009
 569460
 569291
 569238
 569060
 569046
 569034
 568921
 568896
 568889
 568637
 568463
 568425
 568188
 568132
 568103
 568034
 568005
 567686
 567536
 567452
 567450
 567375
 567369
 567038
 567023
 566904
 566842
 566762
 566757
 566751
 566486
 566474
 566420
 566213
 566033
 565822
 565812
 565758
 565681
 565490
 565427
 565400
 565351
 565349
 565321
 565156
 565070
 564795
 564714
 564397
 564155
 563993
 563934
 563819
 563636
 563626
 563589
 563568
 563544
 563504
 563394
 563367
 563315
 562945
 562917
 562911
 562843
 562590
 562419
 562137
 562041
 562018
 561905
 561902
 561560
 561497
 561403
 561379
 561333
 561315
 561296
 561231
 561173
 561091
 561079
 561058
 560928
 560859
 560833
 560798
 560720
 560572
 560559
 560468
 560450
 560207
 560069
 560034
 560004
 559942
 559806
 559684
 559639
 559544
 559493
 559474
 559284
 559164
 559091
 559086
 558970
 558949
 558936
 558929
 558687
 558500
 558394
 558332
 558250
 558208
 558134
 558014
 557925
 557918
 557856
 557699
 557630
 557588
 557522
 557378
 557300
 557006
 556845
 556819
 556706
 556559
 556455
 556411
 556354
 556329
 556292
 556271
 556241
 556226
 556050
 555989
 555988
 555663
 555555
 555474
 555464
 555435
 555235
 555194
 555138
 555037
 554990
 554904
 554853
 554699
 554652
 554623
 554596
 554565
 554536
 554479
 554434
 554411
 554285
 554280
 554202
 554040
 553907
 553761
 553415
 553398
 553202
 553185
 553043
 552978
 552860
 552548
 552516
 552373
 552352
 552138
 552112
 551889
 551793
 551763
 551741
 551694
 551658
 551490
 551324
 550999
 550968
 550930
 550929
 550925
 550921
 550881
 550862
 550651
 550606
 550574
 550561
 550368
 550312
 550258
 549745
 549446
 549383
 549230
 549205
 549019
 548906
 548874
 548692
 548625
 548597
 548556
 548472
 548439
 548397
 548387
 548322
 548117
 547945
 547819
 547753
 547752
 547377
 547328
 547292
 547083
 547015
 546906
 546758
 546687
 546625
 546621
 546514
 546458
 546436
 546432
 546125
 546098
 546009
 545588
 545365
 545240
 545100
 544978
 544709
 544612
 544529
 544519
 544380
 544292
 544267
 544264
 544253
 544113
 544037
 543732
 543618
 543537
 543506
 543431
 543396
 543281
 543110
 542963
 542775
 542709
 542704
 542614
 542594
 542579
 542488
 542460
 542267
 542179
 542085
 542041
 541898
 541853
 541718
 541603
 541580
 541473
 541286
 540944
 540899
 540898
 540882
 540807
 540787
 540603
 540524
 540445
 540221
 540145
 540031
 539831
 539743
 539740
 539672
 539440
 539436
 539410
 539393
 539359
 539256
 539089
 539010
 538936
 538552
 538507
 538456
 538376
 538259
 538079
 538035
 538011
 538005
 537908
 537435
 537424
 537376
 537364
 537261
 537190
 537131
 537094
 537034
 536943
 536897
 536842
 536816
 536685
 536547
 536444
 536346
 536136
 536091
 535928
 535571
 535291
 535179
 535128
 535000
 534864
 534816
 534594
 534483
 534218
 533843
 533837
 533740
 533437
 533432
 533346
 533333
 533302
 533273
 533208
 533171
 532944
 532817
 532760
 532721
 532349
 532269
 532182
 532110
 532091
 531833
 531482
 531468
 531440
 531428
 531407
 531226
 531180
 531152
 530898
 530866
 530833
 530708
 530599
 530540
 530413
 530393
 530356
 530343
 530157
 529999
 529797
 529525
 529475
 529411
 529246
 528924
 528793
 528735
 528617
 528597
 528524
 528359
 528351
 528301
 528255
 528089
 528046
 527960
 527959
 527874
 527862
 527827
 527624
 527561
 527409
 527283
 527104
 526944
 526870
 526812
 526777
 526668
 526418
 526371
 526178
 526048
 525947
 525780
 525662
 525645
 525486
 525267
 525139
 524908
 524812
 524794
 524612
 524529
 524386
 524297
 524196
 524096
 524068
 523999
 523978
 523888
 523875
 523853
 523577
 523146
 523079
 522875
 522862
 522857
 522771
 522757
 522698
 522627
 522601
 522585
 522548
 522412
 522342
 521891
 521882
 521751
 521553
 521514
 521449
 521367
 521200
 521014
 520789
 520785
 520779
 520634
 520621
 520584
 520579
 520302
 520292
 520290
 520093
 520067
 519992
 519968
 519744
 519689
 519519
 519481
 519333
 519260
 519229
 518879
 518840
 518782
 518688
 518567
 518487
 518472
 518367
 518358
 517742
 517730
 517655
 517398
 517241
 517212
 517103
 517050
 516846
 516825
 516791
 516775
 516701
 516657
 516637
 516592
 516591
 516563
 516498
 516448
 516287
 516186
 516062
 516018
 515990
 515851
 515634
 515549
 515447
 515359
 515303
 515193
 514982
 514900
 514790
 514671
 514500
 514485
 514421
 513974
 513918
 513916
 513834
 513536
 513422
 513348
 513344
 513059
 513044
 512997
 512921
 512781
 512768
 512735
 512645
 512570
 512554
 512473
 512429
 512338
 512242
 512234
 512221
 512181
 512059
 512028
 511989
 511956
 511926
 511679
 511602
 511529
 511480
 511365
 511337
 511314
 511239
 510978
 510973
 510744
 510619
 510204
 509944
 509878
 509772
 509684
 509574
 509460
 509449
 509322
 509235
 509163
 509132
 509099
 509044
 509034
 509024
 508990
 508922
 508703
 508672
 508644
 508638
 508595
 508379
 508207
 508196
 508106
 508087
 508044
 508009
 507822
 507818
 507764
 507564
 507378
 507342
 506912
 506622
 506541
 506527
 506426
 506284
 506283
 506055
 505745
 505632
 505561
 505470
 505371
 505338
 505011
 504939
 504922
 504848
 504666
 504488
 504337
 504267
 504054
 503764
 503756
 503737
 503358
 503344
 503265
 503246
 503181
 503047
 502797
 502664
 502616
 502608
 502482
 502474
 502369
 502325
 502304
 502222
 502194
 502003
 501982
 501605
 501565
 501561
 501018
 500716
 500708
 500650
 500488
 500472
 500396
 500387
 500355
 500217
 499983
 499849
 499734
 499686
 499532
 499366
 499150
 499099
 499072
 498844
 498774
 498543
 498496
 498372
 498309
 498305
 498303
 498176
 498054
 497870
 497842
 497821
 497695
 497644
 497622
 497553
 497470
 497365
 497106
 497041
 496700
 496352
 496250
 496210
 496090
 496062
 496041
 495992
 495944
 495865
 495840
 495673
 495579
 495483
 495411
 495268
 495229
 495097
 494948
 494887
 494619
 494590
 494566
 494421
 494190
 494120
 494053
 493869
 493601
 493538
 493506
 493416
 493325
 493163
 493151
 493150
 493092
 493046
 492860
 492836
 492580
 492426
 492222
 492092
 491896
 491891
 491770
 491739
 491734
 491707
 491642
 491566
 491525
 491427
 491335
 491302
 491081
 491066
 490731
 490677
 490586
 490582
 490566
 490545
 490428
 490341
 490313
 490075
 489963
 489897
 489710
 489255
 489242
 489164
 489124
 489107
 489082
 488987
 488935
 488840
 488772
 488755
 488657
 488647
 488425
 488410
 488314
 488182
 488106
 488099
 488018
 488005
 487690
 487613
 487455
 487243
 487186
 487157
 487094
 486659
 486616
 486593
 486486
 486482
 486441
 486329
 486056
 485872
 485681
 485603
 485530
 485492
 485380
 485247
 485232
 484999
 484886
 484697
 484682
 484643
 484471
 484355
 484327
 484300
 484084
 484076
 484068
 484018
 483923
 483916
 483915
 483898
 483870
 483860
 483839
 483681
 483661
 483432
 483430
 483249
 483228
 482963
 482861
 482833
 482821
 482758
 482702
 482572
 482486
 482485
 482357
 482313
 482290
 482221
 482038
 481971
 481950
 481853
 481817
 481702
 481675
 481609
 481594
 481441
 481086
 480912
 480649
 480474
 480118
 479999
 479956
 479698
 479623
 479518
 478983
 478972
 478843
 478743
 478741
 478650
 478634
 478616
 478488
 478479
 478415
 478138
 478074
 478027
 477996
 477831
 477827
 477600
 477458
 477386
 477226
 477132
 477071
 477064
 476994
 476930
 476848
 476767
 476559
 476487
 476185
 476154
 476098
 475846
 475800
 475788
 475618
 475247
 475241
 475155
 475080
 474856
 474699
 474690
 474645
 474641
 474627
 474594
 474589
 474576
 474468
 474444
 474163
 473988
 473939
 473912
 473817
 473724
 473684
 473627
 473578
 473572
 473421
 473368
 473338
 473283
 473141
 472884
 472812
 472602
 472195
 472100
 472096
 471987
 471614
 471588
 471532
 471264
 471254
 471171
 471150
 471089
 471032
 470918
 470904
 470862
 470713
 470515
 470458
 470447
 470258
 470117
 470054
 470033
 469904
 469644
 469579
 469545
 469306
 469128
 469011
 468934
 468873
 468711
 468680
 468461
 468406
 468134
 467933
 467847
 467813
 467659
 467433
 467303
 467269
 467205
 467185
 467172
 466932
 466918
 466666
 466619
 466277
 466268
 466148
 466147
 466085
 465854
 465604
 465388
 465356
 465229
 464968
 464829
 464819
 464767
 464548
 464481
 464317
 464270
 464209
 464199
 464043
 463943
 463917
 463896
 463617
 463576
 463365
 463339
 463329
 463258
 463229
 462980
 462797
 462745
 462686
 462538
 462376
 462337
 462249
 462238
 462217
 462205
 461928
 461801
 461797
 461788
 461538
 461442
 461285
 461254
 461250
 461167
 460798
 460762
 460758
 460750
 460665
 460660
 460251
 460198
 460157
 460137
 460081
 459940
 459824
 459703
 459662
 459552
 459528
 459338
 459057
 459016
 458958
 458913
 458783
 458536
 458532
 458391
 458279
 458142
 457969
 457953
 457912
 457713
 457612
 457561
 457515
 457426
 457317
 456991
 456827
 456671
 456670
 456642
 456638
 456481
 456318
 456256
 456090
 456074
 456068
 455900
 455870
 455808
 455733
 455722
 455503
 455500
 455492
 455433
 455432
 455401
 455319
 455268
 455260
 455242
 455089
 454786
 454747
 454718
 454685
 454605
 454545
 454485
 454468
 454265
 454203
 454176
 454103
 454100
 454086
 453436
 453380
 453329
 453260
 453193
 453129
 452923
 452841
 452728
 452448
 452440
 452387
 452355
 452337
 452311
 452215
 452201
 452009
 451732
 451714
 451255
 450980
 450819
 450704
 450649
 450306
 450255
 449809
 449769
 449709
 449445
 449330
 449325
 449304
 449150
 448886
 448872
 448678
 448336
 448275
 448159
 447867
 447682
 447679
 447562
 447541
 447392
 447354
 447232
 447225
 447129
 447042
 446991
 446845
 446808
 446628
 446615
 446407
 446254
 446229
 446165
 445788
 445735
 445623
 445509
 445387
 445292
 445263
 445225
 445123
 444776
 444696
 444557
 444532
 444529
 444475
 444256
 444221
 444171
 444037
 443945
 443928
 443889
 443398
 443324
 443211
 443116
 443039
 443019
 442924
 442902
 442786
 442515
 442339
 442292
 442260
 442136
 442125
 441860
 441636
 441505
 441498
 441496
 441454
 441302
 441208
 441043
 440999
 440802
 440788
 440670
 440585
 440580
 440435
 440347
 440145
 440045
 440016
 439890
 439773
 439490
 439487
 439432
 439234
 439187
 439031
 439027
 438948
 438587
 438557
 438338
 438247
 438084
 438064
 437862
 437641
 437502
 437500
 437348
 437341
 437312
 437278
 437172
 437121
 437072
 437065
 437011
 436992
 436823
 436635
 436564
 436340
 436277
 436006
 435986
 435983
 435961
 435943
 435867
 435829
 435757
 435715
 435685
 435653
 435465
 435358
 435328
 435241
 435168
 435079
 435047
 435038
 434980
 434888
 434867
 434813
 434759
 434755
 434716
 434510
 434344
 434280
 434257
 434027
 433978
 433903
 433863
 433830
 433743
 433730
 433724
 433719
 433637
 433628
 433522
 433507
 433482
 433432
 433361
 433275
 433203
 433197
 433107
 433085
 432959
 432900
 432837
 432741
 432595
 432501
 432448
 432438
 432391
 432364
 432304
 432298
 432258
 432188
 432170
 432114
 432040
 431858
 431814
 431732
 431544
 431506
 431463
 431461
 431236
 431012
 430978
 430849
 430820
 430813
 430628
 430524
 430367
 430345
 430160
 430096
 430000
 429951
 429846
 429840
 429690
 429629
 429617
 429516
 429448
 429307
 429207
 429118
 429048
 429027
 429015
 428959
 428571
 428180
 428169
 428158
 427915
 427891
 427860
 427829
 427826
 427672
 427668
 427551
 427446
 427365
 427358
 427248
 427216
 427070
 426799
 426749
 426457
 426268
 426212
 425886
 425688
 425519
 425459
 425407
 425397
 425289
 425233
 425196
 424919
 424910
 424802
 424705
 424652
 424615
 424581
 424548
 424385
 424184
 424047
 423999
 423994
 423824
 423799
 423798
 423597
 423595
 423569
 423546
 423527
 423271
 423187
 423183
 423157
 422998
 422885
 422719
 422627
 422524
 422443
 422424
 422405
 422269
 422204
 422075
 422002
 421958
 421902
 421888
 421821
 421789
 421517
 421119
 420984
 420905
 420540
 420534
 420531
 420514
 420512
 420022
 419903
 419894
 419887
 419847
 419327
 419326
 419265
 419014
 418918
 418899
 418721
 418658
 418604
 418456
 418426
 418293
 418212
 418207
 418118
 417896
 417601
 417518
 417384
 417266
 417178
 417006
 416956
 416791
 416675
 416590
 416537
 416472
 415697
 415587
 415525
 415415
 415348
 415209
 415206
 415162
 415091
 415075
 415060
 414946
 414847
 414800
 414677
 414503
 414377
 414219
 414125
 413779
 413629
 413567
 413478
 413404
 413211
 413080
 412673
 412598
 412541
 412480
 412302
 412289
 412195
 412013
 411986
 411898
 411764
 411665
 411610
 411596
 411560
 411471
 411305
 411056
 410843
 410700
 410292
 409799
 409767
 409748
 409741
 409716
 409650
 409496
 409430
 409369
 409147
 409073
 409046
 408992
 408830
 408751
 408666
 408569
 408473
 408163
 408112
 407932
 407912
 407909
 407653
 407556
 407511
 407499
 407477
 407324
 407055
 406989
 406958
 406943
 406936
 406834
 406787
 406779
 406749
 406659
 406480
 406214
 406148
 406091
 406015
 405773
 405572
 405378
 405307
 405268
 404993
 404624
 404593
 404544
 404446
 404255
 404234
 404215
 404088
 404082
 403819
 403752
 403703
 403524
 403478
 403476
 403420
 402837
 402767
 402665
 402515
 402386
 402267
 402147
 402099
 401965
 401803
 401762
 401672
 401606
 401433
 401360
 401180
 401155
 400867
 400800
 400783
 400744
 400684
 400641
 400634
 400532
 400396
 400274
 400263
 399942
 399878
 399823
 399822
 399653
 399606
 399605
 399529
 399463
 399398
 399291
 399233
 399176
 399137
 398899
 398773
 398738
 398692
 398533
 398530
 398449
 398437
 398280
 398202
 398083
 398006
 397992
 397861
 397718
 397712
 397622
 397620
 397562
 397537
 397182
 397174
 396892
 396884
 396832
 396738
 396659
 396583
 396551
 396496
 396322
 396102
 396025
 395880
 395871
 395667
 395655
 395631
 395614
 395476
 395411
 395348
 395296
 395287
 394953
 394945
 394676
 394649
 394606
 394604
 394328
 394256
 394177
 394011
 393983
 393924
 393898
 393798
 393575
 393436
 393264
 393152
 392866
 392855
 392848
 392669
 392505
 392461
 392418
 392398
 392306
 392140
 392040
 391877
 391731
 391724
 391554
 391355
 391304
 391176
 390985
 390853
 390828
 390815
 390572
 390557
 390486
 390439
 390281
 390270
 390131
 390079
 389929
 389801
 389659
 389586
 389543
 389491
 389349
 389148
 389097
 388739
 388641
 388505
 388492
 388438
 388429
 388367
 388340
 388322
 388246
 388129
 387957
 387878
 387789
 387749
 387688
 387654
 387517
 387513
 387385
 387351
 387335
 387196
 387174
 387096
 386998
 386973
 386915
 386666
 386645
 386644
 386544
 386523
 386352
 386350
 386245
 386033
 385967
 385515
 385352
 385336
 385128
 385110
 385075
 385066
 384935
 384934
 384914
 384754
 384679
 384472
 384433
 384372
 384290
 384269
 384145
 384108
 384064
 383984
 383906
 383790
 383679
 383592
 383481
 383429
 383077
 383070
 383039
 382986
 382959
 382695
 382667
 382598
 382541
 382483
 382420
 382369
 382336
 382308
 382226
 382221
 382214
 382140
 381995
 381742
 381675
 381632
 381530
 381459
 381356
 381282
 381219
 381054
 380846
 380826
 380680
 380642
 380622
 380612
 380458
 380289
 380258
 380242
 380152
 380141
 380001
 379864
 379597
 379484
 379412
 379405
 379403
 379371
 379260
 379155
 379055
 378987
 378905
 378901
 378850
 378746
 378689
 378423
 378378
 378299
 378285
 378260
 378111
 377970
 377920
 377816
 377768
 377712
 377675
 377483
 377372
 377245
 377198
 377162
 377131
 377126
 377028
 376997
 376906
 376650
 376492
 376456
 376397
 376164
 376160
 376058
 375963
 375867
 375767
 375750
 375736
 375614
 375527
 375325
 375242
 375237
 375236
 375120
 375000
 374963
 374753
 374741
 374581
 374543
 374508
 374496
 374348
 374295
 374200
 374181
 373927
 373791
 373512
 373483
 373476
 373286
 373182
 373134
 372831
 372822
 372615
 372294
 372257
 372199
 372149
 372113
 372026
 371996
 371954
 371595
 371587
 371404
 371386
 371319
 371204
 371188
 370967
 370954
 370892
 370883
 370792
 370629
 370459
 370279
 370273
 370179
 370078
 369943
 369806
 369621
 369516
 369415
 369379
 369261
 369230
 368816
 368728
 368709
 368525
 368482
 368464
 368427
 368347
 368334
 368246
 368129
 367989
 367899
 367762
 367530
 367445
 367329
 367228
 367212
 367197
 367180
 367133
 367119
 367088
 366981
 366975
 366779
 366718
 366459
 366451
 366427
 366405
 366391
 366334
 366209
 366105
 366003
 365995
 365881
 365723
 365503
 365448
 365429
 365181
 365126
 365061
 364973
 364971
 364956
 364907
 364779
 364721
 364705
 364688
 364633
 364548
 364513
 364448
 364254
 364049
 364036
 363997
 363906
 363734
 363591
 363571
 363381
 363281
 363258
 363209
 363053
 362827
 362797
 362639
 362594
 362464
 362448
 362416
 362233
 362172
 362150
 362135
 361979
 361935
 361858
 361706
 361702
 361682
 361586
 361543
 361522
 361429
 361377
 361114
 360828
 360732
 360445
 360406
 360336
 360269
 360136
 360003
 359988
 359972
 359970
 359911
 359856
 359843
 359675
 359658
 359515
 359507
 359374
 359178
 359098
 358956
 358758
 358736
 358625
 358618
 358302
 358243
 358198
 358020
 358002
 357899
 357467
 357303
 357243
 357235
 357205
 357028
 356995
 356987
 356829
 356776
 356627
 356478
 356350
 356255
 356215
 356102
 356056
 355953
 355824
 355818
 355704
 355610
 355371
 355239
 355221
 355086
 354914
 354472
 354455
 354308
 354081
 354072
 353828
 353770
 353741
 353540
 353494
 353331
 353269
 353233
 352233
 351914
 351800
 351707
 351340
 351230
 351206
 351148
 350887
 350643
 350476
 350427
 350413
 350400
 350303
 350218
 350159
 350101
 350063
 350022
 349985
 349921
 349843
 349774
 349604
 349573
 349572
 349570
 349567
 349441
 349331
 349223
 349066
 348908
 348859
 348840
 348721
 348715
 348563
 348314
 348170
 348066
 347967
 347881
 347674
 347590
 347560
 347547
 347486
 347458
 347457
 347343
 347337
 347211
 346946
 346938
 346848
 346788
 346733
 346634
 346430
 346397
 346356
 346175
 346147
 346098
 346062
 346028
 345870
 345864
 345833
 345815
 345752
 345526
 345505
 345362
 345360
 345076
 345053
 344827
 344779
 344588
 344431
 344428
 344366
 344363
 344356
 344250
 344226
 344192
 344098
 344027
 344025
 344014
 344013
 343925
 343867
 343813
 343753
 343523
 343368
 343302
 343251
 342824
 342819
 342795
 342723
 342698
 342587
 342541
 342331
 342293
 342233
 342176
 342125
 342115
 341986
 341932
 341772
 341671
 341660
 341587
 341232
 341206
 341156
 341075
 340922
 340841
 340763
 340717
 340621
 340540
 340529
 340430
 340362
 340024
 339977
 339805
 339752
 339709
 339649
 339636
 339596
 339399
 339385
 339293
 339281
 339262
 339240
 339176
 338978
 338582
 338547
 338477
 338414
 338233
 338218
 338085
 338051
 337945
 337935
 337915
 337871
 337575
 337534
 337530
 337353
 337225
 336840
 336739
 336721
 336484
 336343
 336321
 336200
 336190
 336151
 335985
 335475
 335348
 335242
 335153
 335143
 335025
 334945
 334845
 334717
 334430
 334228
 334164
 334161
 333956
 333955
 333856
 333771
 333702
 333672
 333581
 333510
 333333
 333087
 333074
 333036
 332932
 332775
 332732
 332704
 332664
 332544
 332526
 332359
 332188
 331996
 331929
 331703
 331661
 331631
 331567
 331507
 331491
 331449
 331405
 331288
 331244
 331167
 331125
 330821
 330805
 330764
 330761
 330646
 330628
 330331
 330276
 330248
 330199
 329928
 329859
 329826
 329816
 329602
 329584
 329494
 329427
 329343
 329256
 329030
 328815
 328741
 328719
 328534
 328509
 328205
 328137
 328018
 327863
 327613
 327599
 327283
 327214
 327204
 327059
 326848
 326838
 326553
 326343
 326327
 326069
 326044
 325966
 325922
 325869
 325685
 325512
 325471
 325449
 325386
 325312
 325104
 325031
 324787
 324782
 324778
 324565
 324492
 324375
 324356
 324324
 324270
 324230
 324226
 324126
 323997
 323882
 323746
 323741
 323671
 323662
 323578
 323505
 323408
 323287
 323167
 323076
 323003
 322628
 322602
 322222
 322122
 321990
 321975
 321844
 321817
 321668
 321598
 321556
 321518
 321417
 321382
 321311
 321112
 321098
 321085
 321010
 320958
 320842
 320538
 320496
 320326
 320177
 320019
 319479
 319444
 319345
 319342
 319254
 319238
 319151
 318982
 318894
 318873
 318804
 318322
 318268
 318200
 318137
 317893
 317885
 317763
 317704
 317682
 317464
 317384
 317323
 317275
 317235
 316987
 316985
 316953
 316830
 316814
 316790
 316770
 316692
 316512
 316459
 316384
 316322
 316254
 316216
 316112
 316071
 316038
 315850
 315793
 315705
 315613
 315533
 315491
 315420
 315241
 314900
 314886
 314841
 314817
 314677
 314604
 314545
 314462
 314378
 314204
 314167
 314053
 313961
 313823
 313690
 313634
 313613
 313419
 313367
 313336
 313217
 313140
 313125
 313093
 313062
 312865
 312716
 312674
 312632
 312586
 312479
 312414
 312373
 312354
 312263
 312026
 312010
 311853
 311778
 311752
 311712
 311660
 311312
 311274
 311229
 311070
 310996
 310846
 310694
 310607
 310586
 310563
 310489
 310479
 310344
 310231
 310213
 310188
 310074
 310011
 309890
 309180
 309037
 308995
 308975
 308973
 308517
 308340
 308244
 308165
 308003
 307919
 307800
 307599
 307420
 307033
 306761
 306264
 306197
 305854
 305808
 305788
 305775
 305548
 305444
 305230
 305196
 305182
 305146
 304932
 304818
 304630
 304533
 304513
 304479
 304455
 304312
 304299
 304097
 303913
 303865
 303759
 303737
 303582
 303558
 303506
 303465
 303449
 303146
 303047
 303045
 302973
 302960
 302681
 302547
 302506
 302452
 302409
 302344
 302241
 302116
 302018
 301885
 301696
 301446
 301408
 301373
 301354
 301197
 300985
 300861
 300813
 300763
 300690
 300606
 300499
 300446
 300429
 300358
 300000
 299974
 299905
 299696
 299693
 299604
 299586
 299529
 299446
 299443
 299204
 299187
 299181
 299110
 298983
 298960
 298744
 298736
 298569
 298541
 298398
 298393
 298233
 298167
 297899
 297548
 297431
 297391
 297340
 297038
 297026
 296999
 296860
 296838
 296515
 296478
 296325
 296208
 296121
 295955
 295926
 295807
 295648
 295487
 295449
 295364
 295346
 295145
 295081
 295069
 295062
 294964
 294731
 294704
 294190
 294132
 294117
 294068
 294005
 293735
 293622
 293569
 293493
 293327
 293322
 293292
 293081
 292716
 292489
 292471
 292463
 292231
 292198
 292131
 291891
 291887
 291828
 291707
 291621
 291588
 291549
 291528
 291283
 291227
 291195
 291007
 290836
 290764
 290733
 290542
 290521
 290302
 290249
 290222
 290059
 289951
 289902
 289847
 289791
 289775
 289675
 289314
 289306
 289302
 289140
 289135
 288944
 288888
 288862
 288849
 288842
 288329
 288150
 288123
 288063
 288039
 287900
 287687
 287671
 287627
 287519
 287425
 287058
 286983
 286912
 286857
 286829
 286771
 286707
 286688
 286677
 286637
 286624
 286403
 286395
 286322
 286293
 286063
 285840
 285734
 285630
 285496
 285495
 285303
 285285
 284777
 284737
 284658
 284412
 284284
 284232
 284199
 284187
 284101
 284091
 284055
 283982
 283920
 283844
 283798
 283732
 283687
 283635
 283633
 283325
 283296
 283188
 283184
 283083
 282982
 282075
 282047
 282028
 281916
 281797
 281700
 281524
 281521
 281449
 281422
 281335
 281200
 281180
 281105
 281085
 281037
 280934
 280898
 280880
 280530
 280324
 280200
 280196
 280155
 280028
 279929
 279835
 279829
 279769
 279723
 279398
 279341
 279069
 279065
 279060
 279035
 279027
 278975
 278643
 278513
 278489
 278396
 278198
 277985
 277955
 277916
 277894
 277857
 277833
 277789
 277749
 277722
 277662
 277616
 277486
 277450
 277320
 277199
 277184
 277147
 277116
 276576
 276568
 276437
 276070
 275952
 275818
 275764
 275675
 275576
 275569
 275346
 275126
 274818
 274767
 274509
 274408
 274258
 274038
 273871
 273861
 273750
 273744
 273702
 273633
 273590
 273322
 273224
 273207
 273183
 273170
 273114
 272973
 272841
 272801
 272727
 272701
 272587
 272316
 272210
 271915
 271839
 271838
 271428
 271367
 271344
 271263
 271255
 271098
 271020
 270923
 270886
 270721
 270713
 270495
 270473
 270341
 270128
 270126
 270107
 269905
 269896
 269626
 269607
 269575
 269567
 269394
 269344
 269276
 269224
 269084
 269035
 268929
 268788
 268742
 268660
 268552
 268414
 268237
 268185
 268070
 267995
 267897
 267633
 267586
 267433
 267375
 267329
 267252
 267208
 267179
 267175
 267126
 267080
 266789
 266770
 266701
 266397
 266305
 266233
 266232
 266229
 266171
 266117
 266115
 266099
 266083
 265868
 265806
 265632
 265570
 265551
 265440
 265408
 265363
 265342
 265316
 265306
 265175
 265139
 265072
 264900
 264877
 264746
 264594
 264268
 264251
 264114
 264056
 263958
 263946
 263848
 263689
 263671
 263607
 263315
 263157
 263017
 262927
 262879
 262745
 262619
 262470
 262387
 262188
 261960
 261936
 261891
 261849
 261804
 261784
 261571
 261484
 261310
 261309
 261249
 261236
 261008
 260839
 260774
 260653
 260590
 260194
 260144
 260102
 260003
 259999
 259892
 259690
 259609
 259583
 259567
 259379
 259306
 259170
 259151
 259065
 258915
 258807
 258666
 258620
 258477
 258419
 258417
 258083
 258036
 257995
 257950
 257948
 257922
 257852
 257851
 257838
 257585
 257570
 257439
 257358
 257244
 257086
 256999
 256780
 256730
 256334
 256179
 256027
 255937
 255919
 255876
 255874
 255848
 255813
 255723
 255633
 255529
 255455
 255411
 255392
 255308
 255274
 255189
 255155
 255148
 255072
 255053
 254739
 254672
 254609
 254498
 254485
 254363
 254352
 254276
 254237
 254227
 254054
 253949
 253941
 253884
 253540
 253508
 253427
 253393
 253352
 253172
 253164
 253018
 252791
 252550
 251910
 251864
 251859
 251824
 251757
 251558
 251502
 251476
 251467
 251442
 251207
 251012
 250965
 250914
 250803
 250778
 250741
 250626
 250575
 250296
 250177
 250141
 250000
 249730
 249505
 249480
 249463
 249422
 249278
 249207
 249197
 249193
 249114
 249093
 249033
 249008
 248979
 248913
 248828
 248824
 248806
 248763
 248730
 248635
 248470
 248391
 248158
 248131
 248085
 247917
 247910
 247900
 247863
 247852
 247660
 247655
 247610
 247517
 247487
 247386
 247236
 247092
 247082
 246970
 246913
 246737
 246266
 246264
 246260
 246134
 246073
 245916
 245852
 245832
 245785
 245775
 245467
 245372
 245263
 245135
 244942
 244871
 244835
 244823
 244483
 244444
 244122
 244036
 243902
 243755
 243678
 243656
 243611
 243497
 243496
 243278
 243072
 242921
 242905
 242891
 242830
 242740
 242711
 242704
 242669
 242585
 242470
 242298
 241902
 241891
 241747
 241700
 241622
 241448
 241318
 241028
 240948
 240899
 240884
 240877
 240621
 240438
 240362
 240319
 240155
 239966
 239836
 239786
 239679
 239601
 239590
 239353
 239162
 239160
 239080
 238838
 238738
 238607
 238526
 238362
 238001
 237757
 237650
 237595
 237557
 237256
 237120
 237047
 236989
 236936
 236842
 236729
 236664
 236663
 236450
 236278
 236075
 236055
 236029
 235982
 235827
 235736
 235688
 235601
 235388
 235335
 235309
 235294
 235059
 234979
 234965
 234561
 234535
 234372
 234356
 234305
 234291
 234219
 234168
 234125
 234061
 233961
 233716
 233532
 233502
 233441
 233410
 233404
 233400
 233333
 233269
 233133
 232815
 232698
 232662
 232654
 232630
 232628
 232563
 232522
 232414
 232350
 232175
 232040
 231956
 231926
 231921
 231586
 231563
 231337
 231300
 231216
 231189
 231160
 230980
 230769
 230732
 230646
 230627
 230421
 230397
 230377
 230181
 230036
 229978
 229773
 229700
 229665
 229623
 229525
 229317
 229305
 229243
 229162
 229050
 229033
 228955
 228951
 228801
 228766
 228610
 228550
 228530
 228446
 228404
 228403
 228236
 228212
 228211
 228198
 228060
 228056
 228028
 227749
 227471
 227272
 227087
 226839
 226822
 226657
 226534
 226484
 226433
 226432
 226366
 226361
 226284
 226246
 226240
 226137
 226085
 226035
 226026
 225863
 225853
 225839
 225806
 225794
 225445
 225159
 225077
 224998
 224652
 224602
 224249
 224170
 224055
 223997
 223964
 223696
 223541
 223446
 223350
 223254
 223234
 223228
 223021
 222907
 222833
 222797
 222699
 222552
 222124
 221986
 221693
 221586
 221556
 221531
 221429
 221348
 221331
 221009
 220802
 220669
 220641
 220586
 220463
 220183
 220161
 219725
 219703
 219657
 219564
 219545
 219527
 219427
 219155
 219044
 219034
 218928
 218644
 218469
 218274
 218028
 218025
 218019
 218003
 217852
 217814
 217772
 217752
 217660
 217522
 217465
 217391
 217356
 217275
 217269
 217107
 216890
 216858
 216735
 216582
 216555
 216494
 216400
 216293
 216283
 216074
 215518
 215419
 215417
 215370
 215364
 215046
 214966
 214830
 214571
 214493
 214049
 213977
 213818
 213505
 213433
 213333
 213134
 213039
 212644
 212629
 212567
 212504
 212173
 212146
 212064
 212059
 212016
 211933
 211822
 211657
 211589
 211514
 211505
 211444
 211401
 211334
 211301
 211296
 211198
 211187
 211126
 211071
 210856
 210836
 210706
 210499
 210420
 210387
 210287
 210191
 210114
 210092
 209876
 209805
 209602
 209518
 209266
 209132
 208688
 208683
 208370
 208364
 208245
 208127
 208088
 208072
 207739
 207685
 207566
 207564
 207455
 207445
 207201
 207155
 207092
 206958
 206921
 206885
 206815
 206729
 206557
 206513
 206490
 206460
 206451
 206433
 206244
 206038
 205729
 205688
 205682
 205434
 205210
 205175
 205128
 205033
 204858
 204806
 204794
 204760
 204757
 204684
 204468
 204356
 204180
 204031
 204013
 203884
 203763
 203448
 203434
 203381
 203103
 202870
 202789
 202743
 202694
 202338
 202251
 202109
 202041
 202036
 201892
 201875
 201780
 201765
 201708
 201691
 201567
 201374
 201356
 201051
 200998
 200914
 200754
 200607
 200394
 200323
 200159
 200147
 200014
 199999
 199911
 199773
 199769
 199670
 199590
 199573
 199105
 199010
 199000
 198943
 198876
 198779
 198526
 198296
 198281
 198117
 198102
 198076
 197897
 197694
 197488
 197476
 197379
 197375
 197193
 197009
 196999
 196928
 196845
 196562
 196416
 196242
 196010
 195673
 195639
 195613
 195252
 195246
 195244
 195178
 195131
 195058
 195026
 194733
 194464
 194444
 194376
 194251
 194105
 194029
 193518
 193379
 193039
 192832
 192784
 192746
 192465
 192422
 192269
 192000
 191954
 191866
 191553
 191278
 191257
 191103
 191024
 191011
 190850
 190750
 190710
 190608
 190569
 190489
 190307
 190108
 190086
 189726
 189701
 189538
 189435
 189424
 189320
 189198
 189189
 188914
 188818
 188679
 188551
 188441
 188387
 188222
 188201
 187944
 187935
 187755
 187524
 187448
 187383
 187322
 187289
 186913
 186874
 186868
 186732
 186602
 186337
 186233
 186166
 186122
 186084
 186015
 185819
 185726
 185694
 185556
 185328
 185185
 185160
 185045
 184947
 184776
 184672
 184426
 184079
 184053
 183806
 183734
 183673
 183650
 183641
 183585
 183361
 183298
 183254
 183231
 183223
 183137
 183130
 183087
 182992
 182983
 182981
 182721
 182641
 182489
 182409
 182356
 182285
 182270
 182249
 182201
 181818
 181767
 181759
 181673
 181451
 181418
 181319
 181189
 181060
 180988
 180909
 180717
 180690
 180680
 180519
 180372
 180337
 180228
 180167
 180068
 179710
 179689
 179681
 179662
 179635
 179523
 179431
 179408
 179399
 179363
 179199
 179091
 178848
 178782
 178774
 178503
 178491
 178443
 178330
 178253
 177979
 177935
 177894
 177805
 177703
 177642
 177304
 177302
 177276
 177234
 176995
 176831
 176782
 176752
 176676
 176561
 176470
 176339
 176306
 176261
 176222
 176201
 176191
 176185
 176079
 176051
 176013
 175879
 175859
 175843
 175779
 175754
 175701
 175565
 175525
 175418
 175384
 175038
 174934
 174928
 174918
 174734
 174698
 174565
 174326
 174071
 174065
 173919
 173913
 173664
 173606
 173587
 173521
 173501
 173471
 173307
 173170
 173121
 172593
 172239
 172235
 171946
 171828
 171670
 171648
 171597
 171428
 171294
 171223
 171178
 171171
 171119
 171020
 170929
 170899
 170894
 170771
 170760
 170725
 170597
 170367
 170228
 170107
 169879
 169776
 169734
 169628
 169625
 169613
 169611
 169498
 169265
 169237
 169203
 169201
 169152
 169064
 169004
 168918
 168841
 168768
 168614
 168499
 168430
 167985
 167834
 167821
 167718
 167392
 167335
 167271
 167267
 167136
 166923
 166910
 166769
 166736
 166683
 166507
 166405
 166171
 166065
 165991
 165825
 165776
 165515
 165433
 165429
 165380
 165178
 164860
 164616
 164390
 164373
 164358
 164319
 164318
 164296
 164290
 164228
 164125
 164102
 163714
 163661
 163512
 163265
 163247
 163151
 163060
 163056
 162882
 162767
 162717
 162589
 162507
 162422
 162367
 162249
 162067
 161658
 161498
 161396
 161290
 161285
 161174
 160921
 160849
 160685
 160676
 160568
 160478
 160413
 160256
 159967
 159795
 159728
 159332
 159266
 159178
 158866
 158644
 158378
 158376
 158207
 158146
 158024
 157976
 157975
 157894
 157777
 157676
 157623
 157578
 157564
 157563
 157542
 157368
 157248
 157123
 157036
 156784
 156732
 156626
 156359
 156263
 156250
 156138
 155963
 155749
 155651
 155525
 155518
 155360
 155350
 155043
 154980
 154953
 154900
 154624
 154441
 154362
 154297
 154285
 154275
 154181
 154179
 154144
 154057
 154042
 153814
 153636
 153575
 153472
 153340
 153217
 153157
 153156
 153012
 153007
 152920
 152895
 152888
 152773
 152688
 152628
 152458
 152441
 152425
 152396
 152246
 152201
 152191
 152184
 152161
 152119
 151776
 151522
 151401
 151366
 151285
 151182
 151017
 151012
 150941
 150809
 150785
 150676
 150631
 150462
 150417
 150386
 150382
 150374
 150337
 150326
 150293
 150184
 150139
 150123
 149829
 149799
 149719
 149444
 149435
 149434
 149361
 149261
 149253
 149000
 148902
 148867
 148320
 148224
 148205
 148087
 148038
 147979
 147896
 147569
 147495
 147425
 147383
 147254
 146956
 146954
 146895
 146864
 146809
 146582
 146500
 146310
 146270
 146190
 146112
 146028
 145728
 145486
 145357
 145273
 145222
 145143
 145008
 144781
 144766
 144697
 144654
 144615
 144602
 143944
 143914
 143595
 143560
 143441
 143307
 143288
 143054
 142947
 142926
 142857
 142827
 142632
 142589
 142550
 142463
 142448
 142271
 142135
 142075
 142042
 142040
 141925
 141804
 141679
 141636
 141555
 141503
 141225
 141180
 141068
 141057
 141038
 140984
 140918
 140773
 140611
 140323
 140211
 140185
 140179
 140123
 140115
 140073
 140051
 139882
 139863
 139795
 139784
 139743
 139736
 139724
 139664
 139534
 139529
 139284
 139113
 138982
 138980
 138670
 138289
 138191
 138159
 138094
 137976
 137890
 137661
 137602
 137520
 137404
 137395
 137370
 137218
 137208
 137140
 137129
 137038
 137000
 136708
 136603
 136498
 136342
 136337
 136281
 136137
 136129
 136079
 136018
 135970
 135767
 135678
 135529
 135434
 135299
 134986
 134916
 134874
 134817
 134701
 134538
 134521
 134482
 134468
 134466
 134451
 134413
 134287
 134166
 134100
 134058
 133886
 133845
 133767
 133483
 133240
 133224
 133160
 133147
 133021
 132932
 132874
 132824
 132683
 132647
 132590
 132469
 132453
 132424
 132346
 132164
 132158
 132154
 132066
 131995
 131866
 131830
 131793
 131670
 131446
 131389
 131209
 131162
 131078
 130983
 130967
 130962
 130799
 130745
 130618
 130612
 130586
 130528
 130510
 130485
 130409
 130244
 129913
 129901
 129726
 129617
 129339
 129273
 129219
 129194
 128890
 128868
 128865
 128850
 128832
 128816
 128711
 128673
 128670
 128575
 128491
 128334
 128239
 128184
 128145
 128034
 128000
 127952
 127483
 127166
 127021
 126805
 126718
 126710
 126697
 126654
 126589
 126484
 126072
 126009
 126006
 125996
 125949
 125827
 125716
 125701
 125448
 125352
 125331
 125324
 125309
 125279
 125088
 125068
 125040
 125000
 124848
 124790
 124712
 124707
 124675
 124662
 124643
 124620
 124590
 124508
 124323
 124137
 124111
 124098
 123689
 123664
 123627
 123614
 123572
 123563
 123448
 123221
 123103
 123078
 122907
 122873
 122827
 122793
 122737
 122690
 122620
 122613
 122606
 122582
 122508
 122315
 122229
 121815
 121777
 121625
 121566
 121501
 121439
 121435
 121400
 121307
 121212
 121074
 121055
 120886
 120849
 120785
 120733
 120725
 120658
 120541
 120401
 120341
 120315
 120146
 120120
 120050
 119810
 119683
 119671
 119635
 119410
 119213
 118634
 118570
 118048
 118047
 118006
 117939
 117834
 117811
 117755
 117724
 117466
 117431
 117176
 117160
 116792
 116562
 116510
 116433
 116428
 116261
 116216
 116012
 115986
 115980
 115942
 115789
 115772
 115760
 115736
 115727
 115718
 115348
 115323
 115316
 115308
 115264
 115248
 115049
 114891
 114849
 114793
 114788
 114774
 114755
 114698
 114680
 114534
 114503
 114403
 114341
 114121
 113738
 113708
 113661
 113386
 113291
 113257
 113127
 113062
 112947
 112937
 112898
 112831
 112781
 112693
 112170
 112117
 111993
 111891
 111880
 111704
 111653
 111420
 111358
 111276
 111128
 111111
 110862
 110617
 110606
 110520
 110415
 110326
 110262
 110243
 110229
 110180
 110149
 110081
 109943
 109674
 109618
 109586
 109483
 109255
 109196
 108847
 108776
 108658
 108543
 108527
 108392
 108117
 108108
 108083
 108027
 108005
 107881
 107855
 107804
 107745
 107662
 107636
 107588
 107514
 107457
 107428
 107320
 107156
 107070
 106932
 106706
 106647
 106595
 106536
 106451
 106440
 106296
 106066
 105881
 105853
 105636
 105559
 105489
 105294
 105279
 105259
 105089
 104873
 104799
 104557
 104513
 104499
 104491
 104477
 104438
 104320
 103849
 103582
 103485
 103482
 103329
 103216
 103145
 103105
 103085
 103082
 102936
 102839
 102834
 102775
 102733
 102720
 102617
 102552
 102546
 102462
 102297
 102283
 102263
 102161
 102150
 102054
 101865
 101762
 101648
 101529
 101310
 100991
 100889
 100838
 100735
 100631
 100616
 100365
 100315
 100161
 100106
 100060
 100031
 100027
 100000
 99637
 99552
 99403
 99009
 98941
 98937
 98748
 98712
 98605
 98432
 98298
 98265
 98247
 98062
 98024
 97780
 97577
 97560
 97546
 97387
 97386
 97290
 97052
 97024
 96882
 96842
 96774
 96655
 96578
 96557
 96457
 96424
 96378
 96305
 96289
 96284
 96283
 96264
 96101
 96000
 95816
 95563
 95469
 95425
 95400
 95382
 95340
 95318
 95276
 95238
 95202
 95108
 95094
 94898
 94758
 94709
 94693
 94594
 94451
 94355
 94318
 94305
 94288
 94195
 94178
 93930
 93875
 93688
 93500
 93457
 93256
 93204
 93187
 93145
 92944
 92851
 92810
 92803
 92753
 92459
 92352
 92155
 92002
 91949
 91803
 91660
 91603
 91515
 91409
 91251
 91228
 91030
 90979
 90868
 90832
 90775
 90742
 90723
 90640
 90587
 90577
 90549
 90526
 90508
 90444
 90384
 90383
 90193
 90183
 90114
 89978
 89965
 89843
 89632
 89610
 89429
 88946
 88931
 88899
 88851
 88825
 88637
 88626
 88571
 88479
 88338
 88323
 88251
 88207
 87587
 87571
 87501
 87438
 87332
 87273
 87145
 86956
 86899
 86887
 86800
 86725
 86631
 86457
 86455
 86431
 86060
 86021
 85791
 85482
 85106
 85020
 84820
 84772
 84745
 84739
 84701
 84664
 84507
 84460
 84337
 84329
 84255
 84247
 84185
 84139
 84117
 84048
 84036
 84008
 83955
 83829
 83677
 83633
 83610
 83472
 83150
 83102
 83014
 82799
 82706
 82452
 82348
 82307
 82274
 82260
 82157
 82077
 82005
 81942
 81800
 81768
 81753
 81733
 81723
 81715
 81621
 81465
 81451
 81412
 81324
 81319
 81316
 81268
 81162
 81160
 81091
 81081
 80973
 80940
 80586
 80519
 80425
 80394
 80380
 80341
 80170
 80151
 80104
 80066
 80037
 80017
 79960
 79689
 79524
 79442
 79419
 79388
 79347
 79221
 79207
 78939
 78890
 78697
 78614
 78600
 78552
 78498
 78417
 78256
 77973
 77648
 77602
 77475
 77036
 76949
 76923
 76619
 76465
 76369
 76158
 76103
 76000
 75909
 75829
 75584
 75551
 75495
 75471
 75282
 75217
 75216
 75187
 75183
 75117
 75079
 75059
 75033
 74981
 74610
 74542
 74444
 74074
 73677
 73507
 73455
 73417
 73340
 73337
 73296
 73234
 73223
 73035
 73018
 72990
 72945
 72909
 72898
 72845
 72822
 72816
 72719
 72682
 72672
 72583
 72575
 72566
 72559
 72429
 72428
 72279
 72269
 72171
 72073
 72060
 71920
 71804
 71679
 71549
 71295
 71274
 71269
 71251
 71129
 71105
 71065
 71015
 70763
 70741
 70611
 70575
 70458
 70381
 70038
 70000
 69977
 69831
 69814
 69726
 69666
 69530
 69295
 69030
 68972
 68820
 68767
 68493
 68465
 68400
 68340
 68260
 68203
 68170
 68155
 68132
 68061
 68002
 67913
 67740
 67634
 67424
 67357
 67334
 67301
 67249
 67100
 67067
 67009
 66883
 66696
 66653
 66086
 66039
 66010
 65976
 65963
 65910
 65868
 65862
 65848
 65688
 65495
 65412
 65362
 65349
 65331
 65320
 65217
 65077
 65037
 65034
 64987
 64917
 64842
 64827
 64754
 64748
 64626
 64435
 64432
 64427
 64263
 64248
 64239
 64151
 64137
 63989
 63908
 63883
 63829
 63698
 63427
 63413
 62681
 62602
 62600
 62504
 62327
 62289
 62254
 62164
 62148
 62029
 61866
 61837
 61823
 61708
 61602
 61297
 61240
 61192
 61154
 60893
 60794
 60780
 60773
 60740
 60726
 60700
 60681
 60595
 60567
 60539
 60327
 60263
 60217
 60095
 60085
 60061
 59918
 59880
 59864
 59829
 59442
 59414
 59405
 59387
 59386
 59344
 58973
 58927
 58891
 58875
 58663
 58629
 58585
 58510
 58341
 58098
 57825
 57814
 57784
 57560
 57392
 57381
 57074
 57067
 57058
 56918
 56746
 56727
 56716
 56639
 56603
 56443
 56434
 56406
 56329
 56238
 56057
 55867
 55824
 55768
 55731
 55130
 55054
 54967
 54864
 54849
 54820
 54798
 54717
 54433
 54022
 53877
 53867
 53435
 53313
 53307
 53156
 52946
 52856
 52831
 52830
 52631
 52401
 52275
 52274
 52004
 51912
 51705
 51688
 51593
 51483
 51448
 51352
 51288
 51110
 51012
 50743
 50697
 50650
 50632
 50588
 50310
 50159
 50144
 49849
 49848
 49801
 49642
 49622
 49618
 49484
 49449
 49442
 49403
 49263
 49237
 49180
 49132
 49065
 48910
 48731
 48649
 48459
 48259
 47895
 47785
 47619
 47590
 47587
 47520
 47445
 47281
 47030
 46904
 46772
 46697
 46674
 46661
 46593
 46432
 46408
 46248
 46138
 46124
 45882
 45871
 45849
 45826
 45742
 45701
 45672
 45659
 45557
 45468
 45438
 45432
 45339
 45292
 45253
 45245
 45143
 44968
 44745
 44720
 44715
 44476
 44444
 44276
 44083
 44073
 44069
 43998
 43879
 43872
 43871
 43854
 43821
 43409
 43284
 43244
 43197
 43134
 42651
 42609
 42506
 42465
 42341
 42185
 42126
 41976
 41703
 41444
 41422
 41299
 41241
 41237
 41211
 41121
 41041
 40939
 40887
 40876
 40843
 40643
 40642
 40565
 40510
 40445
 40293
 40249
 40137
 40079
 40071
 40021
 39942
 39902
 39895
 39894
 39818
 39709
 39689
 39678
 39630
 39595
 39393
 39278
 39215
 39154
 38709
 38680
 38652
 38535
 38488
 38465
 38383
 38376
 38327
 38290
 38126
 38082
 37967
 37952
 37896
 37727
 37279
 37232
 37225
 37147
 37130
 37121
 37037
 36838
 36766
 36751
 36691
 36668
 36398
 36384
 36341
 36227
 36213
 35842
 35646
 35595
 35541
 35408
 35318
 35307
 35305
 35245
 34869
 34704
 34645
 34262
 34108
 34015
 33987
 33908
 33840
 33696
 33509
 33255
 33229
 33003
 32573
 32571
 32484
 32441
 32313
 32295
 32077
 32069
 32021
 31999
 31885
 31878
 31784
 31693
 31689
 31485
 31461
 31415
 31407
 31336
 31239
 31129
 31074
 30866
 30814
 30707
 30606
 30580
 30574
 30511
 30487
 30473
 30331
 30267
 30170
 30079
 29969
 29940
 29874
 29845
 29669
 29560
 29554
 29470
 29392
 29335
 29267
 29127
 29020
 28860
 28852
 28817
 28811
 28793
 28592
 28370
 28270
 28248
 28195
 28104
 28054
 27988
 27844
 27839
 27814
 27599
 27597
 27469
 27461
 27425
 27418
 27397
 27379
 27309
 27295
 27226
 27214
 27125
 27092
 27077
 27054
 27027
 27008
 26936
 26810
 26706
 26666
 26581
 26537
 26278
 26234
 26217
 26047
 25978
 25974
 25952
 25944
 25800
 25698
 25689
 25490
 25455
 25058
 24960
 24851
 24789
 24769
 24691
 24673
 24615
 24456
 24448
 24367
 24182
 23788
 23699
 23616
 23612
 23422
 23391
 23365
 23255
 23253
 22995
 22974
 22895
 22740
 22727
 22687
 22600
 22261
 22181
 22179
 22155
 22008
 21995
 21990
 21978
 21977
 21815
 21759
 21720
 21474
 21467
 21459
 21444
 21388
 21375
 21187
 20739
 20684
 20676
 20533
 20355
 20260
 20031
 20002
 19988
 19943
 19808
 19801
 19753
 19382
 19336
 18922
 18913
 18806
 18699
 18654
 18545
 18405
 18372
 18346
 18312
 18272
 18264
 18194
 18181
 18085
 17745
 17683
 17616
 17577
 17562
 17555
 17463
 17408
 17296
 17253
 17148
 17080
 17045
 17043
 17014
 17003
 16982
 16837
 16780
 16730
 16652
 16479
 16477
 16385
 16311
 16083
 15844
 15824
 15820
 15818
 15816
 15655
 15645
 15637
 15622
 15599
 15598
 15558
 15316
 14902
 14687
 14645
 14599
 14589
 14588
 13927
 13862
 13712
 13659
 13577
 13463
 13240
 13145
 13079
 13050
 12913
 12875
 12868
 12851
 12805
 12559
 12446
 12422
 12345
 12213
 12113
 12070
 11960
 11860
 11831
 11712
 11601
 11579
 11464
 11370
 11356
 11292
 11190
 11134
 11019
 10893
 10632
 10409
 10388
 10261
 10180
 10016
 9866
 9841
 9729
 9615
 9593
 9537
 9057
 9036
 8984
 8972
 8961
 8931
 8834
 8770
 8768
 8606
 8488
 8356
 8308
 8228
 8130
 7950
 7921
 7870
 7687
 7292
 7158
 7146
 7128
 7094
 7039
 6896
 6665
 6619
 6385
 6229
 6189
 6139
 6122
 5607
 5448
 5416
 5306
 5303
 5070
 5061
 4968
 4907
 4904
 4787
 4740
 4684
 4620
 4508
 4494
 4311
 4298
 4294
 4253
 4252
 4246
 3963
 3818
 3749
 3688
 3685
 3618
 3542
 3412
 3365
 3232
 3168
 3072
 3010
 2874
 2739
 2695
 2357
 2268
 2172
 1982
 1923
 1867
 1619
 1237
 1227
 1144
 1071
 898
 779
 775
 554
 529
 467
 309
 149
 126
 0
 