9874
 9833
 9632
 9117
 9072
 9059
 9051
 8802
 8638
 8547
 8389
 7835
 7822
 7649
 7445
 7164
 7125
 7097
 6994
 6882
 6871
 6828
 6788
 6758
 6697
 6389
 6266
 6248
 6200
 6174
 6129
 6084
 5911
 5783
 5779
 5749
 5732
 5683
 5670
 5439
 5296
 5194
 5178
 5103
 5101
 5086
 5056
 5053
 5021
 4993
 4942
 4724
 4691
 4670
 4591
 4583
 4357
 4294
 4220
 4073
 3988
 3879
 3800
 3778
 3745
 3743
 3701
 3651
 3644
 3586
 3525
 3215
 3085
 2700
 2397
 2227
 2190
 2126
 2034
 1975
 1857
 1706
 1531
 1525
 1274
 1117
 1061
 1023
 958
 896
 833
 816
 719
 688
 463
 244
 234
 217
 43
 0
 