999873
 999835
 999703
 999496
 999420
 999242
 999234
 999097
 999000
 998927
 998851
 998695
 998691
 998669
 998634
 998553
 998425
 998284
 998227
 998179
 998147
 997998
 997867
 997763
 997600
 997524
 997459
 997440
 997396
 997101
 996805
 996790
 996751
 996702
 996565
 996492
 996438
 996389
 996330
 996297
 996164
 996121
 996030
 995991
 995966
 995921
 995584
 995553
 995536
 995302
 995297
 995274
 995054
 994903
 994803
 994734
 994535
 994531
 994490
 994355
 994326
 994235
 994154
 994022
 993991
 993827
 993820
 993757
 993651
 993602
 993419
 993414
 993404
 993365
 992961
 992922
 992864
 992746
 992670
 992641
 992595
 992460
 991938
 991934
 991862
 991795
 991596
 991488
 991452
 991445
 991093
 991044
 990964
 990750
 990623
 990618
 990465
 990271
 990210
 990205
 990202
 990173
 989958
 989878
 989815
 989810
 989723
 989461
 989323
 988804
 988730
 988661
 988605
 988595
 988582
 988560
 988533
 988482
 988465
 988427
 988358
 988286
 988190
 988156
 988055
 988006
 987915
 987658
 987646
 987639
 987452
 987445
 987331
 987264
 987251
 987120
 986988
 986811
 986763
 986730
 986666
 986595
 986483
 986292
 986241
 986128
 986112
 985951
 985865
 985653
 985629
 985622
 985372
 985367
 985317
 985254
 984948
 984865
 984785
 984775
 984715
 984294
 984275
 984251
 983820
 983779
 983600
 983570
 983503
 983434
 983125
 983081
 983007
 982941
 982758
 982693
 982685
 982585
 982578
 982528
 982510
 982503
 982487
 982432
 982357
 982013
 981925
 981905
 981891
 981761
 981595
 981538
 981450
 981374
 981315
 981284
 981134
 980991
 980800
 980721
 980639
 980607
 980274
 980176
 980096
 980052
 980030
 979956
 979942
 979930
 979827
 979797
 979667
 979552
 979551
 979366
 979306
 979285
 979134
 978992
 978883
 978819
 978791
 978408
 978400
 978161
 977957
 977938
 977901
 977889
 977833
 977755
 977695
 977547
 977530
 977453
 977325
 977223
 977029
 976967
 976859
 976844
 976833
 976745
 976744
 976736
 976713
 976664
 976654
 976430
 976303
 976292
 976280
 976099
 975987
 975679
 975671
 975596
 975494
 975467
 975115
 975082
 974911
 974736
 974637
 974481
 974421
 974369
 974240
 973967
 973952
 973900
 973705
 973451
 973380
 973333
 973268
 973012
 972940
 972726
 972349
 972248
 972220
 972134
 971969
 971935
 971576
 971536
 971396
 971269
 971176
 971051
 970878
 970806
 970674
 970582
 970174
 970109
 969979
 969924
 969844
 969727
 969664
 969508
 969398
 969142
 969066
 968968
 968950
 968918
 968828
 968816
 968757
 968731
 968704
 968560
 968524
 968360
 968339
 968081
 967890
 967832
 967741
 967700
 967674
 967657
 967511
 967434
 967365
 967345
 967273
 967190
 967032
 967011
 966919
 966917
 966886
 966827
 966785
 966750
 966522
 966046
 965969
 965944
 965901
 965750
 965443
 965420
 965242
 965210
 965188
 965166
 965079
 965065
 964856
 964705
 964698
 964375
 964369
 964310
 964254
 964254
 964171
 964169
 964154
 964127
 964089
 964069
 964054
 963930
 963739
 963660
 963423
 963290
 963240
 963189
 963119
 963086
 962999
 962698
 962635
 962570
 962391
 962341
 962326
 962202
 962162
 962146
 961525
 961500
 961403
 961313
 961234
 961096
 960990
 960879
 960875
 960814
 960623
 960619
 960592
 960566
 960456
 960382
 960338
 959745
 959624
 959595
 959552
 959491
 959462
 959459
 959296
 959167
 959148
 959030
 958737
 958725
 958554
 958461
 958383
 958372
 958283
 958156
 958146
 958009
 957878
 957801
 957751
 957573
 957389
 957359
 957359
 957011
 956954
 956832
 956566
 956480
 956424
 956400
 956381
 956283
 956237
 956102
 956016
 956015
 955773
 955769
 955565
 955555
 955553
 955439
 955417
 955378
 955332
 955316
 955073
 954887
 954886
 954878
 954748
 954655
 954567
 954412
 954359
 954319
 954221
 953981
 953906
 953855
 953738
 953424
 953367
 953321
 953119
 953005
 952959
 952579
 952380
 952128
 951786
 951749
 951711
 951653
 951530
 951261
 951209
 951181
 950921
 950790
 950789
 950608
 950558
 950451
 950445
 950392
 950347
 950276
 950068
 950059
 949988
 949973
 949908
 949806
 949637
 949270
 948905
 948837
 948793
 948730
 948716
 948653
 948051
 947914
 947808
 947732
 947630
 947618
 947368
 946984
 946938
 946934
 946806
 946631
 946484
 946468
 946252
 945879
 945826
 945803
 945585
 945508
 945464
 945330
 945303
 945205
 944979
 944755
 944746
 944742
 944653
 944580
 944535
 944439
 944416
 944264
 944030
 943958
 943902
 943891
 943870
 943725
 943585
 943581
 943539
 943497
 943431
 943309
 943180
 943076
 942814
 942793
 942774
 942702
 942505
 942401
 942364
 942343
 942307
 942270
 942252
 942152
 942136
 942091
 942040
 941336
 941308
 941282
 941266
 941158
 941095
 940894
 940828
 940787
 940768
 940759
 940743
 940707
 940691
 940500
 940448
 940190
 940119
 940087
 940077
 939947
 939766
 939687
 939639
 939488
 939456
 939386
 939349
 939182
 939058
 939033
 938917
 938909
 938799
 938649
 938445
 938440
 938167
 938077
 937958
 937823
 937688
 937644
 937595
 937418
 937391
 937311
 936689
 936635
 936603
 936601
 936580
 936446
 936437
 936405
 936094
 935959
 935958
 935954
 935952
 935866
 935643
 935428
 935400
 935191
 935078
 934929
 934860
 934856
 934814
 934810
 934735
 934616
 934486
 934376
 934282
 934244
 934208
 934065
 934003
 933982
 933798
 933725
 933649
 933538
 933465
 933365
 933360
 933309
 932777
 932773
 932470
 932319
 932242
 932160
 932038
 932037
 932001
 931665
 931624
 931567
 931214
 931197
 931165
 931108
 931041
 931025
 930951
 930915
 930601
 930574
 930555
 930425
 930281
 930237
 930197
 929940
 929787
 929731
 929639
 929347
 929323
 929194
 929179
 929148
 928889
 928659
 928515
 928482
 928380
 928364
 928288
 928269
 927953
 927903
 927893
 927601
 927455
 927454
 927352
 927330
 927316
 927290
 927239
 926944
 926841
 926829
 926795
 926782
 926669
 926591
 926254
 926253
 926108
 926099
 925944
 925908
 925857
 925823
 925786
 925519
 925510
 925273
 925217
 925185
 924854
 924840
 924822
 924806
 924662
 924578
 924570
 924485
 924049
 923875
 923798
 923648
 923591
 923503
 923412
 923310
 923257
 923229
 923027
 922987
 922975
 922871
 922737
 922680
 922677
 922654
 922609
 922548
 922518
 922485
 922473
 922431
 922207
 922131
 922039
 921912
 921650
 921640
 921611
 921562
 921478
 921378
 921278
 920935
 920926
 920900
 920823
 920635
 920353
 919854
 919704
 919461
 919283
 919174
 919034
 918994
 918715
 918704
 918695
 918495
 918125
 918032
 917994
 917885
 917799
 917251
 917066
 917049
 916981
 916934
 916522
 916285
 916083
 916053
 916042
 915974
 915802
 915733
 915719
 915665
 915633
 915555
 915438
 915408
 915399
 915389
 915254
 915238
 915084
 914971
 914961
 914941
 914669
 914668
 914601
 914590
 914530
 914470
 914447
 914446
 914349
 914312
 913892
 913863
 913762
 913450
 913410
 913385
 913335
 912973
 912935
 912836
 912814
 912585
 912552
 912449
 912414
 912221
 912166
 912105
 912056
 912052
 911943
 911837
 911834
 911738
 911687
 911682
 911452
 911254
 911044
 910702
 910684
 910647
 910626
 910483
 910258
 909897
 909784
 909662
 909630
 909620
 909565
 909206
 909090
 908972
 908789
 908741
 908677
 908620
 908529
 908465
 908404
 908366
 908263
 908244
 908202
 908085
 907900
 907748
 907733
 907667
 907617
 907601
 907589
 907505
 907495
 907468
 907466
 907382
 907284
 907263
 907120
 907108
 906445
 906389
 906278
 906262
 906149
 906145
 906090
 905984
 905826
 905823
 905817
 905577
 905518
 905454
 905416
 904973
 904958
 904897
 904866
 904809
 904519
 904463
 904390
 904298
 904266
 904098
 904081
 904014
 903997
 903960
 903710
 903690
 903674
 903654
 903614
 903528
 903458
 903298
 903217
 903125
 903108
 902934
 902893
 902693
 902430
 902325
 902159
 902053
 901952
 901938
 901874
 901796
 901755
 901593
 901528
 901410
 901380
 901256
 900782
 900710
 900679
 900564
 900517
 900480
 900414
 900395
 900377
 900294
 900258
 900245
 900144
 899999
 899941
 899909
 899876
 899825
 899823
 899352
 899209
 898992
 898978
 898923
 898902
 898678
 898651
 898538
 898455
 898439
 898374
 898359
 898303
 898286
 898145
 898131
 898113
 898033
 898004
 897954
 897715
 897631
 897505
 896648
 896576
 896426
 896389
 896360
 896290
 896290
 896202
 896162
 896124
 895942
 895850
 895836
 895827
 895823
 895752
 895566
 895522
 895084
 894991
 894977
 894975
 894912
 894856
 894825
 894785
 894775
 894736
 894677
 894674
 894599
 894367
 894284
 893950
 893929
 893713
 893708
 893544
 893445
 893253
 893160
 893129
 893012
 892996
 892721
 892682
 892652
 892615
 892599
 892548
 892482
 892431
 891954
 891815
 891791
 891647
 891583
 891561
 891431
 891429
 891373
 891354
 891289
 891283
 891249
 891228
 891181
 890636
 890616
 890492
 890420
 890384
 890282
 890173
 890146
 890109
 890004
 889960
 889955
 889950
 889615
 889585
 889509
 889483
 889343
 889334
 889212
 889133
 889127
 889117
 889110
 889044
 888864
 888782
 888661
 888659
 888584
 888293
 888089
 887940
 887825
 887748
 887403
 887337
 887259
 887158
 887147
 886999
 886982
 886893
 886821
 886780
 886757
 886531
 886335
 886219
 886052
 885966
 885946
 885862
 885785
 885676
 885366
 885350
 885088
 885002
 884963
 884949
 884892
 884867
 884723
 884671
 884643
 884572
 884427
 884358
 884297
 883981
 883978
 883857
 883694
 883680
 883610
 883538
 883532
 883516
 883475
 883473
 883429
 883427
 883360
 883345
 883290
 883234
 883234
 883189
 883128
 883106
 883073
 883052
 882997
 882943
 882659
 882657
 882653
 882624
 882569
 882260
 882032
 881940
 881899
 881850
 881827
 881825
 881674
 881666
 881509
 881369
 881036
 880981
 880857
 880786
 880732
 880591
 880572
 880440
 880373
 880071
 880025
 879913
 879856
 879842
 879818
 879800
 879527
 879430
 879390
 879135
 879129
 879106
 879099
 879020
 878585
 878532
 878524
 878519
 878399
 878386
 878097
 877866
 877836
 877521
 877337
 877290
 877266
 877250
 877176
 877003
 876980
 876765
 876545
 876490
 876423
 876417
 876364
 876361
 876124
 876040
 875947
 875923
 875919
 875825
 875723
 875671
 875532
 875441
 875195
 875138
 874943
 874682
 874526
 874306
 874174
 874152
 874109
 873822
 873756
 873717
 873524
 873478
 873463
 873419
 873239
 873237
 873136
 872941
 872934
 872573
 872569
 872483
 871942
 871931
 871871
 871808
 871796
 871671
 871433
 871418
 871186
 871154
 871048
 870614
 870377
 870256
 870006
 869964
 869952
 869872
 869860
 869791
 869789
 869753
 869720
 869674
 869655
 869516
 869507
 869457
 869421
 869393
 869086
 869080
 868676
 868610
 868520
 868401
 868370
 868362
 868353
 868350
 868244
 868106
 867903
 867867
 867794
 867789
 867234
 867017
 866979
 866964
 866567
 866458
 866443
 866295
 866275
 866152
 866079
 865917
 865698
 865568
 865532
 865426
 865235
 865229
 864557
 864366
 864102
 863874
 863694
 863427
 863387
 863386
 863251
 863209
 862745
 862607
 862600
 862499
 862170
 862114
 861990
 861322
 861063
 860744
 860626
 860615
 860465
 860431
 860161
 860142
 860007
 860005
 859718
 859649
 859633
 859596
 859483
 859464
 859323
 859075
 859072
 859033
 858921
 858799
 858695
 858389
 858369
 858203
 858180
 858144
 858037
 857869
 857690
 857625
 857377
 857189
 857142
 857077
 856910
 856710
 856463
 856400
 856377
 856365
 856236
 856200
 856196
 855978
 855954
 855868
 855842
 855740
 855674
 855606
 855534
 855533
 855485
 855077
 854941
 854742
 854685
 854545
 854514
 854455
 854381
 854286
 854003
 854003
 853635
 853628
 853599
 853362
 853308
 853281
 853146
 852822
 852815
 852736
 852664
 852564
 852504
 852343
 852248
 852046
 851999
 851933
 851910
 851905
 851875
 851869
 851508
 851476
 851302
 851267
 851168
 851146
 851133
 850971
 850746
 850599
 850480
 850385
 850340
 850181
 849909
 849696
 849609
 849509
 849432
 849391
 849133
 849072
 848963
 848864
 848755
 848607
 848590
 848502
 848314
 848264
 848205
 848185
 847913
 847785
 847728
 847525
 846872
 846855
 846840
 846820
 846655
 846647
 846356
 846153
 846091
 845922
 845914
 845782
 845664
 845614
 845574
 845534
 845530
 845351
 845343
 845310
 845141
 845133
 845047
 844890
 844531
 844469
 844462
 844440
 844104
 844049
 844017
 843990
 843984
 843500
 843366
 843305
 843283
 843260
 843122
 843074
 842948
 842822
 842771
 842767
 842718
 842661
 842461
 842400
 842149
 842105
 841991
 841986
 841985
 841854
 841830
 841717
 841040
 840891
 840802
 840629
 839915
 839863
 839716
 839459
 839444
 839396
 839342
 839278
 839073
 838918
 838917
 838840
 838790
 838709
 838539
 838401
 838332
 838226
 838101
 838067
 837901
 837766
 837709
 837241
 837195
 836983
 836427
 836424
 836279
 836265
 836263
 836223
 836201
 836150
 836121
 836057
 836038
 836035
 836025
 835978
 835834
 835734
 835601
 835458
 834942
 834860
 834782
 834658
 834604
 834409
 834228
 834161
 834159
 834026
 833963
 833660
 833640
 833638
 833524
 833437
 833369
 832795
 832755
 832752
 832583
 832503
 832499
 832449
 832431
 832346
 832239
 832223
 832081
 831962
 831842
 831775
 831746
 831442
 831349
 831325
 831300
 831168
 830974
 830805
 830790
 830783
 830782
 830608
 830430
 830355
 830220
 830028
 829991
 829982
 829969
 829896
 829732
 829635
 829600
 829596
 829527
 829457
 829452
 829397
 829268
 829081
 828929
 828510
 828482
 828448
 828433
 828252
 828147
 828055
 827906
 827741
 827700
 827379
 827160
 827090
 826985
 826971
 826819
 826737
 826586
 826520
 826425
 826371
 826297
 826149
 825915
 825860
 825773
 824961
 824550
 824476
 824475
 824385
 824302
 824106
 824019
 824011
 823930
 823900
 823783
 823720
 823707
 823696
 823579
 823470
 823469
 823402
 823261
 823102
 823043
 822830
 822828
 822689
 822445
 822438
 822435
 822407
 822389
 822347
 822339
 822167
 822135
 822068
 822066
 821883
 821635
 821614
 821370
 821337
 821320
 821107
 821034
 820967
 820942
 820909
 820674
 820560
 820518
 820471
 820053
 819440
 819338
 819175
 819016
 818987
 818968
 818943
 818840
 818785
 818728
 818536
 818393
 818006
 817996
 817878
 817791
 817742
 817723
 817612
 817610
 817538
 817483
 817417
 817230
 817012
 816979
 816951
 816919
 816863
 816739
 816655
 816577
 816567
 816389
 816382
 816288
 816244
 816087
 816040
 815996
 815916
 815840
 815814
 815708
 815616
 815561
 815548
 815533
 815516
 815262
 815206
 814964
 814913
 814841
 814790
 814591
 814583
 814465
 814321
 814263
 814146
 814119
 814098
 813953
 813953
 813829
 813796
 813777
 813474
 813397
 813351
 813257
 813043
 813021
 812638
 812500
 812458
 812280
 812264
 812257
 812235
 812234
 812123
 811982
 811964
 811849
 811792
 811621
 811588
 810996
 810926
 810856
 810698
 810502
 810485
 810428
 810277
 809996
 809926
 809437
 809436
 809261
 809239
 809042
 809003
 808722
 808297
 807998
 807782
 807723
 807704
 807659
 807484
 807407
 807390
 807362
 807246
 806800
 806724
 806617
 806027
 806004
 805825
 805804
 805787
 805652
 805628
 805353
 805253
 805222
 805092
 805067
 804934
 804892
 804855
 804672
 804638
 804497
 804497
 804475
 804454
 804453
 804434
 804416
 804344
 804104
 803986
 803978
 803507
 803270
 802968
 802955
 802929
 802911
 802767
 802755
 802708
 802640
 802415
 802381
 802103
 802041
 801817
 801724
 801695
 801691
 801627
 801239
 801223
 801170
 801162
 801159
 800916
 800772
 800571
 800314
 800295
 800278
 800138
 800133
 800095
 800000
 800000
 799999
 799860
 799793
 799777
 799763
 799682
 799628
 799435
 799404
 799250
 799243
 799234
 799164
 799105
 799043
 799007
 798977
 798691
 798653
 798622
 798516
 798148
 798135
 797974
 797938
 797895
 797785
 797708
 797704
 797681
 797530
 797482
 797148
 796962
 796955
 796725
 796663
 796515
 796491
 796368
 796226
 795903
 795865
 795859
 795769
 795726
 795636
 795597
 795479
 795426
 795381
 795373
 795353
 795231
 795033
 795005
 794878
 794826
 794717
 794638
 794457
 794440
 794403
 794316
 794243
 794127
 794097
 794048
 793971
 793957
 793831
 793817
 793681
 793678
 793634
 793589
 793577
 793556
 793275
 793133
 793015
 792987
 792980
 792846
 792839
 792831
 792769
 792746
 792639
 792627
 792581
 792576
 792381
 792327
 792250
 792215
 792137
 792079
 791972
 791910
 791620
 791403
 791370
 791174
 791112
 791079
 790995
 790981
 790892
 790798
 790782
 790697
 790613
 790289
 790229
 790026
 790005
 790005
 790003
 789902
 789902
 789812
 789764
 789668
 789641
 789610
 789542
 789473
 789473
 789473
 789275
 789202
 789067
 788503
 788381
 788258
 788127
 788072
 787709
 787401
 787391
 787214
 787136
 786791
 786748
 786567
 786543
 786454
 786285
 786223
 786151
 786138
 786054
 785932
 785890
 785868
 785795
 785699
 785559
 785438
 785433
 785317
 785237
 785188
 785128
 785087
 785035
 784987
 784829
 784466
 784386
 784253
 784234
 784228
 784064
 783920
 783783
 783714
 783662
 783625
 783510
 783486
 783338
 783244
 783211
 783127
 783111
 783082
 782729
 782658
 782515
 782486
 782462
 782446
 782266
 781869
 781770
 781770
 781745
 781621
 781125
 781076
 780821
 780740
 780513
 780487
 780482
 780430
 780374
 780314
 780313
 780094
 779903
 779861
 779772
 779750
 779644
 779494
 779434
 779391
 779164
 779162
 779097
 779078
 779076
 779026
 778850
 778798
 778741
 778710
 778663
 778625
 778542
 778513
 778442
 778439
 778243
 778167
 778071
 778042
 778011
 777919
 777777
 777777
 777669
 777601
 777421
 777409
 777237
 777211
 777121
 776993
 776968
 776575
 776460
 776361
 776005
 775981
 775518
 775471
 775382
 775159
 775124
 774997
 774901
 774661
 774502
 774467
 774417
 774350
 774291
 774069
 774022
 773901
 773831
 773813
 773755
 773430
 773338
 773091
 773083
 773037
 772874
 772842
 772801
 772717
 772658
 772398
 772396
 772246
 772193
 772183
 771989
 771929
 771865
 771731
 771667
 771558
 771498
 771395
 771229
 771216
 771106
 771030
 770983
 770949
 770870
 770816
 770621
 770584
 770538
 770475
 770392
 770368
 770236
 770143
 770143
 769937
 769680
 769582
 769516
 769402
 769395
 769290
 769274
 769189
 769097
 769078
 768981
 768974
 768899
 768882
 768848
 768827
 768776
 768647
 768641
 768637
 768425
 768329
 767981
 767717
 767662
 767581
 767441
 767286
 767271
 767268
 767115
 766710
 766627
 766354
 766349
 766341
 766321
 765993
 765929
 765865
 765848
 765723
 765653
 765541
 765522
 765508
 765412
 765221
 765084
 764970
 764795
 764781
 764705
 764595
 764542
 764510
 764503
 763986
 763912
 763869
 763687
 763376
 763346
 763306
 763290
 763192
 763070
 763003
 762957
 762928
 762886
 762860
 762576
 762563
 762423
 762353
 762233
 762143
 762037
 761987
 761956
 761947
 761937
 761863
 761843
 761739
 761714
 761667
 761650
 761331
 761004
 760982
 760925
 760919
 760881
 760857
 760637
 760542
 760471
 760438
 760406
 760309
 760302
 760291
 759988
 759981
 759930
 759797
 759720
 759640
 759553
 759516
 759371
 759157
 759036
 758916
 758787
 758679
 758631
 758269
 758214
 758148
 758079
 757993
 757886
 757859
 757711
 757679
 757507
 757447
 757441
 757119
 757086
 756707
 756646
 756536
 756496
 756451
 756451
 756319
 756139
 755956
 755923
 755863
 755809
 755766
 755723
 755589
 755364
 755310
 755276
 755153
 754984
 754983
 754782
 754746
 754672
 754645
 754589
 754426
 754323
 754316
 754100
 754092
 753976
 753956
 753810
 753807
 753684
 753200
 753142
 753006
 752954
 752890
 752867
 752838
 752529
 752428
 752249
 752226
 751937
 751900
 751852
 751543
 751481
 751332
 751147
 751117
 751071
 751023
 751013
 750989
 750975
 750946
 750743
 750671
 750593
 750455
 750162
 750079
 750000
 749463
 749455
 749197
 749166
 749113
 749068
 748866
 748862
 748835
 748663
 748644
 748550
 748447
 748439
 748429
 748364
 748309
 748290
 748200
 748153
 748110
 748024
 747896
 747790
 747742
 747629
 747544
 747474
 747345
 747294
 747248
 747202
 747149
 747120
 746865
 746853
 746821
 746818
 746472
 746369
 746337
 746237
 746227
 746222
 746215
 746113
 746043
 745976
 745947
 745917
 745579
 745401
 745312
 745242
 745212
 745195
 745158
 745139
 745097
 744837
 744741
 744663
 744633
 744620
 744565
 744442
 744360
 744183
 744140
 744107
 743789
 743773
 743711
 743550
 743549
 743532
 743076
 742862
 742738
 742724
 742641
 742641
 742640
 742598
 742424
 742378
 742324
 742258
 741985
 741670
 741540
 741507
 741488
 741457
 741457
 741324
 741312
 740952
 740843
 740771
 740478
 740458
 740387
 740256
 740072
 739926
 739834
 739700
 739636
 739488
 739287
 739216
 739188
 739117
 739039
 738938
 738857
 738654
 738617
 738599
 738197
 738119
 738100
 738086
 738084
 738053
 738049
 737917
 737832
 737670
 737643
 737282
 737210
 737195
 737128
 736955
 736856
 736389
 736380
 736365
 736218
 736098
 735978
 735824
 735751
 735543
 735500
 735473
 735382
 735091
 734989
 734983
 734942
 734847
 734751
 734693
 734686
 734451
 734421
 734409
 734230
 734125
 734075
 734054
 733971
 733812
 733658
 733377
 733333
 733333
 733133
 732956
 732848
 732719
 732549
 732503
 732317
 732298
 732282
 731993
 731935
 731723
 731631
 731462
 731420
 731295
 731182
 731012
 730899
 730890
 730830
 730825
 730569
 730539
 730503
 730440
 730308
 730290
 730201
 730130
 730117
 729771
 729758
 729740
 729616
 729546
 729545
 729425
 729360
 729251
 729221
 729197
 729173
 729032
 728967
 728937
 728908
 728840
 728785
 728751
 728732
 728605
 728558
 728456
 728433
 728385
 728329
 728301
 728204
 728167
 728133
 727931
 727881
 727777
 727716
 727353
 727346
 727318
 727272
 727272
 727272
 727224
 727171
 727169
 727126
 727001
 726957
 726954
 726928
 726610
 726415
 726269
 726256
 726225
 726219
 726168
 726162
 726080
 725845
 725826
 725651
 725559
 725385
 725325
 725227
 724947
 724872
 724852
 724557
 724479
 724417
 724137
 723962
 723861
 723798
 723741
 723386
 723360
 723165
 723110
 723095
 723081
 722982
 722899
 722613
 722588
 722569
 722512
 722371
 722284
 722280
 722222
 722222
 722120
 722087
 721983
 721852
 721852
 721604
 721601
 721527
 721324
 721311
 721286
 721261
 721208
 721179
 721141
 721132
 721014
 720954
 720528
 720329
 720221
 720176
 720167
 720120
 719916
 719801
 719698
 719624
 719562
 719441
 719435
 719393
 719330
 719329
 719262
 719214
 719177
 719081
 719063
 718981
 717780
 717764
 717695
 717582
 717352
 717279
 717077
 717075
 717007
 716983
 716956
 716939
 716810
 716667
 716637
 716368
 716349
 716314
 716294
 716246
 716233
 715984
 715907
 715878
 715833
 715746
 715736
 715582
 715472
 715288
 715279
 715274
 715249
 715176
 714782
 714625
 714616
 714493
 714439
 714383
 714300
 714298
 714285
 714285
 714285
 714257
 714070
 714053
 714020
 714018
 713994
 713980
 713708
 713551
 713514
 713505
 713485
 713377
 713321
 712885
 712859
 712759
 712579
 712574
 712473
 712464
 712344
 712285
 711964
 711867
 711823
 711718
 711692
 711679
 711490
 711465
 711248
 711091
 710960
 710729
 710561
 710551
 710352
 710232
 710166
 710162
 709959
 709803
 709797
 709767
 709673
 709624
 709569
 709543
 709473
 709234
 709138
 709136
 709122
 708918
 708888
 708807
 708705
 708566
 708499
 708473
 708385
 708062
 708049
 707602
 707520
 707512
 707423
 707418
 707387
 706974
 706913
 706715
 706616
 706484
 706353
 706353
 706043
 705827
 705620
 705491
 705391
 705206
 705205
 705052
 704811
 704782
 704766
 704663
 704406
 704288
 704237
 704231
 704212
 704086
 704039
 704005
 703890
 703811
 703703
 703499
 703478
 703422
 703379
 703363
 703297
 703234
 703076
 703037
 702647
 702440
 702341
 702038
 701912
 701841
 701770
 701734
 701668
 701545
 701504
 701483
 701475
 701099
 701069
 700964
 700964
 700826
 700649
 700507
 700426
 700405
 700373
 700227
 700073
 700025
 699999
 699787
 699761
 699759
 699683
 699513
 699487
 699481
 699255
 698945
 698931
 698844
 698841
 698808
 698666
 698557
 698450
 698412
 698238
 698208
 698206
 698167
 698156
 698151
 698080
 698068
 698057
 697968
 697859
 697554
 697547
 697508
 697454
 697351
 697344
 697341
 696960
 696930
 696750
 696477
 696366
 695926
 695847
 695652
 695497
 695490
 695360
 695350
 695344
 695234
 695199
 694859
 694806
 694796
 694789
 694654
 694630
 694499
 694405
 694397
 694276
 694269
 694068
 694026
 693854
 693723
 693641
 693620
 693579
 693521
 693517
 693473
 693403
 693379
 693329
 693279
 693264
 693246
 693246
 693057
 693004
 692988
 692978
 692759
 692650
 692575
 692456
 692386
 692307
 692155
 691986
 691882
 691873
 691839
 691790
 691738
 691676
 691673
 691595
 691559
 691527
 691526
 691250
 691092
 691086
 691028
 690882
 690692
 690665
 690634
 690547
 690503
 690373
 690334
 690309
 690239
 690184
 690182
 690103
 689960
 689835
 689655
 689530
 689408
 689385
 689382
 689149
 689116
 689066
 688998
 688748
 688678
 688473
 688456
 688345
 688336
 688334
 688305
 688286
 688277
 688208
 688057
 687976
 687959
 687955
 687948
 687895
 687797
 687776
 687768
 687695
 687441
 687318
 687292
 687211
 686933
 686741
 686711
 686613
 686419
 686309
 686281
 686272
 686208
 686204
 686200
 686147
 686128
 686032
 685931
 685856
 685831
 685730
 685714
 685704
 685704
 685438
 685295
 685243
 685205
 685104
 685044
 684824
 684761
 684622
 684517
 684297
 684087
 684014
 683893
 683739
 683684
 683635
 683569
 683550
 683500
 683475
 683455
 683404
 683311
 683195
 683084
 683049
 682866
 682797
 682716
 682710
 682675
 682596
 682522
 682419
 682282
 682196
 682183
 682157
 682120
 682081
 682005
 681998
 681934
 681609
 681407
 681367
 681282
 681159
 681159
 681159
 681084
 681038
 680869
 680724
 680671
 680658
 680598
 680323
 680311
 680204
 680157
 680061
 680054
 679958
 679896
 679782
 679679
 679626
 679611
 679549
 679525
 679343
 679315
 679012
 678984
 678888
 678883
 678751
 678734
 678661
 678449
 678426
 678383
 678352
 678302
 678222
 678131
 678033
 677998
 677938
 677881
 677768
 677642
 677637
 677551
 677523
 677453
 677274
 677087
 676786
 676772
 676766
 676742
 676626
 676577
 676482
 676478
 676473
 676470
 676248
 676137
 676109
 676107
 675905
 675874
 675789
 675741
 675335
 675292
 675228
 675208
 675202
 675104
 675068
 674820
 674779
 674464
 674157
 674053
 673972
 673812
 673663
 673582
 673569
 673545
 673458
 673451
 673435
 673415
 673245
 673062
 673009
 672871
 672818
 672683
 672636
 672511
 672495
 672454
 672176
 672074
 671988
 671663
 671611
 671575
 671548
 671218
 671111
 671023
 670871
 670843
 670778
 670736
 670718
 670572
 670524
 670482
 670424
 670120
 670081
 670020
 669820
 669817
 669634
 669602
 669592
 669456
 669445
 669393
 669035
 668783
 668703
 668635
 668490
 668404
 668161
 668148
 667649
 666951
 666904
 666895
 666830
 666812
 666758
 666682
 666666
 666666
 666666
 666666
 666582
 666529
 666226
 666196
 666174
 666097
 665659
 665438
 665387
 665382
 665250
 665118
 665112
 664714
 664582
 664532
 664321
 664207
 664187
 663931
 663762
 663740
 663634
 663234
 663043
 663016
 662914
 662858
 662852
 662849
 662728
 662667
 662404
 662360
 662189
 662169
 662007
 661955
 661926
 661792
 661736
 661525
 661499
 661382
 661253
 661228
 661149
 661087
 661065
 661048
 661043
 660838
 660829
 660762
 660530
 660528
 660174
 659984
 659966
 659939
 659738
 659564
 659488
 659457
 659166
 659129
 658780
 658660
 658635
 658536
 658517
 658385
 658308
 658150
 658103
 657927
 657884
 657759
 657657
 657578
 657507
 657425
 657296
 657273
 656844
 656748
 656641
 656588
 656150
 656093
 655972
 655894
 655829
 655780
 655696
 655663
 655633
 655632
 655584
 655582
 655544
 655519
 655499
 655339
 655306
 655243
 655193
 655176
 655131
 654939
 654643
 654626
 654617
 654598
 654554
 654530
 654403
 654316
 653964
 653963
 653881
 653861
 653703
 653679
 653631
 653590
 653493
 653449
 653135
 652881
 652736
 652683
 652601
 652593
 652546
 652488
 652330
 652329
 652259
 652184
 651925
 651894
 651843
 651690
 651260
 650997
 650793
 650679
 650630
 650486
 650484
 650372
 650274
 650221
 650211
 649948
 649775
 649676
 649656
 649593
 649579
 649321
 649218
 649180
 649165
 649029
 648895
 648888
 648828
 648802
 648634
 648478
 648459
 648363
 648305
 648303
 648242
 648172
 648146
 647875
 647776
 647755
 647749
 647654
 647560
 647489
 647412
 647393
 647352
 647348
 647058
 647049
 646993
 646968
 646811
 646780
 646692
 646683
 646582
 646129
 646098
 646040
 646000
 645946
 645810
 645723
 645697
 645689
 645665
 645521
 645505
 645378
 645318
 645268
 645102
 645102
 644993
 644991
 644796
 644687
 644587
 644464
 644390
 644305
 644288
 643848
 643805
 643750
 643634
 643478
 643427
 643312
 642919
 642905
 642772
 642570
 642254
 642106
 641948
 641797
 641723
 641680
 641637
 641550
 641441
 641293
 641221
 641124
 641076
 641063
 640913
 640875
 640854
 640699
 640696
 640568
 640386
 640336
 640315
 640096
 640075
 639722
 639721
 639574
 639146
 639134
 639083
 639062
 638957
 638623
 638602
 638586
 638575
 638273
 638094
 638042
 637792
 637572
 637454
 637380
 637372
 637285
 636818
 636613
 636584
 636444
 636363
 636260
 636217
 636101
 635993
 635991
 635593
 635328
 635220
 635207
 635194
 635184
 635042
 634951
 634782
 634715
 634711
 634659
 634634
 633979
 633939
 633928
 633913
 633827
 633812
 633721
 633622
 633590
 633579
 633568
 633539
 633297
 633176
 632808
 632465
 632356
 631965
 631951
 631941
 631621
 631570
 631515
 631489
 631464
 631318
 631299
 631160
 631067
 631030
 630769
 630763
 630751
 630573
 630495
 630400
 630351
 629881
 629824
 629515
 629322
 628797
 628772
 628705
 628586
 628561
 628541
 628500
 628215
 628163
 627956
 627811
 627802
 627722
 627621
 627541
 627527
 627480
 627372
 627358
 627301
 627278
 627166
 627048
 626906
 626893
 626822
 626774
 626728
 626541
 626515
 626507
 626440
 626420
 626257
 625983
 625963
 625910
 625879
 625864
 625798
 625750
 625732
 625706
 625671
 625648
 625603
 625479
 625377
 625350
 625269
 625254
 625116
 624740
 624362
 624307
 624304
 623910
 623895
 623853
 623439
 623433
 623418
 623358
 623294
 623044
 622994
 622974
 622878
 622829
 622792
 622635
 622586
 622407
 622356
 622090
 621943
 621931
 621666
 621548
 621499
 621446
 621384
 621380
 621336
 621325
 621155
 621107
 621052
 620989
 620974
 620857
 620802
 620706
 620583
 620510
 620461
 620417
 620214
 620092
 620089
 619865
 618975
 618939
 618866
 618814
 618789
 618626
 618590
 618582
 618453
 618339
 618247
 618181
 618082
 618068
 617922
 617810
 617761
 617723
 617679
 617608
 617369
 617347
 617299
 617142
 617044
 616917
 616891
 616859
 616733
 616642
 616518
 616407
 616252
 615916
 615897
 615835
 615736
 615568
 615390
 615342
 615323
 615036
 615002
 614987
 614979
 614857
 614651
 614327
 614296
 614180
 614147
 614126
 614043
 613992
 613975
 613776
 613725
 613669
 613445
 613299
 613296
 613291
 612752
 612733
 612606
 612459
 612445
 612209
 612187
 612127
 611960
 611794
 611748
 611670
 611669
 611550
 611525
 611354
 611316
 611273
 611181
 611157
 611006
 610863
 610837
 610752
 610646
 610583
 610450
 610371
 610328
 610284
 610106
 609844
 609805
 609746
 609740
 609671
 609505
 609286
 609243
 609179
 609174
 609117
 609100
 609045
 609002
 608941
 608933
 608870
 608555
 608505
 608360
 608231
 608001
 607847
 607773
 607727
 607668
 607581
 607548
 607405
 606743
 606528
 606520
 606335
 606316
 606307
 606155
 606027
 605951
 605697
 605662
 605295
 605281
 605086
 604819
 604788
 604737
 604588
 604395
 604255
 604010
 603977
 603891
 603827
 603722
 603716
 603639
 603622
 603487
 603276
 603056
 602947
 602887
 602539
 602451
 602354
 602305
 602048
 601985
 601749
 601742
 601652
 601560
 601548
 601453
 601303
 601245
 601125
 601084
 600885
 600858
 600810
 600787
 600775
 600759
 600688
 600601
 600545
 600451
 600378
 600346
 600330
 600312
 600205
 600176
 600104
 600000
 599884
 599711
 599694
 599606
 599444
 599421
 599295
 599272
 599106
 598862
 598816
 598699
 598567
 598402
 598348
 598221
 597959
 597565
 597558
 597553
 597544
 597197
 597106
 597078
 596702
 596685
 596381
 596248
 596136
 596069
 596049
 595742
 595725
 595521
 595285
 595090
 594894
 594764
 594487
 594372
 594222
 594049
 593948
 593942
 593907
 593894
 593827
 593636
 593463
 593409
 593288
 593229
 593220
 593140
 592867
 592841
 592791
 592578
 592544
 592532
 592449
 592404
 592119
 591727
 591645
 591541
 591478
 591331
 591300
 591228
 591173
 590990
 590717
 590640
 590623
 590547
 590461
 590315
 590137
 590123
 590091
 589957
 589840
 589798
 589651
 589623
 589496
 589168
 589041
 588640
 588629
 588557
 588552
 588522
 588441
 588389
 588292
 588252
 587857
 587828
 587746
 587690
 587677
 587519
 587505
 587478
 587169
 587043
 586889
 586749
 586686
 586584
 586492
 586475
 586358
 586333
 586303
 586300
 586073
 586035
 586019
 585915
 585592
 585552
 585504
 585323
 585150
 585023
 585005
 584901
 584845
 584719
 584569
 584503
 584491
 584359
 584266
 584244
 584089
 583942
 583914
 583651
 583433
 583431
 583408
 583386
 583369
 583359
 583333
 583310
 583306
 582881
 582827
 582807
 582546
 582494
 582479
 582466
 582346
 582314
 582174
 582137
 581940
 581896
 581723
 581546
 581488
 581485
 581471
 581378
 581369
 581362
 581291
 581244
 581243
 581235
 581149
 580990
 580940
 580645
 580529
 580472
 580444
 580274
 580228
 580109
 580034
 580020
 579986
 579975
 579946
 579921
 579906
 579880
 579846
 579651
 579619
 579619
 579490
 579409
 579261
 579156
 579087
 578947
 578942
 578887
 578882
 578681
 578327
 578311
 578138
 577628
 577605
 577476
 577437
 577349
 577347
 577304
 577283
 577163
 577002
 576760
 576624
 576464
 576430
 576415
 576281
 576231
 576187
 575872
 575727
 575663
 575610
 575537
 575508
 575476
 575428
 575302
 575132
 575009
 574997
 574861
 574825
 574821
 574799
 574720
 574635
 574596
 574482
 574435
 574289
 574281
 574073
 574056
 573930
 573527
 573516
 573209
 572991
 572753
 572668
 572576
 572402
 572228
 572145
 572135
 572045
 571893
 571815
 571685
 571665
 571545
 571491
 571457
 571336
 570880
 570388
 570349
 570283
 570276
 570196
 570023
 569988
 569986
 569820
 569806
 569630
 569583
 569490
 569272
 569148
 568744
 568606
 568510
 568388
 568323
 568008
 567970
 567907
 567583
 567496
 567347
 567289
 567231
 567222
 567166
 567095
 567023
 566921
 566908
 566786
 566753
 566658
 566037
 565988
 565815
 565680
 565668
 565654
 565598
 565543
 565526
 565452
 565411
 565366
 565250
 565217
 565002
 564900
 564727
 564668
 564612
 564570
 564467
 564420
 564368
 564362
 564360
 564290
 564102
 563938
 563937
 563917
 563779
 563602
 563564
 563520
 563422
 563228
 563131
 563079
 562962
 562817
 562727
 562598
 562570
 562545
 562492
 562454
 562448
 562414
 562272
 562187
 562106
 562085
 561955
 561890
 561797
 561750
 561643
 561503
 561449
 561441
 561286
 561244
 561025
 560959
 560816
 560667
 560624
 560583
 560545
 560280
 560169
 559757
 559757
 559746
 559681
 559479
 559417
 559348
 559274
 559190
 559103
 558768
 558751
 558713
 558631
 558601
 558506
 558356
 558208
 558173
 557994
 557874
 557728
 557684
 557629
 557606
 557601
 557577
 557569
 557544
 557476
 557363
 557236
 557199
 557181
 557017
 556976
 556918
 556733
 556630
 556572
 556521
 556105
 556102
 556007
 555953
 555809
 555762
 555669
 555615
 555332
 555316
 555210
 555156
 555009
 554945
 554831
 554744
 554642
 554543
 554535
 554323
 554125
 554060
 553996
 553858
 553679
 553670
 553615
 553310
 553254
 553226
 552913
 552880
 552771
 552710
 552456
 552311
 552282
 552096
 552043
 552008
 552000
 551981
 551975
 551882
 551809
 551724
 551645
 551639
 551564
 551306
 551248
 551244
 551130
 551124
 550791
 550741
 550647
 550626
 550588
 550456
 550396
 550347
 550310
 550247
 550191
 549914
 549828
 549605
 549591
 549576
 549471
 549414
 549408
 549258
 549193
 549075
 548990
 548984
 548784
 548228
 548188
 548070
 548001
 547724
 547723
 547668
 547532
 547511
 547276
 547166
 547081
 546977
 546630
 546389
 546303
 546291
 546180
 546119
 546119
 545932
 545878
 545621
 545454
 545399
 545367
 545295
 545243
 545242
 545119
 544998
 544318
 544190
 544121
 543926
 543882
 543603
 543523
 543214
 543089
 543009
 542857
 542857
 542785
 542663
 542639
 542526
 542516
 542472
 542444
 542371
 542347
 542343
 542323
 542314
 542241
 542153
 542141
 542069
 541966
 541903
 541871
 541833
 541440
 541348
 541343
 541335
 541241
 541174
 541125
 541054
 541049
 540989
 540959
 540907
 540897
 540840
 540741
 540621
 540591
 540566
 540438
 540401
 540349
 540316
 540077
 540062
 539999
 539992
 539852
 539784
 539628
 539563
 538914
 538438
 538405
 537976
 537799
 537780
 537711
 537705
 537672
 537493
 537377
 537044
 536482
 536412
 536407
 536386
 536242
 536221
 536143
 535989
 535968
 535747
 535635
 535619
 535504
 535452
 535286
 534871
 534767
 534766
 534566
 534516
 534432
 534223
 534022
 534012
 533956
 533879
 533853
 533795
 533709
 533708
 533585
 533550
 533534
 533333
 533333
 533333
 533304
 532915
 532814
 532744
 532660
 532629
 532267
 532241
 532225
 532218
 532199
 532163
 532033
 531702
 531571
 531568
 531471
 531428
 531375
 531371
 531308
 531266
 531208
 531006
 530708
 530706
 530414
 530047
 529929
 529922
 529885
 529882
 529825
 529825
 529640
 529536
 529460
 529434
 529422
 529411
 529338
 529335
 529285
 529190
 528988
 528965
 528894
 528774
 528574
 528522
 528439
 528384
 528318
 528231
 528101
 528042
 528032
 527692
 527682
 527645
 527585
 527395
 527375
 527326
 527307
 527294
 527235
 527141
 526956
 526737
 526732
 526702
 526692
 526658
 526610
 526522
 526315
 526239
 526115
 525874
 525773
 525750
 525682
 525657
 525623
 525612
 525512
 525439
 525321
 525296
 525208
 524926
 524772
 524746
 524628
 524532
 524510
 524407
 524359
 524119
 524082
 523994
 523657
 523628
 523605
 523584
 523135
 523130
 523113
 523072
 523067
 522964
 522855
 522783
 522741
 522705
 522653
 522632
 522290
 522268
 522157
 521815
 521794
 521751
 521675
 521458
 521421
 521367
 521275
 520745
 520640
 520634
 520628
 520552
 520473
 520439
 520296
 520149
 520059
 519879
 519809
 519761
 519697
 519611
 519546
 519541
 519525
 519190
 518847
 518764
 518665
 518633
 518624
 518578
 518467
 518263
 518248
 518195
 518186
 518180
 518140
 517959
 517854
 517850
 517759
 517587
 517554
 517487
 517476
 517474
 517300
 517291
 517284
 517266
 517241
 517088
 516896
 516853
 516853
 516814
 516572
 516531
 516461
 516430
 516344
 516304
 516052
 516022
 515991
 515923
 515890
 515820
 515455
 515414
 515393
 515366
 515359
 515307
 515182
 515055
 514982
 514980
 514960
 514950
 514775
 514767
 514733
 514722
 514711
 514396
 514388
 514313
 514285
 514115
 514089
 514062
 513952
 513916
 513836
 513816
 513671
 513661
 513635
 513630
 513551
 513543
 513504
 513492
 513490
 513486
 513476
 513383
 513371
 513266
 513163
 513161
 513074
 512953
 512844
 512820
 512706
 512703
 512519
 512375
 512283
 512224
 511941
 511937
 511812
 511803
 511599
 511516
 511361
 511299
 511106
 510892
 510885
 510850
 510795
 510754
 510691
 510679
 510606
 510553
 510531
 510496
 510460
 510411
 510331
 510257
 510242
 510237
 510187
 510056
 510022
 509728
 509702
 509626
 509430
 509268
 508893
 508849
 508821
 508733
 508716
 508714
 508601
 508583
 508455
 508250
 508225
 508096
 508063
 507811
 507681
 507552
 507545
 507433
 507319
 507310
 506711
 506681
 506164
 506155
 506097
 506088
 506054
 506033
 505860
 505809
 505769
 505368
 505326
 505304
 505094
 505065
 505058
 504979
 504930
 504593
 504566
 504564
 504424
 504424
 504409
 504322
 504296
 504285
 504071
 504054
 503966
 503892
 503880
 503875
 503849
 503791
 503525
 503493
 503240
 503162
 503105
 502999
 502666
 502554
 502535
 502518
 502439
 502289
 502117
 502107
 501915
 501840
 501734
 501729
 501618
 501474
 501415
 501277
 501267
 501104
 501007
 500987
 500979
 500879
 500840
 500834
 500754
 500737
 500559
 500499
 500437
 500430
 500419
 500405
 500351
 500202
 500167
 500109
 500072
 500059
 500000
 499946
 499857
 499763
 499613
 499585
 499240
 499217
 498896
 498874
 498847
 498804
 498492
 498389
 498267
 498253
 498157
 498153
 498032
 498023
 497940
 497910
 497886
 497821
 497639
 497515
 497343
 497109
 496963
 496898
 496884
 496844
 496728
 496455
 496257
 495995
 495847
 495623
 495461
 495301
 495288
 495122
 495050
 494978
 494930
 494875
 494798
 494617
 494340
 494297
 494046
 493972
 493941
 493937
 493843
 493820
 493793
 493740
 493605
 493368
 493252
 493083
 492974
 492943
 492684
 492640
 492605
 492588
 492103
 492080
 491960
 491854
 491785
 491768
 491742
 491708
 491660
 491542
 491512
 491389
 491252
 491047
 491038
 490969
 490823
 490727
 490713
 490654
 490613
 490506
 490485
 490436
 490358
 490328
 490252
 490243
 490183
 489937
 489919
 489873
 489849
 489797
 489429
 489423
 489225
 489170
 489129
 489032
 488888
 488822
 488792
 488744
 488721
 488645
 488413
 488288
 487819
 487670
 487575
 487306
 487179
 487113
 487071
 486939
 486863
 486633
 486631
 486382
 486127
 486105
 486043
 485993
 485886
 485443
 485415
 485344
 485280
 484716
 484691
 484681
 484629
 484604
 484578
 484512
 484133
 483999
 483887
 483793
 483677
 483587
 483534
 483530
 483429
 483418
 483343
 483278
 483195
 483161
 483142
 483062
 482968
 482914
 482872
 482773
 482771
 482694
 482612
 482535
 482534
 482066
 481877
 481763
 481527
 481498
 481481
 481471
 481442
 481442
 481257
 481114
 480792
 480294
 480262
 480168
 480122
 480082
 480051
 479760
 479728
 479634
 479511
 479289
 479079
 479025
 478974
 478932
 478840
 478833
 478832
 478666
 478260
 478153
 478134
 478118
 478060
 477944
 477685
 477655
 477643
 477435
 477310
 477270
 477207
 477160
 477038
 476730
 476562
 476553
 476307
 476286
 476132
 475997
 475918
 475812
 475661
 475520
 475438
 475392
 475382
 475180
 475076
 474964
 474885
 474857
 474777
 474771
 474760
 474548
 474534
 474459
 474346
 474330
 474327
 474226
 474086
 474072
 474031
 473954
 473841
 473818
 473571
 473557
 473503
 473380
 473372
 473197
 473162
 473037
 473031
 473007
 472957
 472831
 472714
 472648
 472635
 472560
 472506
 472199
 472181
 472054
 472023
 471910
 471907
 471744
 471451
 471365
 471035
 470922
 470864
 470654
 470588
 470567
 470394
 470296
 470276
 470249
 470138
 470104
 470085
 469879
 469799
 469542
 469465
 469458
 469372
 469258
 469122
 468910
 468893
 468862
 468728
 468631
 468589
 468559
 468526
 468440
 468332
 468328
 468323
 468223
 468170
 468054
 468049
 467889
 467759
 467731
 467390
 467376
 467121
 467102
 466752
 466681
 466612
 466548
 466469
 466414
 466200
 466071
 466065
 466049
 465886
 465811
 465569
 465426
 465319
 465191
 465116
 465087
 465080
 465038
 464944
 464768
 464711
 464566
 464518
 464396
 464388
 464128
 463798
 463649
 463533
 463459
 463135
 463035
 463013
 462939
 462768
 462664
 462523
 462470
 462370
 462352
 462279
 462233
 462209
 462098
 462082
 462046
 461926
 461834
 461815
 461710
 461633
 461580
 461538
 461354
 461264
 461202
 461095
 460674
 460267
 460232
 460162
 460123
 460048
 459979
 459933
 459931
 459653
 459566
 459550
 459386
 459319
 459258
 459119
 458916
 458856
 458797
 458508
 458390
 458300
 457988
 457965
 457904
 457897
 457857
 457678
 457652
 457627
 457482
 457452
 457266
 457007
 457000
 456850
 456787
 456725
 456655
 456621
 456603
 456523
 456495
 456487
 456406
 456279
 456242
 456213
 456140
 456001
 455930
 455870
 455858
 455772
 455595
 455463
 455429
 455377
 455113
 455071
 455062
 455055
 454982
 454879
 454777
 454756
 454613
 454415
 454385
 454275
 454253
 454203
 453752
 453357
 453205
 453164
 452957
 452919
 452783
 452708
 452591
 452579
 452560
 452513
 452266
 452179
 452165
 452020
 451851
 451842
 451831
 451780
 451738
 451369
 451315
 451308
 451272
 451230
 451140
 451085
 451025
 450996
 450994
 450715
 450472
 450127
 450057
 450007
 449840
 449819
 449737
 449606
 449581
 449182
 449141
 449105
 449089
 449049
 449027
 449002
 448979
 448979
 448950
 448878
 448809
 448675
 448544
 448435
 448275
 448144
 447730
 447432
 447403
 446975
 446835
 446761
 446738
 446651
 446632
 446397
 446387
 446153
 446095
 446003
 445381
 445197
 445144
 445071
 445068
 445042
 444930
 444576
 444528
 444444
 444378
 444045
 443997
 443596
 443434
 443243
 443037
 443033
 442982
 442822
 442807
 442805
 442791
 442741
 442694
 442622
 442571
 442558
 442517
 442395
 442263
 442237
 442217
 442195
 442052
 442029
 441881
 441860
 441808
 441774
 441701
 441639
 441637
 441617
 441608
 441545
 441358
 441293
 441222
 441188
 441046
 441003
 440895
 440872
 440717
 440483
 440459
 440373
 440364
 440318
 440249
 440195
 440000
 439953
 439897
 439728
 439607
 439421
 439421
 439126
 439024
 438836
 438745
 438608
 438530
 438518
 438436
 438292
 438287
 438233
 438095
 438051
 437996
 437983
 437949
 437898
 437728
 437659
 437649
 437312
 437306
 437295
 437100
 437073
 436958
 436842
 436656
 436598
 436558
 436464
 436309
 436290
 436158
 436090
 435936
 435736
 435686
 435676
 435628
 435306
 435293
 435258
 435176
 435042
 435018
 434811
 434620
 434616
 434432
 434416
 434236
 434187
 434175
 434106
 433742
 433713
 433554
 433552
 433546
 433480
 433347
 433175
 433165
 433134
 433126
 433096
 433077
 433022
 433009
 432958
 432924
 432681
 432344
 432283
 432258
 432218
 431932
 431849
 431748
 431679
 431059
 430930
 430645
 430555
 430534
 430182
 430123
 430092
 430064
 430015
 429906
 429866
 429864
 429779
 429647
 429467
 429456
 429103
 429043
 428936
 428915
 428798
 428785
 428571
 428571
 428482
 428443
 428309
 428191
 428154
 428056
 427792
 427698
 427629
 427584
 427417
 427374
 427330
 427204
 427107
 427049
 427040
 426898
 426894
 426713
 426603
 426594
 426511
 426394
 426373
 426322
 426322
 426315
 426225
 426132
 425680
 425489
 425389
 425365
 425185
 425044
 425031
 424828
 424519
 424264
 424209
 423913
 423888
 423809
 423770
 423770
 423744
 423734
 423508
 423494
 423215
 423207
 423045
 422995
 422954
 422901
 422860
 422794
 422794
 422755
 422565
 422545
 422444
 422416
 422384
 422358
 422305
 422253
 422241
 422184
 421919
 421910
 421816
 421780
 421638
 421622
 421273
 421231
 421143
 421138
 421096
 420789
 420778
 420657
 420581
 420536
 420446
 420417
 420382
 420352
 420293
 420130
 420035
 419930
 419923
 419889
 419870
 419853
 419847
 419807
 419715
 419692
 419689
 419534
 419530
 419435
 419406
 419405
 419395
 419323
 419240
 419137
 419089
 418926
 418776
 418719
 418574
 418533
 418396
 418361
 418357
 418181
 418028
 417985
 417886
 417635
 417137
 416930
 416901
 416868
 416767
 416731
 416610
 416582
 416555
 416540
 416336
 416319
 416291
 416191
 415996
 415909
 415799
 415760
 415648
 415600
 415586
 415584
 415300
 415094
 414974
 414937
 414848
 414794
 414706
 414550
 414535
 414392
 414353
 414264
 413949
 413931
 413612
 413548
 413483
 413181
 412837
 412819
 412816
 412634
 412611
 412579
 412494
 412482
 412471
 412305
 412283
 411876
 411594
 411499
 411342
 411319
 411272
 411262
 411221
 411214
 411139
 411138
 411117
 411030
 411026
 410961
 410949
 410749
 410700
 410613
 410560
 410456
 410115
 410090
 409969
 409959
 409901
 409859
 409802
 409771
 409747
 409742
 409736
 409491
 409250
 409122
 409047
 408921
 408902
 408819
 408813
 408641
 408530
 408309
 408285
 408280
 408267
 407990
 407963
 407926
 407863
 407800
 407666
 407396
 407118
 407066
 407012
 406748
 406643
 406602
 406546
 406285
 406250
 406213
 406152
 405999
 405951
 405779
 405583
 405539
 405507
 405311
 405201
 404933
 404815
 404785
 404719
 404567
 404503
 404457
 404303
 404277
 404145
 403941
 403818
 403749
 403615
 403587
 403508
 403178
 403087
 403055
 402934
 402747
 402676
 402606
 402324
 402324
 402266
 402061
 402025
 401981
 401950
 401947
 401935
 401792
 401759
 401673
 401618
 401557
 401303
 401284
 401182
 401165
 400882
 400585
 400557
 400439
 400369
 400309
 400280
 400180
 400077
 400027
 400000
 399999
 399777
 399466
 399388
 399361
 399353
 399197
 399136
 398984
 398956
 398729
 398710
 398580
 398453
 398251
 397725
 397590
 397456
 397402
 397309
 397276
 396976
 396825
 396689
 396624
 396411
 396207
 396203
 396133
 396084
 396006
 395998
 395940
 395870
 395848
 395843
 395808
 395475
 395282
 395229
 395131
 395058
 394989
 394970
 394585
 394526
 394415
 394307
 394281
 394160
 393939
 393939
 393560
 393442
 393348
 393302
 393182
 393120
 393108
 393002
 392918
 392763
 392483
 392273
 392257
 392220
 391758
 391730
 391667
 391617
 391608
 391587
 391558
 391304
 391297
 391262
 391221
 390948
 390898
 390839
 390476
 390467
 390452
 390438
 390291
 390000
 389852
 389768
 389708
 389614
 389504
 389435
 389372
 389230
 389113
 388874
 388652
 388623
 388606
 388589
 388572
 388368
 388301
 388299
 388135
 388009
 387506
 387460
 387294
 387247
 387203
 387152
 387129
 386984
 386914
 386827
 386595
 386360
 386289
 386065
 386051
 385947
 385852
 385787
 385786
 385755
 385745
 385645
 385620
 385592
 385374
 385261
 385179
 384882
 384700
 384386
 384331
 384175
 384163
 384157
 384148
 383842
 383805
 383725
 383535
 383296
 383165
 383147
 383144
 382978
 382978
 382807
 382741
 382612
 382585
 382578
 382403
 382400
 382331
 382274
 382257
 382215
 381625
 381579
 381357
 381338
 381333
 381154
 381113
 381107
 381070
 381037
 380882
 380763
 380634
 380620
 380358
 380201
 380015
 379876
 379812
 379672
 379583
 379106
 378977
 378957
 378905
 378815
 378516
 378100
 377967
 377857
 377643
 377578
 377409
 377311
 377272
 377105
 377084
 377023
 376974
 376943
 376892
 376819
 376737
 376529
 376276
 376274
 376217
 375995
 375863
 375574
 375521
 375499
 375366
 375280
 375180
 375178
 375028
 375000
 374835
 374812
 374810
 374658
 374318
 374258
 374126
 374070
 373850
 373320
 373190
 373070
 373013
 372986
 372925
 372917
 372912
 372371
 372236
 372093
 372079
 371964
 371871
 371547
 371532
 371428
 371337
 371288
 371173
 371115
 370688
 370671
 370511
 370370
 370353
 370303
 370258
 370240
 370173
 370019
 369863
 369850
 369700
 369294
 369156
 369096
 369008
 368911
 368904
 368814
 368522
 368380
 368339
 368301
 368131
 368113
 367791
 367778
 367706
 367697
 367681
 367668
 367567
 367498
 367474
 367341
 367249
 367240
 367000
 366860
 366793
 366766
 366630
 366623
 366588
 366560
 366462
 366416
 366388
 366366
 366307
 366239
 366238
 366201
 366136
 365769
 365721
 365659
 365618
 365521
 365468
 365322
 365231
 365161
 365064
 364990
 364928
 364911
 364664
 364612
 364605
 364577
 364434
 364428
 364030
 363969
 363958
 363706
 363673
 363669
 363636
 363636
 363442
 363394
 363308
 363233
 363221
 363139
 363112
 363081
 362943
 362609
 362369
 362212
 362066
 361928
 361832
 361727
 361712
 361523
 361432
 360930
 360852
 360726
 360699
 360694
 360287
 360166
 359999
 359955
 359918
 359870
 359818
 359804
 359620
 359498
 359439
 359330
 359217
 359101
 359035
 359012
 358932
 358911
 358854
 358678
 358615
 358396
 358338
 358121
 358009
 357933
 357876
 357793
 357760
 357645
 357584
 357472
 357453
 357433
 357323
 357015
 356993
 356804
 356800
 356687
 356641
 356609
 356512
 356456
 356329
 356309
 356275
 356140
 356112
 356076
 356028
 355804
 355694
 355562
 355531
 355261
 355186
 354995
 354963
 354813
 354732
 354692
 354399
 354368
 354351
 354121
 353929
 353768
 353727
 353711
 353697
 353645
 353497
 353429
 353240
 353240
 353162
 353101
 352941
 352857
 352853
 352781
 352708
 352679
 352591
 352493
 352443
 352173
 352043
 351922
 351908
 351692
 351685
 351380
 351133
 351128
 351097
 350993
 350986
 350696
 350566
 350471
 350412
 350398
 350203
 350097
 350000
 349999
 349969
 349818
 349799
 349767
 349726
 349702
 349698
 349580
 349445
 349329
 349266
 349138
 349104
 348998
 348920
 348890
 348747
 348600
 348332
 348328
 348254
 348143
 348000
 347639
 347595
 347575
 347566
 347443
 347434
 347156
 347053
 346885
 346821
 346798
 346666
 346600
 346528
 346428
 346423
 346306
 346282
 346268
 346216
 346147
 346119
 345981
 345971
 345864
 345844
 345819
 345760
 345679
 345677
 345587
 345450
 345447
 345427
 345375
 345259
 344849
 344644
 344571
 344537
 344486
 344447
 344429
 344307
 344182
 344158
 344121
 344096
 343963
 343955
 343742
 343729
 343707
 343704
 343691
 343533
 343511
 343474
 343472
 343465
 343054
 343043
 342922
 342839
 342726
 342619
 342492
 342444
 342342
 342305
 342265
 342245
 342163
 341923
 341921
 341921
 341785
 341655
 341550
 341464
 341407
 341404
 341382
 341333
 340980
 340892
 340722
 340633
 340604
 340510
 340352
 340340
 340249
 339869
 339691
 339622
 339566
 339539
 339263
 339213
 339018
 339007
 338943
 338796
 338783
 338610
 338420
 338218
 338190
 338035
 337745
 337727
 337646
 337507
 337491
 337357
 337289
 337263
 337209
 337075
 336993
 336585
 336278
 336239
 336236
 336230
 336164
 336157
 336151
 335877
 335868
 335854
 335800
 335716
 335617
 335587
 335435
 335226
 334977
 334945
 334877
 334857
 334673
 334518
 334517
 334498
 334493
 334432
 334421
 334155
 333941
 333895
 333685
 333641
 333603
 333333
 333333
 333333
 333333
 333266
 333225
 333168
 333118
 333072
 332862
 332454
 332409
 331977
 331875
 331872
 331743
 331635
 331540
 331428
 331424
 331381
 331313
 331301
 331209
 331148
 331035
 330947
 330858
 330754
 330734
 330552
 330148
 330124
 330110
 330020
 329991
 329985
 329949
 329861
 329833
 329646
 329556
 329492
 329401
 329397
 328966
 328872
 328786
 328734
 328723
 328697
 328567
 328511
 328484
 327929
 327347
 327344
 327030
 326965
 326957
 326858
 326857
 326741
 326542
 326530
 326500
 326208
 326144
 326139
 326025
 325987
 325844
 325716
 325678
 325609
 325545
 325478
 325435
 325367
 325289
 325288
 325286
 325245
 325229
 325036
 324915
 324761
 324760
 324688
 324271
 324259
 324226
 324186
 324122
 324119
 323974
 323840
 323818
 323593
 323484
 323426
 323335
 323308
 323296
 323217
 322918
 322867
 322863
 322825
 322778
 322699
 322580
 322528
 322467
 322430
 322322
 322303
 322238
 322051
 322047
 321993
 321983
 321634
 321422
 321155
 321029
 320884
 320759
 320738
 320675
 320543
 320497
 320478
 320440
 320303
 320274
 320041
 319986
 319973
 319942
 319937
 319890
 319820
 319727
 319566
 319468
 319462
 319429
 319311
 319288
 319205
 319203
 318909
 318870
 318786
 318760
 318746
 318700
 318590
 318212
 318143
 318125
 318060
 318025
 317966
 317957
 317902
 317811
 317567
 317460
 317450
 317323
 317115
 317070
 316985
 316737
 316633
 316599
 316538
 316506
 316455
 316442
 316383
 316373
 316262
 316172
 315891
 315753
 315516
 315454
 315374
 315145
 314915
 314834
 314820
 314655
 314525
 314417
 314253
 314058
 314042
 314037
 314033
 313991
 313941
 313874
 313784
 313725
 313466
 313463
 313024
 313013
 312927
 312927
 312916
 312796
 312707
 312689
 312607
 312497
 312230
 312209
 312174
 312087
 311890
 311772
 311693
 311688
 311591
 311418
 311349
 311322
 311224
 311151
 311081
 310757
 310704
 310647
 310576
 310447
 310443
 310003
 309960
 309723
 309608
 309501
 309250
 309049
 309026
 308820
 308805
 308649
 308578
 308547
 308482
 308435
 308433
 308334
 308100
 307998
 307795
 307767
 307708
 307692
 307562
 307543
 307518
 307507
 307214
 307186
 307174
 307103
 306937
 306862
 306791
 306775
 306764
 306760
 306729
 306596
 306569
 306502
 306393
 306325
 306314
 306165
 306162
 306088
 306039
 306010
 305974
 305801
 305745
 305735
 305541
 305486
 305421
 305230
 305178
 305176
 305087
 305056
 304985
 304932
 304921
 304856
 304765
 304723
 304688
 304635
 304631
 304468
 304360
 304258
 304139
 304111
 304106
 303955
 303892
 303797
 303623
 303565
 303448
 303414
 303370
 303370
 303293
 303250
 303226
 303190
 303176
 302911
 302709
 302583
 302573
 302531
 302494
 302362
 302283
 302224
 302073
 301886
 301682
 301579
 301561
 301459
 301323
 300957
 300879
 300862
 300683
 300617
 300536
 300408
 300369
 300364
 300314
 300120
 300000
 299910
 299767
 299698
 299471
 299253
 299200
 299182
 299161
 299143
 299143
 299026
 299003
 298610
 298594
 298519
 298162
 298125
 298094
 297865
 297713
 297548
 297539
 297463
 297320
 297179
 297174
 296840
 296827
 296555
 296541
 296537
 296382
 296296
 296180
 296089
 296012
 295900
 295887
 295868
 295693
 295625
 295500
 295481
 295384
 295382
 295292
 295150
 295050
 295041
 294974
 294814
 294767
 294703
 294264
 294217
 294190
 294179
 294055
 294013
 293999
 293660
 293546
 293302
 293268
 293069
 293054
 293039
 292758
 292711
 292673
 292559
 292451
 292281
 292240
 292082
 291802
 291568
 291387
 291350
 291268
 291265
 291253
 290963
 290846
 290778
 290726
 290659
 290436
 290347
 289964
 289804
 289567
 289563
 289479
 289433
 289348
 289281
 289248
 289201
 289066
 289038
 289017
 288906
 288717
 288619
 288554
 288494
 288437
 288434
 288423
 288409
 288403
 288235
 287986
 287979
 287914
 287901
 287817
 287436
 287367
 287305
 287225
 287118
 286946
 286939
 286775
 286759
 286726
 286614
 286555
 286514
 286461
 286312
 286268
 286264
 286118
 285984
 285978
 285781
 285373
 285218
 285145
 285115
 285059
 284858
 284567
 284340
 284335
 284100
 284100
 283977
 283837
 283754
 283730
 283652
 283616
 283436
 283433
 283311
 283067
 282847
 282619
 282614
 282516
 282360
 282288
 281782
 281742
 281702
 281668
 281618
 281553
 281500
 281178
 280881
 280837
 280817
 280760
 280701
 280452
 280312
 280184
 280146
 280057
 279969
 279967
 279959
 279924
 279675
 279664
 279552
 279421
 279409
 279368
 279214
 279202
 279153
 279077
 279062
 279027
 278976
 278838
 278810
 278317
 278215
 278145
 278091
 277917
 277894
 277780
 277777
 277763
 277419
 277310
 277082
 277070
 277037
 276825
 276644
 276619
 276574
 276420
 276379
 276212
 276173
 276159
 276130
 276123
 275862
 275823
 275485
 275362
 275336
 275303
 275182
 275052
 274916
 274870
 274622
 274478
 274412
 274096
 274094
 274009
 273565
 273524
 273381
 273308
 273145
 273131
 273032
 272848
 272752
 272596
 272485
 272347
 272237
 272105
 272096
 272044
 272034
 272028
 272024
 271898
 271861
 271850
 271492
 271402
 271313
 271186
 271023
 271012
 270940
 270853
 270612
 270584
 270388
 270315
 270225
 270172
 269999
 269998
 269964
 269963
 269829
 269709
 269558
 269380
 269268
 269108
 269103
 268927
 268912
 268727
 268617
 268562
 268292
 268206
 268137
 268112
 268108
 268016
 267907
 267874
 267755
 267502
 267470
 267447
 267019
 266603
 266525
 266415
 266168
 266138
 266005
 265946
 265827
 265745
 265697
 265685
 265562
 265536
 265433
 265202
 265052
 264978
 264957
 264931
 264907
 264655
 264581
 264476
 264304
 264266
 264190
 263864
 263803
 263789
 263747
 263707
 263504
 263464
 263335
 263333
 263262
 263252
 263244
 263015
 262899
 262876
 262872
 262869
 262815
 262807
 262745
 262130
 261691
 261262
 261223
 261162
 261101
 261025
 260968
 260731
 260678
 260570
 260267
 260105
 259821
 259682
 259507
 259280
 259080
 259012
 258680
 258584
 258571
 258530
 258249
 257944
 257940
 257779
 257752
 257603
 257358
 257261
 257158
 256893
 256854
 256737
 256572
 256518
 256494
 256310
 256256
 256210
 256091
 255770
 255711
 255640
 255631
 255481
 255441
 255375
 255319
 255021
 254953
 254905
 254888
 254867
 254777
 254740
 254621
 254287
 253998
 253829
 253613
 253581
 253435
 253346
 253012
 252788
 252508
 252305
 252286
 252186
 252162
 251923
 251798
 251662
 251604
 251559
 251427
 251379
 251343
 251306
 251221
 251204
 251160
 250812
 250656
 250637
 250626
 250505
 250353
 250285
 250213
 250107
 249842
 249829
 249706
 249699
 249689
 249595
 249538
 249528
 249523
 249460
 249448
 249418
 249384
 249347
 249296
 249291
 248948
 248900
 248816
 248467
 248461
 248430
 248246
 248229
 248203
 248188
 248165
 248126
 248105
 248081
 247999
 247952
 247943
 247931
 247831
 247611
 247422
 247414
 247406
 247341
 247268
 247167
 247088
 247082
 246729
 246613
 246605
 246405
 246376
 246214
 245942
 245889
 245832
 245731
 245695
 245589
 245544
 245521
 245283
 245256
 245246
 245229
 245125
 244575
 244552
 244546
 244346
 244215
 244070
 243981
 243772
 243742
 243610
 243388
 243228
 243219
 243154
 243150
 243142
 242950
 242888
 242885
 242523
 242345
 242180
 241962
 241865
 241863
 241743
 241649
 241619
 241592
 241559
 241444
 241315
 241277
 241191
 241062
 240885
 240828
 240731
 240712
 240552
 240504
 240470
 240305
 240300
 240174
 240130
 240115
 239918
 239826
 239807
 239694
 239472
 239282
 239189
 239113
 239014
 238955
 238820
 238692
 238452
 238300
 238221
 238010
 237623
 237586
 237477
 237415
 237182
 237024
 236865
 236630
 236555
 236490
 236486
 236472
 236434
 236429
 236364
 236323
 236263
 236023
 235901
 235805
 235610
 235610
 235556
 235470
 235374
 235294
 235294
 235008
 234933
 234879
 234709
 234699
 234584
 234506
 234423
 234358
 234153
 234042
 234005
 233823
 233817
 233706
 233597
 233471
 233393
 233353
 233333
 233320
 233274
 233271
 233080
 232992
 232876
 232819
 232804
 232722
 232594
 232573
 232490
 232345
 232288
 232174
 232158
 232144
 232049
 232043
 231964
 231788
 231755
 231695
 231655
 231557
 231556
 231535
 231506
 231443
 231324
 231305
 231125
 231081
 230913
 230814
 230769
 230760
 230742
 230616
 230432
 230390
 230353
 230320
 230202
 230173
 230114
 229991
 229960
 229874
 229798
 229638
 229583
 229580
 229446
 229345
 229000
 228986
 228860
 228523
 228329
 228212
 228193
 228156
 228148
 227991
 227926
 227844
 227823
 227788
 227648
 227646
 227554
 227533
 227467
 227363
 227361
 227211
 227104
 226991
 226914
 226867
 226770
 226678
 226529
 226480
 226392
 226255
 226012
 225985
 225820
 225772
 225652
 225584
 225488
 225480
 225441
 225127
 224960
 224831
 224829
 224809
 224756
 224571
 224553
 224530
 224281
 224257
 224199
 223857
 223814
 223755
 223736
 223616
 223548
 223437
 223361
 223355
 223179
 223152
 223005
 222730
 222679
 222580
 222335
 222222
 222222
 222222
 222066
 221917
 221778
 221510
 221453
 221256
 221198
 221172
 221103
 221037
 220937
 220830
 220746
 220743
 220498
 220331
 220298
 220183
 219958
 219936
 219930
 219867
 219802
 219730
 219550
 219508
 219364
 219304
 219235
 219204
 219126
 219116
 218808
 218370
 218320
 218250
 218154
 218140
 218012
 217968
 217882
 217842
 217822
 217791
 217752
 217719
 217647
 217625
 217612
 217601
 217545
 217539
 217529
 217522
 217376
 217051
 217032
 216940
 216931
 216879
 216867
 216804
 216781
 216629
 216608
 216437
 216307
 216116
 216064
 216028
 215949
 215906
 215735
 215722
 215652
 215473
 215260
 215252
 215170
 215165
 215102
 215081
 214912
 214890
 214849
 214811
 214749
 214709
 214622
 214592
 214470
 214285
 214222
 214109
 213855
 213720
 213649
 213592
 213515
 213296
 213270
 213210
 213114
 213072
 212886
 212694
 212658
 212620
 212428
 212368
 212264
 212029
 211933
 211639
 211513
 211305
 211188
 211183
 211069
 210999
 210827
 210698
 210526
 210406
 210045
 210007
 209931
 209922
 209867
 209818
 209647
 209602
 209530
 209430
 209404
 209341
 209242
 208909
 208879
 208830
 208704
 208669
 208608
 208528
 208469
 208421
 208403
 208364
 208324
 208222
 207800
 207770
 207753
 207745
 207707
 207674
 207302
 207087
 206896
 206800
 206764
 206396
 206049
 206037
 205692
 205644
 205499
 205391
 205343
 205020
 204899
 204725
 204665
 204581
 204439
 204379
 204321
 204255
 203952
 203856
 203748
 203486
 203269
 203269
 203007
 202986
 202981
 202749
 202713
 202624
 202581
 202527
 202506
 202466
 202435
 202427
 202371
 202275
 202185
 202136
 202133
 202113
 202082
 201810
 201598
 201532
 201459
 201308
 201250
 201063
 201060
 201058
 201043
 200965
 200897
 200749
 200708
 200700
 200689
 200680
 200494
 200381
 200370
 200357
 200258
 200075
 200000
 200000
 199999
 199999
 199999
 199490
 199431
 199338
 199187
 199143
 199119
 199028
 199018
 198745
 198685
 198473
 198467
 198453
 198363
 198338
 198245
 198128
 198051
 197918
 197647
 197580
 197580
 197573
 197395
 197291
 197172
 197052
 196877
 196677
 196486
 196473
 196452
 196363
 196313
 196296
 196292
 196172
 196102
 195999
 195931
 195864
 195730
 195602
 195576
 195547
 195366
 195312
 195090
 194684
 194568
 194545
 194529
 194482
 194473
 194391
 194359
 194275
 194237
 194225
 194211
 194102
 194078
 193954
 193895
 193802
 193569
 193519
 193427
 193125
 193124
 193087
 192982
 192800
 192650
 192611
 192546
 192430
 192419
 192360
 192360
 192242
 192045
 192039
 191972
 191861
 191593
 191576
 191490
 191342
 191135
 191119
 190856
 190839
 190775
 190771
 190564
 190510
 190455
 190399
 190315
 190282
 190186
 189982
 189947
 189934
 189873
 189817
 189513
 189477
 189441
 189312
 189291
 189262
 189117
 189088
 188744
 188613
 188449
 188335
 188329
 188269
 188267
 188149
 188034
 187877
 187853
 187766
 187736
 187713
 187402
 187342
 187165
 187029
 186728
 186697
 186682
 186666
 186504
 186440
 186401
 186327
 186235
 186178
 186006
 185963
 185809
 185757
 185642
 185443
 185437
 185267
 185206
 184930
 184891
 184801
 184800
 184765
 184725
 184687
 184580
 184521
 184441
 184426
 184398
 184263
 184186
 184134
 183949
 183605
 183600
 183359
 183288
 183287
 183261
 183255
 183217
 183176
 183093
 183064
 182972
 182788
 182488
 182341
 182275
 182171
 182129
 181943
 181867
 181818
 181776
 181772
 181648
 181572
 181362
 181132
 181064
 181055
 180943
 180720
 180628
 180595
 180594
 180581
 180366
 180213
 179835
 179825
 179813
 179630
 179373
 179186
 178906
 178470
 178391
 178343
 178061
 177988
 177971
 177963
 177913
 177647
 177491
 177215
 177181
 176991
 176943
 176849
 176596
 176524
 176500
 176398
 176265
 176232
 176115
 176010
 175865
 175843
 175264
 175174
 175140
 175082
 174825
 174820
 174692
 174473
 174380
 174347
 174246
 174200
 174151
 173913
 173893
 173879
 173870
 173690
 173661
 173649
 173646
 173640
 173606
 173439
 173139
 172893
 172655
 172612
 172522
 172391
 172354
 172300
 172135
 172079
 172029
 171983
 171881
 171857
 171655
 171594
 171570
 171561
 171441
 171431
 171282
 171248
 171032
 170714
 170682
 170670
 170642
 170393
 170370
 170351
 170286
 170280
 170173
 170057
 170053
 169959
 169930
 169919
 169852
 169792
 169789
 169777
 169704
 169662
 169594
 169587
 169172
 169070
 168957
 168943
 168902
 168822
 168736
 168634
 168630
 168615
 168379
 168257
 167879
 167584
 167565
 167468
 167115
 167047
 167044
 166940
 166869
 166838
 166676
 166634
 166598
 166565
 166539
 166518
 166498
 166459
 166456
 166371
 166278
 166269
 165994
 165825
 165736
 165694
 165680
 165624
 165598
 165505
 165438
 165267
 165249
 164934
 164882
 164796
 164778
 164295
 163837
 163656
 163643
 163633
 163510
 163419
 163398
 163395
 163318
 163317
 163220
 163219
 163100
 163043
 162909
 162758
 162601
 162546
 162523
 162254
 162136
 162112
 161955
 161893
 161823
 161785
 161667
 161601
 161511
 161496
 161473
 161290
 161235
 161233
 161169
 161116
 161105
 160936
 160912
 160779
 160761
 160649
 160536
 160502
 160493
 160250
 160220
 159663
 159531
 159420
 159328
 159272
 159170
 158976
 158955
 158945
 158730
 158719
 158506
 158452
 158429
 158391
 158351
 158316
 158245
 158222
 158196
 158133
 157957
 157901
 157894
 157840
 157824
 157776
 157569
 157531
 157412
 157195
 157187
 157148
 157019
 156932
 156898
 156626
 156561
 156223
 156188
 156183
 155918
 155884
 155860
 155748
 155525
 155419
 155403
 155251
 155248
 155168
 155155
 155117
 155102
 154971
 154901
 154852
 154744
 154656
 154593
 154576
 154565
 154458
 154201
 153992
 153846
 153684
 153615
 153577
 153311
 153164
 152853
 152718
 152688
 152497
 152337
 152033
 151999
 151918
 151917
 151851
 151827
 151767
 151497
 151407
 151110
 151071
 150937
 150867
 150823
 150751
 150652
 150510
 150449
 150396
 150341
 150224
 150208
 150092
 150044
 149996
 149904
 149720
 149682
 149540
 149503
 149434
 148976
 148847
 148828
 148675
 148642
 148626
 148593
 148541
 148447
 148248
 148148
 148141
 147961
 147884
 147880
 147596
 147517
 147398
 147384
 147308
 147286
 147134
 147062
 146903
 146829
 146788
 146519
 146476
 146469
 146459
 146455
 146362
 146338
 146152
 146144
 146137
 146128
 146100
 146095
 146092
 146077
 146069
 145980
 145837
 145596
 145556
 145501
 145369
 145211
 145170
 144986
 144931
 144917
 144704
 144685
 144548
 144329
 144151
 143944
 143863
 143847
 143756
 143664
 143658
 143609
 143372
 143300
 143170
 143141
 143075
 142963
 142915
 142724
 142684
 142614
 142572
 142547
 142508
 142385
 142240
 142223
 142222
 142159
 142132
 142079
 141678
 141663
 141657
 141577
 141380
 141345
 141238
 141078
 141054
 141013
 140833
 140828
 140780
 140758
 140731
 140703
 140657
 140596
 140491
 140162
 140122
 139997
 139827
 139684
 139531
 139443
 139347
 139189
 139072
 138980
 138478
 138412
 138395
 138348
 138258
 138007
 137964
 137963
 137959
 137499
 137490
 137216
 137088
 136979
 136814
 136808
 136765
 136667
 136404
 136273
 136200
 136143
 135757
 135483
 135475
 135357
 135294
 135166
 135143
 135055
 134959
 134956
 134705
 134236
 134185
 134087
 133955
 133882
 133777
 133666
 133484
 133372
 133333
 133034
 132997
 132943
 132924
 132732
 132631
 132625
 132439
 132324
 132271
 132252
 131908
 131830
 131736
 131448
 131416
 131403
 131367
 131356
 131255
 130998
 130969
 130941
 130700
 130691
 130628
 130618
 130604
 130595
 130432
 130374
 130243
 130237
 130232
 130219
 130110
 130069
 129966
 129915
 129836
 129787
 129767
 129732
 129677
 129593
 129406
 129366
 129325
 129296
 129234
 129232
 129151
 129074
 129074
 129032
 129032
 128983
 128927
 128800
 128768
 128735
 128525
 128496
 128315
 128231
 128205
 128060
 127982
 127942
 127840
 127775
 127768
 127746
 127736
 127696
 127647
 127643
 127571
 127540
 127476
 127304
 127208
 127017
 126946
 126908
 126908
 126889
 126780
 126691
 126530
 126491
 126464
 126455
 126318
 126243
 126212
 126119
 126116
 126087
 126043
 125618
 125511
 125502
 125236
 125204
 125147
 125000
 124797
 124765
 124613
 124322
 124322
 124254
 124081
 124046
 123940
 123919
 123699
 123505
 123456
 123435
 123421
 123327
 123279
 123186
 123135
 122995
 122910
 122865
 122790
 122740
 122692
 122687
 122495
 122322
 122215
 122183
 122131
 122123
 122065
 121999
 121952
 121559
 121449
 121359
 121226
 121162
 121130
 121046
 121025
 120983
 120949
 120909
 120879
 120868
 120856
 120603
 120397
 120365
 120240
 120194
 120175
 120130
 120039
 119983
 119914
 119910
 119842
 119798
 119716
 119526
 119308
 119290
 119254
 118927
 118910
 118737
 118689
 118623
 118612
 118541
 118473
 118386
 118372
 118155
 118117
 117861
 117508
 117329
 117259
 117216
 117182
 116650
 116605
 116537
 116476
 116305
 116144
 115973
 115942
 115901
 115685
 114916
 114883
 114673
 114514
 114348
 114301
 114275
 114203
 114104
 113914
 113914
 113507
 113347
 113289
 113190
 113144
 113122
 112934
 112933
 112843
 112700
 112685
 112445
 112205
 111913
 111850
 111763
 111583
 111502
 111477
 111475
 111473
 111423
 111404
 111168
 110580
 110431
 110373
 110291
 110211
 110089
 110045
 109920
 109769
 109754
 109626
 109275
 109090
 108938
 108935
 108910
 108814
 108750
 108700
 108694
 108661
 108571
 108542
 108471
 108402
 108191
 108027
 107976
 107952
 107902
 107724
 107615
 107577
 107346
 107338
 107313
 107303
 107244
 107189
 107124
 107124
 107100
 107076
 106968
 106827
 106771
 106737
 106630
 106619
 106609
 106448
 106422
 105850
 105676
 105660
 105481
 105470
 105381
 105374
 105226
 105002
 104973
 104932
 104816
 104532
 104476
 104012
 103886
 103786
 103678
 103557
 103523
 103225
 103026
 102857
 102803
 102634
 102351
 102298
 102271
 102259
 102189
 102109
 102081
 101265
 101084
 101041
 101001
 100983
 100879
 100502
 100387
 100278
 100272
 100207
 100057
 100004
 99862
 99854
 99775
 99721
 99656
 99644
 99604
 99524
 99484
 99483
 99440
 99356
 99329
 99175
 99079
 99043
 98783
 98753
 98691
 98635
 98426
 98344
 98333
 98081
 98025
 97994
 97979
 97920
 97891
 97859
 97804
 97656
 97451
 97235
 97181
 97124
 97018
 96923
 96866
 96816
 96579
 96555
 96499
 96334
 96064
 95852
 95764
 95687
 95508
 95492
 95485
 95262
 95216
 95006
 94946
 94835
 94819
 94769
 94625
 94492
 94477
 94451
 94410
 94365
 94118
 93994
 93935
 93894
 93822
 93670
 93665
 93484
 93451
 93366
 93316
 93212
 93153
 93150
 93150
 93110
 92969
 92953
 92489
 92476
 92406
 92361
 92181
 92140
 92089
 91918
 91901
 91886
 91785
 91500
 91500
 91492
 91338
 91269
 91146
 91124
 91097
 90990
 90928
 90892
 90836
 90678
 90586
 90585
 90517
 90299
 90012
 89928
 89839
 89832
 89662
 89416
 89068
 88961
 88835
 88755
 88712
 88424
 88391
 88305
 88275
 88240
 88203
 88177
 87967
 87724
 87709
 87574
 87531
 87470
 87450
 87442
 87417
 87410
 87299
 87155
 87066
 86956
 86657
 86533
 86468
 86258
 86214
 85875
 85714
 85677
 85577
 85484
 85417
 85409
 85245
 85178
 84763
 84743
 84574
 84428
 84423
 84348
 84128
 83946
 83931
 83889
 83770
 83665
 83553
 83545
 83515
 83341
 83301
 83107
 83039
 83034
 82975
 82975
 82936
 82920
 82889
 82872
 82822
 82779
 82744
 82724
 82594
 82521
 82434
 82434
 82396
 82337
 82268
 82241
 82206
 82150
 82135
 81955
 81898
 81540
 81383
 81277
 81251
 81244
 81174
 81081
 80927
 80745
 80661
 80657
 80623
 80522
 80435
 80377
 80289
 80284
 80131
 79999
 79835
 79678
 79504
 79334
 79332
 79258
 79043
 79040
 79021
 79015
 78863
 78788
 78734
 78708
 78662
 78475
 78319
 78263
 78214
 77922
 77853
 77830
 77806
 77787
 77762
 77747
 77724
 77692
 77545
 77314
 77201
 77142
 77005
 76878
 76870
 76825
 76759
 76750
 76722
 76702
 76665
 76532
 76519
 76491
 76482
 76367
 76150
 75974
 75869
 75828
 75756
 75742
 75736
 75281
 75225
 75159
 75077
 75016
 74857
 74828
 74775
 74603
 74074
 73899
 73810
 73466
 73319
 73261
 73073
 72910
 72797
 72763
 72700
 72681
 72615
 72587
 72568
 72567
 72546
 72439
 72335
 72271
 72169
 72042
 71894
 71683
 71622
 71369
 71096
 71007
 70988
 70938
 70804
 70707
 70692
 70603
 70492
 70259
 69961
 69941
 69858
 69853
 69794
 69662
 69551
 69507
 69131
 69057
 69055
 69036
 69024
 68917
 68821
 68784
 68709
 68627
 68562
 68554
 68266
 68257
 67850
 67844
 67823
 67629
 67437
 67427
 67375
 67347
 67215
 67142
 66928
 66814
 66790
 66657
 66453
 66188
 65819
 65818
 65739
 65663
 65544
 65349
 65297
 65198
 65020
 64980
 64931
 64891
 64783
 64294
 64284
 64235
 64131
 64096
 64011
 63942
 63923
 63884
 63636
 63403
 63347
 63298
 63297
 63167
 62721
 62500
 62379
 62327
 62311
 62276
 62253
 62165
 62111
 62089
 62084
 62001
 61983
 61979
 61946
 61827
 61824
 61726
 61678
 61635
 61356
 61269
 60993
 60977
 60929
 60910
 60698
 60684
 60589
 60566
 60521
 60453
 60397
 60279
 60197
 60158
 60133
 59905
 59880
 59853
 59727
 59684
 59649
 59636
 59597
 59532
 59493
 59420
 59416
 59259
 59210
 59101
 59089
 59083
 59082
 59029
 59012
 58949
 58941
 58823
 58726
 58562
 58526
 58433
 58432
 58429
 58350
 58306
 58251
 58077
 58064
 58035
 58024
 57972
 57901
 57868
 57862
 57844
 57728
 57585
 57581
 57515
 57426
 57416
 57289
 57101
 57041
 56883
 56735
 56644
 56553
 56511
 56414
 56335
 55935
 55623
 55535
 55487
 55245
 55100
 55026
 54867
 54803
 54682
 54634
 54626
 54360
 54295
 54243
 54109
 54016
 53891
 53730
 53691
 53431
 53398
 53225
 53122
 52744
 52652
 52526
 52450
 52225
 52215
 52060
 51804
 51734
 51727
 51543
 51358
 51238
 51186
 51178
 51078
 50905
 50622
 50606
 50539
 50453
 50421
 50416
 50346
 50271
 50234
 49930
 49851
 49784
 49766
 49738
 49706
 49652
 49559
 49512
 49487
 49469
 49131
 49118
 49111
 48960
 48930
 48831
 48705
 48543
 48158
 47957
 47878
 47619
 47355
 47349
 47338
 47302
 47270
 47266
 47180
 47132
 46998
 46964
 46935
 46821
 46722
 46690
 46548
 46480
 46474
 46419
 46406
 46376
 46240
 46235
 46150
 46071
 45956
 45871
 45789
 45704
 45689
 45664
 45613
 45599
 45388
 45334
 45283
 45249
 45110
 45090
 44971
 44897
 44874
 44811
 44669
 44634
 44579
 44422
 44292
 44215
 44110
 44011
 44007
 43798
 43005
 42912
 42684
 42670
 42639
 42612
 42553
 42436
 42428
 42147
 42133
 42085
 42016
 41894
 41806
 41528
 41287
 41173
 41126
 41111
 41070
 41063
 40960
 40960
 40714
 40673
 40391
 40387
 40351
 40050
 40012
 39702
 39486
 39406
 39254
 39215
 39091
 39027
 38889
 38778
 38696
 38623
 38588
 38569
 38401
 38328
 38264
 38259
 38239
 38107
 38067
 38035
 37967
 37837
 37763
 37760
 37701
 37558
 37486
 37390
 37285
 37171
 37071
 36824
 36767
 36685
 36569
 36529
 36424
 36381
 36306
 36276
 35762
 35443
 35281
 35180
 34934
 34706
 34482
 34482
 34430
 34362
 34231
 34163
 34152
 34111
 33887
 33629
 33527
 33481
 33440
 33431
 33263
 32854
 32716
 32614
 32585
 32577
 32476
 32437
 32315
 32237
 32237
 32192
 31753
 31638
 31557
 31518
 31434
 31413
 31358
 31113
 31081
 31041
 31015
 30927
 30861
 30796
 30794
 30775
 30622
 30619
 30571
 30566
 30431
 30278
 30190
 30185
 30075
 30015
 29850
 29827
 29715
 29607
 29501
 29446
 29400
 29283
 29283
 29151
 29098
 29039
 28996
 28976
 28864
 28798
 28744
 28641
 28600
 28575
 28452
 28393
 28334
 28289
 28203
 28056
 27890
 27853
 27767
 27766
 27443
 27288
 27250
 27044
 27042
 27027
 26809
 26644
 26570
 26330
 26179
 26174
 26075
 25821
 25742
 25741
 25626
 25291
 25180
 25145
 25133
 24896
 24849
 24752
 24725
 24697
 24574
 24366
 24205
 24117
 23988
 23624
 23616
 23611
 23606
 23460
 23405
 23378
 23246
 23206
 23133
 23042
 23029
 22838
 22788
 22621
 22615
 22460
 22391
 22177
 22103
 22064
 21991
 21903
 21897
 21867
 21508
 21488
 21465
 21453
 21293
 21244
 21178
 21176
 20854
 20529
 20502
 20423
 20361
 20352
 20106
 20099
 20007
 20000
 19924
 19759
 19710
 19614
 19512
 19475
 19455
 19422
 19417
 19316
 19206
 19169
 18957
 18867
 18765
 18717
 18636
 18630
 18595
 18552
 18475
 18401
 18386
 18379
 18239
 18237
 18230
 18198
 18143
 18140
 18096
 18038
 17876
 17729
 17702
 17576
 17543
 17470
 17341
 17186
 17170
 17153
 17017
 16769
 16705
 16701
 16690
 16673
 16591
 16317
 16174
 16067
 15914
 15896
 15864
 15725
 15642
 15550
 15527
 15418
 15371
 15143
 15060
 15047
 14853
 14761
 14750
 14696
 14691
 14674
 14447
 14378
 14269
 14068
 14058
 13988
 13820
 13305
 13216
 13138
 13085
 13071
 12953
 12919
 12884
 12856
 12557
 12376
 12144
 12048
 12025
 11977
 11778
 11742
 11697
 11588
 11472
 11400
 11320
 11314
 11266
 11203
 11008
 10918
 10764
 10580
 10571
 10550
 10469
 10469
 10465
 10438
 10362
 10342
 10279
 9959
 9928
 9908
 9889
 9592
 9539
 9498
 9351
 9349
 9278
 9200
 8930
 8923
 8881
 7968
 7854
 7844
 7749
 7721
 7697
 7648
 7561
 7387
 7259
 7194
 7125
 7038
 7001
 6893
 6885
 6763
 6707
 6389
 6211
 6079
 5991
 5961
 5943
 5865
 5763
 5744
 5598
 5436
 5411
 5359
 5282
 5154
 5149
 5076
 4693
 4537
 4387
 4306
 4199
 3806
 3744
 3699
 3695
 3563
 3349
 3232
 3176
 3175
 3011
 2948
 2682
 2568
 2557
 2434
 2408
 2395
 2319
 2210
 2145
 1899
 1133
 966
 896
 610
 608
 516
 476
 0
 0
 0
 0
 0
 0
 0
 0
 