49928
 49730
 49719
 49689
 49638
 49473
 49388
 49166
 48973
 48959
 48928
 48863
 48788
 48534
 48531
 48426
 48398
 48314
 48112
 48087
 48037
 47727
 47497
 47494
 47493
 47477
 47472
 47395
 47287
 47281
 47222
 47182
 47180
 47078
 47026
 46757
 46698
 46692
 46584
 46505
 46361
 46328
 46318
 46249
 46201
 46085
 46000
 45934
 45904
 45770
 45643
 45564
 45545
 45470
 45432
 45408
 45374
 45228
 45160
 44872
 44834
 44701
 44399
 44272
 44158
 43946
 43784
 43782
 43629
 43589
 43485
 43342
 43262
 42872
 42813
 42767
 42648
 42644
 42618
 42464
 42098
 42072
 42002
 41995
 41986
 41984
 41984
 41843
 41832
 41653
 41563
 41549
 41516
 40964
 40864
 40860
 40855
 40795
 40752
 40575
 40563
 40532
 40518
 40508
 40431
 40392
 40252
 40232
 40044
 40014
 39955
 39955
 39838
 39805
 39767
 39670
 39615
 39563
 39557
 39481
 39371
 39315
 39130
 39043
 38998
 38900
 38759
 38754
 38589
 38461
 38153
 38030
 37878
 37606
 37515
 37406
 37385
 37382
 37364
 37236
 37123
 37056
 37039
 37027
 37003
 36905
 36825
 36677
 36382
 36212
 36077
 35908
 35900
 35898
 35893
 35875
 35714
 35635
 35575
 35429
 35364
 35148
 34945
 34928
 34826
 34821
 34815
 34784
 34768
 34709
 34481
 34281
 34271
 34137
 34002
 33991
 33973
 33948
 33923
 33815
 33801
 33797
 33686
 33628
 33597
 33419
 33041
 32924
 32859
 32785
 32594
 32535
 32509
 32456
 32243
 32112
 32105
 31823
 31600
 31522
 31449
 31448
 31337
 31210
 31117
 31063
 31039
 30910
 30888
 30828
 30337
 30283
 30248
 30149
 30086
 29999
 29657
 29585
 29493
 29313
 29166
 29067
 29030
 28911
 28768
 28739
 28681
 28346
 28276
 28191
 27949
 27896
 27884
 27851
 27818
 27633
 27472
 27424
 27290
 27071
 26997
 26908
 26797
 26763
 26615
 26611
 26564
 26441
 26346
 26330
 26213
 26200
 26157
 26155
 26041
 26011
 25963
 25958
 25923
 25863
 25797
 25746
 25380
 25069
 24963
 24945
 24859
 24844
 24566
 24425
 24341
 24199
 24134
 24119
 23980
 23903
 23887
 23760
 23615
 23531
 23340
 23241
 23171
 23003
 22942
 22899
 22701
 22646
 22625
 22591
 22387
 22310
 22175
 21918
 21788
 21640
 21428
 21322
 21314
 21069
 21048
 20801
 20663
 20564
 20424
 20364
 20130
 19989
 19939
 19928
 19899
 19815
 19607
 19573
 19496
 19401
 19333
 19290
 19215
 19174
 19088
 19015
 18750
 18662
 18659
 18637
 18630
 18420
 18175
 18163
 18110
 17980
 17913
 17736
 17344
 17315
 17173
 16990
 16947
 16859
 16835
 16832
 16787
 16748
 16279
 16088
 16086
 15603
 15550
 15321
 15233
 15169
 15100
 15090
 14990
 14976
 14840
 14818
 14737
 14721
 14622
 14572
 14480
 14255
 14136
 14089
 14040
 13514
 13466
 13185
 13084
 13064
 13058
 12974
 12909
 12835
 12786
 12738
 12668
 12626
 12600
 12340
 12339
 12155
 12107
 12077
 11896
 11859
 11848
 11628
 11469
 11467
 11257
 11081
 10832
 10807
 10709
 10606
 10583
 10502
 10423
 10415
 10403
 10303
 10150
 10084
 9933
 9916
 9898
 9885
 9764
 9592
 9556
 9551
 9509
 9297
 9293
 9250
 9139
 9000
 8794
 8780
 8754
 8485
 8432
 8351
 8278
 8201
 8176
 7833
 7751
 7578
 7515
 7261
 7156
 6955
 6800
 6791
 6763
 6719
 6700
 6554
 6534
 6321
 6304
 6224
 6202
 6176
 5912
 5900
 5732
 5729
 5321
 5264
 5253
 5011
 4878
 4824
 4646
 4633
 4593
 4349
 4192
 4181
 4166
 4110
 4106
 4101
 4075
 3629
 3517
 3367
 3323
 3270
 3068
 3053
 2992
 2762
 2709
 2349
 2322
 2256
 2147
 2127
 2053
 1887
 1721
 1595
 1401
 1386
 1328
 942
 910
 877
 693
 649
 635
 437
 349
 31
 