9993
 9987
 9906
 9872
 9784
 9392
 9389
 9375
 9287
 9286
 9273
 9134
 9018
 9010
 8998
 8991
 8988
 8845
 8723
 8667
 8587
 8436
 8431
 8205
 8099
 7995
 7576
 7540
 7395
 7333
 7315
 7269
 7139
 7098
 6990
 6857
 6589
 6363
 6344
 6325
 6248
 5965
 5927
 5796
 5739
 5662
 5535
 5405
 4986
 4961
 4862
 4775
 4750
 4749
 4619
 4598
 4389
 4276
 4203
 4162
 4143
 3892
 3817
 3798
 3758
 3718
 3583
 3525
 3490
 3427
 3317
 3292
 3086
 2953
 2841
 2733
 2691
 2663
 2539
 2452
 2370
 2279
 2226
 2202
 2145
 2075
 1953
 1860
 1681
 1268
 1248
 1028
 1026
 995
 987
 605
 415
 325
 227
 128
 