9840
 9408
 9390
 9262
 9133
 9130
 9124
 9117
 9001
 8834
 8820
 8680
 8604
 8315
 8278
 8151
 8003
 7980
 7913
 7779
 7575
 7548
 7469
 7307
 7155
 7032
 6826
 6689
 6616
 6595
 6545
 6522
 6316
 6202
 6083
 5987
 5658
 5585
 5517
 5442
 5336
 5228
 5187
 5151
 5078
 4948
 4933
 4804
 4677
 4602
 4554
 4361
 4224
 4192
 4093
 3815
 3698
 3638
 3486
 3371
 3369
 3229
 3183
 3169
 3146
 3124
 3018
 2851
 2837
 2490
 2454
 2422
 2408
 2360
 2158
 2116
 2097
 2000
 1989
 1925
 1833
 1822
 1560
 1526
 1431
 1010
 966
 905
 848
 715
 600
 598
 297
 259
 205
 157
 104
 73
 69
 0
 