99855
 99763
 99744
 99721
 99622
 99616
 99603
 99343
 99287
 99209
 99029
 98805
 98755
 98713
 98613
 98608
 98597
 98512
 98419
 98353
 98348
 98039
 97939
 97774
 97679
 97470
 97453
 97373
 97200
 97162
 97069
 97059
 97043
 96944
 96910
 96892
 96841
 96779
 96735
 96577
 96449
 96421
 96376
 96336
 96213
 95936
 95881
 95880
 95877
 95813
 95648
 95584
 95580
 95494
 95418
 95187
 95021
 94943
 94777
 94729
 94725
 94232
 94220
 93982
 93980
 93877
 93783
 93682
 93496
 93495
 93268
 93220
 92996
 92984
 92867
 92784
 92714
 92665
 92412
 92308
 92213
 92018
 91999
 91990
 91836
 91783
 91750
 91748
 91589
 91555
 91515
 91357
 91343
 91312
 91308
 91103
 91099
 90714
 90621
 90411
 90323
 90286
 90205
 90157
 90078
 90075
 89858
 89800
 89715
 89511
 89496
 89392
 89185
 89068
 88895
 88870
 88841
 88813
 88444
 88294
 88214
 88051
 88006
 87732
 87656
 87399
 87385
 87319
 87293
 87264
 87153
 87007
 86669
 86619
 86355
 86192
 86169
 86127
 86102
 86092
 86085
 85984
 85976
 85900
 85857
 85736
 85416
 85300
 85207
 85068
 84989
 84913
 84875
 84746
 84745
 84744
 84739
 84717
 84714
 84688
 84537
 84478
 84459
 84418
 84337
 84283
 84210
 84149
 84138
 84110
 84102
 83965
 83960
 83951
 83631
 83591
 83458
 83338
 83337
 83185
 82976
 82960
 82926
 82758
 82701
 82681
 82504
 82419
 82200
 81996
 81946
 81855
 81590
 81587
 81578
 81377
 81317
 81081
 81080
 81061
 81044
 81021
 80999
 80625
 80552
 80540
 80530
 80502
 80492
 80489
 80458
 80411
 80369
 80349
 80171
 80160
 79979
 79834
 79720
 79691
 79665
 79659
 79617
 79554
 79368
 79322
 79306
 79297
 79166
 79125
 79087
 78847
 78783
 78499
 78484
 78366
 78050
 77853
 77713
 77427
 77418
 77332
 77223
 76667
 76635
 76614
 76593
 76476
 76401
 76362
 76084
 76040
 75991
 75950
 75944
 75726
 75494
 75452
 75335
 75255
 75170
 74924
 74793
 74622
 74396
 74209
 74198
 74126
 74099
 73835
 73785
 73783
 73489
 73473
 73390
 73251
 73160
 73111
 73091
 73076
 73044
 72905
 72888
 72623
 72602
 72580
 72485
 72421
 72044
 71886
 71604
 71508
 71481
 71428
 71424
 71317
 71310
 71291
 71236
 71163
 70970
 70926
 70595
 70457
 70286
 70221
 70217
 69970
 69648
 69622
 69515
 69460
 69366
 69230
 69205
 69172
 68966
 68949
 68838
 68735
 68586
 68490
 68399
 68340
 68125
 67979
 67807
 67776
 67650
 67568
 67441
 67403
 67383
 67238
 67234
 67202
 66948
 66839
 66835
 66750
 66451
 66449
 66425
 66391
 66336
 66301
 66266
 66101
 66024
 66023
 65862
 65829
 65565
 65285
 65252
 65220
 65209
 65183
 64993
 64908
 64578
 64520
 64356
 64306
 64284
 64223
 64221
 64069
 64057
 64001
 63869
 63752
 63746
 63720
 63614
 63534
 63532
 63520
 63420
 63234
 63026
 63005
 62894
 62889
 62766
 62597
 62572
 62528
 62481
 62468
 62225
 62140
 62100
 61916
 61851
 61818
 61805
 61792
 61788
 61742
 61675
 61565
 61455
 61424
 61397
 61378
 61209
 60955
 60727
 60642
 60538
 60498
 60380
 60335
 60288
 60071
 60028
 59851
 59686
 59595
 59550
 59271
 59187
 59088
 59079
 59050
 59022
 58875
 58850
 58768
 58736
 58729
 58657
 58563
 58431
 58383
 58276
 58261
 58220
 58201
 58055
 57982
 57921
 57806
 57639
 57586
 57378
 57348
 57080
 57024
 56971
 56838
 56733
 56599
 56279
 56246
 56219
 56072
 56001
 55889
 55835
 55709
 55507
 55396
 55375
 55346
 55222
 55157
 55031
 54946
 54706
 54680
 54593
 54386
 54337
 54228
 54218
 54183
 54173
 54117
 54082
 53966
 53957
 53836
 53723
 53666
 53540
 53406
 53319
 53290
 52809
 52628
 52585
 52225
 52154
 52067
 52060
 52036
 52007
 51993
 51979
 51899
 51871
 51860
 51753
 51558
 51482
 51379
 51341
 51245
 51036
 50906
 50844
 50733
 50679
 50602
 50496
 50474
 50402
 50381
 50230
 50210
 50209
 50127
 49918
 49778
 49598
 49596
 49509
 49449
 49298
 49265
 49076
 48947
 48887
 48854
 48779
 48522
 48404
 48355
 48322
 48315
 48159
 48139
 48115
 47893
 47830
 47822
 47588
 47542
 47539
 47480
 47462
 47430
 47423
 47305
 47211
 47169
 47019
 46864
 46762
 46715
 46656
 46610
 46588
 46526
 46497
 46482
 46365
 46298
 46285
 46176
 46132
 46090
 46055
 46038
 45998
 45783
 45732
 45623
 45517
 45346
 45295
 45266
 45248
 45159
 44969
 44881
 44670
 44475
 44444
 44214
 43916
 43635
 43425
 43422
 43389
 43371
 43332
 43226
 42846
 42760
 42754
 42675
 42527
 42521
 42278
 42184
 42095
 41841
 41307
 41286
 41117
 41043
 40980
 40944
 40940
 40927
 40806
 40650
 40592
 40569
 40551
 40452
 40305
 40255
 40183
 40165
 40151
 39955
 39904
 39738
 39715
 39508
 39334
 39313
 38923
 38863
 38677
 38574
 38533
 38242
 38111
 38090
 38014
 38008
 37769
 37763
 37592
 37411
 37367
 37316
 37202
 37178
 37136
 36983
 36882
 36868
 36837
 36628
 36515
 36308
 36212
 36098
 36069
 35915
 35883
 35714
 35412
 35322
 35294
 35207
 35128
 34857
 34592
 34419
 34233
 34138
 34003
 33890
 33878
 33802
 33757
 33744
 33682
 33653
 33620
 33333
 33285
 33124
 33054
 32369
 32321
 32308
 32189
 32071
 32061
 32006
 32004
 31929
 31913
 31659
 31654
 31593
 31480
 31371
 31268
 31121
 30860
 30855
 30626
 30408
 30384
 30197
 30013
 29927
 29579
 29457
 29359
 29329
 29305
 29100
 29016
 28959
 28954
 28946
 28891
 28772
 28703
 28502
 28472
 28437
 28413
 28377
 28302
 28290
 28231
 28177
 27956
 27872
 27832
 27796
 27783
 27753
 27559
 27502
 27426
 27272
 27168
 27143
 27059
 27055
 26935
 26918
 26823
 26712
 26374
 26315
 26307
 26266
 26238
 26157
 26136
 26071
 26018
 25943
 25809
 25709
 25635
 25599
 25447
 25401
 25367
 25298
 25150
 25110
 25080
 25015
 24916
 24915
 24711
 24611
 24473
 24372
 24224
 24089
 23901
 23702
 23619
 23151
 23117
 22624
 22596
 22425
 22335
 22032
 22031
 21993
 21781
 21588
 21507
 21361
 21205
 21161
 21151
 21026
 20994
 20852
 20737
 20636
 20630
 20623
 20285
 20164
 20155
 20057
 20022
 20012
 19959
 19749
 19310
 19292
 19276
 19269
 19167
 19115
 19057
 19051
 18988
 18956
 18595
 18570
 18559
 18476
 18437
 18349
 18232
 18219
 18213
 18134
 18074
 17937
 17899
 17815
 17771
 17647
 17629
 17391
 17197
 16870
 16647
 16353
 15925
 15791
 15702
 15685
 15550
 15515
 15399
 15021
 14934
 14914
 14697
 14666
 14580
 14325
 14020
 13967
 13423
 13256
 13194
 13053
 13025
 12957
 12925
 12834
 12726
 12718
 12446
 12349
 12067
 11987
 11713
 11704
 11640
 11607
 11578
 11531
 11521
 11419
 11342
 11123
 11080
 10963
 10902
 10850
 10835
 10619
 10432
 10239
 10013
 9993
 9961
 9920
 9582
 9479
 9090
 9021
 8985
 8953
 8948
 8907
 8706
 8312
 8309
 8244
 8157
 8134
 8023
 7865
 7797
 7748
 7625
 7596
 7482
 7398
 7344
 7337
 7274
 7204
 7140
 6635
 6515
 6446
 6215
 6211
 6157
 6093
 6071
 5888
 5882
 5861
 5751
 5667
 5451
 5417
 5267
 4920
 4525
 4511
 4493
 4468
 4431
 4315
 4299
 4253
 4146
 4068
 3986
 3935
 3926
 3887
 3745
 3423
 3254
 3118
 3100
 3045
 2975
 2938
 2928
 2887
 2737
 2670
 2530
 2439
 2077
 2057
 1767
 1719
 1669
 1645
 1639
 1619
 1489
 1467
 1221
 1175
 1089
 1030
 1002
 980
 637
 595
 569
 512
 430
 328
 264
 0
 