499694
 499689
 499629
 499582
 499285
 499278
 499163
 499090
 499054
 499000
 498961
 498644
 498618
 498394
 498358
 498356
 498228
 498202
 498130
 498099
 498071
 498010
 497961
 497932
 497863
 497862
 497744
 497630
 497556
 497448
 497297
 497295
 497177
 497150
 497117
 496937
 496934
 496822
 496495
 496493
 496308
 496282
 496232
 496081
 495888
 495852
 495829
 495685
 495309
 495142
 495107
 495075
 494829
 494519
 494486
 494365
 494320
 494297
 494177
 493962
 493923
 493892
 493825
 493567
 493475
 493445
 493429
 493333
 493297
 492994
 492897
 492440
 492212
 492203
 492027
 491992
 491945
 491702
 491516
 491464
 491428
 491393
 491376
 491272
 491131
 491084
 491020
 490956
 490934
 490897
 490889
 490657
 490647
 490464
 490442
 490366
 490355
 490296
 490179
 490085
 490058
 489925
 489907
 489690
 489563
 489552
 489459
 489429
 489408
 489186
 489103
 489086
 489051
 488851
 488804
 488794
 488681
 488498
 488456
 488398
 488376
 488372
 488181
 487956
 487695
 487669
 487618
 487578
 487447
 487336
 487179
 487083
 487059
 487012
 487006
 486964
 486910
 486761
 486715
 486646
 486573
 486541
 486431
 486338
 486300
 486061
 486031
 485915
 485791
 485735
 485682
 485658
 485609
 485484
 485430
 485383
 485271
 485096
 485043
 484928
 484811
 484797
 484622
 484562
 484393
 484218
 484123
 484104
 484092
 484074
 484036
 483980
 483929
 483904
 483516
 483290
 483259
 483238
 483127
 483024
 482993
 482953
 482852
 482734
 482617
 482520
 482310
 482271
 482190
 481983
 481818
 481755
 481751
 481579
 481571
 481487
 481473
 481010
 480821
 480814
 480786
 480738
 480703
 480347
 480236
 480148
 480117
 480095
 480080
 479933
 479803
 479682
 479575
 479528
 479487
 479461
 479409
 479310
 479285
 479281
 479267
 479217
 479198
 479147
 479029
 479007
 478773
 478727
 478648
 478548
 478295
 478183
 478139
 478114
 478068
 477663
 477627
 477537
 477389
 477293
 477195
 477041
 476987
 476864
 476842
 476734
 476581
 476412
 476303
 476213
 476202
 476197
 475841
 475803
 475720
 475558
 475443
 475382
 475381
 475381
 475350
 475244
 475159
 475124
 475005
 474435
 474267
 474186
 474025
 474008
 473947
 473938
 473882
 473794
 473584
 473347
 473259
 473180
 473118
 473089
 472887
 472664
 472633
 472612
 472602
 472482
 472356
 472276
 472266
 472219
 472216
 471963
 471954
 471626
 471402
 471245
 471225
 470917
 470760
 470617
 470467
 470437
 470422
 470237
 470147
 470099
 470032
 469889
 469739
 469333
 469164
 469095
 469079
 468940
 468896
 468889
 468682
 468665
 468611
 468582
 468560
 468296
 468233
 468229
 468173
 468170
 468031
 467849
 467800
 467682
 467532
 467374
 467323
 467280
 467262
 467122
 466554
 466380
 466325
 466228
 466202
 466197
 466052
 465834
 465811
 465656
 465631
 465345
 465340
 465236
 465124
 464824
 464686
 464555
 464450
 464449
 464356
 464257
 464135
 464020
 463994
 463983
 463862
 463587
 463506
 463283
 463279
 463276
 463276
 463236
 463166
 462915
 462891
 462885
 462862
 462819
 462735
 462577
 462445
 462439
 462406
 462326
 462292
 462238
 461834
 461832
 461544
 461538
 461538
 461338
 461242
 461104
 461047
 461029
 461025
 460990
 460801
 460559
 460544
 460498
 460430
 460401
 460396
 460259
 460204
 459910
 459874
 459859
 459807
 459786
 459756
 459719
 459680
 459668
 459612
 459545
 459540
 459518
 459406
 459245
 459181
 458976
 458937
 458807
 458732
 458730
 458691
 458682
 458624
 458495
 458474
 458343
 458246
 458140
 458036
 458014
 457657
 457592
 457547
 457413
 457345
 457174
 457087
 456960
 456898
 456806
 456758
 456546
 456331
 456319
 456215
 456074
 455677
 455593
 455555
 455546
 455496
 455460
 455448
 455046
 454692
 454510
 454441
 454265
 454233
 454230
 454212
 453686
 453625
 453624
 453614
 453544
 453457
 453455
 453214
 452935
 452909
 452856
 452854
 452761
 452708
 452526
 452476
 452439
 452331
 452279
 452174
 452151
 452141
 451851
 451787
 451761
 451707
 451496
 451479
 451363
 451351
 451337
 451290
 451258
 451234
 451219
 451066
 450991
 450823
 450756
 450635
 450550
 450523
 450413
 450341
 450208
 450078
 450030
 449804
 449751
 449727
 449677
 449667
 449395
 449367
 449364
 449276
 449171
 449155
 449151
 449004
 448852
 448837
 448822
 448751
 448527
 448497
 448330
 448308
 448184
 448135
 448121
 448033
 447977
 447911
 447886
 447661
 447404
 447400
 447368
 447033
 446741
 446623
 446239
 446182
 445859
 445746
 445606
 445563
 445403
 445348
 445254
 445184
 445162
 445136
 445126
 444883
 444839
 444820
 444681
 444552
 444369
 444223
 444063
 444058
 443892
 443880
 443684
 443422
 443334
 443252
 443252
 443084
 443029
 442909
 442891
 442822
 442796
 442657
 442578
 442513
 442488
 442231
 442176
 442157
 441958
 441948
 441800
 441784
 441755
 441571
 441371
 441187
 441176
 440862
 440800
 440754
 440654
 440526
 440454
 440050
 440021
 439945
 439935
 439924
 439904
 439885
 439804
 439783
 439570
 439557
 439525
 439454
 439276
 439255
 439207
 439201
 439196
 439164
 439060
 438985
 438983
 438978
 438900
 438200
 438098
 437927
 437555
 437533
 437530
 437487
 437484
 437324
 437275
 437200
 437154
 437109
 437011
 437010
 436918
 436911
 436896
 436775
 436697
 436634
 436615
 436505
 436470
 436235
 436054
 435884
 435865
 435675
 435650
 435540
 435483
 435355
 435180
 435064
 435056
 435027
 434897
 434894
 434892
 434775
 434643
 434479
 434470
 434407
 434392
 434388
 434302
 434191
 434048
 433879
 433812
 433713
 433670
 433573
 433518
 433437
 433372
 433319
 433249
 433149
 433102
 433060
 433033
 433006
 432890
 432857
 432780
 432743
 432740
 432590
 432498
 432280
 432183
 432179
 432093
 432003
 431860
 431767
 431699
 431428
 431326
 431232
 431140
 431119
 431116
 431038
 431036
 430986
 430782
 430769
 430634
 430609
 430563
 430481
 430400
 430324
 430154
 430144
 430125
 429866
 429806
 429804
 429714
 429699
 429632
 429494
 429352
 429350
 428983
 428901
 428820
 428566
 428496
 428443
 428312
 428240
 428228
 427993
 427849
 427795
 427755
 427734
 427693
 427654
 427489
 427368
 427209
 427161
 427083
 426913
 426887
 426793
 426752
 426750
 426744
 426536
 426185
 426099
 425884
 425878
 425738
 425706
 425552
 425264
 425208
 425143
 425138
 425066
 425024
 424997
 424941
 424906
 424902
 424876
 424851
 424788
 424682
 424286
 424171
 424116
 424070
 424003
 423936
 423871
 423822
 423808
 423785
 423687
 423499
 423469
 423391
 423350
 423234
 423182
 423076
 422922
 422637
 422621
 422480
 422370
 422316
 422270
 422081
 422018
 421983
 421828
 421648
 421636
 421617
 421601
 421556
 421473
 421446
 421399
 421383
 421292
 421267
 421219
 421209
 421142
 420936
 420801
 420374
 420323
 420245
 420127
 419927
 419925
 419925
 419896
 419817
 419689
 419686
 419423
 419330
 419318
 419294
 419187
 419099
 419004
 418991
 418804
 418784
 418575
 418444
 418387
 418332
 418219
 418202
 418158
 418108
 418076
 418049
 417911
 417721
 417712
 417699
 417693
 417426
 417170
 417140
 417016
 416835
 416824
 416597
 416511
 416494
 416485
 416385
 416363
 416341
 416237
 416224
 416153
 416031
 416017
 415887
 415860
 415789
 415658
 415633
 415355
 415195
 415141
 415045
 414945
 414897
 414871
 414690
 414634
 414554
 414460
 414446
 414336
 414263
 414219
 413987
 413720
 413558
 413288
 413280
 413223
 413191
 413160
 413087
 413074
 413064
 413038
 413038
 412908
 412864
 412763
 412568
 412297
 412068
 412036
 411878
 411795
 411688
 411651
 411515
 411481
 411467
 411333
 411329
 411276
 411201
 411102
 411060
 411060
 410893
 410879
 410628
 410582
 410438
 410372
 410232
 410156
 410150
 410146
 410076
 410025
 410007
 409882
 409868
 409860
 409860
 409746
 409504
 409135
 409090
 408766
 408637
 408627
 408573
 408345
 408267
 408240
 408011
 408009
 407849
 407780
 407473
 407423
 407355
 407026
 406782
 406669
 406605
 406532
 406158
 406015
 405904
 405872
 405704
 405550
 405520
 405519
 405321
 405277
 405275
 405263
 405102
 404794
 404726
 404689
 404347
 404314
 404134
 404015
 403940
 403775
 403760
 403723
 403681
 403372
 403168
 403167
 403148
 403056
 402853
 402646
 402632
 402602
 402455
 402253
 402129
 402051
 401890
 401852
 401801
 401801
 401788
 401576
 401552
 401493
 401481
 401473
 401433
 401410
 401305
 401257
 401136
 401123
 400905
 400882
 400621
 400581
 400560
 400464
 400416
 400245
 400030
 399999
 399967
 399852
 399650
 399633
 399318
 399301
 399218
 399126
 398761
 398683
 398663
 398619
 398588
 398585
 398185
 397854
 397812
 397477
 397113
 397056
 396904
 396887
 396857
 396725
 396634
 396551
 396434
 396306
 396227
 396172
 395850
 395845
 395722
 395717
 395604
 395550
 395501
 395409
 395393
 395345
 395287
 395177
 395152
 395058
 395015
 394733
 394709
 394422
 394324
 394093
 393903
 393779
 393775
 393722
 393507
 393355
 393312
 393162
 393096
 393016
 393004
 392985
 392923
 392876
 392835
 392729
 392653
 392613
 392441
 392440
 392207
 392156
 392046
 391923
 391893
 391818
 391800
 391739
 391652
 391486
 391209
 391166
 391038
 391037
 391006
 390894
 390719
 390712
 390697
 390681
 390468
 390462
 390098
 390070
 390004
 389939
 389898
 389864
 389794
 389700
 389682
 389261
 389221
 389207
 389119
 389086
 389072
 389057
 388951
 388888
 388888
 388845
 388809
 388636
 388414
 388158
 388079
 388071
 388027
 387989
 387755
 387723
 387559
 387426
 387374
 387365
 387358
 387355
 386851
 386844
 386778
 386700
 386552
 386537
 386518
 386514
 386513
 386452
 386381
 386379
 386353
 386160
 386106
 385908
 385876
 385747
 385556
 385062
 384945
 384922
 384906
 384591
 384554
 384366
 384297
 384296
 384245
 383950
 383716
 383674
 383447
 382588
 382567
 382456
 382449
 382416
 382372
 382357
 382338
 382189
 381802
 381740
 381619
 381614
 381248
 381206
 381074
 381047
 380952
 380675
 380654
 380138
 380090
 379746
 379542
 379310
 379255
 379060
 378700
 378693
 378692
 378676
 378632
 378410
 378403
 378304
 378274
 378224
 378220
 378046
 378042
 377992
 377927
 377916
 377652
 377646
 377646
 377344
 377269
 377214
 377060
 376866
 376692
 376572
 376514
 376475
 376427
 376422
 376292
 376235
 376065
 376054
 375829
 375730
 375700
 375689
 375660
 375588
 375552
 375448
 375438
 375069
 375050
 374980
 374884
 374670
 374668
 374583
 374570
 374480
 374471
 374313
 374197
 374101
 373946
 373549
 373426
 373368
 373328
 373325
 373134
 373124
 373002
 372696
 372549
 372475
 372340
 372267
 372093
 371978
 371944
 371853
 371699
 371656
 371633
 371392
 371391
 371312
 371311
 371254
 371174
 371095
 370943
 370844
 370820
 370784
 370625
 370405
 370152
 370029
 369998
 369842
 369812
 369369
 369368
 369149
 369125
 369116
 369101
 368924
 368776
 368597
 368582
 368307
 368289
 368162
 368028
 367691
 367662
 367600
 367554
 367553
 367479
 367461
 367393
 367378
 367371
 367340
 367157
 367097
 367029
 367029
 366942
 366919
 366863
 366782
 366774
 366678
 366404
 366334
 366244
 366141
 365986
 365937
 365843
 365831
 365827
 365791
 365647
 365594
 365560
 365484
 365310
 365074
 364935
 364930
 364856
 364835
 364718
 364702
 364588
 364534
 364240
 364185
 364102
 364098
 364092
 364081
 364060
 363971
 363787
 363715
 363696
 363606
 363500
 363369
 363276
 363175
 363018
 362972
 362847
 362837
 362757
 362703
 362452
 362324
 362230
 362091
 361957
 361667
 361652
 361591
 361571
 361538
 361298
 361272
 361211
 361058
 361054
 360911
 360640
 360528
 360507
 360483
 360446
 360406
 360218
 360197
 360037
 359997
 359880
 359560
 359550
 359427
 359417
 359223
 359200
 359177
 359044
 358947
 358922
 358841
 358757
 358669
 358615
 358580
 358566
 358444
 358313
 358205
 358150
 358073
 357835
 357771
 357692
 357272
 357192
 357188
 356986
 356985
 356896
 356730
 356725
 356479
 356456
 356280
 355769
 355617
 355543
 355528
 355468
 355453
 355425
 355400
 355332
 355326
 355305
 355174
 355159
 355123
 355067
 354897
 354618
 354504
 354457
 354330
 354309
 354163
 353994
 353957
 353945
 353933
 353679
 353620
 353579
 353263
 353089
 352820
 352697
 352064
 352059
 351943
 351647
 351630
 351610
 351486
 351459
 351412
 351311
 351202
 350894
 350817
 350757
 350716
 350387
 350214
 350206
 350117
 349931
 349757
 349686
 349532
 349514
 349346
 348873
 348861
 348695
 348659
 348563
 348461
 348258
 348252
 347991
 347972
 347970
 347856
 347826
 347761
 347573
 347427
 347246
 347060
 346681
 346469
 346439
 346286
 346178
 346153
 345843
 345835
 345575
 345544
 345544
 345542
 345438
 345337
 345074
 344944
 344736
 344702
 344569
 344501
 344096
 343847
 343766
 343750
 343671
 343403
 343398
 343247
 343129
 343059
 343057
 342900
 342847
 342756
 342561
 342514
 342299
 342263
 342204
 342145
 342130
 341978
 341907
 341828
 341778
 341743
 341731
 341720
 341612
 341471
 341404
 341302
 341300
 341297
 340703
 340637
 340467
 340419
 340138
 339999
 339636
 339586
 339484
 339393
 339237
 339208
 339192
 338930
 338661
 338614
 338368
 338243
 338225
 338038
 337956
 337883
 337743
 337606
 337530
 337499
 337121
 337029
 336787
 336785
 336722
 336363
 336234
 336167
 336078
 335955
 335921
 335915
 335307
 335294
 335247
 335214
 335106
 335084
 334984
 334953
 334877
 334839
 334812
 334753
 334733
 334719
 334623
 334331
 334247
 334234
 334126
 334113
 334096
 334005
 333995
 333815
 333801
 333755
 333333
 333333
 333333
 332887
 332688
 332552
 332112
 331905
 331901
 331699
 331632
 331207
 331002
 330966
 330937
 330919
 330897
 330789
 330719
 330565
 330508
 330406
 330403
 330400
 330328
 330153
 330079
 330076
 329712
 329596
 329577
 329379
 329144
 329099
 329059
 329049
 328966
 328957
 328944
 328940
 328903
 328821
 328601
 328396
 328383
 328378
 328374
 328294
 328149
 328056
 328054
 327945
 327906
 327828
 327790
 327769
 327652
 327538
 327523
 327500
 327433
 327272
 327190
 327145
 327135
 326910
 326653
 326652
 326612
 326542
 326345
 326342
 326336
 326274
 326261
 326260
 326187
 326180
 326090
 326050
 325977
 325863
 325805
 325755
 325651
 325618
 325538
 325454
 325439
 325320
 325237
 325103
 325093
 325031
 324999
 324842
 324776
 324681
 324641
 324639
 324617
 324560
 324351
 324136
 323741
 323681
 323581
 323550
 323519
 323448
 323379
 323321
 323271
 322785
 322435
 322434
 322331
 322132
 322002
 321988
 321890
 321701
 321680
 321529
 321494
 321349
 321270
 321172
 320993
 320901
 320567
 320512
 320505
 320430
 320420
 320408
 320330
 320317
 320226
 320210
 319992
 319897
 319860
 319758
 319201
 319069
 319008
 318847
 318781
 318400
 318329
 318282
 318043
 318033
 317938
 317833
 317708
 317540
 317338
 317325
 317322
 317215
 316842
 316713
 316688
 316558
 316543
 316393
 316391
 316210
 316190
 316117
 315890
 315855
 315821
 315789
 315693
 315648
 315632
 315346
 315317
 315294
 315124
 314929
 314876
 314843
 314786
 314764
 314525
 314382
 314125
 314110
 313790
 313675
 313666
 313646
 313477
 313297
 313286
 313159
 312970
 312967
 312883
 312813
 312769
 312712
 312588
 312569
 312305
 312236
 312186
 311812
 311691
 311636
 311459
 311320
 311023
 310832
 310747
 310682
 310626
 310512
 310249
 310245
 310232
 310219
 310209
 310171
 309890
 309866
 309748
 309602
 309590
 309525
 309295
 309261
 309200
 309046
 308899
 308697
 308671
 308617
 308510
 308450
 308411
 308365
 308345
 308328
 307977
 307829
 307754
 307662
 307650
 307627
 307483
 307483
 307265
 307172
 307143
 306912
 306896
 306832
 306750
 306680
 306672
 306609
 306558
 306493
 306416
 306308
 306301
 306066
 305976
 305961
 305925
 305828
 305770
 305687
 305475
 305389
 305057
 304902
 304901
 304816
 304728
 304624
 304574
 304491
 304482
 304394
 304297
 304129
 303947
 303762
 303564
 303560
 303547
 303259
 303252
 303241
 302964
 302952
 302947
 302926
 302835
 302810
 302368
 302330
 302325
 302319
 302275
 302250
 302141
 302058
 302002
 301994
 301924
 301909
 301891
 301747
 301725
 301616
 301518
 301514
 301417
 301406
 301290
 301175
 301165
 301006
 300919
 300917
 300847
 300801
 300763
 300713
 300565
 300528
 300452
 300402
 300390
 300124
 300037
 300023
 299999
 299999
 299867
 299675
 299630
 299493
 299435
 299389
 299140
 299074
 299028
 299004
 298887
 298878
 298706
 298679
 298675
 298663
 298583
 298571
 298343
 298219
 298048
 297987
 297926
 297925
 297382
 297379
 297357
 297271
 297220
 296900
 296836
 296679
 296616
 296510
 296340
 296324
 296170
 296066
 295829
 295682
 295682
 295602
 295402
 295148
 295093
 295024
 294960
 294934
 294888
 294675
 294467
 294465
 294456
 294417
 294233
 294209
 294018
 294004
 293980
 293838
 293829
 293729
 293622
 293620
 293335
 293179
 293130
 293110
 293093
 293082
 293074
 292945
 292871
 292796
 292764
 292694
 292658
 292605
 292527
 292448
 292417
 292125
 292098
 291878
 291709
 291695
 291677
 291669
 291558
 291550
 291508
 291497
 291399
 291304
 291249
 291247
 291004
 290993
 290984
 290869
 290830
 290787
 290721
 290670
 290652
 290180
 289902
 289797
 289779
 289773
 289765
 289644
 289596
 289528
 289502
 289349
 289168
 289107
 288977
 288762
 288723
 288594
 288551
 288409
 288307
 288089
 287917
 287749
 287635
 287577
 287575
 287536
 287516
 287483
 287262
 287130
 287117
 287030
 286980
 286640
 286507
 286442
 286185
 286127
 286082
 286046
 286020
 285980
 285960
 285918
 285547
 285538
 285532
 285400
 285324
 285211
 284762
 284688
 284672
 284626
 284560
 284551
 284492
 284422
 284378
 284325
 284308
 284304
 284071
 283810
 283740
 283714
 283703
 283582
 283493
 283402
 283390
 283044
 283019
 282840
 282773
 282676
 282546
 282527
 282320
 282234
 282194
 282180
 281996
 281948
 281946
 281866
 281756
 281687
 281581
 281503
 281489
 281398
 281314
 281250
 281230
 281200
 280995
 280983
 280885
 280732
 280570
 280104
 279833
 279403
 279346
 279153
 279106
 279071
 278996
 278987
 278947
 278711
 278699
 278639
 278330
 278301
 278217
 278127
 277917
 277906
 277902
 277431
 277417
 277368
 277223
 276993
 276780
 276773
 276767
 276762
 276670
 276635
 276576
 276317
 276315
 276136
 275959
 275959
 275919
 275815
 275738
 275676
 275676
 275622
 275556
 275536
 275204
 275203
 275142
 275118
 275107
 275103
 275037
 274976
 274916
 274789
 274760
 274545
 274400
 274365
 274277
 274170
 274157
 274124
 274087
 274070
 273983
 273800
 273615
 273239
 272901
 272899
 272832
 272766
 272738
 272704
 272570
 272484
 272391
 272324
 271938
 271800
 271783
 271739
 271714
 271689
 271524
 271363
 271342
 271309
 271096
 271041
 271026
 270846
 270766
 270676
 270577
 270574
 270532
 270455
 270339
 270287
 270043
 270033
 269993
 269969
 269936
 269847
 269834
 269710
 269445
 269443
 269300
 269294
 269218
 269160
 268992
 268913
 268894
 268583
 268528
 268380
 268308
 268129
 268122
 267981
 267967
 267961
 267917
 267893
 267878
 267851
 267797
 267775
 267610
 267246
 267236
 267110
 266931
 266857
 266757
 266666
 266592
 266451
 266448
 266437
 266328
 266133
 265964
 265859
 265822
 265746
 265551
 265445
 265132
 265130
 264951
 264935
 264690
 264681
 264610
 264434
 264340
 264215
 264211
 264201
 263737
 263606
 263529
 263360
 263315
 263233
 263211
 263109
 263040
 263032
 262845
 262760
 262541
 262410
 262253
 262160
 261969
 261959
 261604
 261562
 261495
 261311
 261301
 261154
 261141
 261136
 261030
 260772
 260501
 260378
 260358
 260356
 260215
 260180
 260141
 259900
 259873
 259844
 259834
 259455
 259361
 259323
 259138
 259102
 259084
 258928
 258788
 258706
 258703
 258677
 258643
 258426
 258256
 258195
 257870
 257772
 257730
 257710
 257640
 257629
 257626
 257610
 257260
 257222
 257177
 257119
 256962
 256818
 256656
 256621
 256454
 256382
 256345
 256257
 256218
 256131
 255989
 255857
 255801
 255794
 255777
 255770
 255710
 255656
 255474
 255443
 255367
 255042
 254898
 254863
 254847
 254763
 254712
 254649
 254526
 254425
 254320
 254273
 254223
 254185
 254102
 254040
 254012
 253978
 253941
 253826
 253718
 253580
 253479
 253454
 253451
 253414
 253067
 253006
 252960
 252958
 252912
 252800
 252747
 252608
 252415
 252350
 252302
 252181
 252172
 252154
 252081
 252018
 251981
 251903
 251888
 251863
 251816
 251795
 251731
 251612
 251367
 251360
 251243
 251201
 251113
 250944
 250903
 250855
 250833
 250704
 250391
 250332
 250323
 250069
 250064
 249974
 249938
 249883
 249874
 249569
 249516
 249504
 249502
 249494
 249375
 249267
 248979
 248723
 248654
 248596
 248526
 248498
 248266
 248240
 248027
 248016
 247863
 247352
 247230
 247046
 247036
 246929
 246903
 246852
 246839
 246813
 246753
 246702
 246657
 246603
 246595
 246566
 246525
 246374
 246301
 246177
 246104
 245198
 245164
 245036
 244966
 244696
 244488
 244436
 244066
 243973
 243902
 243885
 243740
 243661
 243650
 243634
 243553
 243311
 243278
 243210
 243097
 243001
 242885
 242807
 242693
 242610
 242516
 242476
 242233
 242123
 242095
 242011
 241940
 241935
 241712
 241645
 241636
 241433
 241432
 241393
 241365
 241145
 241099
 241096
 241073
 240908
 240750
 240636
 240506
 240170
 239998
 239982
 239974
 239893
 239726
 239689
 239598
 239530
 239525
 238868
 238829
 238618
 238547
 238398
 238375
 238149
 238145
 238080
 237808
 237784
 237773
 237732
 237622
 237619
 237614
 237586
 237509
 237410
 237366
 237264
 237054
 236565
 236536
 236456
 236418
 236263
 236263
 236099
 236019
 235970
 235964
 235907
 235799
 235748
 235678
 235665
 235599
 235578
 235571
 235570
 235480
 235294
 235204
 235092
 235018
 234996
 234954
 234913
 234693
 234656
 234612
 234330
 234324
 234305
 234214
 234058
 233895
 233815
 233737
 233644
 233588
 233532
 233495
 233324
 232933
 232628
 232595
 232558
 232324
 232223
 232196
 232118
 232098
 232068
 231939
 231819
 231745
 231529
 231190
 231143
 230970
 230901
 230848
 230764
 230749
 230698
 230546
 230470
 230252
 230181
 230141
 230065
 230064
 229612
 229516
 229454
 229408
 229288
 228755
 228693
 228534
 228443
 228041
 228025
 228016
 228000
 227984
 227953
 227925
 227869
 227865
 227807
 227792
 227426
 227177
 227168
 227024
 226805
 226428
 226388
 226270
 226207
 226192
 226084
 226035
 225852
 225710
 225607
 225444
 225328
 225044
 225010
 224625
 224608
 224499
 224484
 224307
 224253
 224214
 224131
 224104
 224094
 223892
 223854
 223846
 223845
 223825
 223821
 223469
 223403
 223322
 223145
 223099
 222994
 222868
 222825
 222793
 222761
 222463
 222457
 222186
 222144
 222033
 221869
 221821
 221796
 221770
 221564
 221469
 221068
 220765
 220722
 220675
 220566
 220546
 220517
 220514
 220320
 220174
 220040
 220017
 219935
 219830
 219678
 219628
 219566
 219450
 219233
 219109
 218981
 218972
 218921
 218871
 218547
 218462
 218448
 218368
 218363
 218329
 218181
 218132
 218100
 218065
 218016
 218006
 217934
 217718
 217475
 217327
 217257
 217042
 217028
 217014
 216990
 216988
 216850
 216681
 216402
 216271
 216150
 216083
 215929
 215823
 215739
 215464
 215445
 215338
 215279
 215241
 215156
 215146
 215096
 214801
 214734
 214589
 214460
 214413
 214413
 214275
 213846
 213749
 213359
 213330
 213284
 213230
 213198
 213108
 213094
 213070
 213049
 213008
 212805
 212580
 212394
 212343
 212227
 211997
 211962
 211921
 211894
 211854
 211757
 211743
 211703
 211472
 211289
 211128
 210949
 210905
 210811
 210745
 210706
 210659
 210616
 210588
 210379
 210341
 210308
 210290
 210268
 210140
 210125
 210117
 210021
 210012
 209955
 209946
 209851
 209728
 209465
 209407
 209258
 209255
 209215
 209204
 208840
 208829
 208732
 208544
 208442
 208278
 208185
 207540
 207498
 207393
 207341
 207253
 207069
 207053
 206714
 206425
 206327
 206296
 206086
 205747
 205449
 205203
 205106
 204977
 204972
 204840
 204819
 204778
 204724
 204724
 204580
 204467
 204435
 204347
 204325
 204324
 204290
 204252
 204184
 204046
 203900
 203614
 203600
 203592
 203588
 203484
 203205
 203194
 203045
 202915
 202862
 202509
 202496
 202469
 202421
 202372
 202330
 202265
 202209
 202195
 201637
 201454
 201407
 201406
 201354
 201239
 201052
 201012
 200999
 200705
 200701
 200626
 200473
 200430
 200332
 200283
 200214
 199948
 199885
 199875
 199809
 199699
 199697
 199473
 199459
 199454
 199159
 198884
 198879
 198767
 198372
 198076
 198025
 197883
 197865
 197831
 197717
 197298
 197140
 197125
 197081
 197018
 196824
 196702
 196700
 196333
 196324
 196317
 196191
 196047
 195864
 195789
 195687
 195641
 195404
 195313
 195226
 195193
 195091
 195016
 195011
 194987
 194963
 194850
 194607
 194509
 194349
 194317
 194312
 194310
 194266
 193995
 193877
 193797
 193447
 193382
 193264
 193072
 193060
 193050
 193022
 192950
 192929
 192891
 192809
 192731
 192677
 192637
 192307
 192245
 192244
 192233
 192132
 192019
 191973
 191825
 191732
 191619
 191055
 191012
 190944
 190826
 190694
 190561
 190450
 190218
 190113
 190107
 189920
 189847
 189743
 189573
 189535
 189463
 189426
 189082
 189066
 189066
 189017
 188979
 188976
 188962
 188931
 188802
 188563
 188552
 188426
 188138
 187984
 187984
 187898
 187684
 187583
 187568
 187479
 187382
 187188
 187129
 187040
 186940
 186808
 186633
 186544
 186509
 186482
 186453
 186446
 186226
 186200
 186015
 185990
 185806
 185751
 185655
 185389
 185294
 185233
 185149
 185084
 185061
 184847
 184693
 184601
 184560
 184538
 184462
 184241
 184069
 183957
 183948
 183806
 183786
 183457
 183450
 183377
 183232
 183207
 183011
 182870
 182647
 182593
 182524
 182352
 182269
 181989
 181967
 181945
 181935
 181818
 181793
 181786
 181082
 181052
 180952
 180837
 180831
 180505
 180450
 180439
 180327
 180301
 180242
 180216
 180139
 180071
 179998
 179768
 179620
 179590
 179505
 179484
 179389
 179369
 179189
 179013
 178722
 178717
 178661
 178590
 178482
 178442
 178438
 178288
 178199
 177907
 177857
 177492
 177462
 177230
 177165
 176925
 176700
 176137
 176034
 175834
 175732
 175654
 175458
 175457
 175452
 175293
 175171
 175165
 175113
 175000
 174975
 174864
 174864
 174715
 174668
 174630
 174563
 174442
 174159
 174078
 174044
 173942
 173913
 173672
 173669
 173512
 173498
 173469
 173449
 173348
 173292
 173270
 172752
 172608
 172543
 172397
 172192
 172173
 172134
 171878
 171827
 171527
 171347
 171314
 171240
 171222
 171214
 170838
 170445
 170374
 170357
 170333
 170294
 170269
 170131
 170008
 169992
 169895
 169685
 169590
 169567
 169310
 169141
 169011
 168961
 168921
 168744
 168704
 168680
 168662
 168645
 168606
 168601
 168576
 168389
 168357
 168336
 168330
 168292
 168229
 168183
 168088
 167945
 167921
 167768
 167563
 167536
 167508
 167467
 167300
 167191
 167166
 167126
 167106
 167055
 166927
 166697
 166640
 166404
 166388
 166175
 166044
 165613
 165607
 165499
 165331
 165214
 165122
 165087
 165008
 164773
 164658
 164636
 164624
 164540
 164502
 164043
 163935
 163842
 163597
 163576
 163560
 163528
 163387
 163205
 163134
 162930
 162863
 162773
 162704
 162664
 162635
 162489
 162155
 162141
 161974
 161843
 161721
 161616
 161553
 161486
 161486
 161317
 161132
 160978
 160904
 160751
 160589
 160543
 160501
 160420
 160243
 160170
 160156
 160092
 160039
 159939
 159800
 159793
 159781
 159736
 159663
 159600
 159584
 159494
 159442
 159441
 159181
 159046
 159025
 158763
 158728
 158708
 158555
 158532
 158457
 158455
 158385
 158215
 158144
 158093
 158014
 157937
 157813
 157722
 157696
 157679
 157608
 157470
 157403
 157157
 157049
 156806
 156732
 156671
 156595
 156330
 156294
 156271
 156085
 155881
 155803
 155701
 155595
 155567
 155555
 155510
 155359
 155159
 155060
 154950
 154924
 154848
 154831
 154814
 154810
 154779
 154685
 154543
 154367
 154236
 154209
 154028
 154011
 154008
 154007
 153946
 153899
 153889
 153846
 153846
 153846
 153726
 153567
 153558
 153052
 152991
 152921
 152845
 152627
 152613
 152509
 152484
 152426
 152292
 152203
 152077
 152042
 151845
 151614
 151556
 151417
 151405
 151368
 151213
 151195
 151061
 151050
 151048
 150989
 150913
 150820
 150675
 150569
 150468
 150416
 150413
 150376
 149777
 149704
 149355
 149145
 149104
 149055
 148864
 148674
 148590
 148487
 148430
 148244
 148102
 148035
 147983
 147971
 147812
 147789
 147784
 147678
 147647
 147636
 147423
 147039
 146893
 146887
 146707
 146706
 146540
 146445
 146389
 146348
 146296
 146057
 146016
 145913
 145844
 145585
 145545
 145354
 145303
 145003
 144898
 144840
 144779
 144721
 144519
 144371
 144319
 144286
 144264
 144127
 144115
 144052
 143975
 143884
 143696
 143620
 143459
 143442
 143398
 143130
 142810
 142781
 142750
 142743
 142575
 142300
 142284
 142196
 142186
 142151
 142118
 142009
 141975
 141848
 141680
 141556
 141522
 141486
 141293
 141231
 141217
 141192
 141091
 141057
 141015
 140745
 140688
 140669
 140666
 140469
 140299
 140193
 140184
 139918
 139847
 139824
 139732
 139730
 139708
 139654
 139644
 139630
 139602
 139382
 139315
 139270
 139265
 139218
 139185
 139017
 138941
 138876
 138825
 138800
 138796
 138718
 138619
 138584
 138488
 138142
 138090
 138059
 137947
 137911
 137884
 137311
 137095
 137054
 137022
 137006
 137001
 136958
 136907
 136749
 136720
 136710
 136679
 136641
 136363
 136363
 136347
 136184
 136150
 135938
 135907
 135658
 135635
 135510
 135498
 135302
 135189
 135179
 135164
 135140
 134955
 134952
 134819
 134742
 134664
 134513
 134452
 134427
 134200
 133821
 133719
 133692
 133555
 133480
 133477
 133466
 133402
 133356
 133352
 132911
 132616
 132587
 131820
 131761
 131691
 131633
 131572
 131535
 131490
 131339
 131322
 131311
 131110
 131028
 130969
 130929
 130902
 130817
 130813
 130808
 130710
 130699
 130613
 130573
 130460
 130359
 130300
 130296
 130198
 129881
 129791
 129714
 129566
 129474
 129466
 129406
 129384
 129043
 128954
 128809
 128663
 128388
 128201
 128177
 127932
 127855
 127813
 127733
 127593
 127473
 127429
 127291
 127198
 126997
 126978
 126910
 126873
 126837
 126710
 126637
 126195
 126126
 126089
 125984
 125918
 125797
 125545
 125499
 125420
 125243
 125000
 124954
 124942
 124899
 124885
 124723
 124653
 124633
 124600
 124593
 124547
 124521
 124503
 124491
 124452
 124399
 124352
 124336
 124179
 124002
 123868
 123769
 123724
 123561
 123529
 123518
 123495
 123291
 123225
 123173
 123139
 123122
 123106
 122872
 122780
 122713
 122708
 122629
 122507
 122439
 122336
 122303
 122248
 122082
 121998
 121967
 121921
 121875
 121860
 121780
 121726
 121613
 121580
 121575
 121495
 121399
 121398
 121347
 121256
 121217
 121199
 121132
 121104
 120805
 120728
 120723
 120555
 120525
 120359
 120358
 120148
 120006
 119502
 119489
 119487
 119475
 119440
 119332
 119149
 119132
 119072
 118942
 118914
 118886
 118859
 118465
 118459
 118364
 118333
 118068
 117896
 117428
 117331
 117299
 117246
 117178
 117157
 117115
 117057
 117054
 117033
 116958
 116874
 116845
 116599
 116510
 116497
 116417
 116408
 116381
 116280
 116257
 116041
 116004
 115975
 115834
 115814
 115802
 115681
 115624
 115622
 115527
 115524
 115201
 115189
 115170
 115115
 114938
 114873
 114760
 114725
 114696
 114657
 114616
 114511
 114495
 114306
 114247
 114244
 114116
 113902
 113878
 113872
 113704
 113668
 113130
 112705
 112698
 112676
 112575
 112497
 112353
 112314
 112312
 112296
 112141
 112075
 111953
 111655
 111508
 110897
 110821
 110609
 110507
 110461
 110335
 110277
 110017
 109943
 109917
 109870
 109803
 109776
 109613
 109454
 109409
 109184
 109121
 109094
 108933
 108821
 108688
 108579
 108479
 108465
 108153
 107908
 107901
 107893
 107886
 107845
 107667
 107643
 107517
 107227
 107206
 107088
 107067
 106969
 106873
 106800
 106778
 106738
 106423
 106281
 106189
 106132
 106121
 106106
 106093
 106043
 105865
 105858
 105734
 105658
 105468
 105368
 105354
 105123
 105007
 104952
 104934
 104651
 104521
 104510
 104449
 104377
 104363
 104160
 104069
 104045
 103913
 103818
 103790
 103755
 103702
 103680
 103545
 103192
 103181
 103174
 103091
 103040
 102583
 102504
 102493
 102476
 102280
 102154
 102116
 102061
 102032
 101931
 101765
 101585
 101584
 100785
 100759
 100556
 100515
 100484
 100442
 100277
 100251
 100178
 100003
 100000
 99868
 99723
 99649
 99634
 99523
 99395
 99120
 99094
 98997
 98831
 98813
 98742
 98696
 98668
 98646
 98548
 98431
 98427
 98276
 98188
 98134
 98108
 98031
 97937
 97811
 97729
 97591
 97386
 97374
 97350
 96751
 96665
 96536
 96416
 96193
 96118
 96048
 96014
 95927
 95903
 95879
 95784
 95589
 95567
 95510
 95503
 95438
 95238
 95197
 95125
 95013
 94908
 94855
 94773
 94618
 94556
 94537
 94430
 94380
 94281
 94194
 94176
 93938
 93811
 93797
 93535
 93503
 93166
 93156
 93089
 92783
 92728
 92665
 92660
 92652
 92569
 92134
 92132
 92009
 91857
 91660
 91498
 91414
 91377
 91355
 91298
 91058
 90767
 90762
 90746
 90648
 90440
 90389
 90245
 90122
 90102
 90041
 89954
 89906
 89892
 89845
 89752
 89728
 89686
 89640
 89339
 89329
 89119
 88787
 88692
 88691
 88621
 88585
 88316
 88258
 88002
 87968
 87929
 87672
 87665
 87510
 87419
 87385
 87301
 87247
 87237
 87166
 87115
 87074
 86977
 86956
 86925
 86817
 86654
 86378
 85759
 85729
 85536
 85488
 85414
 85395
 85165
 84996
 84978
 84969
 84914
 84896
 84717
 84487
 84405
 84369
 84276
 84275
 84187
 83835
 83739
 83724
 83565
 83516
 83501
 83426
 83345
 83013
 82970
 82791
 82753
 82661
 82519
 82485
 82443
 82277
 82232
 82211
 82115
 82110
 82085
 82029
 81951
 81728
 81619
 81591
 81540
 81492
 81212
 81209
 81175
 81081
 80879
 80572
 80540
 80470
 80398
 80329
 80242
 80152
 80099
 79812
 79785
 79624
 79365
 79243
 79136
 78947
 78914
 78858
 78728
 78703
 78530
 78488
 78469
 78423
 78271
 78220
 78215
 78205
 78167
 77896
 77877
 77778
 77777
 77764
 77750
 77733
 77714
 77698
 77481
 77379
 77373
 77331
 77275
 77153
 77102
 76946
 76711
 76674
 76513
 76395
 76378
 76345
 76243
 75742
 75492
 75186
 75172
 75109
 75078
 75055
 74861
 74776
 74772
 74626
 74557
 74527
 74377
 73966
 73965
 73947
 73426
 73347
 73092
 73064
 73024
 72974
 72900
 72898
 72895
 72864
 72445
 72322
 72314
 72191
 72109
 72108
 72108
 72000
 71979
 71932
 71847
 71811
 71713
 71609
 71592
 71482
 71479
 71294
 71236
 71194
 71185
 71070
 70896
 70870
 70796
 70782
 70726
 70629
 70543
 70493
 70390
 69695
 69691
 69580
 69537
 68691
 68635
 68570
 68509
 68493
 68345
 68324
 68311
 68272
 68227
 68117
 68045
 67925
 67790
 67776
 67761
 67703
 67414
 67378
 67095
 66941
 66911
 66730
 66552
 66486
 66286
 66285
 66226
 66008
 65988
 65903
 65652
 65605
 65600
 65562
 65396
 65292
 65217
 64784
 64682
 64216
 64021
 63981
 63903
 63823
 63748
 63592
 63404
 63364
 63300
 63276
 63255
 63102
 63084
 63081
 62975
 62699
 62347
 62181
 62065
 62035
 61600
 61434
 61348
 61342
 61126
 61126
 61018
 60987
 60969
 60852
 60828
 60674
 60640
 60565
 60405
 60256
 60165
 60007
 59899
 59668
 59439
 59168
 59062
 59051
 59001
 58972
 58790
 58604
 58460
 58377
 58265
 58210
 58111
 58090
 57915
 57888
 57851
 57624
 57577
 57574
 57556
 57479
 57297
 57280
 57268
 57045
 57020
 56940
 56931
 56890
 56461
 56331
 56224
 56075
 55471
 55248
 55216
 55162
 55073
 55031
 54918
 54794
 54721
 54696
 54516
 54483
 54481
 54336
 54276
 54259
 54230
 54118
 54081
 54064
 54048
 54037
 53933
 53756
 53673
 53551
 53473
 53338
 53301
 53256
 53217
 53207
 53092
 52975
 52911
 52867
 52819
 52815
 52805
 52573
 52443
 52390
 52294
 52147
 52056
 52040
 52030
 52028
 51583
 51528
 51503
 51446
 51400
 51367
 51020
 50966
 50794
 50651
 50503
 50314
 50276
 50151
 50130
 49976
 49961
 49936
 49901
 49765
 49667
 49451
 49417
 49323
 49295
 49283
 49188
 49105
 49080
 49016
 48973
 48656
 48648
 48573
 48502
 48289
 48276
 48162
 48132
 48062
 47744
 47717
 47634
 47619
 47596
 47430
 47381
 47302
 47250
 47236
 47169
 47150
 47127
 47063
 47000
 46815
 46779
 46594
 46581
 45730
 45563
 45426
 45323
 45287
 45212
 45142
 45084
 45077
 45019
 44897
 44883
 44756
 44671
 44586
 44412
 44360
 44356
 44014
 43947
 43921
 43841
 43610
 43478
 43412
 43389
 43283
 43187
 43156
 42974
 42896
 42666
 42577
 42537
 42502
 42465
 42450
 42435
 42364
 42214
 42179
 42177
 42162
 42106
 42085
 42038
 42027
 41851
 41815
 41809
 41618
 41447
 41273
 41010
 40840
 40718
 40710
 40381
 40357
 40308
 40299
 40250
 39922
 39837
 39682
 39642
 39405
 39382
 39280
 39025
 38947
 38810
 38792
 38788
 38772
 38716
 38705
 38657
 38418
 38372
 38369
 38341
 38243
 38240
 38227
 38170
 38134
 38054
 38052
 37920
 37704
 37703
 37534
 37309
 37164
 37061
 36812
 36655
 36633
 36545
 36524
 36490
 36444
 36302
 36191
 36123
 36115
 35983
 35971
 35832
 35784
 35747
 35482
 35061
 34945
 34864
 34759
 34548
 34512
 34213
 34033
 33971
 33951
 33780
 33766
 33668
 33511
 33498
 33488
 33147
 33127
 33054
 33047
 33009
 32899
 32889
 32830
 32824
 32761
 32686
 32299
 32277
 32264
 32217
 32115
 31857
 31759
 31655
 31652
 31597
 31453
 31301
 31243
 31199
 30900
 30896
 30858
 30839
 30770
 30641
 30462
 30386
 30129
 30125
 30026
 29993
 29980
 29852
 29823
 29672
 29535
 29477
 29386
 29372
 29368
 29280
 29189
 29157
 28814
 28706
 28599
 28554
 28524
 28495
 28348
 28294
 28210
 28104
 28012
 27960
 27894
 27708
 27671
 27571
 27500
 27498
 27460
 27450
 27439
 27352
 27320
 27295
 27243
 27202
 26974
 26953
 26906
 26709
 26552
 26315
 26308
 26286
 26236
 26130
 25892
 25852
 25842
 25763
 25630
 25565
 25280
 25117
 25104
 24815
 24511
 24473
 24201
 24106
 24094
 24074
 24051
 24021
 23939
 23809
 23600
 23335
 23191
 23098
 22994
 22855
 22826
 22780
 22623
 22432
 22257
 22033
 21955
 21928
 21785
 21748
 21739
 21626
 21510
 21455
 21344
 21235
 21129
 21071
 20961
 20756
 20751
 20727
 20680
 20579
 20556
 20528
 20490
 20269
 20042
 20035
 19703
 19619
 19431
 19385
 19334
 19304
 19262
 19157
 19061
 18897
 18831
 18779
 18773
 18762
 18730
 18717
 18522
 18238
 18200
 18156
 18124
 17703
 17542
 17390
 17363
 17252
 16946
 16941
 16909
 16755
 16708
 16599
 16588
 16326
 16291
 16249
 16139
 16035
 16006
 16000
 15962
 15884
 15708
 15625
 15578
 15463
 15416
 15370
 15361
 15357
 15307
 15263
 15197
 15197
 15107
 15050
 14963
 14925
 14722
 14634
 14386
 14335
 14226
 14130
 14106
 14019
 13957
 13945
 13924
 13748
 13694
 13607
 13582
 13432
 13344
 13313
 13257
 13249
 13132
 13119
 13076
 13018
 12962
 12888
 12862
 12790
 12784
 12742
 12594
 12578
 12276
 12203
 12133
 12076
 11869
 11723
 11501
 11464
 11192
 10982
 10836
 10744
 10541
 10413
 10401
 10162
 10113
 9626
 9557
 9470
 9461
 9227
 9117
 8966
 8622
 8411
 8340
 8064
 7670
 7329
 7128
 7043
 6969
 6921
 6802
 6747
 6672
 6489
 6404
 6365
 6329
 6166
 6069
 5977
 5733
 5613
 5572
 5510
 5448
 5420
 5172
 5003
 4950
 4937
 4905
 4867
 4794
 4712
 4707
 4699
 4675
 4598
 4460
 4400
 4281
 4257
 4113
 4052
 3912
 3867
 3759
 3562
 3546
 3497
 3378
 3203
 3123
 2967
 2908
 2705
 2651
 2511
 2369
 2109
 2032
 1807
 1805
 1631
 1566
 1529
 1524
 1522
 1395
 1209
 1105
 971
 924
 872
 792
 756
 722
 721
 712
 595
 432
 373
 307
 124
 0
 0
 