99858
 99804
 99760
 99753
 99625
 99534
 99442
 99383
 99259
 99099
 99075
 99066
 99037
 99032
 99030
 98892
 98816
 98797
 98782
 98778
 98401
 98256
 98104
 97799
 97726
 97602
 97544
 97528
 97435
 97352
 97221
 97126
 97119
 97070
 96797
 96623
 96539
 96457
 96353
 96332
 96263
 95895
 95857
 95758
 95755
 95715
 95505
 95384
 95193
 94936
 94839
 94516
 94495
 94384
 94339
 94278
 94120
 94069
 94068
 94008
 93959
 93768
 93758
 93531
 93530
 93514
 93438
 93396
 93393
 93183
 93066
 93022
 92896
 92626
 92613
 92590
 92562
 92329
 92176
 92092
 92062
 91951
 91667
 91459
 91335
 91332
 91316
 91299
 91228
 91221
 91147
 91108
 91014
 90599
 90546
 90477
 90463
 90405
 90380
 90299
 90042
 90031
 89916
 89747
 89655
 89626
 89464
 89060
 88847
 88662
 88589
 88564
 88481
 88410
 88184
 88170
 88062
 87889
 87736
 87572
 87552
 87442
 87215
 87075
 87030
 86994
 86981
 86973
 86925
 86917
 86911
 86829
 86784
 86777
 86743
 86573
 86447
 86412
 86189
 85890
 85786
 85746
 85637
 85606
 85482
 85437
 85415
 85354
 85307
 85177
 85154
 85112
 84964
 84834
 84779
 84768
 84756
 84744
 84656
 84562
 84546
 84524
 84481
 84311
 84051
 83870
 83806
 83798
 83728
 83716
 83697
 83693
 83671
 83548
 83346
 83238
 83160
 83119
 82797
 82575
 82470
 81923
 81871
 81820
 81789
 81570
 81529
 81481
 81360
 81212
 80886
 80810
 80765
 80722
 80656
 80328
 80283
 80242
 80230
 80178
 80101
 79916
 79776
 79764
 79755
 79512
 79425
 79134
 78988
 78880
 78786
 78659
 78657
 78611
 78583
 78506
 78480
 78315
 78216
 77737
 77215
 77212
 77180
 77070
 76639
 76583
 76534
 76306
 76140
 76121
 75783
 75587
 75514
 75463
 75402
 75294
 75060
 74526
 74509
 74437
 74259
 74125
 74073
 73927
 73879
 73581
 73349
 73343
 73342
 73319
 73266
 73260
 73256
 73212
 73194
 73071
 73019
 72985
 72830
 72770
 72379
 72340
 71963
 71921
 71909
 71809
 71624
 71450
 71349
 71304
 70915
 70817
 70724
 70713
 70700
 70588
 70433
 70417
 70333
 70216
 70212
 69997
 69845
 69799
 69793
 69714
 69613
 69515
 69436
 69327
 69299
 69283
 69230
 69167
 68934
 68866
 68735
 68626
 68420
 68397
 68244
 68116
 68107
 68044
 68032
 67921
 67681
 67631
 67482
 67305
 67138
 67024
 66996
 66965
 66738
 66727
 66653
 66516
 66476
 66351
 66177
 66159
 66054
 65814
 65686
 65462
 65181
 65143
 65037
 64784
 64653
 64635
 64513
 64297
 64111
 64013
 63844
 63662
 63661
 63656
 63634
 63538
 63457
 63442
 63396
 63381
 63274
 63246
 63235
 63142
 63085
 62984
 62912
 62844
 62839
 62465
 62337
 62313
 62120
 62108
 62013
 61962
 61786
 61764
 61642
 61517
 61482
 61227
 61225
 61184
 61154
 60762
 60733
 60489
 60413
 60384
 60340
 60279
 60271
 60216
 60021
 59994
 59855
 59821
 59610
 59591
 59515
 59422
 59347
 59326
 59324
 59201
 59124
 58874
 58870
 58702
 58542
 58516
 58418
 58385
 58195
 58062
 57985
 57979
 57948
 57887
 57756
 57650
 57569
 57554
 57445
 57437
 57142
 57142
 57068
 57021
 56656
 56554
 56526
 56521
 56502
 56487
 56130
 56107
 56047
 55951
 55863
 55820
 55753
 55724
 55647
 55592
 55414
 55250
 55122
 55091
 54933
 54876
 54819
 54448
 54412
 54368
 54188
 54023
 53929
 53664
 53528
 53487
 53474
 53327
 53161
 53069
 53065
 53018
 52950
 52621
 52553
 52396
 52391
 52208
 52147
 52023
 51992
 51981
 51955
 51811
 51801
 51797
 51707
 51698
 51551
 51453
 51131
 51038
 50817
 50791
 50643
 50599
 50469
 50361
 50261
 50218
 50095
 50081
 49706
 49645
 49626
 49566
 49541
 49413
 49349
 49268
 49250
 49172
 49154
 49072
 49054
 48797
 48635
 48561
 48437
 48051
 47967
 47959
 47905
 47799
 47514
 47357
 47354
 47162
 47011
 46960
 46575
 46527
 46514
 46501
 46323
 46276
 46260
 46208
 46204
 46153
 46128
 46097
 45969
 45954
 45799
 45727
 45347
 45343
 45054
 45038
 44770
 44741
 44716
 44713
 44295
 44260
 44217
 44067
 44044
 43901
 43889
 43758
 43731
 43607
 43604
 43243
 43234
 43121
 42887
 42650
 42645
 42540
 42512
 42370
 42327
 42280
 42222
 42140
 42071
 41909
 41846
 41722
 41721
 41714
 41436
 41335
 41218
 41106
 41103
 41030
 40961
 40936
 40924
 40897
 40844
 40832
 40802
 40743
 40732
 40598
 40590
 40578
 40392
 40364
 40325
 40102
 40025
 39915
 39819
 39732
 39723
 39544
 39542
 39265
 39090
 39029
 38974
 38809
 38643
 38600
 38540
 38518
 38446
 38442
 38396
 38173
 38172
 37759
 37602
 37553
 37491
 37452
 37445
 37412
 37314
 37121
 37108
 37097
 36872
 36716
 36688
 36672
 36658
 36622
 36533
 36512
 36224
 36133
 36000
 35512
 35411
 35384
 35308
 35277
 35019
 34997
 34909
 34794
 34776
 34750
 34729
 34529
 34466
 34429
 34032
 33986
 33934
 33883
 33856
 33790
 33782
 33734
 33720
 33683
 33626
 33598
 33349
 33333
 33220
 32997
 32885
 32659
 32598
 32513
 32432
 32335
 32295
 32286
 32085
 32024
 32018
 31999
 31990
 31925
 31888
 31753
 31702
 31494
 31145
 30985
 30853
 30820
 30813
 30809
 30526
 30384
 30338
 29972
 29966
 29906
 29886
 29764
 29757
 29727
 29510
 29355
 29343
 29322
 28880
 28876
 28857
 28837
 28577
 28524
 28357
 28303
 28293
 28219
 28176
 28170
 27912
 27906
 27815
 27793
 27783
 27686
 27683
 27635
 27625
 27392
 27195
 27127
 27095
 26732
 26592
 26480
 26419
 26381
 26378
 26309
 26161
 26080
 25926
 25865
 25860
 25800
 25592
 25591
 25560
 25537
 25438
 25419
 25402
 25263
 25063
 25006
 24493
 24437
 24362
 24267
 24018
 24015
 23826
 23727
 23714
 23686
 23529
 23472
 23420
 23036
 22939
 22935
 22878
 22871
 22831
 22618
 22523
 22389
 22374
 22238
 21803
 21476
 21436
 21423
 21307
 21188
 20987
 20844
 20767
 20759
 20589
 20281
 20114
 20037
 19973
 19953
 19927
 19923
 19802
 19775
 19765
 19589
 19479
 19460
 19429
 19082
 18869
 18675
 18556
 18454
 18343
 18267
 18261
 18181
 18037
 17960
 17958
 17927
 17909
 17861
 17602
 17548
 17360
 17316
 17315
 17301
 17289
 17257
 17096
 17051
 16978
 16930
 16746
 16731
 16541
 16360
 16253
 16166
 16076
 16063
 15962
 15944
 15764
 15464
 15312
 15269
 15145
 15031
 14924
 14858
 14527
 14392
 14315
 14256
 14188
 14142
 13998
 13966
 13891
 13800
 13538
 13516
 13488
 13429
 13399
 13347
 13179
 13093
 13022
 12961
 12942
 12927
 12810
 12696
 12534
 12502
 12395
 12083
 12025
 11888
 11868
 11830
 11791
 11766
 11658
 11633
 11327
 11242
 11231
 11173
 11115
 10977
 10882
 10830
 10747
 10641
 10550
 10531
 10500
 10476
 10294
 10280
 10263
 10229
 10101
 9926
 9759
 9697
 9679
 9648
 9496
 9175
 9158
 8828
 8814
 8805
 8682
 8603
 8413
 8332
 8308
 8001
 7882
 7711
 7646
 7384
 7335
 6898
 6843
 6604
 6577
 6565
 6383
 6348
 6348
 6295
 6179
 6061
 6060
 5991
 5847
 5805
 5783
 5623
 5487
 5476
 5437
 5379
 5304
 5251
 5226
 5175
 4807
 4780
 4776
 4727
 4669
 4600
 4414
 4368
 4339
 4022
 4010
 3894
 3734
 3722
 3464
 3424
 3330
 3275
 3170
 2997
 2764
 2746
 2691
 2666
 2663
 2645
 2578
 2488
 2415
 2415
 2223
 2109
 2104
 2099
 2051
 2045
 2004
 1927
 1916
 1914
 1813
 1525
 1382
 1295
 1259
 1255
 972
 930
 842
 686
 609
 258
 249
 247
 35
 0
 