99996
 99953
 99916
 99876
 99775
 99736
 99372
 99356
 99311
 99241
 99182
 99165
 99010
 98671
 98657
 98526
 98520
 98448
 98126
 98030
 97987
 97979
 97949
 97935
 97878
 97592
 97591
 97422
 97229
 97190
 97168
 97027
 97018
 96969
 96955
 96940
 96811
 96800
 96582
 96548
 96512
 96463
 96439
 96176
 96095
 96067
 96032
 95791
 95738
 95696
 95648
 95605
 95522
 95269
 95238
 95127
 95068
 94907
 94804
 94774
 94721
 94678
 94006
 93996
 93924
 93889
 93727
 93656
 93654
 93628
 93576
 93555
 93462
 93406
 93242
 93169
 93151
 93108
 92770
 92423
 92304
 92150
 92030
 92006
 91768
 91755
 91670
 91336
 91219
 91204
 90945
 90863
 90742
 90658
 90598
 90445
 90389
 90237
 89775
 89734
 89715
 89586
 89465
 89419
 89403
 89293
 89217
 89152
 89098
 89095
 89007
 88725
 88575
 88570
 88533
 88439
 88277
 88254
 88105
 87990
 87932
 87892
 87833
 87828
 87334
 87197
 87194
 87091
 86896
 86804
 86638
 86373
 86338
 86265
 86249
 86190
 86120
 86098
 86016
 85955
 85817
 85753
 85602
 85538
 85478
 85253
 84900
 84803
 84369
 84036
 83908
 83439
 83376
 83303
 83254
 83216
 83146
 83104
 83045
 82876
 82747
 82723
 82629
 82583
 82571
 82527
 82313
 82186
 82073
 82047
 82016
 81953
 81923
 81869
 81852
 81570
 81483
 81418
 81368
 81230
 81070
 81060
 80779
 80730
 80655
 80615
 80599
 80597
 80528
 80500
 80211
 80152
 80135
 79935
 79923
 79921
 79859
 79744
 79569
 79478
 79371
 79208
 79109
 78922
 78861
 78800
 78747
 78603
 78454
 78423
 78143
 78084
 78082
 77993
 77392
 77348
 77236
 77195
 77094
 77020
 77004
 76753
 76707
 76677
 76540
 76427
 76416
 76333
 76236
 76118
 76116
 76067
 75986
 75961
 75888
 75819
 75752
 75577
 75526
 75473
 75249
 75209
 75208
 75175
 75107
 75070
 74872
 74813
 74563
 74559
 74472
 74446
 74408
 74243
 74190
 74012
 73995
 73908
 73852
 73786
 73686
 73583
 73545
 73385
 73336
 73333
 73217
 73189
 73181
 72961
 72817
 72478
 72295
 72060
 71951
 71904
 71787
 71586
 71582
 71560
 71543
 71521
 71416
 71347
 71285
 71271
 71264
 71159
 71137
 71011
 70992
 70962
 70937
 70645
 70589
 70511
 70457
 70279
 70176
 70152
 70096
 69958
 69766
 69759
 69707
 69681
 69554
 69552
 69522
 69456
 69217
 69170
 69060
 68999
 68996
 68962
 68869
 68867
 68802
 68739
 68617
 68608
 68096
 67803
 67772
 67699
 67582
 67519
 67432
 67312
 67253
 67021
 67011
 66941
 66935
 66934
 66731
 66685
 66582
 66567
 66567
 66501
 66464
 66389
 66189
 66123
 66052
 65998
 65875
 65843
 65842
 65820
 65771
 65764
 65608
 65256
 65043
 64724
 64601
 64592
 64499
 64245
 64181
 64059
 64027
 63995
 63812
 63780
 63768
 63525
 63356
 63281
 63274
 63174
 63114
 63049
 62921
 62733
 62647
 62636
 62590
 62528
 62462
 62396
 62119
 62098
 62054
 61857
 61748
 61662
 61541
 61489
 61426
 61338
 61099
 61011
 60900
 60898
 60857
 60585
 60393
 60244
 60213
 60048
 59935
 59693
 59655
 59645
 59546
 59387
 59152
 58975
 58472
 58454
 58397
 58263
 58231
 58138
 58125
 58081
 57894
 57884
 57850
 57713
 57575
 57546
 57504
 57376
 57329
 57090
 57001
 56917
 56908
 56879
 56794
 56584
 56320
 56291
 56262
 56223
 56092
 55960
 55930
 55876
 55733
 55719
 55666
 55489
 55480
 55456
 55195
 55131
 55051
 55001
 54989
 54900
 54734
 54513
 54326
 54210
 54198
 54178
 54125
 54076
 53958
 53947
 53863
 53764
 53711
 53445
 53419
 53370
 53348
 53188
 53150
 52860
 52789
 52484
 52390
 52297
 52226
 52150
 52025
 51937
 51933
 51923
 51919
 51819
 51665
 51639
 51378
 51230
 51203
 51191
 51159
 50868
 50715
 50675
 50304
 50266
 50256
 50186
 50034
 50022
 49961
 49781
 49693
 49620
 49470
 49470
 49342
 49240
 49112
 49035
 48661
 48648
 48542
 48424
 48367
 48325
 48314
 48306
 48184
 48086
 47917
 47909
 47901
 47895
 47870
 47745
 47505
 47406
 47348
 47330
 47293
 47144
 47029
 46879
 46632
 46597
 46567
 46012
 45910
 45893
 45794
 45703
 45679
 45536
 45470
 45432
 45428
 45395
 45374
 45244
 45228
 45187
 45129
 45098
 44982
 44919
 44762
 44748
 44682
 44654
 44338
 44224
 44187
 44183
 44132
 44078
 43634
 43480
 43464
 43423
 43361
 43320
 43241
 43141
 42737
 42498
 42473
 42409
 42321
 42158
 41942
 41789
 41724
 41666
 41591
 41527
 41508
 41346
 41255
 41009
 40930
 40808
 40722
 40659
 40657
 40606
 40584
 40527
 40507
 40435
 40282
 40239
 40209
 40149
 39907
 39757
 39386
 39258
 39238
 38922
 38845
 38837
 38770
 38604
 38599
 38488
 38471
 38387
 38146
 38109
 37927
 37906
 37905
 37756
 37674
 37619
 37600
 37584
 37526
 37437
 37232
 37232
 37231
 37149
 36975
 36930
 36788
 36777
 36557
 36346
 36322
 36317
 36317
 36293
 36179
 35886
 35684
 35197
 35176
 34895
 34851
 34675
 34614
 34555
 34528
 34475
 34469
 34413
 34001
 33763
 33702
 33671
 33644
 33542
 33493
 33488
 33470
 33376
 33333
 33165
 32966
 32892
 32768
 32731
 32614
 32582
 32582
 32531
 32299
 32296
 32082
 31857
 31822
 31720
 31707
 31658
 31651
 31388
 31357
 31330
 31284
 31112
 31037
 31030
 30956
 30954
 30719
 30682
 30461
 30271
 30006
 29999
 29991
 29870
 29767
 29755
 29728
 29462
 29213
 29194
 29129
 29041
 29025
 28933
 28865
 28792
 28779
 28576
 28547
 28520
 28442
 28392
 28357
 28348
 28248
 28207
 28200
 28189
 28168
 28163
 27868
 27833
 27801
 27698
 27698
 27628
 27326
 27323
 27308
 27225
 27152
 27099
 27033
 27021
 27005
 26989
 26794
 26519
 26411
 26405
 26285
 26073
 26070
 26068
 25804
 25754
 25738
 25732
 25393
 25366
 25245
 25073
 25040
 25026
 25000
 24811
 24616
 24563
 24359
 24288
 24182
 24022
 24006
 23839
 23776
 23747
 23745
 23664
 23572
 23386
 23236
 23194
 23001
 22978
 22716
 22705
 22697
 22693
 22461
 22406
 22264
 22241
 21547
 21461
 21443
 21406
 21375
 21324
 21173
 21132
 21123
 21012
 20979
 20964
 20834
 20562
 20491
 20487
 20454
 20420
 20247
 20095
 20095
 20061
 20045
 19883
 19843
 19588
 19549
 19472
 18968
 18949
 18885
 18883
 18866
 18763
 18666
 18580
 18578
 18562
 18549
 18526
 18384
 18282
 18181
 18121
 18096
 17971
 17817
 17805
 17701
 17629
 17311
 17204
 17144
 17134
 16788
 16583
 16361
 16264
 16238
 16147
 15924
 15719
 15632
 15573
 15510
 15476
 15297
 15277
 15261
 15214
 15174
 15130
 15083
 15075
 14930
 14860
 14718
 14621
 14611
 14466
 14328
 14126
 13940
 13780
 13701
 13654
 13579
 13506
 13492
 13358
 13347
 13127
 13059
 12906
 12639
 12476
 12472
 12300
 12242
 12194
 12149
 12075
 11866
 11746
 11707
 11291
 11148
 11039
 11033
 10999
 10982
 10974
 10964
 10618
 10569
 10387
 10380
 10338
 10265
 10197
 10153
 9989
 9830
 9471
 9203
 9128
 8949
 8771
 8701
 8399
 8336
 8111
 8082
 7977
 7919
 7895
 7876
 7748
 7678
 7600
 7547
 7333
 7300
 7044
 6961
 6755
 6697
 6621
 6509
 6444
 6337
 6323
 6216
 6171
 5992
 5887
 5712
 5390
 5359
 5345
 5341
 5295
 5133
 5089
 4868
 4605
 4582
 4529
 4523
 4199
 3848
 3825
 3803
 3759
 3664
 3631
 3357
 3149
 3119
 2993
 2893
 2741
 2580
 2562
 2461
 2318
 2249
 1967
 1941
 1271
 1239
 1190
 1045
 874
 665
 532
 444
 288
 221
 182
 180
 165
 0
 0
 