999647
 999567
 999554
 999402
 999246
 999244
 999168
 999090
 999073
 999066
 998983
 998970
 998886
 998857
 998772
 998746
 998731
 998634
 998623
 998461
 998297
 998266
 997863
 997845
 997824
 997798
 997678
 997549
 997547
 997514
 997487
 997362
 997275
 997045
 996974
 996861
 996681
 996571
 996388
 996307
 995708
 995471
 995378
 995045
 994990
 994892
 994780
 994722
 994593
 994536
 994453
 994368
 994341
 994248
 994235
 994202
 994153
 994139
 994030
 993901
 993884
 993812
 993688
 993659
 993239
 993120
 992907
 992900
 992890
 992561
 992541
 992413
 992369
 992212
 992024
 991944
 991886
 991869
 991835
 991816
 991710
 991665
 991603
 991486
 991465
 991416
 991023
 991006
 990954
 990952
 990916
 990791
 990753
 990705
 990619
 990510
 990497
 990472
 990404
 990249
 990123
 990115
 990027
 989974
 989776
 989744
 989660
 989655
 989265
 989244
 988926
 988831
 988772
 988736
 988599
 988547
 988516
 988465
 988370
 988301
 988221
 988179
 988095
 988040
 987951
 987770
 987687
 987678
 987654
 987641
 987437
 987367
 987281
 987230
 987216
 987012
 986866
 986852
 986670
 986597
 986586
 986301
 986220
 986183
 985939
 985739
 985559
 985026
 984941
 984814
 984803
 984710
 984653
 984591
 984572
 984538
 984526
 984356
 984156
 983975
 983727
 983706
 983596
 983459
 983303
 983214
 982709
 982540
 982526
 982390
 982365
 982296
 982282
 981957
 981756
 981652
 981623
 981384
 981315
 981273
 981242
 981078
 980678
 980640
 980596
 980503
 980364
 980305
 980265
 979851
 979847
 979661
 979526
 979516
 979190
 978984
 978856
 978768
 978702
 978460
 978292
 978032
 977879
 977673
 977528
 977292
 977225
 977174
 977008
 976958
 976855
 976712
 976662
 976615
 976339
 976138
 976126
 975960
 975945
 975764
 975649
 975544
 975438
 975363
 975238
 975149
 974891
 974850
 974730
 974705
 974658
 974204
 974139
 974116
 973997
 973641
 973635
 973585
 973555
 973489
 973333
 973285
 973172
 973065
 972949
 972934
 972927
 972919
 972872
 972819
 972655
 972652
 972380
 972263
 972134
 972110
 972097
 972064
 972041
 971512
 971471
 971295
 970935
 970666
 970550
 970420
 970308
 970285
 970281
 970195
 970107
 969885
 969748
 969738
 969730
 969696
 969498
 969495
 969456
 969372
 969365
 969206
 969144
 969072
 968990
 968926
 968641
 968422
 968358
 968253
 968224
 968181
 968171
 968101
 967918
 967866
 967737
 967672
 967624
 967586
 967432
 967420
 967381
 967279
 967259
 967257
 967241
 967126
 967120
 966895
 966871
 966869
 966855
 966763
 966718
 966651
 966650
 966646
 966636
 966424
 966382
 966373
 966236
 966202
 966194
 966162
 965996
 965960
 965839
 965827
 965774
 965768
 965578
 965517
 965422
 965378
 965251
 965246
 965206
 965188
 964946
 964936
 964935
 964912
 964897
 964736
 964417
 964401
 964325
 964317
 964249
 964224
 964202
 964165
 963913
 963796
 963746
 963454
 963265
 963020
 962996
 962962
 962864
 962736
 962735
 962676
 962600
 962512
 962412
 962375
 962319
 962268
 962199
 962191
 962178
 961954
 961918
 961899
 961832
 961697
 961558
 961548
 961523
 961490
 961451
 961432
 961330
 961281
 961275
 961086
 961082
 961048
 960993
 960773
 960660
 960472
 960447
 960411
 960347
 960135
 960060
 960040
 959999
 959794
 959731
 959710
 959431
 959060
 959031
 958993
 958934
 958882
 958722
 958701
 958614
 958464
 958373
 957983
 957942
 957663
 957402
 957392
 957390
 957357
 957338
 957317
 957175
 956965
 956929
 956793
 956729
 956443
 956409
 956283
 956178
 955947
 955838
 955751
 955741
 955307
 955166
 954986
 954983
 954966
 954956
 954806
 954579
 954474
 954224
 954039
 953871
 953846
 953815
 953666
 953584
 953356
 953243
 952932
 952905
 952870
 952865
 952583
 952303
 952269
 952151
 952017
 951999
 951778
 951616
 951574
 951343
 951324
 951295
 950946
 950773
 950728
 950660
 950589
 950515
 950509
 950503
 950355
 950222
 950197
 949874
 949708
 949705
 949509
 949384
 949273
 948717
 948354
 948186
 948079
 948060
 947497
 947487
 947440
 947402
 947368
 947335
 947306
 947164
 947159
 947115
 947085
 946951
 946793
 946761
 946733
 946727
 946675
 946471
 946276
 945765
 945755
 945753
 945419
 945394
 945249
 945195
 945046
 944980
 944908
 944763
 944715
 944662
 944548
 944516
 944352
 944243
 944206
 944156
 943980
 943894
 943797
 943735
 943562
 943245
 943206
 943168
 943137
 943107
 942925
 942640
 942546
 942532
 942499
 942287
 942251
 942171
 942086
 942009
 941882
 941714
 941642
 941496
 941349
 941342
 941307
 941288
 941208
 941093
 941060
 940860
 940708
 940552
 940498
 940274
 939902
 939849
 939815
 939672
 939527
 939471
 939393
 939255
 939205
 939068
 938962
 938953
 938924
 938904
 938879
 938806
 938525
 938489
 938371
 938321
 938294
 938263
 938138
 938116
 938058
 937883
 937791
 937597
 937173
 937156
 937064
 937062
 937052
 936984
 936908
 936867
 936811
 936794
 936775
 936679
 936624
 936603
 936594
 936494
 936452
 936440
 936429
 936406
 936362
 936291
 935802
 935575
 935483
 935450
 935268
 934975
 934902
 934794
 934603
 934581
 934478
 934469
 934433
 934131
 934117
 933773
 933660
 933607
 933581
 933537
 933351
 933333
 933321
 933227
 933158
 933143
 933120
 933063
 932895
 932634
 932567
 932551
 932427
 932130
 932050
 932013
 932012
 931952
 931917
 931895
 931691
 931497
 931471
 931414
 931216
 931174
 931150
 931122
 930693
 930689
 930667
 930635
 930609
 930555
 930543
 930401
 930153
 930143
 929973
 929855
 929830
 929603
 929560
 929512
 929445
 929421
 929286
 929212
 929157
 929138
 929089
 929036
 928994
 928845
 928742
 928716
 928680
 928606
 928523
 928406
 928354
 928140
 928001
 927667
 927612
 927531
 927276
 927143
 926990
 926968
 926965
 926948
 926940
 926806
 926791
 926782
 926770
 926760
 926650
 926553
 926552
 926162
 926116
 926034
 925971
 925941
 925866
 925771
 925537
 925488
 925445
 925419
 925181
 925152
 925111
 925110
 925074
 924789
 924686
 924582
 924578
 924468
 924355
 924148
 923725
 923670
 923197
 923195
 923076
 922957
 922955
 922923
 922821
 922783
 922728
 922693
 922691
 922641
 922581
 922486
 922381
 922377
 922350
 922236
 922220
 922098
 921953
 921947
 921943
 921872
 921863
 921718
 921643
 921641
 921568
 921529
 921507
 921409
 921258
 920980
 920969
 920966
 920892
 920823
 920805
 920505
 920411
 920357
 920282
 920197
 920124
 919980
 919915
 919911
 919863
 919748
 919708
 919660
 919456
 919307
 918992
 918971
 918531
 918491
 918380
 918367
 918343
 918336
 918199
 918164
 918117
 918083
 917889
 917737
 917635
 917489
 917243
 916989
 916929
 916928
 916807
 916723
 916478
 916449
 916417
 916372
 916268
 916233
 916152
 915995
 915872
 915847
 915806
 915802
 915323
 915102
 915017
 914940
 914923
 914914
 914851
 914804
 914733
 914549
 914406
 914285
 914248
 914060
 914034
 913931
 913924
 913695
 913412
 913271
 913259
 913251
 913242
 913190
 913025
 912889
 912880
 912638
 912560
 912524
 912520
 912379
 912291
 912106
 912030
 911989
 911885
 911823
 911629
 911477
 911435
 911397
 911393
 911290
 911270
 911213
 911200
 911098
 910821
 910485
 910327
 910203
 910116
 910010
 909968
 909868
 909803
 909796
 909730
 909269
 909090
 909061
 908883
 908838
 908834
 908819
 908222
 908063
 907950
 907777
 907649
 907534
 907451
 907445
 907439
 907389
 907330
 906986
 906900
 906820
 906797
 906790
 906763
 906717
 906697
 906606
 906603
 906599
 906422
 906349
 906332
 906250
 906172
 906168
 906158
 906091
 905857
 905578
 905483
 905334
 905311
 905263
 905090
 905062
 904933
 904752
 904565
 904436
 904422
 904317
 904290
 904273
 904250
 904223
 904210
 903981
 903974
 903867
 903806
 903759
 903554
 903403
 903369
 903183
 903125
 902838
 902550
 902463
 902344
 902296
 902216
 902116
 902066
 901782
 901744
 901670
 901626
 901544
 901491
 901460
 901335
 901315
 901273
 901082
 900774
 900709
 900471
 900442
 900412
 900335
 900329
 900279
 900249
 900118
 899968
 899950
 899795
 899626
 899586
 899554
 899529
 898919
 898808
 898776
 898633
 898620
 898484
 898415
 898276
 898274
 898197
 897992
 897959
 897822
 897348
 897330
 897268
 897248
 897101
 897080
 897072
 896998
 896829
 896824
 896784
 896758
 896739
 896678
 896578
 896553
 896424
 896156
 896130
 896078
 895894
 895735
 895723
 895588
 895583
 895413
 895405
 895332
 895324
 895248
 895154
 895139
 895083
 895063
 894925
 894903
 894888
 894798
 894736
 894647
 894531
 894325
 893976
 893955
 893941
 893796
 893700
 893691
 893583
 893537
 893336
 893320
 893232
 892999
 892944
 892859
 892767
 892700
 892674
 892478
 892348
 892221
 892060
 892004
 891872
 891785
 891385
 891046
 891012
 890814
 890772
 890758
 890670
 890664
 890539
 890496
 890493
 890469
 890356
 890303
 890277
 890268
 890114
 890052
 890012
 889899
 889875
 889858
 889852
 889798
 889763
 889596
 889526
 889458
 889426
 889400
 889358
 889309
 889283
 889219
 889199
 889149
 889082
 889040
 888888
 888785
 888246
 888233
 888081
 887943
 887757
 887713
 887678
 887608
 887518
 887487
 887226
 887021
 886962
 886611
 886608
 886525
 886494
 886486
 886387
 886342
 886202
 886178
 886144
 885864
 885449
 885445
 885284
 884955
 884929
 884852
 884757
 884742
 884517
 884440
 884393
 884379
 884353
 884320
 884259
 883911
 883805
 883748
 883485
 883439
 883355
 883325
 882852
 882790
 882758
 882661
 882634
 882553
 882485
 882368
 882343
 882312
 882270
 882238
 882004
 881998
 881722
 881493
 881325
 881282
 881129
 881100
 881051
 881043
 880915
 880856
 880829
 880800
 880794
 880595
 880574
 880508
 880433
 880204
 880191
 880084
 880074
 880073
 880009
 879966
 879934
 879647
 879564
 879518
 879457
 879276
 879130
 879002
 878896
 878844
 878777
 878487
 878341
 878260
 878245
 878215
 878207
 878048
 877946
 877859
 877854
 877822
 877595
 877584
 877551
 877534
 877303
 877239
 877226
 877064
 876857
 876747
 876737
 876631
 876588
 876580
 876527
 876456
 876309
 876282
 876106
 876013
 876000
 875996
 875995
 875941
 875743
 875635
 875464
 875220
 874830
 874734
 874408
 874396
 873786
 873730
 873415
 873341
 873212
 872928
 872893
 872496
 872272
 872107
 871917
 871673
 871637
 871566
 871533
 871331
 871281
 871109
 871017
 870967
 870858
 870830
 870784
 870748
 870559
 870495
 870452
 870373
 870361
 870249
 870234
 870028
 870008
 869956
 869879
 869761
 869468
 869334
 869214
 869193
 869125
 868901
 868876
 868732
 868493
 868435
 868425
 868397
 868071
 868062
 868033
 868012
 868002
 867943
 867924
 867829
 867749
 867701
 867605
 867595
 867428
 867300
 867145
 867095
 866969
 866950
 866924
 866865
 866705
 866666
 866628
 866561
 866334
 866295
 866259
 866252
 866242
 866173
 866092
 866071
 865988
 865887
 865512
 865508
 865418
 865405
 865275
 865208
 865181
 865102
 865041
 864823
 864794
 864482
 864111
 864073
 864033
 864000
 863423
 863402
 863330
 863263
 862973
 862746
 862559
 862533
 862456
 862216
 862107
 862071
 861857
 861753
 861751
 861644
 861610
 861566
 861390
 861277
 861249
 861154
 861075
 860941
 860928
 860884
 860785
 860640
 860564
 860395
 860357
 860259
 860224
 860203
 860158
 860056
 860000
 859986
 859776
 859671
 859452
 859421
 859416
 859376
 859284
 859140
 858899
 858789
 858729
 858671
 858651
 858642
 858559
 858348
 858238
 857947
 857702
 857664
 857591
 857332
 857269
 857142
 856949
 856835
 856832
 856819
 856783
 856691
 856603
 856515
 856452
 856443
 856294
 856164
 856127
 856108
 856034
 855935
 855912
 855850
 855829
 855812
 855791
 855397
 855394
 855320
 855309
 855298
 855181
 855022
 854732
 854700
 854595
 854467
 854321
 854205
 853870
 853850
 853485
 853438
 853420
 853289
 853095
 853065
 853018
 852959
 852902
 852747
 852676
 852340
 852243
 851851
 851775
 851690
 851536
 851485
 851403
 851328
 851279
 851205
 851202
 850974
 850920
 850845
 850762
 850667
 850446
 850427
 850399
 850207
 850104
 850012
 849915
 849875
 849816
 849789
 849693
 849559
 849494
 849401
 849343
 849192
 849120
 848945
 848816
 848773
 848769
 848696
 848681
 848672
 848517
 848331
 848192
 848172
 848074
 847988
 847978
 847913
 847899
 847852
 847822
 847469
 847391
 847372
 847353
 847063
 847018
 846850
 846758
 846685
 846676
 846625
 846499
 846359
 846354
 846272
 845921
 845380
 845365
 845299
 845298
 845288
 845287
 845283
 845245
 845193
 844838
 844789
 844697
 844678
 844534
 844522
 844458
 844226
 844087
 843782
 843601
 843530
 843237
 843223
 842998
 842943
 842824
 842693
 842553
 842547
 842261
 842105
 842043
 841995
 841903
 841675
 841318
 841230
 840694
 840578
 840577
 840512
 840321
 840262
 840162
 839871
 839799
 839743
 839694
 839678
 839523
 839366
 839249
 839168
 838905
 838830
 838825
 838820
 838759
 838692
 838559
 838346
 838198
 838151
 838131
 838107
 837941
 837927
 837894
 837758
 837613
 837592
 837578
 837430
 837164
 837132
 837022
 836938
 836757
 836734
 836688
 836682
 836413
 836324
 836317
 836169
 835922
 835851
 835774
 835656
 835616
 835400
 835238
 835205
 834869
 834806
 834778
 834752
 834609
 834502
 834393
 834326
 834289
 834190
 834180
 834146
 834043
 834031
 833452
 833333
 833323
 833234
 833016
 832978
 832965
 832943
 832636
 832579
 832370
 832339
 832260
 832217
 832198
 831990
 831944
 831892
 831681
 831643
 831563
 831314
 831118
 831089
 831060
 831059
 830911
 830837
 830512
 830452
 830308
 830099
 830010
 829952
 829905
 829572
 829424
 829021
 828825
 828818
 828742
 828726
 828709
 828548
 827956
 827847
 827832
 827820
 827762
 827710
 827640
 827529
 827466
 827426
 827381
 827347
 827254
 827139
 827068
 827056
 827041
 827001
 826990
 826879
 826707
 826698
 826584
 826553
 826464
 826454
 826397
 826175
 826103
 826067
 826047
 826015
 825997
 825868
 825545
 825286
 825212
 824949
 824854
 824789
 824773
 824727
 824591
 824563
 824442
 824430
 824142
 824091
 823997
 823994
 823946
 823940
 823796
 823746
 823658
 823570
 823307
 823260
 823216
 823210
 823152
 823113
 823091
 822917
 822855
 822780
 822691
 822652
 822626
 822525
 822476
 822362
 822342
 822320
 822274
 821968
 821859
 821788
 821782
 821695
 821508
 821322
 821304
 821282
 821142
 821138
 820958
 820895
 820889
 820804
 820782
 820674
 820590
 820579
 820535
 820456
 820206
 820163
 820093
 819941
 819805
 819796
 819575
 819567
 819541
 819529
 819519
 819487
 819454
 819073
 818930
 818664
 818613
 818586
 818584
 818535
 818489
 818393
 818181
 818058
 818008
 817906
 817757
 817727
 817571
 817550
 817439
 817326
 817217
 817179
 817167
 817139
 816480
 816456
 816455
 816438
 816379
 816358
 816267
 815973
 815869
 815809
 815678
 815591
 815569
 815357
 815307
 815258
 815173
 814813
 814687
 814545
 814484
 814432
 814344
 814302
 814249
 813543
 813522
 813484
 813471
 813371
 813359
 813322
 813233
 813228
 813008
 812781
 812455
 812296
 812182
 812089
 812074
 811908
 811892
 811782
 811648
 811610
 811510
 811429
 811385
 811223
 811217
 811004
 810873
 810871
 810806
 810500
 810378
 810061
 810011
 809903
 809717
 809641
 809615
 809575
 809484
 809392
 809353
 809350
 809261
 809116
 809040
 808996
 808988
 808669
 808667
 808660
 808657
 808528
 808507
 808454
 808452
 808384
 808362
 808038
 808028
 807768
 807673
 807668
 807170
 807133
 807049
 806997
 806917
 806591
 806358
 806269
 805986
 805883
 805854
 805576
 805486
 805200
 805094
 805093
 805040
 805010
 804983
 804786
 804776
 804757
 804704
 804701
 804683
 804674
 804484
 804397
 804325
 804322
 804286
 804205
 804142
 804081
 803927
 803905
 803872
 803806
 803617
 803535
 803268
 802908
 802847
 802690
 802642
 802634
 802540
 802469
 802325
 802271
 802047
 802040
 801980
 801952
 801864
 801827
 801762
 801735
 801728
 801670
 801641
 801592
 801547
 801429
 801411
 801374
 801353
 801255
 801166
 800932
 800808
 800689
 800642
 800627
 800540
 800492
 800238
 800159
 800118
 800000
 799900
 799863
 799810
 799803
 799772
 799619
 799608
 799409
 799202
 799139
 799128
 799031
 798889
 798764
 798728
 798624
 798586
 798554
 798295
 797719
 797538
 797452
 797340
 797324
 797199
 797129
 797052
 796975
 796552
 796514
 796506
 796391
 796315
 795982
 795910
 795792
 795770
 795660
 795580
 795269
 795067
 795063
 795029
 795028
 794977
 794948
 794749
 794742
 794721
 794386
 794375
 794350
 794081
 793989
 793903
 793872
 793811
 793575
 793429
 793367
 793156
 793103
 792876
 792831
 792818
 792772
 792752
 792368
 792120
 791951
 791760
 791693
 791576
 791487
 791452
 791439
 791263
 791262
 791139
 791111
 791107
 791093
 790823
 790732
 790441
 790274
 789984
 789898
 789894
 789890
 789885
 789792
 789644
 789622
 789388
 789268
 789224
 789066
 788952
 788921
 788835
 788753
 788701
 788678
 788594
 788588
 788555
 788416
 788410
 788104
 788085
 788020
 787939
 787834
 787781
 787387
 787345
 787307
 787296
 787261
 787234
 787151
 787099
 786997
 786787
 786777
 786770
 786769
 786733
 786614
 786580
 786521
 786511
 786436
 786372
 786367
 786278
 786259
 786243
 786161
 786110
 785949
 785934
 785674
 785656
 785425
 785405
 785277
 785239
 785114
 785079
 785062
 784806
 784777
 784713
 784535
 784485
 784390
 784250
 784208
 784009
 784004
 783943
 783921
 783730
 783575
 783396
 783364
 783273
 783077
 783068
 782950
 782944
 782854
 782852
 782792
 782726
 782675
 782615
 782567
 782437
 782421
 782327
 782057
 781990
 781836
 781798
 781796
 781722
 781707
 781658
 781506
 781374
 781250
 781225
 781182
 781147
 781088
 780688
 780585
 780548
 780360
 780146
 780089
 780028
 779968
 779639
 779538
 779391
 779310
 779271
 779230
 779221
 779189
 779119
 779104
 779058
 778708
 778689
 778658
 778644
 778625
 778556
 778320
 778135
 778124
 778075
 778005
 777956
 777777
 777634
 777245
 777147
 777101
 777037
 776843
 776772
 776711
 776379
 776297
 776283
 776275
 776193
 776112
 776102
 775701
 775541
 775386
 775230
 775143
 774975
 774914
 774694
 774690
 774678
 774643
 774623
 774550
 774391
 774368
 774357
 774308
 773835
 773714
 773668
 773654
 773448
 773299
 773279
 773227
 773031
 772992
 772975
 772697
 772658
 772635
 772502
 772487
 772478
 772464
 772371
 772285
 772257
 772125
 772094
 772053
 771965
 771756
 771693
 771623
 771597
 771184
 771057
 770851
 770817
 770550
 770491
 770263
 770186
 769842
 769652
 769580
 769502
 769429
 769369
 769230
 769075
 768994
 768916
 768717
 768594
 768545
 768240
 768170
 768079
 768058
 767863
 767806
 767719
 767582
 767540
 767441
 767244
 767224
 767003
 766980
 766965
 766851
 766546
 766511
 766421
 766402
 766290
 766256
 766209
 766123
 765928
 765867
 765678
 765614
 765596
 765543
 765488
 765341
 764967
 764927
 764912
 764879
 764867
 764847
 764846
 764830
 764712
 764472
 764422
 764048
 764034
 764024
 763983
 763683
 763669
 763651
 763453
 763436
 763320
 763252
 763216
 763146
 762836
 762835
 762788
 762588
 762393
 762267
 762233
 762225
 762140
 762122
 762087
 761992
 761904
 761857
 761850
 761703
 761196
 760836
 760828
 760801
 760760
 760752
 760702
 760562
 760491
 760449
 760095
 760040
 760021
 759972
 759961
 759805
 759617
 759547
 759538
 759172
 759004
 758917
 758799
 758797
 758742
 758625
 758555
 758492
 758479
 758437
 758372
 758347
 758250
 758219
 758171
 758054
 757865
 757725
 757628
 757603
 757403
 757247
 756845
 756793
 756680
 756596
 756457
 756449
 756289
 756282
 756255
 756168
 756156
 756075
 756047
 755950
 755825
 755810
 755551
 755254
 755223
 755213
 755108
 755085
 755018
 754846
 754716
 754500
 754457
 754341
 754292
 754188
 753846
 753781
 753736
 753681
 753568
 753482
 753454
 753416
 753414
 753216
 753152
 753136
 752983
 752948
 752887
 752768
 752568
 752408
 752395
 752368
 752362
 752286
 752152
 752066
 752059
 752017
 752013
 751979
 751970
 751861
 751689
 751637
 751591
 751566
 751355
 751351
 751222
 751214
 751203
 751175
 751117
 750951
 750204
 750092
 750029
 749970
 749922
 749845
 749829
 749798
 749741
 749716
 749517
 749469
 749397
 748935
 748792
 748743
 748663
 748556
 748330
 748171
 748123
 748016
 747927
 747860
 747567
 747534
 747354
 747330
 747278
 747252
 747168
 747126
 747104
 747092
 746955
 746905
 746858
 746831
 746781
 746166
 746014
 745950
 745903
 745882
 745878
 745677
 745608
 745508
 745222
 745185
 745183
 745140
 745098
 745085
 745053
 744904
 744866
 744733
 744249
 744221
 743922
 743909
 743876
 743834
 743819
 743785
 743741
 743715
 743621
 743589
 743552
 743383
 743362
 743338
 743263
 743238
 743040
 742995
 742825
 742644
 742558
 742414
 742364
 742262
 742233
 741877
 741471
 741463
 741404
 741263
 741237
 741103
 741090
 740847
 740820
 740772
 740671
 740669
 740659
 740531
 740356
 740334
 740154
 740127
 739920
 739736
 739716
 739421
 739240
 738668
 738374
 738219
 738207
 738162
 738137
 738101
 738048
 738007
 737931
 737683
 737413
 737386
 737296
 737151
 736950
 736894
 736884
 736827
 736714
 736633
 736510
 736434
 736249
 736242
 736232
 736230
 736207
 736118
 736087
 736059
 735849
 735843
 735801
 735747
 735656
 735564
 735364
 735306
 735231
 735195
 735185
 735093
 735082
 735075
 734996
 734773
 734704
 734631
 734584
 734471
 734102
 733964
 733802
 733786
 733672
 733220
 732967
 732860
 732667
 732561
 732544
 732166
 731905
 731558
 731460
 731367
 731128
 731072
 731017
 731013
 730891
 730720
 730706
 730702
 730621
 730316
 730236
 730207
 730195
 730090
 730082
 729924
 729922
 729917
 729538
 729498
 729444
 729107
 729095
 729071
 729064
 728966
 728794
 728576
 728469
 728358
 728210
 728155
 728133
 727843
 727761
 727661
 727477
 727398
 727272
 727267
 727265
 727131
 726935
 726876
 726839
 726804
 726793
 726742
 726502
 726360
 726311
 726294
 726190
 726125
 726046
 726006
 726000
 725957
 725866
 725696
 725650
 725576
 725450
 725184
 724907
 724755
 724743
 724587
 724534
 724527
 724137
 724068
 723945
 723852
 723653
 723614
 723473
 723404
 723394
 722959
 722931
 722684
 722277
 722023
 721940
 721925
 721893
 721867
 721859
 721766
 721756
 721735
 721679
 721663
 721311
 721293
 721199
 721111
 721088
 720890
 720786
 720652
 720555
 720381
 720352
 720320
 720067
 720000
 719854
 719815
 719656
 719643
 719491
 719365
 719214
 719107
 719063
 719056
 718927
 718910
 718907
 718808
 718762
 718569
 718563
 718534
 718520
 718349
 718190
 717913
 717877
 717695
 717497
 717380
 717273
 717248
 717053
 717046
 716782
 716685
 716674
 716632
 716601
 716523
 716395
 716302
 716295
 716216
 716196
 716169
 716061
 715928
 715700
 715482
 715224
 715199
 715117
 715094
 715055
 714888
 714841
 714819
 714781
 714509
 714492
 714479
 714285
 714229
 714207
 714194
 714076
 714055
 713951
 713814
 713746
 713744
 713609
 713559
 713543
 713526
 713433
 713412
 713310
 713201
 713010
 712978
 712864
 712733
 712405
 712289
 712278
 712272
 712171
 711999
 711841
 711633
 711542
 711504
 711459
 711453
 711377
 711038
 710832
 710772
 710745
 710691
 710680
 710640
 710622
 710514
 710422
 710370
 710357
 710318
 710278
 710103
 710059
 710009
 709957
 709872
 709835
 709767
 709712
 709528
 709519
 709475
 709439
 709435
 709383
 709355
 709227
 709180
 709146
 709097
 709078
 708910
 708819
 708716
 708659
 708653
 708607
 708581
 708525
 708352
 708335
 708321
 708301
 708256
 708086
 707970
 707954
 707946
 707785
 707665
 707527
 707306
 707234
 707082
 707078
 707070
 706814
 706544
 706512
 706405
 706363
 706253
 706182
 706123
 706039
 705876
 705851
 705767
 705613
 705401
 705368
 705337
 705202
 705175
 705160
 705149
 705126
 705024
 704506
 704453
 704445
 704377
 704339
 704268
 704016
 703948
 703903
 703889
 703875
 703857
 703823
 703743
 703635
 703601
 703454
 703199
 703127
 703074
 703051
 702990
 702908
 702645
 702580
 702463
 702274
 701897
 701854
 701781
 701728
 701655
 701624
 701332
 701244
 701135
 701133
 701119
 701058
 700841
 700840
 700766
 700742
 700643
 700619
 700519
 700504
 700048
 699926
 699905
 699890
 699830
 699756
 699673
 699658
 699613
 699587
 699546
 699439
 699359
 699251
 699135
 699075
 699013
 698886
 698821
 698642
 698640
 698490
 698461
 698138
 698128
 698109
 697954
 697761
 697625
 697607
 697537
 697517
 697513
 697376
 697375
 697356
 697353
 697348
 697321
 697291
 697234
 697180
 697157
 697139
 697086
 696987
 696750
 696745
 696591
 696526
 696423
 696113
 696055
 695871
 695740
 695355
 695290
 695278
 694915
 694886
 694584
 694573
 694566
 694531
 694452
 694436
 694363
 694317
 694241
 694227
 694136
 694032
 693773
 693724
 693500
 693455
 693391
 693384
 693274
 693273
 693216
 693202
 693178
 693177
 693163
 693128
 693074
 693001
 692731
 692645
 692510
 692508
 692488
 692473
 692421
 692355
 692311
 692307
 692268
 692035
 691979
 691975
 691927
 691815
 691743
 691611
 691609
 691553
 691498
 691299
 691271
 690609
 690562
 690441
 690373
 690052
 689951
 689762
 689226
 689182
 689158
 689118
 689112
 689029
 688964
 688922
 688869
 688803
 688758
 688740
 688664
 688556
 688460
 688186
 688170
 688167
 688151
 688013
 687988
 687968
 687690
 687623
 687603
 687435
 687411
 687367
 687315
 687204
 687192
 687092
 687054
 687028
 686981
 686919
 686898
 686773
 686639
 686637
 686548
 686515
 686361
 686276
 686176
 686035
 685761
 685612
 685346
 685285
 685130
 684960
 684554
 684419
 684417
 684267
 684246
 684215
 684131
 684083
 684075
 683993
 683954
 683947
 683336
 683314
 683260
 683257
 682926
 682828
 682406
 682247
 682052
 682020
 681972
 681953
 681837
 681792
 681498
 681483
 681359
 681318
 681033
 680907
 680883
 680851
 680822
 680813
 680579
 680487
 680431
 680233
 680196
 680050
 680020
 680007
 679972
 679813
 679787
 679584
 679546
 679491
 679274
 679245
 679138
 679098
 678940
 678831
 678658
 678560
 678450
 678380
 678098
 677914
 677904
 677745
 677682
 677563
 677457
 677402
 677156
 677107
 676932
 676867
 676842
 676703
 676669
 676616
 676597
 676458
 676360
 676292
 676184
 676121
 675991
 675908
 675740
 675634
 675599
 675540
 675469
 675269
 675039
 674844
 674840
 674830
 674780
 674766
 674605
 674517
 674153
 674096
 674067
 673747
 673582
 673579
 673511
 673461
 673451
 673212
 673186
 673151
 672855
 672682
 672644
 672581
 672564
 672366
 672186
 672167
 671939
 671906
 671813
 671551
 671243
 671235
 671195
 671174
 671043
 671005
 670972
 670818
 670807
 670744
 670623
 670561
 670478
 670396
 670330
 670103
 669927
 669888
 669663
 669635
 669506
 669479
 669475
 669434
 669211
 669144
 668830
 668780
 668745
 668625
 668593
 668584
 668542
 668409
 668303
 668266
 668255
 668233
 668205
 668195
 668158
 668017
 667964
 667883
 667798
 667774
 667755
 667754
 667702
 667661
 667194
 667072
 667071
 667044
 666996
 666937
 666738
 666723
 666666
 666258
 666129
 665870
 665866
 665735
 665698
 665671
 665653
 665561
 665495
 665287
 665033
 664934
 664796
 664754
 664739
 664694
 664677
 664670
 664643
 664567
 664188
 664040
 664036
 664016
 663670
 663663
 663573
 663527
 663482
 663414
 663314
 663313
 663286
 663228
 663194
 663157
 663101
 663098
 663055
 662898
 662887
 662737
 662658
 662522
 662274
 662251
 662231
 662076
 662016
 661978
 661967
 661802
 661764
 661631
 661513
 661410
 661064
 661059
 661049
 661016
 660964
 660731
 660596
 660595
 660594
 660473
 660333
 660273
 660204
 660194
 660122
 660082
 659952
 659906
 659845
 659811
 659745
 659701
 659522
 659361
 659225
 659072
 659047
 658767
 658478
 658373
 658204
 658186
 658173
 658005
 657967
 657915
 657863
 657855
 657836
 657722
 657657
 657618
 657594
 657463
 657285
 657260
 657228
 657124
 656990
 656934
 656923
 656804
 656795
 656759
 656694
 656645
 656224
 656206
 656179
 656144
 656111
 656081
 655938
 655765
 655707
 655689
 655640
 655607
 655555
 655550
 655395
 655358
 655328
 655183
 655168
 655055
 655037
 654968
 654908
 654633
 654614
 654548
 654463
 654430
 654115
 653929
 653807
 653795
 653780
 653617
 653531
 653366
 652952
 652866
 652712
 652594
 652520
 652334
 652275
 652173
 651951
 651893
 651794
 651652
 651631
 651579
 651396
 651323
 651272
 651257
 651233
 651112
 651090
 651037
 650914
 650822
 650774
 650656
 650417
 650336
 650332
 650314
 650266
 650188
 650030
 649979
 649957
 649856
 649802
 649717
 649685
 649600
 649508
 649496
 649465
 649446
 649396
 649353
 649320
 649228
 649217
 649173
 649006
 648931
 648601
 648596
 648262
 648239
 648220
 648153
 648089
 648050
 648019
 648010
 648004
 647969
 647887
 647820
 647562
 647516
 647482
 646898
 646766
 646350
 646315
 646239
 646196
 645951
 645727
 645555
 645427
 645399
 645293
 645125
 645093
 645066
 645040
 644905
 644859
 644795
 644677
 644596
 644425
 644377
 644293
 644262
 644181
 644154
 644153
 644028
 644026
 644005
 644000
 643952
 643949
 643923
 643869
 643797
 643527
 643274
 643206
 643153
 642988
 642867
 642749
 642578
 642577
 642569
 642553
 642465
 642377
 642201
 642187
 641959
 641827
 641707
 641706
 641703
 641652
 641639
 641597
 641565
 641314
 641279
 641079
 641025
 640805
 640746
 640668
 640293
 640167
 640098
 639778
 639620
 639455
 639438
 639410
 639360
 639319
 639196
 639183
 639132
 638982
 638894
 638846
 638771
 638711
 638646
 638471
 638441
 638382
 638376
 638316
 638161
 638154
 638066
 637972
 637927
 637911
 637839
 637681
 637633
 637583
 637288
 637141
 637080
 637039
 637026
 637015
 636952
 636800
 636674
 636636
 636499
 636413
 636363
 636174
 636126
 636119
 635984
 635958
 635878
 635752
 635700
 635632
 635575
 635368
 635367
 635344
 635239
 635113
 634985
 634942
 634787
 634613
 634529
 634459
 634223
 634098
 633898
 633873
 633826
 633777
 633356
 633064
 633062
 632733
 632701
 632258
 632143
 632058
 632025
 631933
 631896
 631895
 631578
 631532
 631419
 631292
 631285
 630832
 630368
 630346
 630276
 630174
 630136
 630134
 629596
 629570
 629458
 629181
 629070
 629000
 628995
 628992
 628948
 628898
 628845
 628844
 628826
 628792
 628737
 628650
 628619
 628571
 628398
 628361
 628235
 628231
 628193
 628062
 628061
 628037
 627936
 627822
 627737
 627666
 627579
 627308
 627204
 627174
 627130
 627069
 626826
 626673
 626661
 626517
 626303
 626291
 626266
 626177
 626140
 626128
 625899
 625848
 625692
 625668
 625623
 625593
 625264
 625219
 625197
 625189
 624985
 624972
 624909
 624839
 624812
 624773
 624680
 624561
 624421
 624418
 624398
 624330
 624271
 624246
 624160
 624132
 624126
 623844
 623785
 623753
 623697
 623665
 623542
 623512
 623386
 623096
 623080
 623050
 622941
 622861
 622565
 622548
 622507
 622464
 622436
 622277
 622260
 622126
 622072
 621940
 621879
 621827
 621809
 621797
 621651
 621635
 621541
 621503
 621409
 621309
 621239
 621083
 621081
 621004
 620993
 620817
 620787
 620736
 620682
 620635
 620492
 620179
 620174
 620121
 620067
 619955
 619448
 619447
 619352
 619337
 619118
 618946
 618943
 618744
 618690
 618597
 618590
 618579
 618565
 618528
 618466
 617916
 617886
 617833
 617737
 617706
 617584
 617534
 617500
 617304
 617228
 617188
 617100
 617014
 616892
 616890
 616865
 616844
 616679
 616600
 616550
 616381
 616358
 616322
 616181
 616140
 616102
 616062
 616033
 616024
 615942
 615599
 615550
 615519
 615435
 615298
 615293
 615218
 614887
 614605
 614602
 614548
 614285
 614192
 613907
 613623
 613562
 613555
 613411
 613168
 613138
 613067
 613057
 613042
 613023
 612955
 612941
 612858
 612743
 612741
 612632
 612492
 612345
 612197
 612188
 612177
 611905
 611820
 611774
 611752
 611667
 611501
 611491
 611417
 611320
 611313
 611008
 610993
 610966
 610822
 610815
 610710
 610566
 610486
 610441
 610367
 610351
 610338
 610282
 610164
 610163
 610113
 610093
 610027
 610019
 609994
 609877
 609780
 609563
 609562
 609413
 609332
 609270
 609167
 609020
 608959
 608734
 608665
 608445
 608303
 608254
 608247
 607938
 607900
 607808
 607786
 607763
 607761
 607655
 607594
 607561
 607530
 607503
 607476
 607407
 607398
 607169
 606965
 606934
 606779
 606774
 606771
 606000
 605993
 605932
 605805
 605575
 605389
 605365
 604986
 604446
 604441
 604245
 604214
 604106
 604061
 603979
 603909
 603851
 603798
 603608
 603601
 603600
 603517
 603442
 603337
 603236
 603222
 603037
 603012
 602901
 602882
 602830
 602651
 602605
 602441
 602432
 602270
 602166
 602020
 601931
 601790
 601775
 601671
 601660
 601609
 601542
 601137
 601125
 600988
 600614
 600577
 600448
 600363
 600112
 599999
 599977
 599733
 599726
 599551
 599535
 599530
 599515
 599384
 599229
 599134
 599118
 599022
 598952
 598902
 598826
 598546
 598479
 598273
 598137
 598071
 598053
 597938
 597845
 597758
 597487
 597384
 597333
 597328
 597289
 597002
 596994
 596932
 596915
 596791
 596790
 596711
 596574
 596500
 596156
 596054
 596046
 595990
 595839
 595752
 595744
 595660
 595473
 595467
 595458
 595439
 595414
 595409
 595224
 595178
 595171
 595117
 595112
 595085
 594594
 594337
 594283
 593999
 593796
 593763
 593762
 593761
 593707
 593558
 593525
 593339
 593232
 593220
 593127
 592852
 592638
 592582
 592384
 592374
 592345
 592321
 592047
 591981
 591732
 591492
 591386
 591098
 591037
 590891
 590492
 590340
 590199
 590163
 590131
 589823
 589642
 589616
 589539
 589522
 589512
 589484
 589300
 589213
 589114
 589059
 588956
 588865
 588695
 588596
 588573
 588337
 588184
 588153
 588076
 588041
 588026
 587878
 587854
 587839
 587830
 587514
 587511
 587409
 587284
 587224
 587195
 587110
 586754
 586750
 586666
 586592
 586164
 586124
 585961
 585817
 585769
 585737
 585669
 585564
 585545
 585534
 585532
 585522
 585274
 585214
 585089
 584940
 584666
 584532
 584362
 583990
 583887
 583771
 583661
 583571
 583547
 583419
 583263
 583254
 582985
 582917
 582852
 582817
 582728
 582725
 582332
 582216
 582207
 582202
 582142
 581825
 581797
 581622
 581470
 581349
 581274
 581141
 581068
 581042
 581040
 580908
 580683
 580671
 580616
 580340
 580297
 580272
 580236
 580169
 580142
 580092
 580057
 580050
 580049
 579845
 579615
 579306
 579158
 579121
 578686
 578664
 578658
 578644
 578617
 578549
 578326
 578319
 578233
 577991
 577554
 577540
 577522
 577482
 577415
 577349
 577290
 576937
 576894
 576844
 576836
 576507
 576494
 576485
 576484
 576462
 576455
 576033
 575869
 575866
 575806
 575744
 575699
 575663
 575661
 575626
 575607
 575451
 575426
 575406
 575390
 575270
 575113
 574940
 574841
 574763
 574709
 574654
 574479
 574398
 574348
 574321
 574284
 574178
 574078
 573826
 573785
 573757
 573570
 573489
 573420
 573383
 573165
 573046
 573034
 572740
 572543
 572482
 572453
 572159
 572151
 571955
 571937
 571917
 571899
 571718
 571568
 571428
 571405
 571346
 571190
 571032
 570804
 570764
 570644
 570635
 570611
 570520
 570423
 570228
 570192
 570026
 569895
 569852
 569531
 569327
 569251
 569002
 568864
 568697
 568685
 568627
 568600
 568564
 568539
 568534
 568454
 568434
 568345
 568304
 568241
 568234
 567871
 567799
 567776
 567765
 567360
 567347
 567265
 567254
 567173
 567090
 566644
 566534
 566508
 566395
 566205
 566192
 566177
 566037
 565537
 565304
 565294
 565255
 565231
 565065
 564880
 564831
 564726
 564308
 564278
 564237
 564196
 563990
 563910
 563876
 563862
 563832
 563784
 563465
 563434
 563362
 563324
 563279
 563156
 563030
 562698
 562676
 562411
 562389
 562179
 561809
 561480
 561363
 561328
 561310
 561276
 561249
 561181
 561103
 561099
 561011
 560821
 560773
 560527
 560444
 560427
 560354
 560171
 559999
 559961
 559891
 559869
 559683
 559617
 559463
 559388
 559383
 559375
 559322
 559297
 559276
 559193
 559161
 558954
 558811
 558426
 558397
 558333
 558189
 558026
 557954
 557895
 557779
 557651
 557602
 557599
 557329
 557099
 556937
 556728
 556719
 556485
 556457
 556441
 556365
 556364
 556140
 555874
 555831
 555689
 555560
 555555
 555482
 555440
 555377
 555197
 555172
 555170
 555152
 555074
 555040
 554752
 554744
 554533
 554398
 554374
 554343
 554280
 554233
 554216
 554140
 554047
 554031
 553969
 553929
 553850
 553714
 553542
 553499
 553398
 553355
 553191
 553154
 553015
 552895
 552853
 552835
 552629
 552517
 552412
 552331
 552176
 552017
 551959
 551952
 551758
 551749
 551658
 551632
 551477
 551316
 551241
 551224
 551120
 551072
 551011
 550703
 550526
 550376
 550344
 550335
 550307
 550181
 550148
 549966
 549830
 549800
 549746
 549629
 549442
 549267
 549198
 549197
 549171
 548973
 548677
 548507
 548448
 548417
 548344
 548262
 548109
 547901
 547860
 547731
 547627
 547378
 547363
 547303
 547079
 547068
 547047
 546993
 546981
 546905
 546899
 546651
 546577
 546547
 546398
 546381
 546368
 546355
 546233
 546198
 546178
 546119
 546110
 546106
 546064
 546024
 546021
 546005
 545918
 545911
 545820
 545770
 545767
 545524
 545470
 545390
 545211
 545192
 544996
 544962
 544810
 544787
 544284
 544225
 544125
 543955
 543924
 543859
 543692
 543589
 543413
 543396
 543368
 543350
 543300
 542705
 542692
 542663
 542288
 542056
 541984
 541822
 541794
 541698
 541674
 541656
 541592
 541536
 541466
 541388
 541303
 541255
 541181
 541069
 541041
 541006
 540127
 540106
 540084
 539792
 539788
 539709
 539703
 539687
 539667
 539605
 539588
 539549
 539492
 539240
 539143
 539137
 539047
 538916
 538899
 538887
 538729
 538563
 538520
 538477
 538364
 538262
 538243
 538207
 538202
 538054
 537572
 537475
 537462
 537315
 537313
 537132
 536995
 536987
 536955
 536904
 536840
 536755
 536742
 536695
 536682
 536681
 536068
 536054
 536026
 535833
 535700
 535664
 535449
 535426
 535255
 535197
 535102
 534934
 534932
 534706
 534522
 534279
 534267
 534165
 534117
 534028
 533837
 533738
 533693
 533557
 533538
 533455
 533424
 533401
 533333
 533218
 533118
 532981
 532897
 532620
 532548
 532481
 532226
 532223
 531970
 531960
 531920
 531817
 531686
 531505
 531253
 531204
 531129
 531112
 531047
 530940
 530720
 530684
 530435
 530155
 530096
 529760
 529580
 529411
 529365
 529178
 529141
 529040
 528976
 528965
 528741
 528709
 528682
 528681
 528271
 528257
 528221
 528063
 528055
 527985
 527936
 527870
 527759
 527237
 527207
 527070
 526994
 526662
 526581
 526566
 526486
 526436
 526335
 526280
 526265
 526232
 526218
 526208
 526155
 525835
 525793
 525773
 525665
 525459
 525456
 525266
 525239
 525150
 524980
 524810
 524734
 524722
 524654
 524558
 524532
 524525
 524487
 524472
 524437
 524372
 524335
 524214
 524036
 523961
 523932
 523860
 523675
 523511
 523284
 523167
 523068
 523035
 522918
 522629
 522509
 522502
 522286
 522181
 522124
 522116
 521978
 521923
 521844
 521681
 521646
 521573
 521546
 521465
 521228
 521223
 521059
 520917
 520842
 520835
 520746
 520520
 520412
 520140
 520000
 519894
 519814
 519813
 519543
 519470
 519163
 519154
 519100
 519048
 518796
 518773
 518725
 518723
 518681
 518571
 518518
 518304
 517875
 517786
 517775
 517739
 517695
 517562
 517545
 517509
 517434
 517147
 517035
 516994
 516980
 516971
 516757
 516531
 516473
 516431
 516353
 516226
 516147
 516094
 516050
 516011
 515837
 515699
 515686
 515351
 515325
 515318
 515243
 514937
 514915
 514905
 514888
 514870
 514660
 514199
 514048
 513704
 513485
 513440
 513365
 513353
 513237
 513173
 513153
 513070
 513031
 512977
 512797
 512615
 512433
 512374
 512321
 512159
 512130
 512106
 512004
 511908
 511888
 511861
 511811
 511717
 511705
 511674
 511278
 511273
 511230
 511079
 510818
 510703
 510686
 510580
 510491
 510389
 510379
 510371
 510328
 510127
 510104
 510078
 509994
 509454
 509419
 509189
 509166
 509095
 509010
 508820
 508746
 508692
 508569
 508550
 508394
 508315
 508154
 508092
 507984
 507628
 507620
 507573
 507555
 507537
 507508
 507301
 507284
 507244
 507200
 507115
 506999
 506987
 506951
 506947
 506818
 506690
 506644
 506622
 506435
 506358
 506342
 506295
 506116
 506047
 505709
 505639
 505261
 505135
 505007
 504909
 504585
 504373
 504234
 504197
 504132
 504065
 503987
 503916
 503772
 503713
 503686
 503605
 503592
 503257
 503214
 503188
 502876
 502654
 502591
 502434
 502232
 502109
 502041
 501997
 501904
 501773
 501574
 501495
 501410
 501363
 501253
 501245
 501149
 500976
 500912
 500863
 500675
 500640
 500567
 500559
 500428
 500330
 500271
 500188
 500159
 500125
 500059
 500000
 499718
 499475
 499448
 499321
 499235
 499225
 499204
 499197
 499062
 498980
 498826
 498710
 498654
 498397
 498316
 498190
 498159
 498115
 498085
 497964
 497943
 497832
 497810
 497731
 497511
 497449
 497041
 497027
 496997
 496976
 496836
 496662
 496584
 496524
 496493
 496288
 496121
 496006
 495978
 495749
 495610
 495558
 495523
 495510
 495488
 495430
 495410
 495213
 494857
 494856
 494835
 494825
 494722
 494704
 494684
 494656
 494504
 494327
 494260
 494238
 493996
 493893
 493836
 493795
 493625
 493547
 493522
 493405
 493210
 493125
 493068
 493053
 493019
 492918
 492631
 492557
 492531
 492348
 492316
 492289
 492108
 492043
 492013
 492004
 491989
 491960
 491787
 491783
 491691
 491647
 491525
 491394
 491377
 491289
 491100
 491006
 491002
 490757
 490718
 490621
 490489
 490464
 490440
 490330
 490320
 490069
 490057
 490001
 489998
 489925
 489873
 489844
 489392
 489120
 488964
 488921
 488829
 488828
 488773
 488564
 488562
 488393
 488083
 488061
 488052
 487948
 487883
 487870
 487804
 487674
 487647
 487544
 487536
 487479
 487475
 487373
 487327
 487216
 487188
 487185
 486943
 486928
 486872
 486842
 486830
 486793
 486782
 486767
 486761
 486718
 486624
 486579
 486545
 486442
 486330
 486225
 486095
 486075
 485940
 485557
 485460
 485291
 485166
 485131
 485130
 485097
 484851
 484732
 484511
 484336
 484313
 484304
 484138
 483721
 483698
 483534
 483312
 483257
 482902
 482868
 482816
 482758
 482724
 482590
 482515
 482511
 482447
 482072
 482002
 481870
 481840
 481795
 481762
 481478
 481333
 481218
 481138
 481021
 481012
 480377
 480362
 480333
 480188
 480158
 480113
 480000
 479905
 479764
 479552
 479438
 479429
 479063
 478882
 478764
 478698
 478661
 478421
 478206
 477880
 477679
 477626
 477573
 477315
 477286
 477104
 476664
 476568
 476477
 476464
 476176
 475970
 475833
 475584
 475521
 475483
 475480
 475403
 475208
 475193
 474962
 474959
 474887
 474829
 474801
 474768
 474766
 474723
 474719
 474576
 474447
 474335
 474100
 474066
 473994
 473956
 473955
 473701
 473684
 473642
 473562
 473536
 473456
 473375
 472912
 472727
 472628
 472579
 472168
 472140
 472118
 472006
 471910
 471908
 471867
 471850
 471647
 471610
 471544
 471479
 471323
 471165
 471160
 471089
 471016
 470955
 470847
 470829
 470790
 470728
 470279
 469895
 469841
 469761
 469754
 469556
 469484
 469218
 469087
 469075
 468959
 468861
 468716
 468700
 468615
 468438
 468224
 468137
 468112
 468086
 468053
 467914
 467820
 467805
 467796
 467769
 467606
 467464
 467439
 467417
 467412
 467341
 467114
 467064
 466996
 466967
 466900
 466565
 466556
 466431
 466410
 466306
 466130
 466078
 466071
 466042
 466040
 465899
 465697
 465117
 465071
 464769
 464743
 464526
 464503
 464493
 464428
 464372
 464276
 463687
 463672
 463655
 463433
 463314
 463247
 463242
 463238
 463217
 463127
 463097
 463016
 462852
 462681
 462664
 462651
 462537
 462490
 462429
 462353
 462351
 462213
 461924
 461538
 461386
 461275
 461229
 461042
 460624
 460603
 460433
 460427
 460410
 460173
 459911
 459816
 459622
 459396
 459370
 459317
 459195
 459102
 458952
 458823
 458743
 458616
 458607
 458599
 458525
 458444
 458379
 458333
 458191
 457972
 457943
 457877
 457854
 457849
 457617
 457544
 457492
 457298
 457253
 457172
 456904
 456896
 456819
 456701
 456692
 456635
 456451
 456397
 456153
 456140
 456036
 456026
 455894
 455882
 455710
 455621
 455451
 455412
 455407
 455347
 455252
 455250
 455101
 455064
 455049
 454990
 454940
 454724
 454668
 454523
 454297
 454127
 453755
 453511
 453405
 453400
 453271
 453237
 453080
 453027
 452910
 452807
 452786
 452736
 452728
 452437
 452415
 452331
 452300
 452250
 452237
 452093
 452067
 451949
 451668
 451483
 451381
 451224
 451213
 451041
 451029
 450987
 450980
 450939
 450776
 450704
 450549
 450495
 450491
 450250
 450148
 450051
 449699
 449641
 449553
 449429
 449378
 449157
 449046
 448978
 448880
 448777
 448695
 448577
 448374
 448362
 448275
 448169
 448133
 448063
 447857
 447434
 447266
 447158
 447017
 446914
 446903
 446871
 446823
 446708
 446390
 446356
 446208
 446162
 446042
 445890
 445813
 445269
 445149
 444987
 444866
 444713
 444642
 444628
 444386
 444293
 444109
 443952
 443930
 443864
 443758
 443674
 443609
 443550
 443423
 443347
 443002
 442970
 442876
 442315
 442011
 441957
 441897
 441884
 441633
 441563
 441542
 441340
 441281
 441152
 440993
 440878
 440852
 440726
 440688
 440560
 440506
 440485
 440377
 440366
 440295
 440271
 440250
 440072
 439882
 439734
 439710
 439709
 439642
 439628
 439591
 439567
 439390
 439099
 439040
 438960
 438957
 438950
 438935
 438851
 438787
 438324
 438046
 438035
 437927
 437914
 437892
 437860
 437745
 437689
 437598
 437591
 437500
 437489
 437435
 437413
 437159
 437012
 437004
 436865
 436853
 436816
 436723
 436705
 436431
 436313
 436175
 436099
 436079
 436028
 435936
 435870
 435696
 435649
 435611
 435594
 435447
 435430
 435029
 434782
 434604
 434442
 434385
 434311
 434225
 434122
 434111
 433994
 433952
 433721
 433632
 433628
 433604
 433561
 433436
 433266
 433208
 433171
 433163
 433155
 433154
 433129
 433053
 432919
 432773
 432760
 432631
 432432
 432273
 431871
 431761
 431712
 431675
 431669
 431490
 431457
 431356
 431309
 431298
 431293
 431280
 431180
 430769
 430534
 430452
 430375
 430370
 430299
 430232
 430167
 430077
 430018
 430017
 430010
 429957
 429951
 429805
 429792
 429738
 429701
 429615
 429591
 429510
 429142
 428571
 428279
 428246
 428242
 428214
 428107
 428078
 427850
 427798
 427441
 427249
 427131
 426888
 426827
 426787
 426724
 426666
 426292
 426263
 426131
 426057
 426050
 425994
 425979
 425854
 425842
 425835
 425784
 425731
 425713
 425576
 425507
 425499
 425272
 425237
 425086
 425044
 424917
 424883
 424851
 424815
 424810
 424460
 424405
 424390
 424318
 423921
 423918
 423885
 423732
 423728
 423620
 423619
 423555
 423503
 423376
 423228
 423100
 423094
 422966
 422740
 422538
 422253
 422009
 421953
 421868
 421848
 421847
 421790
 421741
 421701
 421487
 421404
 421307
 421236
 420993
 420880
 420701
 420680
 420564
 420439
 420361
 420352
 420261
 419842
 419774
 419716
 419709
 419699
 419697
 419692
 419627
 419598
 419460
 419451
 419370
 419350
 419220
 419189
 419006
 418621
 418604
 418444
 418430
 418379
 418043
 418011
 417998
 417989
 417818
 417806
 417736
 417721
 417659
 417559
 417519
 417460
 417404
 417256
 416993
 416833
 416765
 416685
 416615
 416457
 416363
 416362
 416266
 416149
 416040
 415971
 415882
 415774
 415716
 415602
 415505
 415434
 415368
 415300
 415221
 415213
 415114
 414778
 414772
 414655
 414389
 414296
 414255
 414204
 413853
 413821
 413787
 413705
 413692
 413674
 413583
 413382
 413333
 413295
 413281
 413180
 413166
 413148
 413071
 413070
 412994
 412844
 412793
 412698
 412482
 412474
 412406
 412187
 412158
 411816
 411764
 411663
 411598
 411302
 410915
 410885
 410729
 410638
 410635
 410626
 410501
 410342
 410336
 409993
 409734
 409499
 409475
 409406
 409364
 409274
 409262
 409185
 409163
 409069
 409012
 409010
 408856
 408848
 408717
 408699
 408669
 408654
 408645
 408341
 408331
 408329
 408239
 408060
 408057
 407986
 407773
 407693
 407521
 407446
 407303
 407154
 406993
 406982
 406958
 406939
 406626
 406521
 406451
 406307
 406242
 406091
 406018
 405859
 405826
 405709
 405588
 405425
 405012
 404677
 404406
 404360
 404083
 403991
 403893
 403703
 403575
 403243
 403100
 403008
 402998
 402957
 402679
 402622
 402403
 402340
 402294
 402194
 402061
 401932
 401826
 401479
 401433
 401355
 401236
 401059
 400806
 400630
 400625
 400390
 400311
 400293
 400291
 400135
 400053
 400000
 399905
 399853
 399787
 399722
 399565
 399541
 399381
 399341
 399300
 399288
 399234
 399153
 398496
 398484
 398402
 398373
 398324
 398233
 398230
 398032
 397979
 397818
 397515
 397493
 397490
 397475
 397333
 397184
 397106
 397103
 396923
 396805
 396716
 396601
 396461
 396451
 396350
 396293
 395920
 395870
 395612
 395470
 395348
 395273
 395195
 395164
 395149
 395036
 394969
 394895
 394855
 394805
 394644
 394477
 394437
 394300
 394199
 394121
 393988
 393939
 393867
 393842
 393806
 393700
 393608
 393603
 393382
 393294
 393258
 393250
 393198
 393134
 393124
 393038
 392864
 392701
 392611
 392516
 392504
 392404
 392338
 392332
 392169
 392097
 391994
 391944
 391852
 391730
 391715
 391371
 391265
 391253
 391240
 391112
 391103
 391062
 390899
 390780
 390607
 390467
 390460
 390453
 390448
 390404
 390129
 389887
 389867
 389554
 389356
 389319
 389253
 389198
 388888
 388746
 388356
 388196
 388109
 387624
 387518
 387430
 387394
 387316
 387292
 387291
 387145
 387090
 387049
 386889
 386808
 386743
 386720
 386619
 386617
 386536
 386487
 386430
 386138
 386056
 386055
 386048
 386041
 385800
 385745
 385499
 384913
 384799
 384636
 384473
 384407
 384352
 384334
 384176
 384078
 384031
 383977
 383966
 383872
 383795
 383651
 383648
 383485
 383477
 383100
 382978
 382962
 382930
 382923
 382916
 382811
 382810
 382674
 382608
 381985
 381914
 381878
 381710
 381642
 381519
 381427
 381344
 381318
 381283
 381182
 381026
 380910
 380738
 380716
 380701
 380662
 380655
 380281
 379990
 379959
 379836
 379787
 379720
 379713
 379709
 379704
 379613
 379310
 378671
 378550
 378475
 378437
 378436
 378236
 378233
 378084
 377842
 377575
 377556
 377517
 377424
 377358
 377339
 377332
 377220
 377202
 377174
 377128
 377007
 376979
 376759
 376517
 376485
 376429
 376271
 376222
 376209
 375723
 375464
 375367
 375330
 375328
 375144
 375072
 375057
 375030
 374900
 374839
 374814
 374701
 374614
 374508
 374452
 374288
 374142
 374123
 373821
 373730
 373717
 373673
 373647
 373540
 373490
 373414
 373209
 373125
 372945
 372803
 372633
 372447
 372430
 372224
 371967
 371910
 371876
 371864
 371742
 371723
 371679
 371672
 371359
 371337
 371326
 371298
 370906
 370697
 370684
 370588
 370542
 370444
 370174
 370081
 369976
 369858
 369390
 369247
 369155
 369067
 369040
 369005
 368843
 368756
 368645
 368482
 368421
 368352
 368311
 368251
 368135
 368122
 368114
 368015
 367731
 367690
 367632
 367465
 367425
 367342
 367332
 367205
 367128
 367075
 367015
 366862
 366744
 366434
 366409
 366360
 366221
 366176
 366174
 366150
 366120
 365902
 365844
 365829
 365765
 365759
 365652
 365614
 365505
 365361
 365258
 365154
 364885
 364743
 364527
 364367
 364296
 364250
 364133
 363884
 363827
 363781
 363746
 363630
 363541
 363408
 363404
 363190
 363131
 362990
 362963
 362939
 362798
 362748
 362702
 362701
 362643
 362527
 362471
 362173
 362070
 361814
 361702
 361487
 361422
 361421
 361385
 361240
 361194
 361116
 361030
 360906
 360771
 360577
 360499
 360279
 359999
 359933
 359388
 359381
 359301
 359196
 359150
 359011
 358936
 358897
 358672
 358401
 358296
 358227
 358222
 357989
 357748
 357576
 357482
 357432
 357382
 357287
 357181
 357021
 356955
 356893
 356842
 356809
 356807
 356652
 356505
 356427
 356390
 356321
 356129
 356060
 356050
 355882
 355790
 355745
 355719
 355694
 355572
 355514
 355418
 355316
 355237
 355194
 355164
 355085
 355040
 354895
 354838
 354810
 354670
 354535
 354529
 354512
 354492
 354419
 354366
 354305
 354198
 354077
 354021
 353897
 353881
 353663
 353639
 353571
 353550
 353402
 353189
 353148
 353027
 352954
 352875
 352835
 352578
 352479
 352449
 352314
 352308
 352303
 352272
 352211
 352145
 352095
 352018
 351931
 351732
 351717
 351667
 351664
 351508
 351472
 351231
 351224
 351129
 351047
 350997
 350880
 350456
 350443
 350408
 350284
 350253
 350221
 350199
 350145
 350051
 350034
 349970
 349892
 349753
 349730
 349648
 349506
 349433
 349272
 349245
 348903
 348805
 348576
 348574
 348555
 348479
 348371
 348286
 348147
 347953
 347925
 347621
 347452
 347404
 347368
 347332
 347197
 347191
 347152
 347074
 347021
 346958
 346724
 346661
 346628
 346560
 346470
 346386
 346363
 346122
 345958
 345822
 345577
 345457
 345406
 345339
 345323
 345311
 345213
 345103
 344908
 344891
 344748
 344645
 344468
 344406
 344172
 344129
 344103
 344023
 343994
 343956
 343837
 343776
 343769
 343654
 343600
 343580
 343495
 343368
 343217
 343211
 342909
 342899
 342888
 342813
 342493
 342465
 341776
 341597
 341539
 341499
 341383
 341176
 341171
 341048
 340963
 340882
 340764
 340713
 340677
 340489
 340404
 340144
 340125
 340101
 340013
 340011
 340003
 339953
 339876
 339622
 339566
 339535
 339411
 339298
 339288
 339184
 339103
 338926
 338853
 338671
 338304
 338250
 337925
 337787
 337663
 337479
 337400
 337291
 337254
 337051
 336933
 336730
 336712
 336637
 336610
 336609
 336457
 336324
 336212
 336159
 336099
 336002
 335898
 335704
 335551
 335473
 335468
 335278
 335186
 335037
 334913
 334859
 334853
 334842
 334840
 334816
 334682
 334391
 334198
 334049
 333901
 333882
 333473
 333333
 333223
 333140
 333051
 332959
 332899
 332842
 332737
 332333
 332313
 332225
 332217
 332146
 332110
 332083
 332021
 331810
 331782
 331759
 331611
 331541
 331376
 331269
 331149
 331094
 330975
 330851
 330473
 330457
 330292
 330271
 330166
 330112
 330105
 330016
 329655
 329623
 329499
 329471
 329306
 329228
 329100
 329011
 328929
 328847
 328785
 328600
 328512
 328484
 328403
 328140
 328027
 327983
 327889
 327836
 327808
 327787
 327475
 327229
 327182
 326877
 326805
 326797
 326786
 326666
 326562
 326389
 326363
 326215
 326126
 326102
 325614
 325479
 325404
 325288
 325214
 325029
 324989
 324894
 324847
 324838
 324835
 324650
 324642
 324553
 324442
 324207
 324174
 323957
 323942
 323816
 323738
 323345
 323342
 323258
 323205
 323139
 323065
 323045
 322986
 322957
 322888
 322712
 322693
 322556
 322476
 322306
 322268
 322036
 322033
 321995
 321970
 321888
 321829
 321791
 321790
 321739
 321622
 321492
 321288
 320954
 320712
 320652
 320626
 320298
 320188
 320112
 320008
 319789
 319386
 319376
 319373
 319145
 319081
 319080
 319064
 319058
 319012
 318987
 318948
 318863
 318809
 318712
 318592
 318423
 318277
 318084
 317909
 317769
 317517
 317456
 317390
 317386
 317376
 317243
 317213
 317176
 317162
 317085
 316973
 316935
 316864
 316828
 316796
 316770
 316680
 316619
 316222
 316168
 315996
 315854
 315662
 315520
 315118
 314885
 314811
 314775
 314759
 314757
 314614
 314599
 314594
 314571
 314387
 314314
 314285
 314273
 313996
 313937
 313932
 313916
 313842
 313840
 313630
 313623
 313620
 313561
 313493
 313459
 313328
 313294
 313191
 313083
 313081
 313070
 312906
 312900
 312849
 312839
 312806
 312741
 312500
 312483
 312474
 312471
 312455
 312361
 312346
 312319
 312256
 312151
 312101
 312094
 312002
 311745
 311621
 311363
 311338
 311292
 311221
 311177
 311065
 310950
 310848
 310803
 310750
 310621
 310518
 310496
 310438
 310408
 310344
 310328
 310180
 310179
 310146
 310136
 310123
 310079
 310061
 310025
 310003
 309969
 309865
 309703
 309698
 309692
 309571
 309517
 309485
 309484
 309480
 309473
 309341
 309298
 309262
 309234
 309218
 309134
 309011
 308795
 308731
 308681
 308583
 308512
 308373
 308056
 307889
 307824
 307789
 307692
 307624
 307610
 307517
 307292
 307206
 307165
 307122
 307008
 306898
 306827
 306826
 306605
 306507
 306401
 306272
 306082
 306021
 305843
 305712
 305683
 305570
 305539
 305392
 305210
 305172
 305099
 305045
 304992
 304973
 304964
 304846
 304746
 304365
 304125
 303995
 303906
 303859
 303821
 303793
 303727
 303548
 303397
 303370
 303289
 303225
 303187
 303061
 303010
 302946
 302903
 302782
 302702
 302649
 302564
 302521
 302325
 302260
 302255
 302211
 302067
 301997
 301981
 301587
 301535
 301530
 301518
 301497
 301455
 301369
 301366
 301187
 301175
 301044
 300968
 300945
 300911
 300898
 300876
 300848
 300825
 300746
 300732
 300677
 300585
 300527
 300505
 300493
 300371
 300369
 300330
 300286
 300134
 300126
 300027
 299963
 299956
 299831
 299685
 299664
 299544
 299521
 299340
 299269
 299253
 299221
 299191
 299125
 299106
 299052
 298902
 298833
 298777
 298691
 298572
 298269
 298178
 298124
 298090
 297924
 297882
 297872
 297828
 297701
 297632
 297609
 297320
 297028
 296931
 296679
 296650
 296528
 296425
 296394
 296296
 296196
 296041
 295938
 295891
 295758
 295740
 295724
 295720
 295335
 295235
 295022
 295011
 294987
 294847
 294803
 294785
 294534
 294527
 294510
 294484
 294440
 294248
 294082
 293905
 293867
 293855
 293765
 293706
 293677
 293649
 293506
 293355
 293257
 293137
 293026
 293023
 292924
 292786
 292743
 292682
 292524
 292457
 292376
 292204
 292145
 292042
 292040
 291968
 291932
 291881
 291642
 291526
 291518
 291038
 291027
 291025
 290907
 290839
 290820
 290743
 290415
 290240
 290115
 290048
 290009
 289959
 289855
 289779
 289681
 289593
 289567
 289558
 289435
 289363
 288998
 288991
 288915
 288907
 288588
 288537
 288489
 288380
 288372
 288351
 288297
 288187
 288070
 287804
 287668
 287534
 287440
 287406
 287325
 287319
 287314
 287038
 286962
 286930
 286836
 286654
 286442
 286277
 286273
 286079
 286045
 286042
 286018
 285944
 285714
 285617
 285470
 285371
 285329
 285165
 285140
 285084
 285052
 284893
 284698
 284675
 284635
 284601
 284536
 284529
 284508
 284462
 284193
 284192
 284102
 284050
 284011
 283886
 283775
 283726
 283582
 283544
 283362
 283340
 283196
 283162
 282870
 282808
 282776
 282754
 282751
 282737
 282627
 282540
 282497
 282367
 282325
 282128
 281853
 281765
 281586
 281585
 281375
 281303
 281243
 281161
 281132
 281022
 280856
 280839
 280403
 280071
 280002
 280000
 279650
 279557
 279556
 279514
 279503
 279465
 279353
 279265
 279228
 279168
 278952
 278571
 278241
 278190
 278145
 278065
 277811
 277168
 277057
 277036
 277023
 276948
 276677
 276529
 276488
 276475
 276458
 276450
 276421
 276306
 276151
 276140
 275987
 275980
 275858
 275830
 275772
 275770
 275649
 275530
 275528
 275426
 275398
 275313
 275045
 274899
 274861
 274714
 274689
 274561
 274160
 274087
 274077
 274066
 273829
 273790
 273614
 273604
 273517
 273502
 273471
 273454
 273404
 272999
 272958
 272597
 272587
 272531
 272361
 272318
 272114
 271542
 271399
 271260
 271206
 270669
 270461
 270281
 270211
 270129
 270123
 270106
 269999
 269908
 269892
 269851
 269782
 269737
 269593
 269550
 269379
 269285
 269077
 268979
 268857
 268759
 268710
 268608
 268502
 268426
 268228
 268139
 268122
 268118
 268074
 267585
 267564
 267519
 267515
 267486
 267450
 267417
 267201
 267166
 267078
 267076
 266947
 266876
 266757
 266492
 266477
 266412
 266366
 266320
 266256
 266003
 265804
 265783
 265672
 265670
 265493
 265356
 265282
 265138
 265016
 264999
 264929
 264850
 264687
 264433
 264323
 264322
 264311
 264269
 264255
 264006
 263830
 263811
 263611
 263565
 263349
 263314
 263229
 263226
 263222
 263202
 263087
 263072
 263018
 262993
 262937
 262931
 262859
 262714
 262696
 262468
 262213
 262210
 262171
 262105
 262069
 261955
 261896
 261637
 261553
 261528
 261502
 261448
 261261
 261151
 260745
 260703
 260680
 260571
 260427
 260382
 260366
 259974
 259841
 259668
 259640
 259630
 259548
 259540
 259530
 259414
 259390
 259331
 259325
 259173
 258921
 258644
 258634
 258581
 258369
 258299
 258010
 257905
 257903
 257896
 257733
 257718
 257452
 257374
 257306
 257299
 257200
 257105
 256900
 256747
 256617
 256601
 256403
 256146
 256040
 255926
 255776
 255766
 255653
 255632
 255516
 255447
 255319
 255203
 255178
 255174
 255014
 254998
 254901
 254841
 254535
 254489
 254481
 254403
 254163
 253936
 253901
 253752
 253748
 253723
 253412
 253273
 253215
 253164
 253118
 253092
 252681
 252670
 252605
 252514
 252364
 252356
 252217
 252148
 252100
 251865
 251857
 251820
 251794
 251748
 251667
 251371
 251183
 251167
 251129
 250969
 250846
 250840
 250782
 250689
 250671
 250670
 250645
 250535
 250478
 250429
 250066
 249769
 249763
 249462
 249270
 249135
 249124
 249104
 248884
 248859
 248845
 248800
 248705
 248566
 248546
 248499
 248337
 248226
 248031
 247999
 247996
 247940
 247893
 247699
 247509
 247371
 247240
 247211
 247041
 246759
 246619
 246478
 246405
 246397
 246351
 246211
 246166
 246163
 246073
 246045
 245945
 245851
 245820
 245629
 245585
 245551
 245424
 245410
 245180
 245009
 244759
 244700
 244619
 244498
 244362
 244294
 244269
 244094
 243962
 243806
 243777
 243736
 243283
 243109
 242941
 242879
 242798
 242796
 242713
 242605
 242394
 242324
 242297
 242181
 242009
 241941
 241936
 241774
 241715
 241560
 241438
 241331
 241136
 240911
 240886
 240883
 240837
 240740
 240637
 240615
 240549
 240381
 240306
 240258
 240092
 240068
 240000
 239991
 239929
 239828
 239737
 239728
 239631
 239550
 239496
 239443
 239430
 239388
 239118
 238938
 238935
 238863
 238622
 238448
 238401
 238393
 238263
 238213
 238183
 238171
 238145
 238057
 238054
 237979
 237958
 237720
 237665
 237640
 237623
 237528
 237422
 237237
 237226
 237078
 237041
 236935
 236921
 236917
 236804
 236668
 236596
 236583
 236483
 236376
 236309
 236288
 236252
 236220
 236168
 236084
 235991
 235935
 235909
 235713
 235597
 235544
 235475
 235471
 235356
 235204
 235142
 235008
 234928
 234899
 234891
 234877
 234862
 234779
 234734
 234720
 234576
 234569
 234557
 234455
 234356
 234308
 234189
 233943
 233938
 233923
 233766
 233542
 233391
 233324
 233044
 232876
 232844
 232823
 232606
 232580
 232082
 231926
 231871
 231788
 231617
 231095
 230900
 230769
 230761
 230730
 230508
 230390
 230181
 230135
 230021
 229894
 229803
 229728
 229691
 229642
 229592
 229535
 229496
 229391
 229320
 229286
 229209
 229114
 229063
 229028
 228804
 228756
 228732
 228446
 228442
 228414
 228408
 228325
 228125
 228043
 227980
 227884
 227836
 227751
 227658
 227637
 227444
 227431
 227413
 227315
 227093
 227015
 226947
 226710
 226696
 226590
 226563
 226259
 226205
 226178
 226092
 226039
 225932
 225806
 225749
 225582
 225524
 225424
 225372
 225333
 225036
 224963
 224749
 224646
 224496
 224130
 223806
 223667
 223406
 223081
 222919
 222605
 222582
 222471
 222374
 222360
 222222
 222168
 222152
 222096
 221936
 221845
 221824
 221770
 221702
 221601
 221585
 221576
 221374
 221102
 220871
 220810
 220791
 220781
 220666
 220642
 220489
 220187
 220031
 219858
 219819
 219792
 219639
 219552
 219429
 219383
 219276
 218904
 218689
 218602
 218576
 218441
 218402
 218309
 218263
 218210
 217605
 217415
 217290
 217078
 216988
 216929
 216911
 216891
 216813
 216763
 216685
 216520
 216319
 216240
 216025
 215809
 215614
 215602
 215538
 215482
 215438
 215097
 214967
 214740
 214689
 214658
 214604
 214530
 214310
 214271
 214196
 214177
 214169
 214027
 213864
 213834
 213793
 213647
 213633
 213512
 213497
 213400
 213397
 213389
 213347
 213219
 213213
 213204
 213190
 212927
 212772
 212771
 212702
 212618
 212489
 212399
 212394
 212236
 212201
 212193
 212186
 212087
 212048
 211845
 211792
 211764
 211665
 211641
 211606
 211245
 211227
 211080
 211039
 211005
 210950
 210921
 210916
 210867
 210847
 210838
 210719
 210606
 210423
 210267
 210210
 210150
 210113
 210084
 210006
 209331
 209221
 208987
 208905
 208790
 208787
 208621
 208576
 208434
 208198
 208187
 208121
 208017
 207885
 207708
 207410
 207349
 207323
 207190
 207028
 206998
 206897
 206896
 206674
 206664
 206563
 206524
 206514
 206353
 206243
 206211
 206192
 206184
 206175
 206027
 205980
 205895
 205882
 205846
 205730
 205702
 205516
 205374
 205354
 205054
 205047
 204982
 204884
 204873
 204597
 204588
 204570
 204553
 204530
 204426
 204384
 204325
 204301
 204061
 204024
 203930
 203883
 203875
 203865
 203862
 203859
 203809
 203763
 203659
 203493
 203307
 203073
 203022
 203004
 202952
 202542
 202401
 202324
 202258
 202176
 202078
 202055
 202040
 201981
 201721
 201611
 201589
 201585
 201575
 201360
 201273
 201228
 201218
 201128
 201113
 201057
 201050
 201011
 200797
 200647
 200632
 200628
 200580
 200410
 200229
 200191
 200045
 199999
 199878
 199806
 199802
 199599
 199591
 199384
 199245
 198970
 198717
 198608
 198475
 198429
 198304
 198247
 198245
 198173
 198142
 198110
 197992
 197955
 197939
 197894
 197809
 197744
 197657
 197561
 197487
 197255
 197233
 197091
 196998
 196819
 196721
 196643
 196581
 196500
 196482
 196418
 196400
 196398
 196337
 196327
 196233
 196111
 195952
 195851
 195824
 195781
 195581
 195560
 195488
 195484
 195460
 195252
 195175
 195131
 195013
 194978
 194905
 194780
 194640
 194560
 194557
 194350
 194145
 193805
 193780
 193702
 193650
 193603
 193580
 193428
 193202
 193174
 193042
 193039
 193010
 192975
 192912
 192879
 192842
 192756
 192727
 192702
 192549
 192546
 192472
 192323
 192107
 192105
 192017
 191851
 191457
 191434
 191325
 191307
 191249
 191223
 191204
 191032
 190802
 190697
 190529
 190476
 190140
 189993
 189899
 189503
 189485
 189386
 189374
 189368
 189162
 188990
 188911
 188755
 188457
 188405
 188314
 188287
 188254
 188253
 188223
 188189
 187873
 187801
 187660
 187658
 187654
 187511
 187500
 187270
 187201
 186931
 186928
 186924
 186814
 186778
 186709
 186479
 186272
 186194
 186181
 186174
 186101
 185871
 185770
 185692
 185654
 185603
 185273
 185264
 185261
 185185
 185158
 185129
 185086
 185067
 185057
 185003
 184904
 184867
 184848
 184688
 184662
 184609
 184560
 184524
 184523
 184470
 184393
 184310
 184096
 184073
 183931
 183805
 183608
 183128
 182976
 182908
 182897
 182896
 182865
 182537
 182415
 182015
 181727
 181617
 181474
 181360
 181349
 181348
 181270
 180953
 180821
 180813
 180663
 180323
 180322
 180237
 180220
 180179
 180177
 180058
 179993
 179990
 179937
 179801
 179767
 179695
 179622
 179593
 179573
 179452
 179358
 179193
 179030
 178962
 178893
 178838
 178820
 178756
 178626
 178579
 178494
 178339
 178224
 177876
 177857
 177528
 177513
 177359
 177240
 177168
 177121
 177045
 176953
 176911
 176818
 176744
 176721
 176633
 176367
 176211
 175988
 175824
 175738
 175662
 175530
 175413
 175412
 175381
 175312
 175251
 175115
 174943
 174731
 174565
 174531
 174525
 174414
 174180
 174057
 174051
 173773
 173222
 173221
 173183
 173161
 172901
 172774
 172767
 172699
 172684
 172642
 172536
 172475
 172413
 172258
 172249
 172178
 172105
 172090
 172061
 171997
 171948
 171882
 171758
 171688
 171528
 171450
 171212
 170779
 170624
 170539
 170377
 170343
 170288
 170214
 169941
 169933
 169889
 169668
 169370
 169325
 169237
 169219
 169050
 168985
 168917
 168831
 168691
 168644
 168388
 168234
 168232
 168145
 168093
 168027
 167891
 167814
 167781
 167724
 167654
 167541
 167315
 167264
 167203
 167092
 167043
 167004
 167001
 166930
 166916
 166727
 166666
 166565
 166435
 165929
 165821
 165804
 165311
 165093
 164960
 164915
 164862
 164580
 164485
 164451
 164345
 164319
 164276
 164227
 163924
 163758
 163482
 163371
 163209
 163030
 163014
 162710
 162404
 162294
 162205
 162162
 162146
 162000
 161988
 161904
 161883
 161835
 161685
 161315
 161128
 161113
 161017
 160905
 160885
 160812
 160784
 160583
 160456
 160405
 160306
 160197
 160192
 160145
 159916
 159620
 159606
 159373
 159362
 159334
 159149
 159036
 158914
 158734
 158675
 158543
 158284
 158273
 158171
 158056
 157979
 157783
 157591
 157474
 157465
 157181
 156719
 156710
 156665
 156574
 156538
 156445
 156414
 156355
 156259
 156243
 156230
 156223
 155857
 155837
 155764
 155687
 155580
 155343
 155274
 155244
 155109
 155108
 154970
 154958
 154939
 154757
 154639
 154614
 154573
 154548
 154402
 154320
 154206
 154200
 154158
 154115
 153854
 153815
 153786
 153784
 153713
 153697
 153663
 153642
 153554
 153374
 153360
 153232
 152970
 152826
 152705
 152637
 152606
 152595
 152514
 152417
 152385
 152307
 152134
 152017
 151996
 151965
 151898
 151854
 151806
 151789
 151755
 151650
 151500
 151381
 151232
 151169
 151116
 151056
 150974
 150755
 150576
 150485
 150418
 150255
 150140
 149863
 149824
 149270
 149150
 148894
 148348
 148319
 148228
 147930
 147698
 147540
 147393
 146906
 146512
 146377
 146224
 146172
 146121
 145946
 145898
 145776
 145611
 145499
 145391
 145299
 145251
 145097
 144885
 144858
 144856
 144736
 144570
 144397
 144376
 144372
 144001
 143976
 143923
 143897
 143872
 143789
 143718
 143629
 143433
 143244
 143173
 143116
 143108
 143073
 143062
 142886
 142852
 142835
 142715
 142701
 142654
 142638
 142410
 142142
 142050
 141908
 141697
 141628
 141558
 141557
 141284
 141255
 141012
 140845
 140841
 140726
 140581
 140337
 140214
 140134
 140086
 140014
 139875
 139851
 139824
 139730
 139658
 139643
 139520
 139450
 139412
 139321
 139298
 139255
 138966
 138868
 138805
 138804
 138496
 138463
 138427
 138191
 138001
 137905
 137888
 137864
 137652
 137536
 137334
 137302
 137279
 137211
 137197
 137186
 137096
 137040
 137014
 136965
 136829
 136706
 136518
 136476
 136450
 136449
 136252
 136219
 136103
 136054
 135999
 135996
 135935
 135808
 135746
 135615
 135534
 135519
 135453
 135223
 135073
 135020
 134906
 134559
 134436
 134414
 134400
 134330
 134328
 134268
 134171
 134164
 134095
 134025
 133896
 133777
 133756
 133724
 133668
 133596
 133496
 133422
 133350
 133309
 133192
 133151
 133128
 133072
 132990
 132905
 132812
 132804
 132786
 132770
 132616
 132473
 132446
 132360
 132310
 132268
 132196
 132137
 132108
 131867
 131818
 131757
 131630
 131593
 131580
 131508
 131487
 131409
 131389
 131310
 131257
 131208
 131206
 131059
 131033
 130980
 130943
 130921
 130879
 130733
 130676
 130661
 130408
 130371
 130322
 129973
 129653
 129649
 129464
 129418
 129375
 129302
 129257
 128990
 128457
 128312
 128078
 128064
 127957
 127947
 127912
 127813
 127652
 127619
 127558
 127275
 127179
 127145
 127122
 127098
 126887
 126873
 126769
 126747
 126735
 126314
 126305
 126250
 126198
 126041
 125948
 125868
 125813
 125810
 125418
 125326
 125223
 125092
 125062
 125036
 124994
 124955
 124938
 124928
 124835
 124748
 124740
 124644
 124621
 124512
 124426
 124207
 124053
 123965
 123919
 123851
 123752
 123696
 123634
 123612
 123555
 123552
 123287
 123286
 123285
 123123
 123121
 123103
 123090
 122900
 122870
 122796
 122449
 122375
 122185
 122046
 122022
 121849
 121807
 121632
 121408
 121313
 121309
 121215
 121212
 121054
 121039
 120956
 120913
 120751
 120704
 120699
 120643
 120573
 120140
 119971
 119964
 119924
 119772
 119676
 119622
 119533
 119472
 119460
 119367
 119292
 119264
 119261
 119229
 119138
 119114
 118935
 118725
 118724
 118712
 118663
 118606
 118594
 118569
 118387
 118345
 118285
 118264
 118251
 118172
 117988
 117875
 117854
 117797
 117647
 117556
 117463
 117150
 117049
 117024
 116578
 116340
 116318
 116276
 116234
 116129
 116021
 115629
 115527
 115326
 115281
 115199
 114982
 114752
 114736
 114718
 114695
 114662
 114650
 114492
 114471
 114462
 114439
 114350
 114314
 114135
 114132
 113982
 113910
 113826
 113808
 113708
 113697
 113674
 113522
 113314
 113266
 113114
 113060
 112994
 112963
 112908
 112865
 112736
 112682
 112643
 112640
 112623
 112610
 112599
 112475
 112253
 112240
 112213
 111826
 111716
 111669
 111667
 111647
 111592
 111435
 111412
 111351
 111227
 111216
 111041
 110932
 110930
 110814
 110794
 110792
 110786
 110779
 110066
 109820
 109604
 109203
 109019
 108903
 108813
 108781
 108436
 108423
 108251
 108248
 108166
 108103
 107991
 107973
 107910
 107871
 107830
 107528
 107461
 107344
 107212
 107161
 107092
 107063
 106995
 106921
 106804
 106673
 106486
 106470
 106417
 106410
 106395
 106382
 106324
 106271
 105967
 105953
 105836
 105804
 105609
 105597
 105555
 105457
 105429
 105413
 105141
 104765
 104669
 104660
 104646
 104452
 104110
 103920
 103874
 103863
 103773
 103678
 103609
 103527
 103448
 103410
 103358
 103155
 102877
 102431
 102402
 102247
 101952
 101821
 101763
 101712
 101694
 101543
 101373
 101295
 101253
 100678
 100672
 100472
 100431
 100401
 100399
 100387
 100140
 99999
 99898
 99862
 99787
 99474
 99421
 99411
 99236
 98990
 98765
 98746
 98641
 98509
 98218
 98108
 98039
 98016
 97838
 97830
 97787
 97478
 97159
 97024
 96963
 96952
 96944
 96826
 96669
 96648
 96418
 96374
 96314
 96184
 96151
 96122
 96096
 96038
 95819
 95635
 95470
 95428
 95238
 95077
 94991
 94878
 94853
 94692
 94422
 94373
 94354
 94233
 94098
 94055
 93996
 93895
 93864
 93266
 93174
 92910
 92792
 92592
 92564
 92480
 92371
 92177
 92130
 92100
 92030
 91934
 91722
 91696
 91568
 91503
 91470
 91439
 91243
 91162
 91017
 91009
 90994
 90909
 90854
 90812
 90589
 90475
 90344
 90166
 90032
 90020
 90005
 89925
 89816
 89751
 89700
 89559
 89401
 89226
 89123
 88948
 88881
 88793
 88737
 88643
 88137
 88111
 88095
 87964
 87945
 87944
 87877
 87815
 87732
 87669
 87652
 87469
 87434
 87413
 87362
 87303
 87211
 87182
 87113
 87045
 86882
 86876
 86867
 86705
 86570
 86455
 86364
 86354
 86317
 86141
 86106
 85701
 85600
 85352
 85336
 85322
 85234
 85227
 85106
 84840
 84743
 84581
 84510
 84272
 84197
 84175
 84174
 84090
 84014
 83919
 83893
 83846
 83844
 83819
 83814
 83731
 83644
 83579
 83563
 83545
 83531
 83452
 83399
 83358
 83168
 83014
 83006
 82991
 82651
 82592
 82577
 82355
 82264
 82203
 81784
 81643
 81501
 81403
 81336
 81328
 81322
 81219
 80921
 80888
 80788
 80766
 80675
 80662
 80538
 80118
 80104
 80066
 80017
 80001
 79985
 79855
 79693
 79551
 79412
 79365
 79257
 79239
 79111
 79087
 79059
 79037
 78825
 78764
 78691
 78571
 78505
 78439
 78423
 78401
 78374
 78294
 78213
 78191
 78154
 78110
 78062
 78038
 78020
 77890
 77746
 77684
 77655
 77539
 77520
 77471
 77366
 77250
 77192
 76997
 76858
 76812
 76792
 76552
 76537
 76417
 76360
 76260
 76111
 75935
 75673
 75558
 75388
 75272
 75179
 75168
 75043
 74941
 74918
 74816
 74568
 73974
 73550
 73426
 73183
 73011
 72929
 72617
 72610
 72498
 72490
 72415
 72305
 72148
 71958
 71694
 71672
 71655
 71597
 71508
 71435
 71394
 71174
 71026
 70804
 70749
 70635
 70520
 70460
 70408
 70349
 70285
 70142
 70141
 70069
 69953
 69814
 69695
 69690
 69198
 68606
 68181
 68173
 68060
 68033
 68024
 67939
 67885
 67731
 67688
 67623
 67618
 67435
 67394
 67368
 67262
 67194
 67176
 66964
 66899
 66818
 66774
 66416
 66177
 66011
 65987
 65833
 65830
 65618
 65613
 65352
 65274
 65134
 65126
 64935
 64765
 64735
 64731
 64551
 64473
 64149
 64098
 63699
 63577
 63454
 63371
 63291
 63186
 63089
 63075
 63020
 62957
 62831
 62740
 62696
 62536
 62418
 62173
 62082
 62055
 61958
 61913
 61779
 61728
 61692
 61507
 61417
 61398
 61108
 60952
 60792
 60790
 60758
 60390
 60379
 60224
 59957
 59803
 59676
 59593
 59297
 59243
 59125
 59061
 59056
 58900
 58899
 58890
 58885
 58833
 58758
 58690
 58589
 58522
 58521
 58475
 58471
 58461
 58412
 58397
 58342
 58300
 58243
 58232
 58165
 57995
 57989
 57967
 57674
 57673
 57549
 57361
 57225
 57062
 57043
 56943
 56700
 56660
 56619
 56299
 56237
 56017
 56003
 55966
 55956
 55913
 55618
 55597
 55533
 55335
 55280
 55057
 55033
 54850
 54718
 54690
 54583
 54566
 54549
 54532
 54494
 54466
 54450
 54081
 54064
 53989
 53774
 53708
 53634
 53417
 53159
 53137
 52981
 52947
 52813
 52651
 52511
 52478
 52443
 52424
 52422
 52347
 52279
 52100
 52024
 52013
 51972
 51927
 51776
 51760
 51724
 51709
 51282
 51203
 51017
 50980
 50775
 50619
 50605
 50580
 50494
 50215
 50203
 50191
 50042
 50021
 49994
 49976
 49959
 49942
 49900
 49879
 49781
 49733
 49635
 49608
 49394
 49318
 49279
 49230
 49209
 49093
 48784
 48673
 48487
 48434
 48324
 48240
 47925
 47620
 47619
 47591
 47554
 47553
 47380
 47169
 46978
 46808
 46707
 46688
 46573
 46556
 46453
 46431
 46422
 46314
 46226
 46192
 46052
 45849
 45724
 45689
 45680
 45540
 45265
 45264
 45151
 45142
 45125
 44969
 44866
 44855
 44784
 44709
 44523
 44510
 44294
 44247
 44226
 44154
 43641
 43536
 43478
 43469
 43408
 43308
 43138
 43109
 43087
 43081
 42989
 42962
 42816
 42754
 42591
 42485
 42470
 42434
 42424
 42348
 42250
 42217
 42201
 41982
 41938
 41881
 41850
 41638
 41569
 41259
 41245
 41230
 41217
 41055
 40905
 40782
 40705
 40268
 40266
 40086
 40074
 39819
 39696
 39596
 39555
 39543
 39535
 39474
 39306
 39271
 39270
 39200
 39156
 39050
 39018
 38875
 38825
 38774
 38767
 38742
 38682
 38656
 38602
 38569
 38552
 38479
 38430
 38138
 38128
 37711
 37384
 37320
 37274
 37159
 37137
 37073
 36859
 36836
 36745
 36732
 36727
 36662
 36588
 36379
 36363
 36340
 36269
 36130
 35928
 35652
 35602
 35497
 35444
 35118
 35100
 35005
 34956
 34907
 34737
 34722
 34499
 34482
 34423
 34406
 34333
 34324
 34314
 34227
 34205
 33978
 33926
 33917
 33895
 33765
 33747
 33628
 33532
 32820
 32684
 32628
 32603
 32537
 32473
 32289
 32264
 32258
 32027
 31926
 31843
 31793
 31759
 31496
 31417
 31309
 31271
 31250
 31137
 31021
 30956
 30876
 30811
 30571
 30466
 30251
 30222
 30150
 30149
 29856
 29849
 29729
 29421
 29375
 29282
 29131
 29110
 29025
 29010
 28931
 28653
 28640
 28628
 28599
 28571
 28514
 28456
 28391
 28350
 28295
 28214
 28212
 28178
 28125
 28100
 27897
 27893
 27827
 27519
 27496
 27376
 27268
 27132
 27114
 27027
 27020
 26912
 26784
 26783
 26766
 26739
 26731
 26720
 26692
 26486
 26474
 26236
 26203
 26093
 26068
 26025
 25975
 25856
 25775
 25772
 25704
 25641
 25628
 25565
 25545
 25467
 25378
 25074
 24975
 24972
 24734
 24725
 24654
 24448
 24323
 24052
 23668
 23569
 23430
 23406
 23269
 23224
 22975
 22933
 22872
 22820
 22818
 22591
 22472
 22154
 22140
 22094
 22083
 21999
 21895
 21474
 21470
 21289
 21268
 20998
 20957
 20918
 20821
 20796
 20717
 20541
 20477
 20457
 20338
 20283
 20257
 20215
 20081
 20026
 20019
 19801
 19421
 19354
 19249
 19241
 19088
 19047
 18681
 18656
 18443
 18427
 18300
 18209
 17726
 17712
 17324
 17059
 16857
 16840
 16646
 16620
 16586
 16363
 16319
 16252
 16194
 16127
 15944
 15650
 15566
 15525
 15368
 15346
 15341
 15162
 15083
 14961
 14584
 14576
 14409
 14336
 14320
 14277
 14235
 14012
 14006
 13812
 13588
 13129
 13103
 13056
 13010
 12901
 12844
 12838
 12679
 12666
 12628
 12487
 12441
 12395
 12390
 12345
 12278
 12207
 12159
 12145
 12134
 12048
 11918
 11857
 11831
 11827
 11819
 11733
 11691
 11606
 11585
 11553
 11394
 11364
 11028
 10948
 10882
 10845
 10825
 10695
 10470
 10461
 10359
 10174
 10040
 9940
 9832
 9765
 9756
 9676
 9658
 9588
 9580
 9476
 9421
 9416
 9242
 9236
 9217
 9163
 9162
 9059
 8490
 8484
 8458
 8356
 8321
 8256
 7914
 7841
 7808
 7770
 7753
 7736
 7668
 7662
 7504
 7485
 7323
 7190
 6985
 6924
 6869
 6612
 6531
 6468
 6173
 6114
 6038
 6020
 5979
 5975
 5969
 5954
 5912
 5764
 5703
 5643
 5489
 5481
 5480
 5386
 5343
 5289
 5044
 5000
 4957
 4899
 4761
 4736
 4690
 4686
 4633
 4485
 4453
 4418
 4410
 4319
 4184
 3639
 3555
 3462
 3436
 3293
 3201
 3120
 2737
 2632
 2603
 2489
 2480
 2425
 2384
 2348
 2299
 2255
 2239
 2150
 1982
 1934
 1567
 1556
 1496
 1404
 1311
 1246
 1186
 1148
 950
 819
 699
 687
 657
 310
 0
 