49968
 49857
 49783
 49558
 49515
 49416
 49384
 49329
 49222
 49199
 49182
 49045
 48979
 48933
 48868
 48709
 48468
 48286
 48258
 48246
 48105
 47906
 47847
 47821
 47694
 47651
 47630
 47603
 47564
 47530
 47494
 47298
 47229
 47154
 46997
 46923
 46836
 46793
 46569
 46499
 46296
 46225
 46128
 46036
 45906
 45901
 45748
 45687
 45536
 45489
 45207
 45200
 45185
 45039
 44988
 44983
 44681
 44653
 44638
 44583
 44447
 44415
 44305
 43993
 43674
 43673
 43624
 43459
 43398
 43265
 43236
 43109
 43032
 42820
 42704
 42699
 42583
 42410
 42348
 42133
 42060
 41847
 41745
 41740
 41498
 41413
 41404
 41325
 41304
 40900
 40789
 40707
 40644
 40504
 40387
 40339
 40300
 40147
 40000
 39779
 39717
 39707
 39686
 39590
 39495
 38958
 38735
 38677
 38658
 38649
 38508
 38365
 38160
 38138
 38101
 38045
 37868
 37861
 37742
 37741
 37528
 37514
 37464
 37445
 37439
 37399
 37394
 37317
 37130
 36961
 36943
 36915
 36877
 36861
 36715
 36483
 36471
 36402
 36224
 35893
 35876
 35737
 35681
 35637
 35568
 35545
 35263
 34846
 34827
 34825
 34805
 34803
 34683
 34522
 34495
 34305
 34276
 33856
 33838
 33740
 33636
 33546
 33364
 33310
 33200
 33162
 33143
 33086
 33018
 32990
 32913
 32764
 32762
 32601
 32492
 32380
 31776
 31718
 31700
 31699
 31684
 31674
 31673
 31669
 31471
 31359
 31278
 31246
 31158
 30932
 30930
 30859
 30853
 30769
 30755
 30688
 30636
 30606
 30511
 30345
 30308
 30211
 30206
 30172
 30063
 30046
 30009
 29999
 29954
 29843
 29740
 29648
 29467
 29323
 29280
 29162
 28960
 28954
 28787
 28643
 28507
 28480
 28319
 28276
 28226
 28194
 28117
 27723
 27657
 27583
 27535
 27292
 27290
 27170
 27148
 27115
 27035
 26763
 26602
 26510
 26355
 26114
 25729
 25531
 25442
 25434
 25422
 25415
 25385
 25354
 25334
 25298
 25245
 25139
 24934
 24929
 24863
 24845
 24844
 24784
 24778
 24725
 24593
 24592
 24548
 24460
 24358
 24279
 24025
 24021
 23993
 23933
 23775
 23716
 23688
 23669
 23436
 23424
 23367
 23267
 23264
 23170
 23158
 23067
 22833
 22832
 22773
 22620
 22526
 22504
 22352
 22312
 22288
 21896
 21820
 21807
 21716
 21343
 21201
 21126
 21088
 21028
 20994
 20720
 20671
 20540
 20394
 20213
 20106
 19545
 19397
 19319
 19172
 19145
 19122
 19042
 18936
 18907
 18891
 18766
 18553
 18461
 18318
 18226
 18208
 18129
 17724
 17638
 17580
 17543
 17512
 17154
 16881
 16878
 16859
 16807
 16588
 16530
 16471
 16444
 16421
 16011
 15908
 15881
 15835
 15818
 15814
 15714
 15688
 15575
 15484
 15137
 15050
 14993
 14954
 14925
 14793
 14762
 14608
 14544
 14428
 14402
 14370
 14339
 14265
 14099
 14047
 13989
 13869
 13852
 13725
 13714
 13672
 13570
 13494
 13384
 13212
 13208
 13151
 13108
 12841
 12838
 12610
 12605
 12585
 12213
 12195
 11640
 11636
 11404
 11364
 11351
 11159
 11135
 10758
 10707
 10689
 10494
 10489
 10488
 10339
 10217
 10195
 10061
 10047
 10000
 9872
 9807
 9789
 9535
 9334
 9247
 9174
 8950
 8816
 8745
 8661
 8651
 8493
 8315
 8291
 8244
 8209
 8190
 8067
 8031
 7992
 7645
 7602
 7444
 7330
 7287
 7278
 7221
 7142
 7139
 6982
 6975
 6805
 6722
 6654
 6626
 6532
 6521
 6361
 6304
 6199
 6167
 6078
 5947
 5866
 5662
 5493
 5357
 5293
 5292
 5203
 5032
 4806
 4754
 4621
 4545
 4370
 4248
 4072
 4030
 3998
 3912
 3484
 3398
 3129
 3055
 3023
 2885
 2763
 2748
 2738
 2663
 2634
 2489
 2244
 2238
 1899
 1827
 1753
 1682
 1569
 1551
 1549
 1536
 1376
 1292
 1210
 564
 152
 112
 50
 43
 7
 0
 