99821
 99808
 99711
 99689
 99661
 99547
 99413
 99355
 99212
 99077
 99014
 99008
 98988
 98872
 98663
 98645
 98600
 98483
 98359
 98283
 98216
 98163
 98153
 98101
 97658
 97512
 97477
 97446
 97381
 97356
 97199
 97190
 97121
 97094
 97018
 96923
 96564
 96514
 96456
 96426
 96229
 96108
 95716
 95662
 95337
 95294
 95217
 95028
 94835
 94834
 94671
 94519
 94441
 94431
 94323
 94249
 94148
 94094
 93987
 93854
 93783
 93775
 93700
 93589
 93584
 93556
 93206
 93174
 93026
 92982
 92968
 92927
 92863
 92714
 92659
 92530
 92467
 92440
 92364
 92314
 92250
 92241
 92102
 92089
 92024
 91882
 91795
 91388
 91343
 91189
 90978
 90820
 90709
 90693
 90420
 90389
 90351
 90282
 90181
 90107
 90084
 90069
 89534
 89360
 89358
 89354
 89106
 89085
 89022
 89010
 89008
 88828
 88759
 88654
 88632
 88500
 88450
 88449
 88447
 88395
 88370
 88328
 88303
 88091
 88088
 87850
 87774
 87747
 87634
 87598
 87518
 87505
 87075
 86817
 86781
 86693
 86457
 86339
 86333
 86255
 86227
 85799
 85426
 85265
 85242
 85225
 84988
 84949
 84918
 84862
 84776
 84708
 84703
 84646
 84570
 84481
 84398
 84299
 84180
 84134
 84100
 84100
 84093
 84049
 83696
 83502
 83457
 83351
 83340
 83285
 83092
 83059
 83021
 82872
 82778
 82692
 82478
 82326
 82214
 82088
 82040
 81990
 81833
 81802
 81559
 81549
 81434
 81407
 81309
 81222
 81193
 81191
 81129
 81096
 81070
 81046
 81018
 80990
 80969
 80926
 80920
 80858
 80773
 80761
 80610
 80410
 80049
 79994
 79987
 79980
 79941
 79788
 79780
 79738
 79651
 79418
 79152
 78589
 78515
 78484
 78443
 78354
 78310
 78264
 78143
 78082
 78065
 77893
 77525
 77464
 77319
 77122
 77097
 77062
 76656
 76542
 76498
 76346
 76266
 76265
 76066
 76058
 75909
 75833
 75796
 75681
 75662
 75583
 75503
 75475
 75255
 75190
 75186
 75182
 75081
 75053
 75018
 75016
 74976
 74863
 74639
 74587
 74561
 74192
 73993
 73967
 73602
 73531
 73385
 73261
 73231
 73170
 73096
 72994
 72960
 72960
 72861
 72827
 72653
 72625
 72531
 72225
 72180
 72072
 72037
 71897
 71789
 71660
 71604
 71592
 71523
 71477
 71428
 71370
 71354
 71269
 71082
 71046
 71021
 70904
 70680
 70466
 70042
 69831
 69786
 69641
 69534
 69514
 69333
 69147
 69104
 69091
 68979
 68904
 68891
 68883
 68855
 68524
 68268
 68178
 68133
 68079
 68066
 68064
 67945
 67640
 67543
 67532
 67416
 67347
 67324
 67282
 67255
 67161
 67128
 66900
 66882
 66798
 66776
 66666
 66570
 66558
 66516
 66464
 66142
 66084
 66070
 65918
 65895
 65772
 65666
 65554
 65400
 65393
 65096
 65020
 64948
 64803
 64742
 64631
 64593
 64543
 64525
 64493
 64485
 64450
 64412
 64338
 64305
 64268
 64245
 64187
 64180
 64065
 63901
 63747
 63680
 63636
 63588
 63555
 63437
 63413
 63181
 63089
 63043
 63016
 62895
 62806
 62782
 62686
 62439
 62303
 62269
 62234
 62122
 61946
 61726
 61698
 61694
 61658
 61504
 61482
 61411
 61382
 61368
 61306
 61279
 61276
 61036
 60795
 60773
 60603
 60558
 60516
 60473
 60370
 60321
 60247
 59875
 59779
 59658
 59545
 59538
 59377
 59375
 59164
 59142
 59099
 58894
 58730
 58598
 58499
 58499
 58350
 58326
 58247
 58181
 58106
 58105
 58059
 57834
 57517
 57478
 57426
 57419
 57397
 57379
 57363
 57142
 57122
 56997
 56779
 56711
 56497
 56429
 56292
 56065
 56019
 55989
 55897
 55881
 55839
 55750
 55489
 55406
 55357
 55275
 55239
 54818
 54810
 54704
 54338
 54308
 54266
 54216
 54052
 53994
 53819
 53436
 53389
 53369
 53221
 53172
 53100
 53063
 52818
 52513
 52470
 52458
 52400
 52361
 52077
 52028
 51984
 51791
 51488
 51482
 51335
 51150
 50957
 50854
 50788
 50653
 50633
 50625
 50562
 50381
 50316
 50296
 50103
 49825
 49725
 49660
 49469
 49312
 49295
 49098
 49025
 48995
 48778
 48713
 48638
 48637
 48269
 48236
 48142
 47964
 47839
 47680
 47653
 47619
 47592
 47556
 47273
 47244
 47192
 47169
 47169
 47035
 47014
 46991
 46911
 46868
 46837
 46830
 46688
 46594
 46212
 46024
 46019
 46012
 45944
 45936
 45880
 45836
 45762
 45747
 45736
 45648
 45576
 45234
 45210
 45125
 45081
 44932
 44661
 44508
 44486
 44448
 44445
 44394
 44026
 43994
 43691
 43690
 43648
 43526
 43511
 43405
 43357
 43205
 43009
 42873
 42868
 42857
 42857
 42793
 42770
 42730
 42615
 42564
 42424
 42270
 41997
 41992
 41688
 41546
 41454
 41138
 40991
 40894
 40706
 40534
 40516
 40386
 40209
 40064
 40030
 39898
 39491
 39422
 39410
 39001
 38981
 38682
 38633
 38594
 38580
 38437
 38325
 38256
 38241
 38151
 37991
 37944
 37638
 37593
 37586
 37493
 37475
 37337
 37279
 37166
 36925
 36424
 36360
 36316
 36150
 36008
 36000
 35963
 35951
 35863
 35548
 35350
 35030
 34961
 34945
 34775
 34760
 34687
 34676
 34644
 34362
 34327
 34308
 34171
 34164
 34129
 34098
 34001
 33978
 33971
 33930
 33878
 33834
 33620
 33534
 33472
 33411
 33386
 32932
 32686
 32657
 32601
 32419
 32397
 32360
 32039
 31955
 31941
 31897
 31771
 31695
 31463
 31454
 31407
 31290
 31203
 30717
 30511
 30259
 30237
 30212
 30191
 29997
 29909
 29902
 29754
 29734
 29722
 29641
 29605
 29585
 29528
 29527
 29349
 29176
 29073
 28729
 28660
 28641
 28627
 28571
 28481
 28453
 28397
 28270
 28236
 28180
 28132
 28091
 28061
 28052
 27860
 27791
 27699
 27617
 27605
 27594
 27418
 27275
 26996
 26622
 26564
 26558
 26268
 26232
 26214
 26140
 26053
 26030
 25828
 25783
 25761
 25581
 25280
 25235
 25120
 25030
 24905
 24827
 24648
 24619
 24289
 24254
 24175
 24018
 23967
 23932
 23830
 23814
 23771
 23432
 23068
 23044
 22916
 22789
 22748
 22584
 22486
 22395
 22384
 22325
 22275
 22196
 22160
 22081
 21979
 21882
 21837
 21823
 21771
 21739
 21459
 21366
 21362
 21321
 21226
 21224
 21044
 21039
 21000
 20886
 20876
 20793
 20762
 20606
 20589
 20517
 19927
 19917
 19916
 19730
 19661
 19625
 19564
 19375
 19321
 19317
 19289
 19283
 19274
 19111
 19098
 18917
 18820
 18819
 18686
 18634
 18437
 18208
 18181
 18181
 18169
 18123
 18062
 18030
 18010
 17966
 17816
 17724
 17520
 17025
 17006
 16952
 16841
 16740
 16704
 16475
 16361
 16183
 16115
 16094
 16065
 16052
 16031
 15999
 15868
 15636
 15621
 15606
 15510
 15364
 15201
 15089
 15020
 15001
 14979
 14897
 14845
 14767
 14680
 14527
 14409
 14324
 13897
 13713
 13684
 13405
 13404
 13390
 13364
 13333
 13221
 12926
 12788
 12648
 12646
 12643
 12492
 12425
 12410
 12365
 12317
 12262
 12244
 11948
 11829
 11724
 11690
 11645
 11568
 11543
 11454
 11402
 11314
 11269
 11259
 11069
 10917
 10867
 10692
 10689
 10658
 10603
 10518
 10038
 9961
 9865
 9840
 9797
 9677
 9564
 9547
 9498
 9494
 9355
 9333
 9261
 9260
 9202
 9009
 8923
 8802
 8718
 8436
 8388
 8214
 8204
 8154
 8071
 8070
 8059
 8018
 7778
 7608
 7531
 7481
 7477
 7473
 7393
 7344
 7339
 7211
 7164
 6868
 6418
 6324
 6024
 6014
 5839
 5732
 5536
 5362
 5281
 5256
 5150
 5085
 5034
 4896
 4860
 4783
 4761
 4708
 4636
 4356
 4278
 3975
 3655
 3627
 3448
 3371
 3370
 3258
 2919
 2876
 2579
 2579
 2454
 2239
 2180
 2173
 1950
 1917
 1875
 1827
 1361
 1227
 890
 884
 862
 844
 833
 827
 820
 813
 516
 515
 136
 