49787
 49621
 49593
 49455
 49344
 49282
 49038
 48995
 48468
 48290
 48225
 48177
 48075
 48041
 48031
 47831
 47628
 47591
 47406
 47263
 46896
 46788
 46707
 46666
 46389
 46335
 46260
 46116
 45678
 45549
 45405
 45335
 45200
 45022
 45006
 44935
 44772
 44749
 44459
 44236
 44210
 43984
 43890
 43721
 43697
 43512
 43398
 43157
 43151
 43117
 43054
 42944
 42848
 42839
 42791
 42506
 42296
 42181
 42179
 42130
 42053
 42012
 41870
 41644
 41571
 41529
 41457
 41125
 41102
 40943
 40921
 40698
 40531
 40342
 40264
 40237
 40168
 40107
 39942
 39931
 39852
 39790
 39715
 39675
 39544
 39542
 39228
 39002
 38945
 38884
 38569
 38523
 38516
 38233
 38093
 38073
 38025
 37776
 37717
 37609
 37484
 37345
 37334
 37252
 37236
 37184
 37172
 37150
 37063
 37062
 37061
 37034
 36518
 36500
 36486
 36471
 36369
 36249
 36168
 36005
 35882
 35806
 35636
 35491
 35414
 35408
 35341
 35199
 35194
 35128
 35094
 35058
 35035
 34773
 34770
 34737
 34708
 34688
 34666
 34634
 34476
 34454
 34449
 34401
 34359
 34243
 34064
 34026
 33924
 33914
 33909
 33893
 33876
 33839
 33689
 33618
 33527
 33469
 33448
 33333
 33163
 33051
 32966
 32917
 32780
 32653
 32460
 32456
 32383
 32165
 32143
 32123
 32094
 32046
 31897
 31865
 31787
 31758
 31730
 31506
 31415
 31384
 31382
 31230
 31179
 31083
 30798
 30690
 30660
 30532
 30532
 30206
 30205
 30175
 30119
 30080
 30012
 29964
 29749
 29742
 29655
 29599
 29549
 29369
 29173
 29163
 29118
 29070
 28817
 28530
 28258
 28193
 28111
 28080
 28066
 27844
 27777
 27738
 27706
 27534
 27526
 27402
 27370
 27288
 27250
 27239
 27231
 27132
 27059
 26935
 26927
 26923
 26749
 26418
 26371
 26338
 26059
 25846
 25806
 25794
 25732
 25559
 25530
 25377
 25213
 24986
 24920
 24881
 24567
 24511
 24435
 24385
 24349
 24240
 24163
 24104
 24097
 23899
 23892
 23819
 23761
 23427
 23341
 23209
 23157
 23108
 22856
 22814
 22807
 22807
 22708
 22456
 22423
 22394
 22250
 22117
 21968
 21899
 21879
 21771
 21648
 21540
 21498
 21297
 21260
 21070
 21065
 21064
 20843
 20836
 20830
 20720
 20546
 20533
 20525
 20498
 20453
 20371
 19998
 19880
 19848
 19748
 19740
 19592
 19361
 19216
 18987
 18606
 18392
 18370
 18300
 18218
 18214
 18078
 18055
 18045
 18044
 17990
 17624
 17596
 17577
 17536
 17292
 17245
 17245
 17206
 17123
 16944
 16664
 16594
 16576
 16331
 16174
 16098
 16088
 15994
 15924
 15794
 15787
 15687
 15675
 15657
 15638
 15555
 15491
 15318
 15313
 15165
 14991
 14749
 14690
 14689
 14677
 14560
 14509
 14385
 14221
 14023
 13985
 13895
 13754
 13678
 13287
 13272
 13255
 13195
 13166
 13113
 12828
 12783
 12675
 12519
 12363
 12352
 12345
 12310
 12137
 12109
 12075
 12023
 11954
 11864
 11849
 11688
 11455
 11417
 11377
 10923
 10597
 10412
 10321
 10186
 10183
 10176
 10069
 10044
 9978
 9868
 9819
 9766
 9714
 9661
 9516
 9514
 9279
 9275
 9127
 8960
 8771
 8674
 8567
 8391
 8345
 8086
 8027
 7909
 7853
 7803
 7629
 7594
 7562
 7496
 7474
 7381
 7369
 7249
 7006
 6820
 6735
 6657
 6442
 6418
 6397
 6353
 6234
 5992
 5859
 5803
 5768
 5644
 5523
 5515
 5472
 5371
 5200
 5144
 5129
 5122
 4861
 4816
 4649
 4641
 4577
 4532
 4425
 4365
 4326
 4312
 4169
 4158
 3862
 3690
 3614
 3583
 3414
 3234
 3214
 2963
 2885
 2825
 2749
 2699
 2513
 2454
 2391
 2266
 2021
 1976
 1927
 1690
 1686
 1610
 1606
 1547
 1546
 1503
 1326
 1267
 1250
 1225
 1198
 1154
 1096
 1080
 855
 678
 569
 438
 0
 0
 