999695
 999585
 999411
 999353
 999351
 999189
 999113
 999038
 998982
 998892
 998884
 998830
 998731
 998148
 998125
 997972
 997879
 997854
 997702
 997663
 997630
 997605
 997524
 997437
 997289
 997123
 996847
 996793
 996727
 996370
 995993
 995757
 995637
 995562
 995489
 995256
 995240
 995047
 994878
 994752
 994706
 994696
 994652
 994537
 994520
 994423
 994408
 994298
 994220
 994195
 994177
 994045
 993839
 993786
 993692
 993586
 993581
 993553
 993531
 993520
 993437
 993396
 993370
 993291
 993252
 993249
 993220
 993139
 993096
 992594
 992553
 992382
 992361
 992356
 992220
 992169
 992150
 991977
 991905
 991812
 991783
 991765
 991554
 991515
 991299
 991276
 991172
 991035
 990969
 990684
 990647
 990639
 990614
 990551
 990470
 990404
 989992
 989881
 989880
 989716
 989453
 989402
 989368
 989109
 989091
 988847
 988842
 988630
 988295
 988176
 988106
 988086
 988022
 987991
 987942
 987910
 987756
 987611
 987490
 987418
 987170
 987135
 987096
 986858
 986847
 986672
 986595
 986560
 986558
 986497
 986421
 985930
 985869
 985797
 985788
 985732
 985571
 985559
 985435
 985383
 985353
 985245
 985133
 985050
 985049
 985024
 984896
 984759
 984634
 984494
 984442
 984283
 984126
 984006
 983851
 983688
 983647
 983641
 983474
 983452
 983440
 983093
 983035
 982688
 982655
 982468
 982354
 982166
 982160
 982095
 981958
 981621
 981467
 981422
 981402
 981379
 981222
 981153
 981132
 981104
 981041
 980882
 980830
 980828
 980589
 980575
 980413
 980347
 980286
 980165
 980099
 979432
 979431
 979368
 979343
 979284
 979085
 979071
 978969
 978846
 978544
 978307
 978265
 978142
 978126
 978107
 977995
 977588
 977460
 977152
 977144
 976964
 976836
 976687
 976635
 976577
 976542
 976450
 976354
 976320
 976159
 976143
 976124
 976096
 976040
 975922
 975867
 975818
 975527
 975521
 975515
 975487
 975483
 975317
 975308
 975248
 975187
 975182
 975144
 974764
 974475
 974358
 974272
 974236
 973971
 973913
 973778
 973665
 973587
 973567
 973481
 973478
 973451
 973366
 973133
 972867
 972856
 972839
 972726
 972596
 972533
 972507
 972494
 972480
 972456
 972350
 972086
 972014
 971918
 971904
 971811
 971616
 971488
 971399
 971252
 971081
 970807
 970745
 970643
 970489
 970421
 970327
 970056
 969955
 969923
 969727
 969725
 969538
 969239
 969075
 968896
 968801
 968719
 968683
 968643
 968578
 968493
 968399
 968361
 968183
 968020
 967999
 967961
 967924
 967897
 967856
 967832
 967817
 967811
 967810
 967622
 967580
 967345
 967279
 967253
 967248
 967184
 966895
 966886
 966823
 966804
 966706
 966690
 966611
 966605
 966595
 966359
 966181
 966126
 966088
 966065
 966007
 965858
 965779
 965680
 965601
 965517
 965480
 965450
 965441
 965432
 965360
 965349
 965262
 965130
 964949
 964938
 964914
 964746
 964737
 964486
 964307
 964095
 964025
 964022
 963770
 963758
 963733
 963730
 963639
 963613
 963513
 963458
 963405
 963372
 963143
 962831
 962687
 962685
 962579
 962560
 962498
 962331
 962276
 962249
 962196
 962063
 962057
 962003
 961882
 961478
 961362
 961325
 961221
 961149
 961071
 960957
 960956
 960882
 960806
 960799
 960729
 960717
 960538
 960491
 960342
 960315
 960261
 960190
 960073
 960068
 959973
 959890
 959885
 959737
 959703
 959494
 959352
 959347
 959275
 959232
 959224
 959188
 959149
 959024
 958985
 958980
 958904
 958887
 958815
 958612
 958296
 958293
 958251
 958230
 957808
 957625
 957613
 957609
 957557
 957446
 957415
 957321
 957307
 957144
 956933
 956773
 956721
 956680
 956641
 956599
 956581
 956408
 956366
 956289
 956204
 956188
 956136
 956043
 955967
 955946
 955862
 955830
 955812
 955757
 955752
 955728
 955345
 955270
 955195
 955188
 955121
 955047
 954889
 954867
 954751
 954723
 954651
 954471
 954353
 954346
 954300
 954132
 953798
 953749
 953401
 953372
 953276
 953207
 953102
 953022
 952968
 952951
 952895
 952843
 952830
 952636
 952507
 952451
 952433
 952380
 952303
 952182
 952114
 952092
 951971
 951871
 951829
 951788
 951577
 951541
 951466
 951406
 951283
 951185
 951107
 950905
 950729
 950655
 950340
 950146
 949871
 949717
 949685
 949606
 949522
 949409
 949353
 949311
 949230
 949198
 949180
 948982
 948826
 948711
 948463
 948327
 948282
 947871
 947643
 947608
 947500
 947471
 947145
 947130
 946992
 946930
 946794
 946749
 946655
 946649
 946644
 946496
 946389
 946218
 946134
 945874
 945857
 945644
 945416
 945390
 945267
 945098
 945042
 945030
 944954
 944953
 944808
 944695
 944664
 944622
 944444
 944431
 944328
 944124
 943970
 943833
 943820
 943739
 943729
 943710
 943589
 943553
 943469
 943435
 943423
 942910
 942848
 942735
 942717
 942419
 942357
 942053
 941978
 941921
 941747
 941717
 941472
 941470
 941228
 941176
 941122
 941000
 940722
 940623
 940539
 940445
 940442
 940110
 940068
 940017
 939991
 939844
 939843
 939842
 939628
 939584
 939564
 939536
 939521
 939464
 939311
 939137
 939117
 938878
 938866
 938865
 938837
 938503
 938496
 938434
 938379
 938342
 938272
 938271
 938103
 937977
 937974
 937867
 937802
 937724
 937720
 937543
 937534
 937485
 937469
 937394
 937387
 937301
 937162
 936955
 936953
 936927
 936647
 936477
 936356
 936269
 936205
 936188
 936020
 935963
 935908
 935561
 935552
 935287
 935081
 934903
 934829
 934663
 934342
 934338
 934160
 934068
 934039
 933938
 933802
 933279
 933226
 933205
 933162
 933084
 932932
 932905
 932817
 932652
 932631
 932573
 932565
 932287
 932129
 932077
 931794
 931750
 931746
 931517
 931479
 931350
 931145
 931140
 931037
 930993
 930952
 930755
 930658
 930614
 930576
 930345
 930338
 930248
 930024
 929929
 929878
 929866
 929783
 929706
 929680
 929592
 929505
 929463
 929330
 929222
 929120
 929039
 928914
 928819
 928540
 928526
 928436
 928396
 928390
 928347
 928297
 928280
 928181
 928164
 927966
 927839
 927815
 927798
 927713
 927263
 927180
 927165
 926933
 926928
 926791
 926765
 926747
 926605
 926537
 926380
 926342
 926315
 926146
 926061
 926053
 926027
 926006
 925998
 925986
 925925
 925920
 925794
 925649
 925611
 925449
 925435
 925135
 924812
 924731
 924663
 924528
 924461
 924411
 924245
 924226
 924222
 923895
 923894
 923816
 923718
 923575
 923263
 923223
 923201
 923110
 922829
 922785
 922744
 922706
 922656
 922606
 922572
 922411
 922091
 921855
 921825
 921822
 921766
 921624
 921592
 921591
 921447
 921263
 921262
 921249
 921237
 920970
 920506
 920479
 920214
 920093
 919832
 919807
 919782
 919708
 919459
 919398
 919232
 919226
 918950
 918908
 918702
 918511
 918464
 918349
 918217
 918146
 918105
 918081
 918045
 918034
 917923
 917503
 917445
 917385
 917369
 916890
 916725
 916631
 916526
 916517
 916513
 916414
 916357
 916299
 916236
 916220
 916193
 916059
 915902
 915774
 915766
 915550
 915387
 915384
 915094
 914944
 914902
 914852
 914778
 914626
 914423
 914376
 914360
 914264
 914128
 914118
 913963
 913875
 913829
 913801
 913706
 913531
 913405
 913370
 913043
 912873
 912865
 912819
 912738
 912607
 912601
 912577
 912230
 912125
 912102
 911940
 911939
 911921
 911816
 911811
 911735
 911248
 911213
 911159
 911107
 910953
 910737
 910694
 910569
 910521
 910494
 910153
 909963
 909961
 909800
 909726
 909702
 909677
 909539
 909464
 909400
 909360
 909230
 909159
 909010
 908985
 908980
 908966
 908809
 908778
 908697
 908674
 908610
 908560
 908521
 908435
 908401
 907770
 907763
 907641
 907597
 907467
 907429
 907409
 907317
 907058
 907050
 907038
 906984
 906954
 906812
 906776
 906688
 906603
 906588
 906518
 906508
 906503
 906209
 906186
 906108
 905941
 905940
 905900
 905812
 905811
 905649
 905642
 905579
 905473
 905382
 905259
 904918
 904914
 904826
 904803
 904777
 904738
 904675
 904662
 904649
 904607
 904325
 904151
 903971
 903891
 903843
 903833
 903811
 903751
 903352
 903225
 903165
 903052
 902921
 902765
 902540
 902208
 902141
 902035
 901846
 901759
 901731
 901670
 901561
 901543
 901539
 901524
 901514
 901444
 901433
 901415
 900889
 900880
 900866
 900767
 900726
 900646
 900354
 900253
 900183
 900176
 900149
 899976
 899880
 899802
 899580
 899511
 899476
 899333
 899280
 899074
 898851
 898756
 898739
 898466
 898418
 898203
 898172
 898156
 898121
 897980
 897875
 897852
 897695
 897509
 897376
 897370
 897250
 897196
 897120
 897117
 896925
 896915
 896911
 896907
 896766
 896751
 896704
 896617
 896609
 896446
 896438
 896409
 896331
 896273
 896179
 896100
 896021
 895848
 895843
 895131
 895013
 894940
 894902
 894895
 894865
 894793
 894728
 894621
 894340
 894225
 894073
 894044
 894033
 894004
 893997
 893995
 893978
 893972
 893907
 893771
 893617
 893500
 893338
 893198
 893138
 893084
 893039
 893005
 892793
 892726
 892621
 892596
 892457
 892416
 892410
 892292
 892212
 892123
 892020
 891778
 891729
 891717
 891623
 891257
 891209
 891196
 890961
 890955
 890782
 890625
 890598
 890539
 890518
 890339
 890226
 890076
 890015
 889846
 889779
 889673
 889521
 889457
 889249
 889200
 889148
 889106
 889074
 889002
 888965
 888957
 888860
 888777
 888555
 888399
 888372
 888284
 888256
 888242
 888141
 888070
 887916
 887864
 887847
 887772
 887736
 887627
 887218
 887164
 887115
 887096
 886980
 886912
 886804
 886482
 886409
 886370
 886302
 886295
 886112
 885986
 885906
 885714
 885441
 885432
 885397
 885360
 885258
 885145
 885059
 885033
 884996
 884963
 884554
 884464
 884444
 884381
 884324
 884312
 884297
 884290
 883905
 883742
 883720
 883588
 883578
 883563
 883485
 883317
 883248
 883243
 883082
 883065
 883047
 882948
 882666
 882348
 882337
 882301
 882277
 882276
 882202
 882195
 882174
 882166
 882134
 882025
 881786
 881508
 881481
 881458
 881456
 881294
 881237
 881218
 881204
 881174
 881159
 880974
 880848
 880834
 880810
 880646
 880637
 880565
 880480
 880452
 880402
 880127
 880015
 880012
 879937
 879757
 879736
 879609
 879146
 879142
 879120
 879082
 879029
 879014
 878833
 878787
 878752
 878712
 878672
 878602
 878528
 878375
 878316
 878282
 878270
 878260
 878154
 878005
 877995
 877988
 877813
 877724
 877697
 877646
 877415
 877380
 877131
 877078
 876739
 876701
 876695
 876612
 876608
 876581
 876545
 876476
 876460
 876408
 876285
 876164
 876085
 876044
 875952
 875939
 875816
 875738
 875691
 875598
 875544
 875458
 875302
 875263
 875239
 875084
 874974
 874949
 874837
 874789
 874729
 874551
 874527
 874346
 874139
 874074
 873896
 873870
 873841
 873838
 873836
 873647
 873563
 873498
 873481
 873480
 873476
 873315
 873284
 873197
 873110
 873058
 872870
 872769
 872547
 872368
 872292
 872031
 872001
 871982
 871866
 871814
 871369
 871244
 871243
 870895
 870729
 870704
 870677
 870503
 870501
 870429
 870427
 870399
 870364
 870259
 870229
 870198
 870173
 870050
 870046
 870032
 869997
 869974
 869969
 869956
 869565
 869414
 869204
 869138
 869016
 868913
 868767
 868710
 868686
 868642
 868475
 868414
 868346
 868148
 867789
 867783
 867590
 867588
 867150
 867020
 866768
 866685
 866597
 866526
 866493
 866372
 866322
 866318
 866311
 866230
 866178
 866160
 866116
 866071
 866024
 865995
 865962
 865666
 865635
 865552
 865494
 865377
 865300
 865216
 865203
 865140
 865067
 864945
 864750
 864706
 864516
 864513
 864473
 864414
 864077
 863999
 863952
 863921
 863880
 863708
 863697
 863674
 863543
 863498
 863412
 863393
 863376
 863253
 863031
 863004
 862956
 862943
 862845
 862802
 862747
 862730
 862637
 862586
 862559
 862516
 862421
 862049
 862046
 862036
 861893
 861525
 861409
 861149
 861023
 860924
 860790
 860694
 860646
 860533
 860390
 860335
 860219
 860141
 860059
 859621
 859570
 859389
 859388
 859263
 859217
 859216
 859134
 859121
 859097
 858887
 858823
 858771
 858763
 858751
 858658
 858625
 858549
 858362
 858360
 858267
 858235
 857897
 857868
 857829
 857705
 857659
 857569
 857433
 857142
 857078
 857070
 857037
 856851
 856806
 856762
 856697
 856634
 856491
 856126
 856088
 855999
 855924
 855850
 855805
 855742
 855722
 855532
 855460
 855331
 855297
 855263
 855233
 855179
 855101
 854939
 854824
 854801
 854578
 854536
 854373
 854229
 854206
 854186
 854182
 854014
 854003
 853956
 853910
 853794
 853686
 853658
 853489
 853442
 853367
 853230
 853158
 853155
 853082
 853077
 852957
 852428
 852305
 852021
 851979
 851968
 851925
 851779
 851742
 851565
 851433
 851324
 851261
 851244
 851156
 851060
 850948
 850920
 850814
 850746
 850699
 850608
 850513
 850468
 850417
 850382
 850379
 850248
 850011
 849934
 849925
 849914
 849903
 849854
 849745
 849647
 849492
 849364
 849330
 849259
 848912
 848865
 848766
 848664
 848628
 848484
 848478
 848469
 848419
 848414
 848407
 848283
 848148
 848063
 847745
 847742
 847683
 847475
 847326
 847184
 847133
 847097
 846983
 846917
 846909
 846881
 846734
 846689
 846516
 846507
 846501
 846314
 846303
 846191
 846153
 845994
 845911
 845896
 845846
 845786
 845773
 845502
 845432
 845270
 845134
 844990
 844965
 844852
 844848
 844845
 844698
 844645
 844631
 844567
 844565
 844444
 844362
 844290
 844273
 844231
 844067
 843996
 843948
 843924
 843866
 843698
 843623
 843537
 843383
 843201
 843049
 842787
 842720
 842696
 842589
 842478
 842454
 842429
 842421
 842390
 842385
 842365
 842355
 842192
 842181
 842105
 841889
 841829
 841786
 841726
 841697
 841687
 841652
 841447
 841399
 841391
 840969
 840923
 840890
 840827
 840749
 840648
 840620
 840531
 840488
 840422
 840276
 840235
 840023
 840000
 839915
 839897
 839891
 839853
 839811
 838858
 838801
 838734
 838709
 838554
 838472
 838453
 838407
 838370
 838320
 838291
 837995
 837920
 837889
 837871
 837837
 837646
 837606
 837604
 837502
 837249
 837149
 837117
 837065
 836950
 836866
 836794
 836674
 836536
 836477
 836448
 836386
 836060
 835935
 835901
 835890
 835680
 835573
 835509
 835456
 835443
 835415
 835329
 835294
 835074
 834678
 834641
 834637
 834568
 834146
 834108
 834079
 834069
 833967
 833902
 833865
 833847
 833589
 833503
 833439
 833437
 833414
 833390
 833349
 833323
 833008
 832855
 832777
 832638
 832577
 832575
 832517
 832471
 832250
 832235
 832141
 832072
 831853
 831833
 831773
 831637
 831547
 831544
 831336
 831322
 831305
 831275
 831215
 831192
 831167
 831103
 831101
 831063
 831030
 831008
 830842
 830823
 830764
 830740
 830707
 830646
 830616
 830443
 830396
 830369
 830360
 830305
 830176
 830163
 829871
 829712
 829689
 829654
 829613
 829468
 829291
 829277
 829250
 829136
 828877
 828868
 828635
 828589
 828408
 828370
 828212
 827972
 827893
 827813
 827450
 827350
 827290
 827265
 827232
 827076
 827048
 826856
 826821
 826794
 826785
 826675
 826664
 826529
 826490
 826486
 826477
 826444
 826259
 825986
 825820
 825723
 825622
 825203
 825198
 825037
 824993
 824540
 824516
 824346
 824331
 824303
 824252
 824053
 824039
 823986
 823929
 823754
 823664
 823561
 823493
 823486
 823425
 823286
 823221
 823184
 823064
 822981
 822970
 822660
 822659
 822575
 822429
 822407
 822130
 822001
 821476
 821187
 820409
 820379
 820273
 820245
 820147
 820073
 820070
 820044
 820023
 819732
 819653
 819642
 819291
 819243
 819158
 819032
 818887
 818860
 818680
 818379
 818172
 818056
 817931
 817924
 817916
 817852
 817822
 817717
 817709
 817635
 817240
 817180
 816968
 816901
 816891
 816781
 816608
 816592
 816326
 816278
 816242
 816083
 816037
 815993
 815992
 815983
 815942
 815846
 815642
 815619
 815450
 815238
 815226
 815124
 815118
 815036
 815003
 814927
 814876
 814809
 814796
 814792
 814682
 814516
 814202
 814097
 813736
 813688
 813623
 813383
 813289
 813186
 813096
 813039
 812964
 812863
 812846
 812823
 812778
 812692
 812556
 812375
 812299
 812296
 812288
 812286
 812275
 812274
 812206
 811954
 811853
 811659
 811491
 811468
 811461
 811334
 811320
 810649
 810355
 810256
 810109
 810055
 810046
 810024
 810021
 809809
 809312
 809302
 809187
 808625
 808579
 808549
 808541
 808290
 808247
 808087
 807947
 807826
 807779
 807560
 807520
 807197
 807143
 807082
 806895
 806856
 806761
 806354
 806152
 805579
 805566
 805503
 805460
 805401
 805287
 805178
 805057
 804958
 804938
 804916
 804911
 804878
 804858
 804837
 804721
 804597
 804589
 804431
 804165
 803994
 803911
 803898
 803811
 803734
 803608
 803389
 803385
 803369
 803366
 803237
 803108
 803004
 802989
 802853
 802604
 802545
 802445
 802443
 802401
 802367
 802320
 802273
 802093
 801980
 801908
 801659
 801631
 801615
 801416
 801360
 801239
 801219
 801042
 801041
 801017
 800856
 800853
 800731
 800677
 800595
 800473
 800468
 800352
 800203
 800167
 800088
 799940
 799911
 799833
 799516
 799235
 799226
 798967
 798749
 798594
 798500
 798466
 798453
 798442
 798361
 798331
 798127
 797767
 797518
 797516
 797326
 797315
 797249
 796974
 796839
 796777
 796743
 796715
 796691
 796572
 796564
 796432
 796330
 796298
 796253
 795945
 795936
 795823
 795656
 795597
 795559
 795506
 795496
 795275
 795180
 794527
 794517
 794468
 794419
 794418
 794190
 794184
 794140
 794043
 794036
 793891
 793868
 793831
 793828
 793661
 793354
 793170
 793101
 793070
 793012
 792980
 792904
 792898
 792748
 792603
 792479
 792333
 792225
 791864
 791842
 791798
 791728
 791714
 791660
 791525
 791501
 791409
 791304
 791157
 790943
 790750
 790644
 790636
 790567
 790553
 790513
 790415
 790393
 790322
 790307
 790225
 790209
 790067
 790026
 789884
 789869
 789843
 789821
 789780
 789356
 789203
 789197
 789191
 789149
 789064
 789003
 788980
 788955
 788622
 788551
 788528
 788374
 788166
 787920
 787912
 787911
 787650
 787620
 787575
 787511
 787249
 787234
 787093
 786838
 786718
 786426
 786369
 786318
 786251
 785979
 785879
 785613
 785378
 785312
 785285
 785144
 785119
 785019
 784849
 784746
 784646
 784511
 784507
 784423
 784355
 784345
 784301
 784250
 784160
 784100
 783974
 783845
 783795
 783602
 783568
 783509
 783438
 783415
 783386
 783153
 783128
 782968
 782929
 782800
 782785
 782704
 782386
 782361
 782347
 782315
 782287
 782135
 782117
 782093
 782049
 781862
 781692
 781679
 781587
 781537
 781514
 781490
 781472
 781190
 781096
 780853
 780756
 780733
 780601
 780583
 780545
 780315
 780218
 780082
 779760
 779737
 779636
 779600
 779469
 779397
 779220
 779177
 779119
 778959
 778887
 778817
 778729
 778677
 778448
 778330
 778311
 778158
 778143
 778088
 777898
 777887
 777845
 777777
 777656
 777564
 777469
 777451
 777402
 777362
 777359
 777311
 777137
 776978
 776914
 776834
 776512
 776495
 776486
 776454
 776336
 776237
 776134
 776119
 776091
 776056
 776032
 776029
 775772
 775749
 775701
 775453
 775447
 775438
 775411
 775403
 775355
 775237
 775097
 775082
 774972
 774937
 774887
 774885
 774850
 774848
 774693
 774512
 774489
 774420
 773947
 773790
 773770
 773594
 773462
 773382
 773349
 773259
 773236
 773222
 773219
 773183
 773138
 773028
 772981
 772925
 772864
 772828
 772811
 772634
 772623
 772589
 772569
 772567
 772432
 772253
 772093
 771954
 771941
 771936
 771828
 771822
 771806
 771757
 771743
 771739
 771611
 771572
 771514
 771505
 771428
 771322
 771304
 771041
 770976
 770909
 770795
 770791
 770707
 770595
 770520
 770433
 770424
 770394
 770351
 770277
 770261
 770199
 770192
 770139
 770126
 770016
 770009
 769951
 769921
 769854
 769580
 769552
 769427
 769377
 769360
 769313
 769306
 769221
 769093
 769030
 768892
 768718
 768586
 768384
 768156
 768130
 768031
 767914
 767843
 767620
 767436
 766980
 766840
 766400
 766297
 766178
 766059
 766012
 765914
 765806
 765738
 765704
 765386
 765242
 765101
 765072
 765065
 765015
 764948
 764934
 764792
 764758
 764532
 764404
 764391
 764350
 764174
 764018
 763992
 763986
 763927
 763786
 763711
 763429
 763267
 763134
 763119
 763107
 763099
 763041
 762719
 762666
 762622
 762578
 762547
 762217
 762183
 762165
 762154
 761951
 761732
 761661
 761645
 761546
 761506
 761490
 761408
 761379
 761062
 761061
 761011
 760928
 760902
 760852
 760847
 760846
 760769
 760393
 760324
 760306
 760184
 760069
 759869
 759817
 759665
 759556
 759493
 759442
 759316
 759159
 759129
 758900
 758684
 758526
 758333
 758262
 758153
 758141
 757866
 757837
 757800
 757788
 757739
 757461
 757307
 757209
 757201
 757133
 757095
 757075
 757039
 756909
 756781
 756756
 756679
 756584
 756554
 756542
 756509
 756375
 756080
 756055
 756044
 756042
 755931
 755869
 755823
 755681
 755672
 755570
 755395
 755166
 755157
 755122
 755057
 754932
 754824
 754814
 754792
 754505
 754408
 754298
 754242
 753749
 753398
 753291
 753170
 753140
 753060
 752591
 752542
 752528
 752483
 752451
 752386
 752375
 752318
 752302
 752284
 752096
 752012
 751895
 751754
 751745
 751647
 751556
 751497
 751482
 751417
 751247
 751143
 751121
 751051
 751032
 750836
 750656
 750442
 750200
 750000
 749875
 749831
 749599
 749491
 749368
 749173
 749169
 748987
 748952
 748645
 748576
 748490
 748371
 748335
 748329
 748267
 748228
 748142
 748128
 748050
 748022
 747891
 747821
 747764
 747723
 747675
 747634
 747523
 747462
 747236
 747190
 747073
 747010
 746983
 746796
 746696
 746673
 746666
 746616
 746606
 746525
 746113
 746097
 746089
 746066
 746031
 746009
 745942
 745930
 745913
 745818
 745569
 745445
 745136
 745079
 744615
 744614
 744556
 744547
 744354
 744305
 744297
 744113
 744107
 743975
 743838
 743674
 743642
 743566
 743540
 743511
 743414
 743388
 743350
 743339
 743319
 743252
 743080
 743070
 743044
 742780
 742718
 742577
 742417
 742353
 742336
 742245
 742144
 741888
 741735
 741731
 741537
 741524
 741496
 741457
 741377
 741360
 741290
 741257
 740986
 740653
 740561
 740391
 740252
 740217
 740205
 740143
 740103
 740095
 740090
 739826
 739617
 739350
 739284
 739232
 739229
 739212
 739059
 739032
 739004
 738858
 738816
 738613
 738461
 738117
 737962
 737644
 737602
 737520
 737464
 737419
 737345
 737281
 736801
 736559
 736390
 736340
 736231
 736212
 736068
 736034
 735859
 735745
 735738
 735724
 735497
 735466
 735424
 735320
 735257
 735215
 735186
 735165
 735029
 734782
 734608
 734605
 734406
 734388
 734362
 734284
 734261
 734203
 734097
 734057
 733739
 733505
 733433
 733238
 733196
 732976
 732751
 732740
 732727
 732688
 732673
 732588
 732510
 732349
 732317
 732283
 732186
 732122
 732105
 732046
 731921
 731828
 731818
 731785
 731608
 731452
 731351
 731290
 731171
 731117
 731099
 731024
 731016
 730919
 730777
 730550
 730249
 730206
 730202
 730109
 730000
 729795
 729465
 729349
 729331
 729280
 729167
 729111
 729011
 728833
 728742
 728572
 728501
 728419
 728338
 728267
 728094
 727979
 727957
 727899
 727883
 727668
 727664
 727575
 727456
 727185
 727125
 726970
 726947
 726760
 726622
 726586
 726555
 725895
 725860
 725711
 725685
 725615
 725464
 725452
 725384
 725233
 725210
 725162
 724991
 724930
 724770
 724760
 724747
 724727
 724553
 724434
 724388
 724374
 724240
 724177
 724046
 723863
 723855
 723805
 723766
 723725
 723499
 723021
 723010
 722913
 722845
 722820
 722680
 722617
 722530
 722488
 722424
 722422
 722405
 722282
 722265
 722222
 722139
 721999
 721977
 721750
 721741
 721695
 721662
 721611
 721456
 721434
 721397
 721262
 721077
 721041
 721001
 720925
 720900
 720828
 720726
 720637
 720626
 720520
 720378
 720366
 720347
 720293
 720023
 719956
 719906
 719871
 719842
 719803
 719778
 719582
 719518
 719303
 719290
 719073
 718955
 718916
 718902
 718796
 718728
 718661
 718623
 718620
 718570
 718309
 718213
 718183
 717952
 717760
 717735
 717667
 717497
 717456
 717376
 717180
 717178
 717041
 717038
 716960
 716907
 716892
 716791
 716449
 716391
 716357
 716326
 716232
 716171
 716168
 716127
 716044
 715962
 715821
 715717
 715688
 715559
 715302
 715124
 714912
 714616
 714493
 714285
 714275
 714269
 714264
 714252
 714214
 713961
 713852
 713846
 713684
 713642
 713479
 713342
 713282
 713199
 713092
 712620
 712615
 712435
 712356
 712331
 712167
 712151
 712061
 712006
 711749
 711711
 711568
 711307
 711303
 711226
 710783
 710658
 710610
 710590
 710408
 710335
 710233
 710153
 709923
 709859
 709718
 709665
 709627
 709530
 709513
 709416
 709111
 709064
 708903
 708860
 708699
 708606
 708512
 708441
 708365
 708198
 708175
 708167
 708162
 708124
 707865
 707809
 707754
 707623
 707595
 707317
 706888
 706677
 706670
 706566
 706436
 706266
 706257
 706183
 705882
 705829
 705812
 705743
 705700
 705661
 705550
 705401
 705191
 705052
 704908
 704826
 704811
 704802
 704674
 704614
 704499
 704452
 704185
 704135
 704122
 703929
 703882
 703797
 703763
 703735
 703455
 703436
 703419
 703356
 703332
 703294
 703282
 702996
 702928
 702754
 702702
 702580
 702538
 702502
 702383
 702341
 702339
 702316
 702311
 702290
 702150
 702146
 702134
 702127
 702095
 701842
 701533
 701529
 701434
 701165
 701125
 700964
 700890
 700872
 700806
 700729
 700626
 700578
 700496
 700460
 700432
 700154
 700024
 699975
 699943
 699873
 699859
 699687
 699669
 699586
 699368
 699307
 699231
 699124
 698991
 698979
 698967
 698917
 698817
 698795
 698743
 698623
 698584
 698448
 698337
 698261
 697980
 697903
 697863
 697763
 697539
 697409
 697164
 697003
 696969
 696798
 696665
 696564
 696544
 696353
 696333
 696259
 695652
 695520
 695496
 695335
 695234
 695227
 695117
 694967
 694908
 694837
 694835
 694699
 694571
 694513
 694478
 694309
 694117
 694079
 694060
 694049
 693453
 693397
 693260
 693192
 692970
 692926
 692874
 692856
 692841
 692801
 692727
 692687
 692440
 692289
 692182
 692172
 692032
 692010
 691981
 691957
 691891
 691846
 691788
 691619
 691338
 691309
 691187
 691042
 690688
 690447
 690190
 690144
 690108
 690026
 689950
 689817
 689664
 689655
 689613
 689201
 689038
 688875
 688723
 688621
 688433
 688251
 688163
 688104
 688073
 687998
 687898
 687715
 687690
 687618
 687591
 687415
 687184
 687088
 687061
 686956
 686892
 686777
 686522
 686459
 686351
 686274
 686011
 685916
 685817
 685677
 685517
 685492
 685411
 685274
 684972
 684956
 684859
 684848
 684673
 684655
 684274
 684235
 684151
 684108
 683868
 683834
 683804
 683741
 683688
 683669
 683555
 683453
 683437
 683365
 682988
 682943
 682926
 682909
 682855
 682816
 682744
 682670
 682626
 682539
 682512
 682425
 682404
 682083
 681967
 681865
 681557
 681549
 681373
 681078
 681073
 680752
 680721
 680662
 680628
 680602
 680467
 680435
 680359
 680304
 680268
 680216
 680183
 680157
 680028
 680009
 679937
 679807
 679666
 679497
 679306
 679222
 679207
 679140
 679117
 678958
 678916
 678901
 678851
 678780
 678608
 678231
 677449
 677419
 677269
 677238
 677021
 676975
 676897
 676703
 676702
 676595
 676584
 676527
 676524
 676510
 676505
 676420
 676239
 676164
 676136
 676007
 676001
 675954
 675943
 675920
 675839
 675732
 675675
 675630
 675508
 675496
 675413
 675208
 675052
 674873
 674836
 674698
 674448
 674331
 673983
 673902
 673739
 673549
 673500
 673431
 673207
 673180
 673122
 673090
 673048
 672724
 672712
 672533
 672446
 672440
 672348
 672318
 671986
 671818
 671613
 671601
 671474
 671454
 671428
 671317
 671308
 671270
 671244
 671217
 671152
 671140
 671062
 670972
 670933
 670860
 670769
 670569
 670552
 670077
 669497
 669458
 669370
 669359
 669196
 669134
 668827
 668628
 668419
 668416
 668362
 668303
 668268
 668202
 668163
 668161
 667919
 667838
 667709
 667681
 667497
 667406
 667397
 667349
 667347
 666947
 666946
 666920
 666761
 666666
 666430
 666137
 666084
 666049
 666013
 666001
 665959
 665944
 665943
 665651
 665601
 665145
 665070
 664770
 664655
 664626
 664594
 664578
 664505
 664493
 664432
 664298
 664227
 664039
 664031
 663833
 663704
 663700
 663673
 663667
 663650
 663634
 663403
 663290
 663248
 663231
 663165
 663016
 662748
 662664
 662650
 662638
 662633
 662414
 662332
 662323
 662322
 662263
 662185
 662152
 661953
 661934
 661884
 661659
 661581
 661299
 661283
 661240
 660982
 660923
 660814
 660737
 660580
 660030
 659963
 659946
 659778
 659647
 659577
 659531
 659302
 659225
 659143
 659072
 659045
 658994
 658613
 658595
 658559
 658480
 658435
 658116
 658092
 658087
 657943
 657934
 657802
 657777
 657657
 657525
 657316
 657286
 657232
 656977
 656757
 656708
 656692
 656522
 656520
 656432
 656327
 656197
 656124
 656043
 655913
 655836
 655774
 655764
 655615
 655566
 655279
 655253
 655235
 655172
 655088
 654906
 654775
 654618
 654525
 654473
 654461
 654415
 654390
 653839
 653801
 653789
 653671
 653495
 653444
 653257
 653198
 653173
 653106
 652530
 652469
 652299
 652267
 652241
 652149
 651863
 651703
 651697
 651657
 651336
 651318
 651296
 651233
 651127
 651063
 650979
 650934
 650873
 650845
 650802
 650756
 650731
 650683
 650585
 650400
 650336
 650246
 650228
 650216
 650215
 649806
 649805
 649775
 649774
 649757
 649652
 649540
 649451
 649437
 649336
 649325
 649278
 649122
 648972
 648811
 648491
 648314
 648240
 648212
 648103
 648060
 648010
 647996
 647911
 647755
 647544
 647539
 647502
 647500
 647228
 647205
 647176
 647087
 647081
 647078
 646905
 646715
 646530
 646439
 646350
 646336
 646213
 646207
 646200
 646113
 646105
 645978
 645952
 645871
 645858
 645833
 645333
 645298
 645228
 645197
 644969
 644839
 644762
 644654
 644391
 644140
 644105
 643842
 643835
 643747
 643673
 643467
 643395
 643382
 643130
 643012
 642942
 642879
 642808
 642633
 642632
 642595
 642582
 642525
 642453
 642422
 642275
 642248
 642220
 642079
 642043
 642035
 641723
 641653
 641491
 641442
 641439
 641346
 641267
 641221
 641217
 641046
 640995
 640880
 640856
 640560
 640449
 640151
 639897
 639768
 639762
 639724
 639609
 639512
 639294
 639262
 639147
 639109
 639095
 639061
 638894
 638776
 638371
 638354
 638297
 638190
 638043
 638017
 637856
 637804
 637745
 637717
 637365
 637321
 637276
 637258
 637229
 637198
 637169
 637122
 636932
 636771
 636673
 636375
 636368
 636363
 636319
 636183
 636097
 636047
 635940
 635938
 635544
 635449
 635136
 635120
 635043
 635040
 634691
 634557
 634522
 634423
 634416
 634039
 633817
 633802
 633716
 633700
 633601
 633373
 633140
 632994
 632747
 632686
 632503
 632294
 632233
 632219
 632140
 632121
 632068
 632031
 632014
 631970
 631921
 631818
 631709
 631424
 631409
 631407
 631223
 631180
 630778
 630740
 630729
 630687
 630653
 630639
 630497
 630464
 630177
 630085
 630059
 629994
 629813
 629762
 629710
 629675
 629659
 629638
 629599
 629328
 629301
 629284
 628916
 628795
 628744
 628682
 628616
 628575
 628384
 628318
 628128
 627990
 627903
 627814
 627802
 627690
 627635
 627599
 627405
 627323
 627316
 627281
 627220
 627135
 627119
 627091
 627081
 627066
 626972
 626922
 626889
 626777
 626753
 626506
 626220
 626199
 626134
 626086
 625835
 625830
 625732
 625594
 625559
 625538
 625523
 625481
 625449
 625448
 625403
 625384
 625287
 625214
 625173
 625117
 625107
 625065
 624921
 624873
 624834
 624766
 624685
 624636
 624601
 624538
 624430
 624332
 624200
 624186
 624087
 624016
 624014
 623882
 623866
 623656
 623554
 623441
 623368
 623230
 623227
 623027
 623021
 622865
 622816
 622730
 622690
 622590
 622575
 622336
 622306
 622089
 622067
 621656
 621632
 621621
 621496
 621437
 621275
 621097
 620590
 620460
 620352
 620287
 619914
 619893
 619816
 619718
 619690
 619576
 619512
 619462
 619441
 619407
 619349
 619308
 619299
 619214
 619151
 619047
 618919
 618852
 618847
 618797
 618758
 618715
 618677
 618634
 618604
 618523
 618451
 618443
 618439
 618349
 618269
 618250
 618231
 617996
 617814
 617682
 617492
 617477
 617449
 617396
 617382
 617256
 617161
 617125
 617119
 616988
 616851
 616510
 616507
 616449
 616393
 616314
 616223
 616168
 616149
 615790
 615650
 615590
 615534
 615505
 615496
 615469
 615172
 615145
 615104
 614977
 614876
 614733
 614581
 614295
 614270
 614134
 614081
 613955
 613813
 613777
 613680
 613678
 613673
 613609
 613484
 613436
 613324
 613240
 613239
 613188
 613015
 612903
 612872
 612856
 612772
 612574
 612537
 612411
 612283
 612137
 612110
 612108
 611969
 611938
 611724
 611538
 611496
 611163
 611158
 611140
 611015
 610923
 610916
 610903
 610713
 610652
 610644
 610530
 610514
 610408
 610285
 610157
 610123
 610023
 609965
 609780
 609645
 609555
 609544
 609487
 609317
 609176
 608746
 608685
 608506
 608468
 608465
 608127
 607883
 607741
 607698
 607605
 607305
 607198
 607167
 607161
 607149
 607053
 606957
 606633
 606592
 606537
 606352
 606185
 606133
 605959
 605932
 605859
 605849
 605760
 605714
 605712
 605488
 605240
 604909
 604807
 604745
 604485
 604316
 604275
 604047
 603972
 603746
 603727
 603699
 603671
 603661
 603538
 603498
 603496
 603401
 603267
 603250
 603221
 603196
 603164
 603162
 603151
 603067
 602957
 602916
 602791
 602749
 602580
 602431
 602399
 602307
 602284
 602230
 602180
 602076
 601952
 601881
 601807
 601781
 601751
 601745
 601427
 601395
 601123
 601101
 601100
 600835
 600583
 600513
 600330
 600287
 600197
 600134
 600133
 600095
 599999
 599956
 599880
 599851
 599691
 599382
 599257
 599193
 599123
 598963
 598696
 598601
 598518
 598491
 598485
 598424
 598118
 598056
 597851
 597757
 597683
 597547
 597539
 597475
 597467
 597444
 597346
 597315
 597140
 597087
 597041
 597037
 597009
 596923
 596890
 596846
 596311
 596177
 596149
 595733
 595712
 595559
 595422
 595292
 595019
 594975
 594751
 594733
 594724
 594629
 594594
 594368
 594270
 594264
 594123
 594037
 594008
 593929
 593851
 593783
 593631
 593593
 593583
 593579
 593568
 593530
 593442
 593352
 593340
 593328
 593286
 593181
 593086
 592983
 592945
 592892
 592891
 592764
 592749
 592513
 592422
 592262
 592255
 592029
 591986
 591928
 591881
 591865
 591783
 591735
 591662
 591477
 591380
 591342
 591145
 591090
 590976
 590951
 590909
 590846
 590769
 590638
 590203
 590179
 590154
 590148
 590133
 590042
 590030
 589949
 589942
 589889
 589869
 589809
 589743
 589609
 589511
 589370
 589358
 589314
 589204
 589126
 589060
 588947
 588945
 588833
 588780
 588662
 588633
 588433
 588411
 588342
 588306
 588221
 588151
 588044
 587987
 587985
 587852
 587831
 587799
 587795
 587531
 587319
 587193
 587191
 587173
 587081
 587023
 587006
 586498
 586497
 586252
 586177
 586124
 585990
 585962
 585713
 585683
 585607
 585606
 585601
 585446
 585434
 585185
 584950
 584905
 584827
 584719
 584501
 584358
 584276
 584250
 584222
 584195
 584116
 584114
 583929
 583920
 583842
 583812
 583710
 583564
 583476
 583471
 583407
 583399
 583352
 582960
 582883
 582777
 582690
 582513
 582366
 582178
 582102
 581923
 581782
 581749
 581611
 581609
 581526
 581412
 581079
 581027
 580557
 580426
 580356
 580303
 580259
 580042
 580018
 579881
 579751
 579712
 579487
 579435
 579389
 579351
 579198
 578853
 578841
 578804
 578572
 578473
 578410
 578400
 578384
 578259
 578186
 578127
 578112
 578031
 577860
 577787
 577597
 577581
 577464
 577311
 577211
 577175
 577147
 577038
 577003
 576516
 576498
 576458
 576349
 576308
 576092
 576076
 576056
 576054
 575888
 575566
 575495
 575210
 575199
 575093
 575020
 575003
 574966
 574910
 574758
 574514
 574477
 574446
 574304
 574073
 574069
 574053
 573945
 573895
 573795
 573633
 573529
 573495
 573481
 573457
 573232
 573228
 573154
 573108
 573027
 572940
 572934
 572751
 572725
 572531
 572396
 572368
 571962
 571955
 571776
 571683
 571516
 571450
 571401
 571387
 571235
 571156
 570795
 570766
 570654
 570611
 570538
 570527
 570383
 570290
 570085
 569659
 569230
 569143
 568952
 568940
 568760
 568745
 568725
 568612
 568599
 568477
 568404
 568363
 568345
 568238
 568163
 567992
 567870
 567839
 567529
 567467
 567343
 567217
 567122
 567010
 566985
 566941
 566901
 566863
 566670
 566649
 566504
 566451
 566438
 566317
 566257
 566165
 566142
 566127
 566087
 565970
 565946
 565614
 565538
 565040
 564818
 564817
 564716
 564538
 564274
 564258
 564243
 564197
 564162
 564131
 564067
 564050
 563985
 563868
 563523
 563373
 563357
 563297
 563238
 563193
 563186
 563028
 562996
 562655
 562647
 562586
 562522
 562091
 562026
 561988
 561983
 561892
 561878
 561788
 561484
 561440
 561436
 561228
 561194
 561189
 561126
 561034
 560812
 560780
 560701
 560669
 560360
 560352
 560283
 560136
 560048
 560000
 559884
 559874
 559815
 559770
 559590
 559554
 559512
 559473
 559423
 559292
 559232
 559169
 558823
 558759
 558740
 558688
 558624
 558600
 558566
 558440
 558323
 558162
 558102
 558038
 558024
 558004
 557924
 557901
 557884
 557818
 557815
 557806
 557804
 557714
 557687
 557587
 557575
 557413
 557146
 557090
 557070
 556972
 556962
 556959
 556839
 556726
 556574
 556523
 556496
 556467
 556357
 556328
 556302
 556146
 556135
 555865
 555555
 555534
 555510
 555054
 554993
 554867
 554808
 554716
 554644
 554539
 554502
 554479
 554300
 554241
 554196
 554033
 553955
 553901
 553891
 553601
 553528
 553396
 553336
 553204
 553202
 553197
 552962
 552935
 552517
 552222
 552201
 552018
 551987
 551671
 551637
 551482
 551403
 551301
 551215
 551059
 551043
 551005
 550910
 550858
 550713
 550636
 550619
 550584
 550571
 550570
 550547
 550424
 550415
 550295
 550154
 550073
 550007
 549702
 549666
 549481
 549453
 549376
 549350
 549281
 548937
 548881
 548872
 548834
 548819
 548555
 548478
 548381
 548149
 548007
 547966
 547476
 547341
 546982
 546871
 546841
 546781
 546752
 546670
 546583
 546481
 546401
 546397
 546331
 546315
 546301
 546021
 546020
 545877
 545842
 545837
 545763
 545700
 545690
 545594
 545413
 545352
 545286
 545271
 545079
 545027
 544969
 544921
 544758
 544719
 544587
 544558
 544207
 544186
 543991
 543782
 543728
 543661
 543565
 543537
 543509
 543329
 543261
 542594
 542463
 542235
 542097
 542068
 542065
 542021
 541915
 541887
 541880
 541828
 541729
 541719
 541698
 541650
 541495
 541448
 541441
 541429
 541185
 540907
 540691
 540509
 540486
 540335
 540021
 540020
 539932
 539895
 539810
 539765
 539654
 539517
 539334
 539322
 539234
 539021
 538987
 538703
 538680
 538585
 538504
 538476
 538468
 538370
 538324
 538255
 538199
 537989
 537725
 537683
 537677
 537647
 537491
 537428
 537359
 537069
 536912
 536901
 536878
 536740
 536735
 536688
 536641
 536585
 536518
 536454
 536390
 536000
 535989
 535985
 535882
 535697
 535484
 535213
 535141
 535103
 535068
 534883
 534606
 534512
 534482
 534405
 534337
 534134
 534033
 533941
 533742
 533697
 533543
 533487
 533444
 533333
 533298
 533290
 533237
 533136
 533111
 533042
 532985
 532839
 532711
 532700
 532695
 532687
 532650
 532639
 532610
 532605
 532603
 532328
 532324
 532148
 532019
 531808
 531788
 531551
 531466
 531395
 531361
 531349
 531304
 531206
 530973
 530815
 530543
 530474
 530430
 530142
 530120
 529971
 529902
 529836
 529755
 529482
 529399
 529306
 529266
 528905
 528677
 528629
 528519
 528517
 528466
 528434
 528356
 528285
 528205
 528059
 528033
 527931
 527708
 527601
 527404
 527253
 527241
 527047
 526881
 526747
 526737
 526637
 526526
 526522
 526516
 526444
 526323
 526291
 526241
 526170
 526011
 525874
 525207
 525126
 525101
 524973
 524803
 524765
 524743
 524620
 524540
 524502
 524354
 524255
 524244
 524184
 523903
 523822
 523788
 523555
 523544
 523515
 523353
 523326
 523168
 523098
 522975
 522946
 522882
 522833
 522759
 522620
 522416
 522354
 522261
 522203
 521821
 521751
 521739
 521659
 521334
 521259
 521078
 521043
 520859
 520843
 520590
 520532
 520371
 520208
 519991
 519972
 519904
 519773
 519704
 519630
 519602
 519537
 519527
 519204
 519198
 519141
 519040
 519030
 518749
 518731
 518696
 518476
 518282
 518184
 518056
 517934
 517910
 517773
 517753
 517721
 517531
 517461
 517444
 517412
 517410
 517293
 517222
 517166
 517138
 517030
 516934
 516912
 516816
 516759
 516571
 516556
 516458
 516359
 516281
 516272
 516203
 516099
 516013
 515950
 515192
 515091
 514997
 514964
 514838
 514678
 514495
 514354
 513953
 513520
 513469
 513389
 512798
 512511
 512483
 512298
 512257
 512201
 512048
 511757
 511568
 511514
 511363
 511362
 510860
 510528
 510480
 510465
 510426
 510395
 510196
 510175
 510096
 510063
 510022
 509962
 509959
 509853
 509636
 509576
 509483
 509470
 509302
 508641
 508578
 508571
 508549
 508520
 508423
 508337
 508315
 508244
 508156
 507936
 507890
 507762
 507690
 507458
 507354
 507346
 507215
 507042
 506984
 506910
 506896
 506895
 506819
 506714
 506682
 506639
 506631
 506572
 506530
 506493
 506453
 506416
 506391
 506269
 506240
 506176
 506031
 505982
 505967
 505834
 505755
 505730
 505621
 505617
 505604
 505456
 505440
 505429
 505370
 505368
 505242
 505185
 505113
 504877
 504875
 504737
 504509
 504499
 504441
 504368
 504342
 504065
 504046
 503981
 503966
 503941
 503914
 503894
 503736
 503692
 503608
 503555
 503500
 503480
 503400
 502898
 502854
 502840
 502733
 502720
 502700
 502622
 502566
 502450
 502374
 502284
 502089
 501955
 501488
 501442
 501423
 501089
 501049
 500811
 500798
 500782
 500622
 500583
 500480
 500472
 500254
 500223
 500169
 500118
 500094
 500016
 500000
 499904
 499778
 499580
 499389
 499368
 499364
 499119
 499047
 498733
 498659
 498562
 498458
 498389
 498357
 498243
 498240
 498060
 498007
 497897
 497734
 497706
 497615
 497478
 497418
 497326
 497236
 497149
 497129
 497094
 497040
 497024
 497021
 496977
 496958
 496954
 496911
 496426
 496289
 496240
 496183
 496156
 496131
 496082
 496027
 495854
 495477
 495342
 495327
 495299
 495269
 495144
 495121
 495117
 494970
 494955
 494916
 494731
 494489
 494462
 494448
 494328
 494235
 494227
 494223
 493990
 493903
 493888
 493877
 493868
 493781
 493500
 493492
 493059
 492958
 492877
 492675
 492623
 492532
 492484
 492466
 492448
 492419
 492363
 492334
 492185
 492180
 492149
 491998
 491953
 491597
 491504
 491325
 491314
 491223
 491172
 491126
 490827
 490806
 490798
 490303
 489925
 489907
 489896
 489803
 489628
 489599
 489581
 489571
 489336
 489311
 489199
 489038
 488997
 488975
 488695
 488552
 488529
 488482
 488386
 488295
 488068
 487957
 487955
 487809
 487728
 487552
 487261
 487240
 487237
 487071
 486528
 486486
 486369
 486213
 486118
 486036
 485994
 485965
 485938
 485850
 485715
 485687
 485538
 485446
 485396
 485294
 485201
 485114
 485039
 484743
 484672
 484657
 484536
 484528
 484376
 484289
 484272
 484230
 484181
 483942
 483924
 483875
 483847
 483776
 483701
 483651
 483627
 483427
 483376
 483353
 483293
 483203
 483171
 483030
 483020
 482926
 482799
 482797
 482696
 482585
 482416
 482395
 482153
 482115
 481873
 481865
 481602
 481515
 481509
 481393
 481293
 481001
 480998
 480962
 480867
 480742
 480717
 480554
 480465
 480364
 480115
 479907
 479889
 479847
 479840
 479784
 479742
 479674
 479565
 479428
 479338
 479279
 479266
 479220
 479211
 479105
 479004
 478947
 478805
 478697
 478681
 478511
 478510
 478474
 478290
 478286
 478267
 478142
 478134
 478086
 478038
 478020
 478010
 477876
 477852
 477719
 477697
 477657
 477344
 477333
 477324
 477283
 477191
 477100
 477093
 477081
 477001
 476944
 476747
 476727
 476570
 476393
 476190
 476131
 475780
 475722
 475702
 475543
 475284
 475185
 475129
 475117
 475051
 475013
 474885
 474870
 474818
 474756
 474530
 474446
 474419
 474208
 474146
 474062
 473524
 473382
 473354
 473333
 473253
 473194
 473186
 473152
 472948
 472828
 472812
 472647
 472523
 472417
 472222
 472168
 472046
 471914
 471870
 471801
 471707
 471676
 471639
 471595
 471565
 471344
 471271
 471257
 471213
 471164
 471084
 470800
 470588
 470374
 470349
 470321
 470288
 470259
 470254
 470151
 470098
 470061
 469992
 469977
 469910
 469773
 469749
 469530
 469387
 469126
 469113
 468904
 468734
 468696
 468674
 468660
 468637
 468586
 468503
 468474
 468456
 468431
 468389
 468106
 468096
 468088
 468036
 467787
 467720
 467712
 467662
 467396
 467383
 467197
 467179
 467100
 467091
 467057
 466939
 466892
 466885
 466584
 466548
 466454
 466313
 466294
 466292
 466248
 466112
 466101
 466078
 466007
 465846
 465813
 465753
 465477
 465417
 465376
 465333
 464968
 464885
 464814
 464811
 464765
 464590
 464492
 464444
 464282
 464195
 463969
 463813
 463786
 463775
 463685
 463638
 463563
 463379
 463266
 463245
 463182
 462923
 462757
 462755
 462714
 462712
 462555
 462501
 462230
 462210
 462196
 462142
 462086
 462004
 461944
 461936
 461773
 461377
 461327
 461134
 461052
 461025
 460869
 460803
 460583
 460555
 460501
 460440
 460230
 460210
 460072
 460035
 460027
 459859
 459809
 459560
 459352
 459345
 459136
 459117
 459111
 459013
 458980
 458952
 458895
 458827
 458754
 458738
 458683
 458673
 458619
 458605
 458524
 458333
 458111
 458103
 458020
 457982
 457798
 457669
 457615
 457420
 457385
 457366
 457347
 457332
 457311
 457261
 457211
 457013
 456885
 456735
 456533
 456332
 456320
 455935
 455842
 455716
 455514
 455476
 455293
 455277
 455239
 455095
 455055
 454879
 454697
 454631
 454630
 454521
 454434
 454407
 454351
 454044
 453979
 453881
 453787
 453692
 453536
 453481
 453429
 453402
 453289
 453287
 453235
 453116
 453002
 452921
 452892
 452829
 452737
 452716
 452575
 452329
 452280
 452256
 452250
 452227
 452091
 452080
 451969
 451927
 451894
 451842
 451799
 451790
 451764
 451741
 451705
 451571
 451510
 451391
 451296
 451119
 451044
 450984
 450941
 450884
 450846
 450642
 450229
 450208
 450207
 450166
 449952
 449735
 449590
 449537
 449521
 449454
 449431
 449375
 449237
 449228
 448912
 448835
 448771
 448641
 448622
 448499
 448428
 448279
 448022
 447995
 447980
 447773
 447701
 447628
 447602
 447513
 447444
 447432
 447236
 447229
 447162
 447150
 447005
 446989
 446869
 446839
 446830
 446774
 446698
 446529
 446234
 446227
 446074
 445817
 445476
 445426
 445400
 445333
 445317
 445258
 445191
 445043
 444893
 444843
 444784
 444759
 444717
 444713
 444679
 444524
 444479
 444285
 444021
 443941
 443890
 443880
 443774
 443645
 443604
 443552
 443536
 443298
 443296
 443220
 442818
 442807
 442736
 442679
 442658
 442649
 442518
 442440
 442437
 442318
 442238
 442198
 442169
 442072
 441764
 441558
 441521
 441399
 441313
 441153
 440669
 440648
 440519
 440443
 440344
 440339
 440239
 440200
 440118
 439518
 439446
 439421
 439205
 439072
 439028
 438959
 438848
 438682
 438625
 438596
 438578
 438525
 438324
 438040
 437987
 437819
 437767
 437706
 437699
 437572
 437323
 437232
 437072
 437044
 436563
 436537
 436398
 436261
 436111
 436031
 436010
 435930
 435761
 435701
 435362
 435115
 434908
 434782
 434574
 434494
 434346
 434197
 434181
 434040
 433967
 433962
 433879
 433826
 433789
 433783
 433475
 433463
 433350
 433250
 433228
 433166
 433122
 432762
 432717
 432660
 432646
 432645
 432323
 432119
 432027
 432000
 431984
 431818
 431759
 431712
 431434
 431426
 431142
 431033
 431032
 430793
 430783
 430780
 430727
 430656
 430484
 430449
 430291
 430195
 430193
 430100
 430089
 429941
 429906
 429864
 429735
 429675
 429637
 429560
 429525
 429411
 429398
 429329
 429160
 429044
 429039
 429012
 428962
 428899
 428736
 428338
 428318
 428208
 428185
 428049
 427872
 427718
 427687
 427565
 427524
 427274
 427200
 427118
 427086
 426925
 426872
 426630
 426488
 426477
 426396
 426379
 426378
 426356
 426116
 425415
 425403
 425307
 425232
 425176
 425147
 425004
 424996
 424845
 424812
 424636
 424535
 424271
 424004
 423965
 423936
 423926
 423894
 423891
 423785
 423667
 423568
 423385
 423363
 423329
 423216
 423120
 423076
 422950
 422740
 422539
 422500
 422321
 422163
 422021
 421782
 421609
 421571
 421503
 421389
 421385
 421350
 421318
 421309
 421238
 421217
 421215
 421212
 421004
 421002
 420979
 420861
 420730
 420674
 420583
 420538
 420460
 420181
 419974
 419940
 419881
 419839
 419698
 419497
 419354
 419225
 419082
 418990
 418956
 418766
 418674
 418648
 418495
 418423
 418354
 418203
 418147
 418042
 417977
 417683
 417640
 417617
 417510
 417266
 417097
 416776
 416689
 416570
 416529
 416293
 416228
 416216
 416211
 416193
 416177
 416089
 415859
 415612
 415534
 415522
 415518
 415223
 415103
 415095
 414786
 414727
 414535
 414468
 414129
 414080
 414021
 414012
 413999
 413996
 413931
 413474
 413473
 413324
 413297
 413197
 413138
 412965
 412888
 412787
 412709
 412698
 412687
 412431
 412254
 412116
 412092
 412028
 412023
 412001
 411532
 411230
 411183
 411148
 410967
 410927
 410664
 410553
 410455
 410408
 410351
 410300
 410138
 410051
 409855
 409721
 409470
 409467
 409316
 409197
 409144
 409040
 409028
 408866
 408849
 408567
 408098
 407993
 407804
 407772
 407667
 407536
 407444
 407436
 407356
 407242
 407225
 407075
 407028
 407022
 407005
 406998
 406938
 406705
 406691
 406649
 406435
 406108
 405940
 405872
 405699
 405685
 405575
 405561
 405482
 405371
 405366
 405340
 404869
 404858
 404857
 404833
 404709
 404548
 404479
 404445
 404391
 404348
 404323
 404308
 404141
 404120
 404033
 404025
 403862
 403848
 403826
 403746
 403743
 403726
 403693
 403544
 403517
 403508
 403425
 403410
 403252
 403024
 403006
 402877
 402843
 402655
 402471
 402452
 402412
 402350
 402250
 402216
 402015
 401921
 401864
 401788
 401772
 401758
 401742
 401683
 401644
 401574
 401467
 401409
 401139
 401069
 401068
 401005
 400954
 400922
 400847
 400626
 400264
 400246
 400151
 400096
 399981
 399935
 399891
 399585
 399545
 399507
 399486
 399280
 399272
 399071
 398925
 398858
 398837
 398677
 398549
 398520
 398465
 398444
 398306
 398211
 398190
 398130
 398038
 398018
 397863
 397750
 397569
 397539
 397533
 397411
 397409
 397316
 397294
 397214
 397142
 397089
 397017
 397010
 396956
 396937
 396893
 396892
 396833
 396788
 396786
 396465
 396443
 396401
 396339
 396333
 396252
 396157
 396116
 396111
 395844
 395686
 395685
 395565
 395316
 395291
 395225
 395163
 395131
 394945
 394914
 394866
 394377
 394299
 394052
 394029
 393996
 393994
 393605
 393341
 393205
 393126
 392783
 392778
 392707
 392702
 392607
 392331
 392119
 392036
 391923
 391891
 391880
 391813
 391502
 391307
 391267
 390918
 390834
 390828
 390779
 390472
 390455
 390411
 390356
 390264
 390178
 390150
 390120
 389923
 389781
 389735
 389694
 389634
 389616
 389530
 389262
 389026
 388769
 388569
 388508
 388500
 388248
 388127
 387998
 387793
 387725
 387700
 387426
 387380
 387239
 387063
 387029
 387027
 386861
 386777
 386737
 386531
 386309
 386306
 386230
 386189
 386016
 385917
 385860
 385795
 385762
 385710
 385696
 385466
 385465
 385035
 384909
 384814
 384691
 384671
 384659
 384615
 384558
 384540
 384483
 384479
 384328
 384235
 384099
 384011
 383947
 383903
 383849
 383832
 383523
 383458
 383217
 382920
 382754
 382742
 382684
 382576
 382420
 382389
 382139
 381994
 381853
 381851
 381714
 381528
 381445
 381223
 381040
 381029
 380952
 380945
 380834
 380833
 380821
 380663
 380594
 380485
 380384
 380359
 380257
 380230
 380020
 380010
 379834
 379715
 379407
 379395
 379392
 379310
 379306
 379110
 378947
 378944
 378930
 378917
 378887
 378704
 378554
 378543
 378451
 378329
 378209
 378148
 377909
 377564
 377488
 377352
 377240
 376832
 376576
 376391
 376301
 376282
 376139
 376066
 376059
 376030
 375869
 375838
 375812
 375773
 375759
 375650
 375612
 375610
 375040
 374780
 374438
 374277
 374274
 374198
 374153
 374081
 374080
 373968
 373783
 373663
 373640
 373533
 373532
 373301
 373228
 373183
 373108
 373020
 373008
 373007
 372972
 372930
 372825
 372367
 372274
 372262
 372226
 372195
 372108
 372051
 372028
 371659
 371487
 371476
 371464
 371460
 371428
 371180
 371174
 371148
 371038
 370752
 370439
 370357
 370335
 370212
 370013
 369801
 369785
 369625
 369590
 369497
 369295
 369219
 369184
 368831
 368731
 368701
 368361
 368173
 367886
 367507
 367432
 367395
 367336
 367080
 366994
 366991
 366963
 366899
 366886
 366846
 366759
 366752
 366748
 366564
 366562
 366466
 366390
 366342
 366334
 366194
 366089
 365912
 365909
 365864
 365853
 365833
 365822
 365527
 365526
 365384
 365335
 365166
 365101
 365074
 365027
 364997
 364981
 364977
 364812
 364775
 364684
 364522
 364437
 364217
 364195
 364184
 364102
 363784
 363779
 363482
 363265
 363050
 362994
 362916
 362754
 362717
 362555
 362226
 362225
 362187
 362021
 362020
 361993
 361979
 361782
 361728
 361725
 361702
 361597
 361309
 361106
 360926
 360924
 360788
 360773
 360750
 360694
 360278
 359824
 359808
 359759
 359631
 359615
 359291
 359213
 359073
 359042
 358948
 358834
 358816
 358762
 358728
 358727
 358647
 358413
 358394
 358326
 358296
 358280
 358120
 357869
 357690
 357580
 357279
 357219
 357214
 357185
 357153
 357034
 356947
 356800
 356424
 356084
 356060
 356044
 356034
 356032
 355932
 355800
 355703
 355676
 355647
 355586
 355499
 355455
 355357
 355170
 355113
 354916
 354763
 354757
 354620
 354422
 354295
 354215
 354131
 353960
 353843
 353548
 353384
 353377
 353114
 352965
 352941
 352792
 352568
 352423
 352331
 352075
 352019
 351993
 351732
 351598
 351561
 351231
 351204
 351185
 351135
 351100
 350868
 350679
 350598
 350509
 350343
 350205
 350140
 350133
 350062
 349932
 349820
 349695
 349693
 349565
 349560
 349341
 348966
 348957
 348837
 348817
 348791
 348488
 348462
 348366
 348314
 348273
 348227
 348065
 347900
 347882
 347806
 347671
 347610
 347282
 347248
 347164
 347081
 347036
 347017
 346970
 346769
 346634
 346563
 346518
 346447
 346192
 346039
 346017
 345931
 345699
 345631
 345608
 345596
 345534
 345458
 345413
 345368
 345334
 345329
 345240
 345031
 344808
 344608
 344223
 343976
 343774
 343746
 343651
 343434
 343413
 343217
 343148
 342919
 342879
 342873
 342566
 342462
 342429
 342409
 342146
 342056
 342035
 341951
 341916
 341887
 341837
 341792
 341719
 341479
 341376
 341205
 341183
 341148
 341130
 341127
 340911
 340777
 340775
 340511
 340356
 340270
 340224
 340209
 340026
 339774
 339622
 339587
 339586
 339580
 339315
 339192
 339131
 339099
 339026
 338890
 338867
 338775
 338709
 338528
 338453
 338419
 338273
 338226
 338142
 337981
 337968
 337946
 337723
 337628
 337608
 337363
 337198
 337191
 337167
 336997
 336911
 336859
 336812
 336761
 336748
 336634
 336412
 336331
 336226
 336134
 336057
 336034
 335977
 335937
 335779
 335772
 335625
 335589
 335564
 335501
 335212
 335099
 334998
 334784
 334777
 334757
 334695
 334642
 334155
 334083
 333996
 333931
 333891
 333838
 333692
 333612
 333479
 333333
 333166
 333084
 333048
 333033
 332874
 332827
 332692
 332520
 332509
 332421
 332361
 332194
 332183
 331989
 331936
 331599
 331422
 331390
 331372
 331246
 331078
 330836
 330771
 330676
 330647
 330547
 330363
 330352
 330097
 330081
 330058
 330050
 330027
 329975
 329889
 329847
 329774
 329563
 329468
 328968
 328935
 328711
 328705
 328500
 328467
 327902
 327868
 327597
 327558
 327530
 327437
 327419
 327408
 327313
 327208
 327114
 327054
 327014
 326923
 326786
 326520
 326453
 326395
 326349
 326192
 325917
 325685
 325624
 325581
 325490
 325298
 325196
 325054
 325022
 324992
 324884
 324864
 324846
 324828
 324786
 324775
 324773
 324765
 324695
 324644
 324593
 324591
 324532
 324203
 324047
 323867
 323836
 323790
 323756
 323271
 322956
 322896
 322841
 322835
 322663
 322263
 322108
 322061
 321977
 321955
 321580
 321521
 321343
 321232
 320922
 320734
 320504
 320455
 320394
 320344
 320206
 320194
 320095
 320070
 319972
 319849
 319819
 319759
 319679
 319581
 319452
 319430
 319259
 319125
 318840
 318834
 318767
 318742
 318664
 318584
 318497
 318291
 318139
 317924
 317798
 317770
 317764
 317609
 317508
 317507
 317485
 317444
 317295
 317020
 317000
 316996
 316872
 316831
 316659
 316591
 316532
 316515
 316502
 316490
 316426
 316312
 316235
 316122
 315994
 315989
 315964
 315928
 315786
 315397
 315310
 315217
 315063
 314638
 314600
 314588
 314451
 314312
 314303
 314292
 314178
 313877
 313703
 313533
 313500
 313483
 313157
 313104
 313069
 312950
 312943
 312915
 312722
 312693
 312355
 312346
 312108
 311987
 311898
 311659
 311433
 311356
 311187
 311151
 310945
 310686
 310647
 310541
 310384
 310364
 310242
 310195
 310149
 310026
 310025
 309993
 309713
 309284
 309126
 308959
 308590
 308579
 308554
 308532
 308318
 308223
 308080
 308027
 307950
 307889
 307815
 307772
 307692
 307611
 307530
 307148
 307125
 306995
 306856
 306731
 306707
 306695
 306670
 306392
 306252
 305837
 305836
 305769
 305299
 305059
 305007
 304767
 304666
 304661
 304449
 304192
 304182
 304116
 304053
 304004
 303955
 303798
 303771
 303767
 303736
 303726
 303571
 303282
 303270
 303261
 303113
 302865
 302848
 302721
 302603
 302501
 302457
 302400
 302283
 302256
 302158
 302108
 301369
 301104
 300813
 300782
 300746
 300636
 300588
 300557
 300491
 300473
 300440
 300221
 300114
 300109
 300000
 299910
 299907
 299904
 299872
 299738
 299718
 299450
 299435
 299351
 299162
 299065
 299062
 299061
 298902
 298719
 298546
 298393
 298269
 298095
 297811
 297742
 297674
 297490
 297451
 297444
 297408
 297381
 297295
 297225
 297213
 297209
 297150
 296518
 296488
 296482
 296231
 296155
 296105
 295809
 295651
 295515
 295467
 295307
 295174
 295163
 294900
 294798
 294606
 294453
 294441
 294311
 294133
 294068
 294039
 293991
 293982
 293961
 293853
 293762
 293722
 293695
 293687
 293623
 293587
 293552
 293398
 293052
 292987
 292929
 292861
 292841
 292687
 292527
 292512
 292490
 292434
 292367
 292338
 292295
 292076
 292009
 291715
 290997
 290726
 290629
 290539
 290470
 290394
 290231
 290159
 290141
 290097
 290042
 289770
 289633
 289570
 289558
 289433
 289374
 289338
 289332
 289271
 289258
 289112
 289089
 288805
 288702
 288536
 288491
 288188
 288145
 288055
 288037
 287957
 287904
 287892
 287840
 287806
 287239
 287227
 287022
 286945
 286839
 286655
 286535
 286498
 286343
 286338
 286297
 286189
 286159
 286149
 285910
 285714
 285466
 285158
 285147
 285045
 284861
 284781
 284769
 284737
 284732
 284572
 284475
 284358
 284222
 283900
 283738
 283673
 283199
 282885
 282826
 282736
 282575
 282530
 282482
 282270
 281941
 281923
 281739
 281735
 281634
 281548
 281528
 281524
 281507
 281468
 281402
 281385
 281330
 281294
 281159
 281148
 281081
 281039
 280870
 280730
 280723
 280682
 280632
 280591
 280538
 280454
 280446
 280363
 280287
 280140
 280138
 280108
 279846
 279811
 279792
 279683
 279603
 279554
 279530
 279529
 279500
 279389
 279369
 279298
 279144
 278954
 278933
 278922
 278885
 278851
 278685
 278346
 278283
 278263
 278129
 277848
 277404
 277108
 277010
 276756
 276719
 276644
 276565
 276381
 276011
 275979
 275900
 275817
 275714
 275678
 275510
 275244
 275187
 275166
 274830
 274707
 274658
 274646
 274628
 274564
 274532
 274366
 274346
 273931
 273809
 273700
 273691
 273667
 273529
 273515
 273449
 273221
 273136
 272865
 272552
 272551
 272545
 272452
 272428
 271932
 271715
 271631
 271591
 271504
 271465
 271373
 271003
 270865
 270666
 270573
 270316
 270226
 270148
 269816
 269742
 269741
 269611
 269578
 269554
 269504
 269478
 269417
 269350
 269240
 269141
 269093
 269082
 268931
 268805
 268722
 268646
 268501
 268454
 268429
 268342
 268163
 268159
 268007
 268000
 267853
 267353
 267319
 267216
 267157
 267117
 266898
 266773
 266769
 266694
 266666
 266508
 266375
 266363
 266099
 266017
 265920
 265840
 265836
 265394
 265300
 265274
 265273
 265020
 264879
 264878
 264714
 264639
 264382
 264367
 264357
 264325
 264214
 264109
 264066
 264003
 263549
 263496
 263400
 263157
 263102
 263021
 263003
 262951
 262936
 262710
 262475
 262401
 262105
 261913
 261896
 261780
 261772
 261708
 261507
 261433
 261429
 261398
 261267
 261245
 261091
 260663
 260640
 260609
 260478
 260471
 260349
 260028
 260000
 259930
 259850
 259525
 259501
 259401
 259365
 259224
 259218
 259195
 258992
 258758
 258725
 258580
 258536
 258435
 258403
 258380
 258291
 258018
 257922
 257903
 257744
 257714
 257662
 257499
 257333
 257290
 257199
 257092
 257079
 257067
 257015
 256965
 256814
 256777
 256730
 256686
 256398
 256384
 256361
 256339
 255846
 255657
 255631
 255499
 255427
 255216
 255118
 255100
 254949
 254819
 254757
 254654
 254612
 254401
 254219
 254113
 253867
 253853
 253805
 253750
 253656
 253616
 253561
 253521
 253333
 253218
 253174
 253138
 253111
 253097
 252952
 252595
 252489
 252435
 252078
 251934
 251887
 251863
 251862
 251828
 251797
 251700
 251602
 251534
 251533
 251531
 251401
 251258
 251256
 251177
 250962
 250779
 250709
 250602
 250591
 250303
 250047
 250000
 249957
 249915
 249852
 249749
 249613
 249415
 249320
 249272
 249181
 249158
 249007
 248964
 248886
 248703
 248698
 248681
 248653
 248630
 248479
 248476
 248357
 248164
 248080
 247911
 247892
 247734
 247603
 247535
 247482
 247285
 247226
 247167
 247111
 247048
 246788
 246613
 246575
 246511
 246381
 246165
 246106
 245933
 245708
 245697
 245542
 245513
 245461
 245342
 245172
 244908
 244696
 244674
 244648
 244555
 244435
 244266
 244145
 244064
 243978
 243882
 243870
 243823
 243519
 243505
 243387
 243222
 243221
 243064
 242990
 242959
 242934
 242767
 242705
 242192
 241961
 241925
 241784
 241779
 241649
 241643
 241606
 241185
 241130
 241103
 240963
 240664
 240506
 240398
 240325
 240318
 240297
 240024
 239957
 239948
 239945
 239892
 239871
 239598
 239544
 239426
 239350
 239250
 239191
 239045
 238907
 238348
 237920
 237915
 237914
 237656
 237649
 237525
 237398
 237361
 237237
 237173
 236734
 236686
 236580
 236461
 236447
 236438
 236370
 236136
 235958
 235946
 235936
 235907
 235906
 235847
 235831
 235619
 235592
 235510
 235503
 235474
 235420
 235294
 235194
 235119
 234995
 234837
 234765
 234762
 234686
 234564
 234459
 234458
 234432
 234407
 234391
 234327
 234222
 234116
 234085
 234059
 234042
 233951
 233786
 233730
 233667
 233561
 233544
 233515
 233345
 233305
 233188
 233173
 233085
 233007
 232907
 232850
 232797
 232518
 232515
 232409
 232256
 231927
 231924
 231644
 231587
 231532
 231376
 231370
 231222
 231177
 231167
 231076
 231013
 230838
 230835
 230769
 230623
 230256
 230237
 230208
 230003
 229993
 229757
 229638
 229617
 229524
 229409
 229352
 229332
 229291
 229235
 229216
 229189
 229105
 228894
 228867
 228639
 228541
 228427
 228093
 228092
 227838
 227647
 227539
 227305
 227233
 227184
 226950
 226886
 226870
 226804
 226733
 226723
 226320
 226290
 226146
 225988
 225906
 225857
 225757
 225471
 225419
 225418
 225417
 225335
 225261
 225227
 225225
 225147
 224920
 224866
 224844
 224786
 224595
 224572
 224554
 224505
 224319
 224280
 224260
 224255
 224173
 223879
 223853
 223804
 223781
 223729
 223583
 223393
 223302
 223068
 222913
 222848
 222844
 222784
 222730
 222578
 222261
 222222
 222068
 221747
 221631
 221620
 221402
 221360
 221255
 221095
 220973
 220769
 220610
 220282
 220170
 220084
 220069
 219881
 219854
 219693
 219393
 219370
 219330
 219163
 218966
 218905
 218818
 218713
 218657
 218340
 218311
 218187
 218181
 218056
 218045
 218040
 217984
 217833
 217751
 217675
 217543
 217422
 217403
 217391
 217332
 217308
 217212
 217158
 217120
 216771
 216621
 216609
 216446
 216403
 216358
 216266
 216250
 216192
 216179
 216046
 215988
 215977
 215928
 215917
 215873
 215864
 215750
 215717
 215645
 215308
 215291
 215221
 215053
 215014
 214955
 214750
 214731
 214703
 214484
 214267
 214131
 214095
 214065
 213913
 213788
 213747
 213660
 213566
 213546
 213523
 213520
 213393
 213353
 213293
 213074
 212959
 212896
 212626
 212621
 212545
 212502
 212222
 212131
 212121
 212047
 211990
 211982
 211941
 211931
 211908
 211843
 211690
 211651
 211522
 211415
 211404
 211356
 211148
 211048
 210966
 210944
 210903
 210774
 210629
 210620
 210393
 210187
 210140
 210078
 210066
 209979
 209906
 209832
 209712
 209652
 209452
 209320
 209318
 208869
 208812
 208797
 208751
 208706
 208667
 208261
 207974
 207973
 207835
 207741
 207723
 207547
 207483
 207203
 207192
 207122
 207062
 206979
 206896
 206892
 206435
 206194
 206161
 206133
 205988
 205967
 205897
 205844
 205754
 205541
 205513
 205450
 205272
 205219
 205183
 205047
 204934
 204895
 204868
 204784
 204680
 204678
 204647
 204592
 204458
 204419
 204143
 203919
 203782
 203750
 203694
 203641
 203515
 203307
 203007
 202895
 202780
 202778
 202739
 202677
 202611
 202536
 202515
 202497
 202459
 202408
 201961
 201840
 201835
 201776
 201749
 201732
 201708
 201310
 201134
 201094
 200726
 200681
 200589
 200445
 200436
 200403
 200315
 200275
 200233
 200076
 200000
 199985
 199937
 199863
 199796
 199569
 199517
 199415
 199385
 199187
 198959
 198872
 198863
 198813
 198602
 198480
 198324
 198207
 198197
 198070
 197942
 197892
 197704
 197631
 197616
 197544
 197502
 197269
 197217
 197192
 197169
 197144
 197137
 196952
 196915
 196877
 196837
 196803
 196741
 196650
 196637
 196581
 196468
 196329
 196078
 195928
 195834
 195771
 195596
 195550
 195452
 195322
 195227
 195171
 194954
 194939
 194852
 194715
 194228
 194142
 194110
 194037
 193942
 193587
 193522
 193368
 193209
 193111
 193049
 192905
 192881
 192786
 192484
 191969
 191899
 191721
 191693
 191561
 191538
 191486
 191318
 191188
 191176
 191018
 190892
 190791
 190733
 190672
 190652
 190580
 190523
 190508
 190461
 190280
 189716
 189687
 189671
 189627
 189415
 189375
 189344
 189333
 189098
 189078
 189044
 188940
 188932
 188801
 188782
 188589
 188557
 188126
 187984
 187782
 187649
 187643
 187634
 187618
 187613
 187595
 187546
 187470
 187400
 187345
 187236
 187122
 187096
 187045
 187030
 187007
 186668
 186492
 186467
 186408
 186146
 186114
 186037
 185983
 185925
 185897
 185803
 185788
 185725
 185664
 185575
 185424
 185299
 185185
 185157
 184914
 184852
 184673
 184486
 184453
 183881
 183783
 183673
 183094
 183040
 183031
 182949
 182929
 182892
 182712
 182648
 182518
 182457
 182416
 182369
 181805
 181797
 181555
 181199
 181101
 181043
 180856
 180851
 180674
 180662
 180645
 180609
 180408
 180357
 180327
 180304
 180268
 180193
 180134
 180087
 179792
 179768
 179743
 179702
 179373
 179320
 179213
 179183
 179113
 179084
 179074
 179025
 178915
 178736
 178691
 178669
 178585
 178549
 178502
 178478
 178438
 178405
 178168
 178082
 177952
 177943
 177777
 177775
 177718
 177653
 177215
 177211
 177119
 177067
 176983
 176931
 176402
 176360
 176111
 176058
 176002
 175874
 175830
 175625
 175458
 175446
 175336
 175301
 175219
 175151
 175144
 174993
 174901
 174579
 174452
 174398
 174344
 174340
 174296
 174235
 174139
 174072
 173913
 173811
 173679
 173671
 173535
 173518
 173511
 173473
 173315
 173199
 173164
 172996
 172898
 172677
 172637
 172318
 172289
 172173
 172086
 172031
 172018
 171932
 171895
 171611
 171609
 171573
 171513
 171344
 171243
 171076
 170966
 170731
 170562
 170469
 170374
 170227
 170212
 170100
 170085
 170050
 170049
 170012
 169976
 169858
 169845
 169828
 169719
 169711
 169709
 169656
 169649
 169643
 169627
 169568
 169531
 169396
 169301
 169125
 169083
 168858
 168776
 168701
 168695
 168653
 168600
 168511
 168358
 168268
 168116
 168087
 168082
 167972
 167822
 167714
 167587
 167539
 167454
 167307
 167183
 166743
 166677
 166666
 166226
 166201
 166159
 165867
 165832
 165312
 165278
 165109
 165049
 164999
 164998
 164647
 164612
 164594
 164486
 164326
 164317
 164220
 164057
 163952
 163934
 163923
 163677
 163599
 163590
 163531
 163378
 163372
 163349
 163254
 163210
 163010
 162947
 162800
 162723
 162403
 162390
 162289
 162214
 162154
 162097
 162037
 162003
 161559
 161490
 161408
 161400
 161275
 161230
 161204
 161002
 160962
 160865
 160819
 160700
 160610
 160479
 160477
 160459
 160415
 160260
 160111
 160012
 160000
 159954
 159946
 159890
 159812
 159757
 159680
 159457
 158985
 158859
 158790
 158754
 158730
 158693
 158230
 158133
 158094
 157921
 157857
 157816
 157686
 157423
 157326
 157303
 157286
 157278
 157207
 157155
 156866
 156862
 156829
 156764
 156646
 156630
 156598
 156536
 156436
 156415
 156234
 156182
 156166
 156007
 155762
 155626
 155498
 155438
 155409
 155278
 155251
 155148
 155094
 155089
 154814
 154626
 154624
 154531
 154511
 154489
 154406
 154400
 154261
 154123
 154075
 154034
 153784
 153668
 153662
 153613
 153579
 153524
 153444
 153435
 153291
 152604
 152578
 152535
 152445
 152414
 152412
 152082
 151606
 151555
 151522
 151202
 151145
 151114
 150507
 150397
 150326
 150240
 150199
 150087
 149973
 149505
 149462
 149425
 149338
 149297
 149288
 149130
 149051
 148694
 148664
 148528
 148460
 148387
 148325
 148148
 148135
 148098
 148068
 147993
 147874
 147751
 147647
 147583
 147548
 147473
 147356
 147332
 147292
 147244
 147082
 147073
 146672
 146575
 146567
 146559
 146499
 146380
 146051
 145944
 145616
 145388
 145317
 145251
 145229
 145044
 144922
 144906
 144675
 144628
 144468
 144445
 144428
 144396
 144373
 143993
 143903
 143890
 143837
 143821
 143562
 143400
 143297
 143138
 143103
 143078
 143059
 142857
 142707
 142460
 142435
 142239
 142186
 142046
 141859
 141811
 141451
 141439
 141246
 141241
 141210
 141092
 141003
 140908
 140805
 140740
 140698
 140664
 140580
 140404
 140300
 140283
 140219
 140164
 139807
 139700
 139672
 139593
 139586
 139572
 139546
 139534
 139504
 139479
 139384
 139374
 139236
 139177
 139129
 139040
 138937
 138827
 138796
 138282
 138238
 138088
 138018
 137973
 137962
 137959
 137681
 137668
 137662
 137613
 137608
 137525
 137508
 137467
 137437
 137381
 137313
 137207
 137114
 137096
 137076
 136893
 136736
 136645
 136625
 136623
 136536
 136505
 136332
 136043
 135930
 135809
 135757
 135654
 135648
 135623
 135140
 134717
 134608
 134381
 134376
 134350
 134228
 134181
 134137
 134129
 134107
 134086
 134013
 133735
 133702
 133664
 133440
 133386
 133343
 133297
 133222
 133088
 133032
 132881
 132798
 132774
 132531
 132403
 131937
 131905
 131570
 131420
 131398
 131386
 131339
 131186
 131086
 130967
 130944
 130833
 130819
 130766
 130552
 130208
 130113
 130023
 129885
 129823
 129725
 129704
 129594
 129443
 129339
 129211
 129112
 129071
 128838
 128671
 128632
 128500
 128476
 128418
 128373
 128310
 128227
 127866
 127795
 127727
 127672
 127105
 126770
 126626
 126499
 126393
 126377
 126295
 126276
 126248
 126099
 126032
 125997
 125984
 125925
 125829
 125786
 125751
 125725
 125641
 125571
 125569
 125420
 125364
 124903
 124853
 124849
 124807
 124792
 124777
 124770
 124735
 124706
 124687
 124572
 124565
 124503
 124334
 124233
 124108
 124101
 124085
 124046
 123728
 123726
 123534
 123370
 123341
 123287
 123094
 123050
 122893
 122815
 122729
 122688
 122611
 122600
 122549
 122543
 122501
 122457
 122251
 122175
 121883
 121756
 121724
 121617
 121580
 121539
 121475
 121463
 121375
 121336
 121307
 121227
 121144
 121097
 120951
 120950
 120935
 120655
 120560
 120554
 120515
 120478
 120330
 120218
 120079
 119970
 119963
 119932
 119884
 119849
 119833
 119829
 119791
 119402
 119382
 119206
 119047
 118892
 118841
 118543
 118471
 118463
 118343
 118148
 117970
 117876
 117871
 117834
 117647
 117544
 117500
 117487
 117262
 117016
 116963
 116738
 116637
 116281
 116149
 115974
 115956
 115880
 115879
 115775
 115705
 115697
 115689
 115668
 115610
 115591
 115563
 115431
 115338
 115316
 115276
 115151
 115010
 114924
 113872
 113856
 113818
 113743
 113562
 113439
 113336
 113331
 113123
 113038
 112751
 112742
 112735
 112507
 112465
 112299
 112173
 112130
 112024
 112007
 111940
 111920
 111782
 111687
 111546
 111471
 111418
 111332
 111242
 111240
 111214
 111144
 111111
 110895
 110773
 110763
 110747
 110535
 110472
 110197
 110032
 109914
 109860
 109752
 109702
 109440
 109439
 109407
 109369
 109360
 109176
 109109
 109036
 109014
 108882
 108716
 108632
 108423
 108361
 108324
 108303
 108179
 108104
 107972
 107890
 107791
 107659
 107649
 107632
 107609
 107582
 107377
 107200
 107112
 106768
 106506
 106255
 106158
 106143
 106019
 105878
 105859
 105797
 105688
 105566
 105511
 105507
 105472
 105318
 105189
 105155
 105084
 105076
 104962
 104937
 104880
 104778
 104513
 104450
 104345
 104336
 104294
 104283
 104271
 104150
 104041
 103639
 103598
 103459
 103303
 103037
 103004
 102847
 102681
 102564
 102533
 102505
 102476
 102364
 102236
 102144
 102107
 102026
 101992
 101708
 101679
 101585
 101565
 101428
 101378
 101153
 101088
 101076
 101010
 100714
 100710
 100409
 100331
 100323
 100107
 100014
 99885
 99813
 99619
 99597
 99353
 99244
 99202
 98928
 98817
 98667
 98663
 98560
 98480
 98462
 98395
 98271
 98192
 98133
 98128
 98019
 97954
 97902
 97713
 97595
 97345
 97318
 97317
 97157
 96927
 96868
 96692
 96657
 96507
 96323
 96211
 96175
 96008
 95530
 95283
 95238
 95109
 94980
 94851
 94838
 94820
 94813
 94672
 94629
 94601
 94555
 94546
 94508
 94490
 94442
 94421
 94403
 94093
 94086
 93882
 93750
 93704
 93552
 93535
 93297
 92915
 92904
 92848
 92826
 92715
 92667
 92638
 92401
 92390
 92307
 92154
 92090
 92081
 91934
 91887
 91789
 91608
 91592
 91578
 91543
 91513
 91445
 90946
 90909
 90895
 90674
 90514
 90473
 90447
 90330
 90220
 90215
 90192
 90146
 90012
 89992
 89937
 89872
 89840
 89818
 89802
 89769
 89757
 89700
 89664
 89650
 89596
 89534
 89515
 89513
 89347
 89304
 89293
 89153
 88969
 88967
 88915
 88865
 88787
 88670
 88576
 88448
 88355
 88327
 88255
 88145
 88089
 87849
 87590
 87475
 87340
 87098
 86966
 86927
 86872
 86681
 86415
 86408
 86350
 86294
 85985
 85977
 85811
 85626
 85596
 85393
 85132
 85011
 84950
 84925
 84919
 84895
 84847
 84846
 84712
 84402
 84371
 84315
 84246
 84112
 84023
 84006
 83933
 83602
 83366
 83283
 82706
 82519
 82307
 82290
 82240
 82152
 82088
 82074
 82064
 82041
 82033
 81983
 81806
 81681
 81561
 81452
 81431
 81198
 81001
 80880
 80131
 80087
 80029
 79938
 79908
 79837
 79810
 79581
 79556
 79459
 79456
 79270
 79215
 79170
 78847
 78827
 78820
 78797
 78767
 78752
 78743
 78505
 78407
 78305
 78227
 78212
 78104
 78042
 77941
 77897
 77216
 77119
 77007
 76991
 76984
 76965
 76941
 76772
 76711
 76692
 76463
 76313
 76310
 76212
 76190
 76005
 75770
 75650
 75630
 75204
 75148
 75039
 74935
 74861
 74840
 74792
 74576
 74569
 74255
 74138
 74121
 73859
 73768
 73645
 73544
 73386
 73328
 73240
 73239
 73221
 73199
 73183
 73096
 73064
 72920
 72912
 72901
 72811
 72776
 72450
 72299
 72294
 72069
 71974
 71868
 71526
 71280
 71162
 70866
 70825
 70796
 70739
 70672
 70525
 70381
 70370
 70361
 70307
 70257
 70203
 70046
 69999
 69914
 69727
 69539
 69416
 69342
 69197
 69099
 68980
 68564
 68521
 68496
 68471
 68439
 68418
 68399
 68250
 68211
 68174
 68168
 68051
 68009
 67897
 67659
 67586
 67560
 67427
 67415
 67285
 67279
 67187
 67004
 66980
 66935
 66842
 66811
 66789
 66772
 66767
 66666
 66554
 66547
 66391
 66332
 66268
 66107
 66004
 65989
 65968
 65719
 65588
 65554
 65395
 65323
 65299
 65236
 65009
 64947
 64935
 64812
 64810
 64489
 64462
 64290
 64282
 64167
 64164
 63892
 63853
 63731
 63703
 63631
 63619
 63618
 63467
 63439
 63373
 63241
 63216
 63007
 62937
 62817
 62687
 62685
 62653
 62646
 62516
 62484
 62379
 62279
 62231
 62186
 61950
 61896
 61831
 61778
 61732
 61730
 61485
 61386
 61348
 61347
 61267
 61114
 60973
 60956
 60863
 60842
 60836
 60806
 60714
 60466
 60382
 60322
 59774
 59688
 59437
 59406
 59225
 59140
 59103
 59008
 59006
 58806
 58776
 58741
 58735
 58553
 58468
 58455
 58339
 58243
 58239
 58148
 58073
 57964
 57855
 57820
 57812
 57797
 57743
 57396
 57346
 57259
 57164
 57134
 57072
 56793
 56737
 56723
 56641
 56603
 56541
 56472
 56396
 56370
 56179
 56135
 55881
 55850
 55750
 55718
 55443
 55350
 55253
 55219
 55081
 54968
 54811
 54801
 54751
 54666
 54649
 54607
 54346
 54232
 54101
 54059
 53870
 53849
 53754
 53661
 53627
 53418
 53407
 53402
 53150
 53042
 52770
 52594
 52318
 52097
 51830
 51724
 51557
 51536
 51485
 51471
 51401
 51353
 51340
 51243
 51237
 51185
 51109
 50524
 50445
 50389
 50256
 50238
 50058
 50000
 49919
 49836
 49828
 49748
 49599
 49232
 49206
 49197
 49132
 49077
 49032
 48927
 48767
 48577
 48311
 48279
 48246
 48188
 48071
 48070
 47653
 47615
 47394
 47330
 47195
 47184
 47151
 46780
 46754
 46747
 46461
 46110
 45906
 45897
 45745
 45674
 45517
 45512
 45311
 45262
 45148
 45036
 44954
 44713
 44477
 44456
 44444
 44383
 44367
 44302
 44205
 44198
 44185
 44094
 44092
 43992
 43986
 43814
 43770
 43767
 43741
 43606
 43487
 43478
 43397
 43345
 43336
 43222
 43201
 42966
 42900
 42712
 42632
 42553
 42535
 42479
 42473
 42351
 42253
 42198
 42121
 42110
 42074
 42048
 41762
 41655
 41401
 41209
 41149
 41105
 40856
 40836
 40801
 40704
 40661
 40553
 40549
 40376
 40151
 40125
 40062
 39987
 39796
 39720
 39554
 39545
 39351
 39321
 39218
 39187
 39113
 38950
 38936
 38713
 38683
 38628
 38130
 38030
 37988
 37316
 37157
 36960
 36853
 36703
 36673
 36532
 36351
 36304
 36142
 35952
 35742
 35698
 35664
 35628
 35430
 35341
 35263
 35132
 34794
 34607
 34503
 34301
 34254
 34236
 34128
 33898
 33706
 33665
 33444
 33333
 33190
 33184
 33127
 33101
 33099
 33060
 33038
 32947
 32944
 32835
 32419
 32247
 32172
 32156
 32128
 31913
 31830
 31746
 31514
 31509
 31502
 31500
 31481
 31326
 31017
 30974
 30698
 30653
 30511
 30452
 30420
 30126
 30113
 29965
 29895
 29711
 29611
 29607
 29566
 29455
 29418
 29342
 29213
 29168
 28998
 28975
 28954
 28935
 28700
 28689
 28673
 28659
 28565
 28548
 28547
 28457
 28456
 28412
 28328
 28293
 28183
 28170
 28017
 27685
 27646
 27612
 27559
 27420
 27397
 27329
 26819
 26612
 26385
 26274
 26261
 26226
 25992
 25777
 25727
 25684
 25623
 25615
 25532
 25485
 25367
 25284
 25219
 25127
 25122
 25094
 24976
 24950
 24799
 24613
 24566
 24487
 24390
 24316
 24150
 24145
 24067
 24058
 23766
 23681
 23361
 23189
 23061
 22943
 22688
 22533
 22478
 22455
 22358
 22347
 22265
 22141
 22068
 21922
 21546
 21525
 21517
 21415
 21400
 21257
 20945
 20924
 20880
 20792
 20725
 20700
 20611
 20596
 20558
 20459
 20443
 20388
 20128
 20099
 20040
 19946
 19823
 19786
 19691
 19625
 19545
 19521
 19417
 19348
 19341
 19207
 19127
 19071
 18960
 18905
 18867
 18796
 18781
 18734
 18587
 18561
 18310
 18296
 18128
 18113
 18069
 17486
 17465
 17463
 17416
 17324
 17271
 17153
 17013
 16992
 16976
 16949
 16874
 16865
 16779
 16684
 16590
 16389
 16385
 16374
 16363
 16308
 15956
 15936
 15806
 15708
 15541
 15538
 15405
 15399
 15243
 15219
 15200
 15164
 15029
 14862
 14628
 14587
 14443
 14320
 14257
 14111
 14019
 13882
 13664
 13567
 13342
 13254
 13184
 13132
 13129
 12979
 12913
 12833
 12819
 12814
 12751
 12578
 12509
 12489
 12356
 12176
 12042
 11932
 11883
 11401
 11320
 11271
 11197
 11147
 11146
 11127
 11111
 10992
 10948
 10936
 10899
 10870
 10682
 10610
 10553
 10434
 10426
 10331
 10170
 10102
 10052
 10016
 9938
 9827
 9758
 9523
 9451
 9379
 9257
 9032
 9028
 8891
 8876
 8865
 8783
 8324
 8259
 8257
 8164
 8120
 8112
 8107
 7945
 7901
 7722
 7720
 7293
 7289
 7161
 6686
 6679
 6614
 6503
 6487
 6437
 6414
 6331
 6070
 6024
 5988
 5933
 5878
 5811
 5662
 5633
 5606
 5508
 5167
 4917
 4784
 4678
 4583
 4572
 4490
 4272
 4208
 4063
 3690
 3677
 3667
 3663
 3371
 3252
 3206
 3165
 3144
 2974
 2799
 2139
 2005
 1652
 1560
 1328
 1277
 1222
 1210
 1126
 1122
 999
 521
 519
 483
 160
 76
 0
 