49882
 49870
 49737
 49632
 49565
 49551
 49464
 49360
 49303
 49275
 49171
 48880
 48828
 48782
 48739
 48732
 48633
 48596
 48436
 48427
 48381
 48283
 48233
 48049
 47988
 47798
 47772
 47426
 47144
 47058
 47039
 46893
 46873
 46765
 46531
 46522
 46466
 46315
 46127
 46002
 45944
 45912
 45716
 45691
 45419
 45409
 45395
 45276
 45141
 44995
 44893
 44721
 44685
 44660
 44532
 44197
 43986
 43697
 43659
 43582
 43554
 43532
 43253
 43073
 42918
 42850
 42840
 42833
 42748
 42654
 42544
 42234
 42230
 42135
 42115
 42109
 41976
 41964
 41619
 41539
 41511
 41476
 41290
 41258
 41239
 41225
 40778
 40754
 40639
 40355
 40354
 40284
 40165
 40129
 40044
 39957
 39905
 39858
 39638
 39569
 39562
 39358
 39095
 39004
 38903
 38839
 38607
 38561
 38558
 38448
 38302
 38151
 38105
 38044
 37838
 37812
 37800
 37742
 37472
 37468
 37404
 37321
 37242
 37199
 37089
 36588
 36401
 36249
 36226
 36211
 36165
 36017
 35966
 35931
 35880
 35877
 35736
 35734
 35712
 35710
 35700
 35666
 35658
 35513
 35478
 35473
 35415
 35140
 35127
 34996
 34987
 34921
 34803
 34784
 34554
 34496
 34428
 34240
 34175
 34116
 33998
 33910
 33813
 33601
 33500
 33468
 33452
 33265
 33184
 33004
 32924
 32883
 32710
 32693
 32686
 32646
 32528
 32452
 32337
 32318
 32135
 32048
 32017
 31852
 31404
 31319
 31304
 31223
 31163
 31113
 30948
 30764
 30742
 30546
 30543
 30395
 29903
 29854
 29787
 29625
 29579
 29562
 29445
 29441
 29197
 28970
 28959
 28888
 28856
 28764
 28645
 28514
 28314
 28144
 28044
 27926
 27842
 27673
 27662
 27584
 27534
 27503
 27495
 27346
 27218
 27118
 27018
 27010
 26999
 26803
 26797
 26790
 26685
 26658
 26415
 26134
 25965
 25785
 25689
 25678
 25600
 25384
 25376
 25345
 25089
 25036
 25029
 25022
 24795
 24383
 24344
 24128
 24112
 24033
 23975
 23758
 23610
 23480
 23474
 23366
 23342
 23328
 23182
 23033
 22884
 22758
 22607
 22553
 22518
 22499
 22493
 22424
 22219
 22171
 21798
 21789
 21725
 21710
 21517
 21508
 21507
 21425
 21402
 21336
 20969
 20749
 20627
 20529
 20512
 20337
 20321
 20284
 20265
 20220
 20180
 19999
 19876
 19813
 19481
 19404
 19306
 19274
 19185
 19091
 19049
 19038
 18911
 18833
 18791
 18778
 18638
 18632
 18388
 18248
 18201
 18132
 17880
 17845
 17785
 17747
 17612
 17528
 17357
 17293
 17246
 17136
 17057
 17045
 17006
 17000
 16852
 16779
 16752
 16739
 16685
 16544
 16501
 16426
 16263
 16237
 16229
 16149
 16146
 15904
 15733
 15720
 15559
 15361
 15033
 15032
 14996
 14687
 14541
 14092
 14078
 13991
 13911
 13859
 13855
 13829
 13760
 13716
 13291
 13243
 13224
 13203
 13155
 13136
 13055
 13021
 13014
 12933
 12856
 12740
 12732
 12460
 12432
 12269
 12143
 12060
 12043
 11950
 11931
 11821
 11815
 11762
 11592
 11571
 11553
 11527
 11459
 11184
 10929
 10889
 10786
 10677
 10667
 10659
 10340
 10135
 10050
 9898
 9871
 9779
 9737
 9520
 9321
 9292
 8880
 8709
 8678
 8574
 8536
 8523
 8423
 8345
 8335
 8244
 8199
 8081
 7889
 7753
 7597
 7550
 7512
 7420
 7281
 7237
 7053
 6917
 6591
 6531
 6528
 6479
 6456
 6370
 5963
 5813
 5607
 5518
 5485
 5437
 5358
 5326
 5312
 5310
 5064
 5021
 4955
 4873
 4835
 4785
 4744
 4715
 4642
 4594
 4526
 4515
 4409
 4146
 4080
 4078
 3781
 3666
 3650
 3629
 3431
 3430
 3339
 3250
 3174
 3048
 2941
 2894
 2694
 2558
 2556
 2544
 2534
 2428
 1956
 1685
 1615
 1552
 1523
 1234
 1216
 1141
 1015
 975
 814
 752
 743
 585
 566
 476
 280
 270
 217
 52
 