999925
 999850
 999760
 999747
 999742
 999581
 999563
 999318
 999289
 998982
 998827
 998784
 998707
 998607
 998246
 998237
 998036
 997982
 997652
 997598
 997580
 997580
 997540
 997457
 997445
 997386
 997372
 997336
 997272
 997194
 997053
 996983
 996699
 996571
 996567
 996565
 996547
 996491
 996293
 996228
 996115
 995936
 995615
 995562
 995530
 995404
 995257
 995230
 995189
 994989
 994982
 994981
 994823
 994786
 994436
 994286
 994039
 994015
 993953
 993950
 993830
 993784
 993777
 993685
 993576
 993521
 993490
 993420
 993335
 993108
 993104
 992990
 992930
 992602
 992278
 992208
 992180
 991905
 991742
 991431
 991392
 991313
 991294
 991212
 991150
 991141
 991128
 991075
 991066
 990925
 990921
 990897
 990791
 990704
 990661
 990626
 990605
 990480
 990414
 990308
 990220
 990173
 990037
 989876
 989848
 989619
 989564
 989449
 989221
 989220
 989199
 989169
 989109
 989103
 989073
 988960
 988919
 988913
 988821
 988546
 988446
 988423
 988139
 988097
 988031
 987987
 987878
 987642
 987598
 987551
 987539
 987511
 987325
 987317
 987208
 987186
 987138
 987012
 986981
 986928
 986922
 986858
 986789
 986628
 986592
 986492
 986464
 986436
 986414
 986244
 986243
 986121
 986078
 986046
 985790
 985533
 985382
 985114
 984974
 984890
 984868
 984769
 984766
 984682
 984654
 984636
 984601
 984575
 984565
 984420
 984301
 984298
 983973
 983945
 983839
 983818
 983804
 983405
 983132
 983085
 983040
 982986
 982940
 982906
 982825
 982417
 982370
 982332
 982246
 981873
 981687
 981651
 981622
 981609
 981329
 981295
 981258
 981122
 980994
 980688
 980630
 980586
 980527
 980414
 980325
 980096
 980094
 979914
 979816
 979761
 979682
 979530
 979240
 978953
 978941
 978632
 978627
 978555
 978497
 978495
 978385
 978311
 978048
 977804
 977561
 977396
 977366
 977358
 977207
 977194
 976917
 976899
 976824
 976790
 976749
 976641
 976514
 976483
 976447
 976352
 976237
 976152
 976056
 975979
 975749
 975609
 975378
 975364
 974965
 974798
 974759
 974655
 974616
 974414
 974239
 974208
 974144
 974004
 973959
 973812
 973705
 973606
 973497
 973451
 973358
 973317
 973250
 973230
 973227
 973147
 973140
 973091
 973042
 972907
 972864
 972788
 972755
 972634
 972608
 972537
 972413
 972392
 972332
 972270
 972267
 972230
 972093
 972089
 972006
 971822
 971706
 971520
 971505
 971476
 971463
 971343
 971261
 971153
 970912
 970741
 970645
 970443
 970281
 970168
 970035
 969958
 969924
 969882
 969772
 969689
 969474
 969361
 969230
 969215
 969182
 969151
 969040
 969003
 968942
 968573
 968540
 968473
 968433
 968146
 967985
 967601
 967536
 967367
 967225
 966702
 966659
 966587
 966350
 966309
 966249
 966101
 966009
 965955
 965859
 965833
 965669
 965604
 965585
 965438
 965408
 965345
 965291
 965227
 965185
 965079
 964892
 964555
 964537
 964467
 964238
 964126
 963979
 963927
 963910
 963679
 963644
 963575
 963498
 963482
 963478
 963302
 963290
 963236
 963204
 962992
 962791
 962701
 962575
 962536
 962510
 962416
 962313
 962291
 962167
 961923
 961739
 961721
 961595
 961507
 961412
 961409
 961395
 961394
 961286
 961256
 961223
 961143
 961072
 960988
 960696
 960687
 960644
 960277
 960144
 960077
 960070
 959999
 959929
 959857
 959842
 959706
 959559
 959506
 959491
 959428
 959385
 959346
 959127
 959093
 958926
 958874
 958766
 958415
 958316
 958279
 958269
 958247
 958005
 957988
 957981
 957914
 957425
 957254
 956992
 956932
 956926
 956904
 956521
 956390
 956373
 956305
 956228
 956188
 955898
 955534
 955361
 955318
 955312
 955295
 955230
 955223
 955088
 954962
 954838
 954829
 954533
 954457
 954420
 954229
 954204
 954022
 953941
 953927
 953917
 953855
 953722
 953637
 953552
 953503
 953416
 953198
 953196
 953036
 953012
 952979
 952907
 952669
 952655
 952584
 952554
 952540
 952495
 952380
 952229
 952223
 952181
 952080
 952046
 951830
 951772
 951721
 951515
 951239
 951085
 951003
 950981
 950905
 950797
 950736
 950609
 950407
 950372
 950329
 949646
 949475
 949355
 949330
 949182
 949088
 948992
 948805
 948728
 948635
 948582
 948216
 948165
 948161
 948145
 948099
 947832
 947753
 947704
 947663
 947596
 947580
 947576
 947123
 947036
 946614
 946609
 946384
 946378
 946371
 946251
 946047
 945907
 945897
 945793
 945606
 945530
 945454
 945278
 945227
 945139
 945118
 945026
 944873
 944784
 944621
 944381
 944358
 944262
 944237
 943947
 943925
 943866
 943854
 943765
 943716
 943661
 943630
 943557
 943392
 943144
 943117
 943023
 943000
 942511
 942389
 942307
 942240
 942231
 942225
 942135
 942009
 941786
 941774
 941614
 941449
 941399
 941332
 941261
 941233
 941176
 940974
 940966
 940933
 940828
 940779
 940543
 940524
 940491
 940364
 940229
 940034
 939992
 939511
 939449
 939401
 939149
 939130
 939121
 939076
 939023
 939001
 938821
 938775
 938505
 938474
 937919
 937792
 937763
 937519
 937485
 937388
 937283
 937251
 937246
 937211
 937180
 937112
 937046
 937019
 936991
 936936
 936891
 936887
 936574
 936533
 936440
 936416
 936337
 936335
 936188
 936027
 936026
 936025
 935927
 935904
 935862
 935860
 935483
 935401
 935326
 935260
 935156
 934884
 934699
 934646
 934593
 934575
 934443
 934393
 934376
 934357
 934207
 933979
 933809
 933520
 933499
 933402
 933333
 933275
 933038
 933016
 932835
 932797
 932671
 932618
 932612
 932545
 932140
 931973
 931623
 931435
 931305
 931162
 931134
 931110
 931082
 931007
 930984
 930929
 930841
 930783
 930763
 930516
 930481
 930434
 930309
 930263
 930232
 930121
 929971
 929819
 929811
 929734
 929732
 929663
 929595
 929532
 929515
 929387
 929340
 929266
 929189
 929178
 929144
 929086
 928902
 928849
 928680
 928490
 928264
 928155
 928147
 928034
 927927
 927710
 927649
 927601
 927555
 927536
 927455
 927417
 927371
 927211
 927033
 927018
 926927
 926926
 926887
 926876
 926795
 926714
 926686
 926605
 926346
 926337
 926095
 926080
 925912
 925703
 925575
 925497
 925377
 925288
 925282
 925218
 925198
 925173
 925164
 924937
 924849
 924812
 924765
 924539
 924538
 924460
 924420
 924360
 924095
 923954
 923731
 923694
 923658
 923428
 923140
 922921
 922918
 922526
 922437
 922414
 922367
 922255
 922032
 922002
 921865
 921853
 921823
 921778
 921710
 921671
 921504
 921480
 921454
 921269
 921159
 921135
 920704
 920659
 920648
 920646
 920618
 920556
 920235
 920150
 920090
 920070
 920021
 919925
 919880
 919786
 919624
 919179
 919087
 919080
 919036
 919013
 918713
 918641
 918545
 918508
 918414
 918309
 918207
 918041
 918020
 917914
 917837
 917732
 917688
 917687
 917615
 917610
 917544
 917459
 917250
 916994
 916970
 916945
 916784
 916751
 916661
 916641
 916201
 916176
 916162
 915667
 915629
 915582
 915516
 915482
 915403
 914838
 914795
 914782
 914651
 914623
 914566
 914555
 914421
 914333
 914325
 914285
 914270
 914012
 913969
 913901
 913691
 913522
 913466
 913409
 913385
 913349
 913339
 913330
 913307
 913156
 912983
 912967
 912818
 912389
 912271
 912222
 912117
 911996
 911964
 911940
 911850
 911670
 911502
 911459
 911442
 911240
 911209
 910986
 910970
 910902
 910755
 910726
 910613
 910575
 910561
 910363
 910171
 909968
 909857
 909698
 909672
 909668
 909608
 909513
 909161
 909090
 908891
 908708
 908678
 908664
 908583
 908573
 908370
 908202
 908108
 907953
 907848
 907776
 907641
 907362
 907206
 907170
 907038
 906934
 906776
 906726
 906602
 906430
 906389
 905903
 905894
 905806
 905792
 905759
 905659
 905613
 905548
 905491
 905372
 905328
 905071
 905056
 904986
 904934
 904928
 904915
 904897
 904864
 904795
 904593
 904539
 904436
 904370
 904247
 904108
 904056
 903945
 903936
 903913
 903858
 903490
 903360
 903225
 903175
 903103
 903065
 903030
 902895
 902825
 902713
 902568
 902536
 902309
 902264
 901991
 901969
 901800
 901678
 901674
 901515
 901508
 901420
 901277
 901177
 901167
 901140
 901139
 900852
 900806
 900779
 900673
 900409
 900383
 900299
 900277
 900032
 899923
 899895
 899891
 899736
 899705
 899585
 899445
 899093
 898910
 898643
 898456
 898305
 898288
 897792
 897757
 897690
 897564
 897520
 897513
 897211
 897203
 897090
 897052
 897035
 896836
 896799
 896606
 896376
 896347
 896274
 896265
 896232
 895703
 895527
 895505
 895408
 895399
 895357
 895309
 895276
 895250
 895174
 894973
 894952
 894872
 894602
 894575
 894574
 894508
 894423
 894374
 894363
 894279
 894248
 894078
 894071
 893949
 893832
 893711
 893630
 893557
 893553
 893385
 893330
 893288
 893148
 893087
 892912
 892661
 892589
 892577
 892432
 892424
 892333
 892215
 892215
 892215
 892030
 891710
 891682
 891637
 891551
 891532
 891506
 891483
 891346
 891034
 890949
 890879
 890665
 890527
 890441
 890392
 890337
 890228
 890222
 890220
 890143
 890115
 889979
 889755
 889687
 889631
 889552
 889452
 889321
 889215
 888962
 888888
 888861
 888857
 888793
 888790
 888790
 888701
 888432
 888268
 888256
 888221
 888088
 888086
 888033
 887989
 887936
 887846
 887563
 887353
 887043
 887023
 886676
 886380
 886275
 886119
 886096
 886075
 885937
 885881
 885860
 885859
 885854
 885780
 885608
 885415
 885405
 885321
 885316
 885273
 885063
 885053
 885025
 884868
 884816
 884769
 884665
 884572
 884417
 884326
 884089
 884070
 884051
 883958
 883950
 883841
 883776
 883770
 883748
 883641
 883482
 883074
 882981
 882741
 882624
 882258
 882137
 882094
 882055
 881890
 881817
 881757
 881695
 881695
 881446
 881322
 881270
 881204
 881155
 881142
 881095
 881061
 880913
 880621
 880546
 880510
 880487
 880472
 880407
 880345
 880326
 880252
 880065
 880000
 879992
 879765
 879733
 879620
 879580
 879485
 879446
 879387
 879372
 879284
 879253
 879190
 879101
 878909
 878907
 878787
 878759
 878684
 878598
 878510
 878484
 878360
 878278
 878052
 877670
 877626
 877579
 877237
 877015
 876813
 876739
 876714
 876712
 876683
 876471
 876374
 876355
 876274
 876163
 876096
 876039
 875893
 875834
 875650
 875586
 875585
 875307
 875228
 875169
 875063
 875050
 875015
 874926
 874617
 874587
 874584
 874558
 874554
 874195
 874180
 874150
 873901
 873790
 873505
 873214
 873159
 872960
 872785
 872703
 872631
 872530
 872506
 872468
 872124
 872093
 872045
 871720
 871552
 871292
 871279
 871224
 871102
 870996
 870712
 870540
 870466
 870423
 870344
 870257
 870182
 870153
 869876
 869813
 869624
 869479
 869401
 869333
 869242
 868997
 868929
 868914
 868903
 868851
 868812
 868774
 868702
 868660
 868631
 868566
 868427
 868117
 868084
 868081
 868007
 867909
 867873
 867709
 867588
 867401
 867190
 867128
 867108
 866981
 866751
 866711
 866646
 866581
 866544
 866340
 866162
 866092
 865898
 865873
 865867
 865842
 865740
 865739
 865704
 865653
 865638
 865614
 865576
 865533
 865378
 865344
 865341
 865319
 865305
 865253
 865155
 865150
 865041
 864977
 864957
 864804
 864748
 864517
 864434
 864421
 864406
 864327
 864316
 864261
 864136
 863762
 863684
 863672
 863652
 863612
 863599
 863557
 863505
 863285
 863216
 863149
 862953
 862935
 862879
 862852
 862612
 862483
 862453
 862283
 862281
 862225
 862200
 862104
 862005
 861972
 861886
 861857
 861751
 861645
 861594
 861559
 861325
 861288
 861212
 861102
 861082
 861066
 860869
 860763
 860725
 860720
 860704
 860701
 860648
 860635
 860592
 860483
 860379
 860296
 860252
 860156
 860071
 860071
 860011
 859973
 859928
 859795
 859675
 859673
 859581
 859345
 859142
 859115
 859060
 858823
 858751
 858666
 858661
 858620
 858457
 858209
 858209
 858116
 858076
 858002
 857919
 857863
 857799
 857681
 857639
 857451
 857440
 857288
 857067
 856955
 856682
 856502
 856394
 856344
 856187
 856026
 855973
 855930
 855732
 855728
 855712
 855437
 855421
 855315
 855294
 855142
 855021
 854918
 854709
 854608
 854576
 854434
 854386
 854262
 854091
 854043
 853939
 853928
 853790
 853790
 853768
 853688
 853599
 853345
 853118
 853099
 852705
 852698
 852676
 852648
 852604
 852478
 852391
 852359
 852327
 852185
 851851
 851771
 851715
 851577
 851469
 851349
 851335
 851256
 851015
 850946
 850833
 850777
 850681
 850523
 850494
 850039
 849962
 849671
 849607
 849524
 849468
 849153
 849129
 849021
 848551
 848542
 848496
 848344
 848342
 848309
 848294
 848032
 847997
 847942
 847390
 847371
 847132
 847058
 846975
 846767
 846748
 846523
 846497
 846352
 846051
 845941
 845911
 845771
 845688
 845641
 845569
 845528
 845417
 845311
 845074
 844976
 844914
 844911
 844908
 844732
 844686
 844534
 844527
 844519
 844482
 844088
 843917
 843910
 843885
 843875
 843822
 843694
 843669
 843632
 843575
 843554
 843062
 843019
 842965
 842750
 842706
 842671
 842616
 842612
 842564
 842535
 842468
 842415
 842315
 841679
 841619
 841402
 841354
 841351
 841336
 841230
 841186
 841025
 840898
 840861
 840825
 840799
 840786
 840724
 840592
 840581
 840390
 840119
 840047
 840044
 839876
 839826
 839819
 839619
 839543
 839542
 839301
 839183
 839064
 838839
 838809
 838737
 838709
 838578
 838502
 838426
 838323
 838107
 838021
 837785
 837663
 837631
 837392
 837093
 837080
 836976
 836851
 836843
 836804
 836796
 836781
 836720
 836702
 836636
 836624
 836527
 836500
 836415
 836409
 836288
 835952
 835832
 835796
 835735
 835653
 835594
 835529
 835443
 835071
 835069
 834951
 834897
 834700
 834689
 834521
 834355
 834142
 834114
 834109
 834006
 833910
 833844
 833824
 833671
 833245
 833081
 833048
 832899
 832572
 832335
 832001
 831975
 831198
 831132
 831067
 830846
 830780
 830698
 830649
 830637
 830596
 830501
 830494
 830337
 830328
 830298
 830092
 830090
 829971
 829930
 829875
 829838
 829804
 829715
 829686
 829666
 829585
 829382
 829326
 829288
 829031
 829017
 828881
 828715
 828705
 828704
 828648
 828530
 828507
 828371
 828362
 828316
 828282
 828074
 827909
 827885
 827684
 827586
 827411
 827309
 827160
 827136
 827126
 827067
 826895
 826750
 826675
 826636
 826627
 826574
 826538
 826490
 826458
 826382
 826373
 825565
 825528
 825362
 825303
 825250
 825232
 825108
 824997
 824989
 824838
 824824
 824816
 824767
 824742
 824742
 824719
 824713
 824627
 824512
 824429
 824206
 824176
 824133
 824029
 823979
 823927
 823867
 823740
 823702
 823642
 823631
 823583
 823552
 823216
 823171
 823070
 823023
 823022
 823021
 822838
 822803
 822675
 822577
 822539
 822418
 822274
 822222
 822190
 822141
 822028
 822014
 821964
 821440
 821430
 821129
 821125
 820989
 820985
 820715
 820683
 820604
 820588
 820189
 820031
 820015
 819905
 819838
 819793
 819653
 819634
 819283
 819097
 819047
 819020
 818921
 818759
 818607
 818525
 818519
 818402
 818141
 818115
 818075
 817960
 817793
 817771
 817650
 817551
 817486
 817435
 817350
 817293
 817084
 817070
 816933
 816890
 816841
 816723
 816606
 816579
 816563
 816412
 816343
 816176
 816032
 815935
 815865
 815848
 815830
 815794
 815740
 815668
 815474
 815465
 815450
 815280
 815270
 815230
 815102
 815005
 814676
 814621
 814584
 814554
 814482
 814438
 814417
 814394
 814365
 814349
 814283
 814046
 813890
 813720
 813716
 813687
 813684
 813583
 813390
 813330
 813246
 813104
 812963
 812762
 812755
 812374
 812042
 811838
 811721
 811612
 811382
 811320
 811243
 811104
 810986
 810982
 810752
 810590
 810511
 810375
 810177
 810117
 809951
 809905
 809807
 809780
 809668
 809570
 809431
 809281
 809255
 809210
 809168
 808913
 808686
 808611
 808419
 807997
 807891
 807716
 807631
 807542
 807459
 807385
 807368
 807351
 807219
 807160
 807099
 807027
 807022
 806933
 806929
 806879
 806811
 806718
 806716
 806651
 806309
 806155
 806101
 806077
 805961
 805934
 805902
 805901
 805555
 805369
 805357
 805268
 805151
 805123
 805019
 804938
 804901
 804828
 804778
 804744
 804517
 804496
 804445
 804283
 804276
 804207
 804098
 803985
 803950
 803535
 803457
 803428
 803415
 803359
 803223
 803214
 802841
 802721
 802583
 802407
 802330
 802328
 802125
 801777
 801625
 801622
 801227
 801203
 801025
 800875
 800813
 800581
 800546
 800493
 800461
 800452
 800426
 800305
 800229
 800018
 800000
 800000
 800000
 799999
 799989
 799954
 799950
 799873
 799836
 799830
 799738
 799671
 799275
 799235
 799229
 798955
 798913
 798848
 798743
 798314
 798306
 798298
 798235
 798235
 798210
 798201
 797985
 797960
 797912
 797887
 797782
 797596
 797458
 797362
 797254
 797198
 797044
 796963
 796948
 796908
 796901
 796812
 796794
 796703
 796234
 796066
 796012
 795767
 795680
 795645
 795505
 795286
 795273
 795132
 795123
 795090
 794988
 794827
 794781
 794779
 794756
 794540
 794539
 794474
 794367
 794268
 794242
 794221
 794009
 793952
 793875
 793826
 793768
 793764
 793738
 793696
 793650
 793552
 793548
 793547
 793408
 793223
 793201
 793173
 793043
 793019
 792910
 792848
 792733
 792703
 792651
 792469
 792462
 792322
 792295
 792227
 792193
 792143
 792114
 791987
 791869
 791822
 791790
 791690
 791670
 791663
 791604
 791589
 791563
 791514
 791102
 790973
 790896
 790830
 790786
 790697
 790679
 790446
 790316
 790225
 790062
 790061
 790005
 789976
 789976
 789915
 789751
 789734
 789725
 789716
 789715
 789168
 789115
 789084
 788936
 788887
 788868
 788774
 788741
 788696
 788485
 788417
 788375
 788359
 788320
 788208
 788144
 788125
 788076
 788061
 787928
 787921
 787718
 787684
 787663
 787521
 787379
 787375
 787357
 787254
 787239
 787212
 787129
 787114
 787112
 787030
 786666
 786476
 786397
 786383
 786312
 786080
 786011
 785774
 785747
 785668
 785627
 785490
 785460
 785429
 785333
 785154
 785153
 785046
 785034
 785010
 785005
 784918
 784899
 784863
 784653
 784619
 784511
 784363
 784313
 784302
 783999
 783906
 783885
 783876
 783830
 783765
 783758
 783437
 783245
 783063
 783053
 782811
 782799
 782765
 782735
 782551
 782483
 782330
 782319
 782268
 782205
 782120
 782003
 781843
 781651
 781603
 781553
 781395
 781343
 781328
 781321
 781209
 781122
 780846
 780727
 780645
 780635
 780431
 780310
 780153
 780091
 779872
 779790
 779707
 779685
 779683
 779646
 779602
 779566
 779404
 779236
 779148
 779125
 779009
 778734
 778723
 778620
 778557
 778414
 778413
 778410
 778337
 778294
 778266
 778197
 778168
 778137
 778129
 778041
 778039
 777904
 777813
 777787
 777777
 777777
 777637
 777628
 777532
 777403
 777396
 777364
 777158
 776742
 776176
 776141
 776000
 775991
 775897
 775892
 775743
 775594
 775466
 775340
 775244
 775220
 775084
 775046
 775041
 774921
 774919
 774752
 774638
 774523
 774392
 774385
 774367
 774270
 774203
 774059
 773851
 773841
 773838
 773732
 773589
 773584
 773559
 773527
 773299
 773251
 773231
 773229
 773182
 772998
 772968
 772882
 772749
 772617
 772611
 772471
 772343
 772309
 772277
 772211
 772176
 772119
 771881
 771813
 771769
 771709
 771468
 771380
 771338
 771302
 771289
 771190
 771113
 771072
 771024
 770926
 770704
 770693
 770618
 770586
 770000
 769890
 769804
 769398
 769269
 769257
 769253
 769230
 768942
 768800
 768683
 768421
 768150
 768025
 767711
 767645
 767584
 767469
 767388
 767320
 767309
 767080
 766895
 766623
 766525
 766496
 766315
 766141
 766088
 765957
 765847
 765636
 765622
 765606
 765570
 765422
 765422
 765260
 765239
 765227
 765227
 765167
 765067
 764934
 764871
 764694
 764603
 764576
 764502
 764375
 764345
 764201
 764059
 764044
 763975
 763942
 763735
 763706
 763636
 763627
 763600
 763493
 763469
 763426
 763346
 763328
 763025
 763021
 762979
 762946
 762941
 762842
 762813
 762788
 762718
 762711
 762668
 762661
 762634
 762501
 762472
 762374
 762179
 762114
 761958
 761698
 761556
 761457
 761340
 761324
 761297
 761297
 761266
 761170
 761102
 760872
 760850
 760498
 760413
 760308
 760057
 759914
 759783
 759695
 759669
 759389
 759192
 758972
 758558
 758542
 758525
 758278
 758256
 758197
 758158
 758111
 758069
 757975
 757883
 757817
 757655
 757653
 757575
 757560
 757439
 757346
 757190
 757173
 757156
 757041
 756972
 756944
 756785
 756760
 756726
 756674
 756551
 756407
 756311
 756289
 756238
 756236
 756202
 756157
 755965
 755945
 755923
 755787
 755448
 755394
 755265
 755181
 755090
 754944
 754820
 754706
 754569
 754563
 754554
 754470
 754404
 754337
 754215
 754151
 754049
 753942
 753911
 753904
 753860
 753860
 753831
 753733
 753714
 753593
 753561
 753471
 753429
 753339
 753323
 753141
 753033
 753018
 752994
 752811
 752492
 752380
 752337
 752248
 752198
 752164
 752088
 752080
 752060
 752058
 751930
 751724
 751315
 751249
 751194
 751122
 750676
 750597
 750539
 750499
 750472
 750457
 750363
 750216
 750191
 749687
 749579
 749506
 749442
 749368
 749347
 749347
 749058
 749041
 748801
 748788
 748769
 748694
 748464
 748298
 748129
 748086
 747882
 747756
 747533
 747532
 747502
 747454
 747412
 747374
 747320
 747097
 747026
 747019
 747015
 746987
 746835
 746616
 746000
 745894
 745774
 745736
 745730
 745676
 745512
 745474
 745396
 745366
 745185
 745175
 745144
 744946
 744799
 744780
 744776
 744722
 744650
 744616
 744391
 744340
 744233
 744223
 744220
 744186
 744035
 743877
 743805
 743802
 743707
 743585
 743572
 743559
 743535
 743470
 743401
 743155
 743152
 743061
 742995
 742946
 742885
 742798
 742740
 742692
 742659
 742608
 742574
 742351
 742243
 742181
 741959
 741950
 741935
 741935
 741935
 741933
 741737
 741589
 741505
 741453
 741431
 741243
 741009
 740894
 740854
 740740
 740727
 740645
 740300
 740294
 740204
 740191
 739687
 739650
 739536
 739442
 739255
 739023
 738894
 738882
 738775
 738678
 738562
 738423
 738412
 738349
 738310
 738187
 738131
 738111
 737898
 737891
 737826
 737749
 737518
 737464
 737419
 737385
 737085
 736974
 736770
 736659
 736654
 736260
 736156
 735871
 735849
 735751
 735650
 735376
 735299
 735133
 735127
 735028
 735016
 734854
 734810
 734724
 734708
 734691
 734578
 734521
 734402
 734369
 734309
 734307
 734277
 733882
 733799
 733558
 733552
 733512
 733408
 733134
 733106
 732762
 732608
 732203
 732122
 732095
 731958
 731796
 731713
 731617
 731573
 731092
 731017
 730902
 730895
 730756
 730735
 730559
 730353
 729994
 729921
 729810
 729644
 729617
 729551
 729493
 729411
 729268
 729040
 729021
 728950
 728929
 728472
 728413
 728147
 728089
 728050
 728025
 728000
 727999
 727967
 727928
 727897
 727572
 727569
 727521
 727479
 727303
 727165
 727089
 727066
 726971
 726853
 726755
 726703
 726493
 726375
 726099
 726044
 725938
 725823
 725735
 725699
 725610
 725541
 725423
 725173
 725089
 725073
 724897
 724738
 724716
 724713
 724472
 724390
 724238
 724233
 724211
 723995
 723952
 723938
 723856
 723817
 723703
 723540
 723185
 723129
 723114
 723076
 723014
 722981
 722935
 722793
 722707
 722694
 722668
 722625
 722603
 722391
 721991
 721925
 721831
 721655
 721567
 721000
 720980
 720778
 720688
 720572
 720185
 720014
 719952
 719865
 719774
 719761
 719751
 719729
 719708
 719664
 719652
 719606
 719435
 719389
 719338
 719322
 719015
 718909
 718868
 718709
 718634
 718577
 718475
 718360
 718324
 718249
 718139
 717841
 717642
 717365
 717198
 717159
 717058
 716981
 716958
 716859
 716752
 716622
 716430
 716161
 716094
 716090
 715860
 715830
 715794
 715768
 715736
 715555
 715530
 715517
 715270
 715270
 715161
 715001
 714982
 714785
 714765
 714639
 714566
 714483
 714457
 714323
 714285
 714285
 714285
 714248
 714209
 714172
 713833
 713262
 713109
 713006
 712907
 712781
 712719
 712564
 712401
 712325
 712255
 712185
 711719
 711661
 711648
 711621
 711508
 711478
 711454
 711312
 711287
 711167
 711101
 710950
 710880
 710734
 710729
 710542
 710520
 710487
 710417
 710332
 710247
 710188
 710150
 709790
 709752
 709666
 709362
 709320
 709196
 709064
 709053
 708989
 708947
 708833
 708798
 708737
 708732
 708674
 708661
 708647
 708632
 708583
 708388
 708265
 708178
 708002
 707757
 707741
 707713
 707671
 707577
 707446
 707399
 707375
 707367
 707302
 707287
 707087
 706827
 706813
 706722
 706709
 706613
 706585
 706582
 706417
 706382
 706284
 706162
 706099
 706040
 706020
 705971
 705899
 705893
 705882
 705815
 705747
 705730
 705406
 705379
 705285
 705015
 704952
 704878
 704485
 704014
 703898
 703789
 703719
 703577
 703370
 703304
 703248
 703180
 703030
 702931
 702928
 702522
 702476
 702388
 702343
 702328
 702186
 702014
 701954
 701821
 701650
 701639
 701605
 701562
 701521
 701489
 701337
 701222
 701008
 700673
 700347
 700249
 700066
 699976
 699930
 699903
 699699
 699691
 699594
 699509
 699480
 699133
 699047
 698962
 698838
 698548
 698535
 698059
 697759
 697674
 697560
 697434
 697379
 697292
 697205
 697160
 696955
 696920
 696887
 696610
 696572
 696502
 696456
 696384
 696376
 696356
 696337
 696302
 696258
 696181
 696179
 696140
 695953
 695808
 695679
 695652
 695652
 695623
 695427
 695353
 695287
 695287
 695285
 695157
 695001
 694951
 694873
 694320
 693984
 693901
 693556
 693361
 693354
 693310
 693293
 693253
 693026
 692967
 692927
 692882
 692802
 692756
 692672
 692665
 692561
 692396
 692349
 692307
 692140
 692081
 692044
 691976
 691699
 691648
 691371
 691207
 691179
 691128
 691066
 691034
 690930
 690851
 690767
 690759
 690679
 690657
 690632
 690459
 690351
 690270
 690265
 690226
 690051
 690047
 689886
 689599
 689561
 689315
 689131
 689113
 689107
 688959
 688888
 688410
 688162
 688058
 687980
 687922
 687891
 687879
 687811
 687584
 687540
 687433
 687333
 687226
 687222
 687203
 687008
 686894
 686862
 686567
 686541
 686425
 686337
 686281
 686238
 686022
 685836
 685827
 685793
 685497
 685396
 685327
 685236
 685154
 685054
 685042
 684974
 684931
 684921
 684561
 684505
 684279
 684210
 684152
 683875
 683793
 683691
 683575
 683484
 683402
 683386
 683363
 683329
 683288
 683229
 683176
 682989
 682988
 682809
 682693
 682635
 682576
 682502
 682418
 682379
 682336
 682327
 682312
 682136
 682086
 681133
 680879
 680770
 680696
 680673
 680659
 680533
 680513
 680498
 680445
 680412
 680319
 680186
 679999
 679969
 679911
 679909
 679877
 679776
 679752
 679748
 679718
 679707
 679695
 679558
 679534
 679508
 679370
 679296
 679215
 679134
 679015
 678883
 678706
 678696
 678633
 678566
 678526
 678445
 678215
 678060
 678008
 677983
 677978
 677856
 677613
 677502
 677089
 677006
 676840
 676805
 676723
 676632
 676302
 676065
 676060
 675885
 675883
 675828
 675788
 675776
 675755
 675740
 675585
 675572
 675481
 675472
 675275
 675264
 675159
 675129
 675016
 674918
 674818
 674813
 674801
 674718
 674688
 674664
 674548
 674437
 674418
 674398
 674357
 674212
 674178
 674063
 673994
 673826
 673796
 673594
 673361
 673295
 673271
 673265
 673256
 673191
 673153
 672954
 672855
 672853
 672839
 672686
 672557
 672530
 672519
 672413
 672359
 672249
 672223
 672075
 672012
 671997
 671899
 671816
 671719
 671679
 671632
 671600
 671498
 671458
 671454
 671395
 671278
 671198
 671044
 670970
 670574
 670543
 670486
 670415
 670135
 670103
 669988
 669948
 669947
 669908
 669832
 669710
 669530
 669454
 669426
 669416
 669374
 669348
 669280
 669086
 669074
 668980
 668930
 668892
 668812
 668472
 668452
 668415
 668387
 668286
 668204
 668128
 668041
 668030
 667891
 667493
 667217
 667150
 667134
 667107
 666919
 666899
 666863
 666821
 666722
 666666
 666666
 666666
 666666
 666483
 666300
 666291
 666172
 666037
 666003
 665940
 665674
 665482
 665435
 665243
 665163
 664969
 664955
 664937
 664725
 664464
 664286
 664224
 664126
 664108
 664081
 663844
 663748
 663737
 663602
 663468
 663467
 663439
 662974
 662966
 662777
 662686
 662674
 662363
 662316
 662276
 662251
 662228
 662182
 662180
 662133
 662050
 661852
 661808
 661708
 661517
 661439
 661375
 661333
 660975
 660919
 660675
 660338
 660194
 660084
 659685
 659664
 659662
 659611
 659532
 659260
 659135
 659101
 658959
 658929
 658914
 658832
 658775
 658694
 658558
 658344
 658189
 658177
 658128
 657937
 657881
 657748
 657697
 657326
 657289
 657242
 657212
 657191
 656892
 656694
 656633
 656629
 656285
 656250
 656164
 656089
 656063
 656018
 656009
 655920
 655872
 655842
 655812
 655717
 655628
 655467
 655358
 655306
 655140
 655103
 655051
 655046
 655010
 654995
 654980
 654851
 654843
 654450
 654371
 654262
 653918
 653913
 653887
 653846
 653592
 653379
 653291
 653267
 653133
 652997
 652775
 652607
 652587
 652422
 652379
 652282
 652000
 651960
 651884
 651819
 651628
 651592
 651533
 651380
 651283
 651190
 651142
 651103
 650880
 650863
 650798
 650754
 650669
 650590
 650532
 650406
 650354
 650273
 649910
 649892
 649849
 649836
 649635
 649544
 649509
 649473
 649321
 649223
 648967
 648829
 648562
 648306
 648059
 647994
 647904
 647700
 647480
 647466
 647417
 647164
 647156
 647017
 646695
 646684
 646653
 646608
 646576
 646575
 646496
 646425
 646369
 646353
 646228
 646101
 645803
 645760
 645743
 645642
 645276
 645237
 645180
 645028
 644611
 644162
 644047
 643969
 643879
 643837
 643735
 643655
 643625
 643577
 643564
 643360
 642912
 642814
 642780
 642736
 642629
 642464
 642405
 642378
 642296
 642155
 642114
 642105
 642073
 641998
 641963
 641785
 641720
 641669
 641606
 641316
 641083
 640995
 640955
 640951
 640881
 640866
 640859
 640716
 640452
 640239
 640176
 640173
 639846
 639803
 639796
 639768
 639705
 639471
 639316
 638938
 638930
 638904
 638837
 638203
 638159
 638146
 638126
 638113
 638109
 638083
 637869
 637867
 637811
 637579
 637347
 637216
 637130
 637113
 636841
 636823
 636710
 636647
 636608
 636363
 636066
 636061
 636061
 635794
 635718
 635625
 635611
 635579
 635549
 635515
 635193
 635044
 635012
 635002
 634844
 634812
 634602
 634539
 634491
 634275
 634181
 634071
 634036
 633739
 633645
 633631
 633629
 633603
 633409
 633307
 633140
 632794
 632789
 632503
 632427
 632349
 632092
 631948
 631713
 631697
 631526
 631524
 631514
 631429
 631419
 631284
 631204
 631197
 631142
 631127
 630902
 630880
 630836
 630740
 630578
 630407
 630392
 630303
 630229
 629905
 629824
 629642
 629507
 629395
 629315
 629107
 629019
 628872
 628860
 628790
 628264
 627861
 627854
 627764
 627708
 627677
 627643
 627517
 627455
 627450
 627290
 627257
 627228
 627180
 627160
 627016
 627006
 626907
 626644
 626501
 626449
 626443
 626360
 626349
 626168
 626100
 626010
 625918
 625587
 625514
 625443
 625326
 625288
 625256
 624962
 624959
 624765
 624760
 624620
 623885
 623808
 623733
 623717
 623707
 623539
 623531
 623273
 622766
 622718
 622710
 622650
 622635
 622574
 622561
 622525
 622496
 622397
 622295
 622265
 622075
 621966
 621959
 621942
 621679
 621539
 621503
 621501
 621388
 621377
 621355
 621218
 621045
 620964
 620896
 620385
 620241
 620226
 620109
 620052
 620039
 619975
 619952
 619916
 619858
 619834
 619808
 619590
 619570
 619567
 619433
 619305
 619047
 618966
 618831
 618778
 618433
 618414
 618353
 618289
 618124
 618039
 617910
 617894
 617686
 617594
 617541
 617533
 617511
 617459
 617422
 617210
 617152
 617129
 617122
 617090
 617088
 616987
 616920
 616899
 616746
 616686
 616651
 616651
 616591
 616312
 616101
 615942
 615884
 615635
 615620
 615612
 615502
 615487
 615246
 615040
 614982
 614739
 614735
 614457
 614407
 613862
 613703
 613603
 613590
 613587
 613458
 613435
 613186
 612935
 612930
 612903
 612704
 612357
 612095
 611971
 611914
 611582
 611556
 611376
 611143
 611130
 611079
 610563
 610389
 610378
 610297
 610290
 610277
 610244
 610169
 610121
 609977
 609902
 609742
 609659
 609571
 609492
 609301
 609296
 609016
 608896
 608830
 608705
 608695
 608680
 608546
 608490
 608383
 608084
 608070
 608033
 607993
 607850
 607626
 607494
 607421
 607275
 607181
 607111
 607054
 607030
 607009
 607009
 606969
 606645
 606625
 606554
 606046
 605914
 605809
 605783
 605730
 605629
 605597
 605591
 605207
 605200
 604919
 604854
 604811
 604721
 604526
 604428
 604426
 604351
 604308
 604276
 604162
 604031
 603999
 603799
 603726
 603686
 603667
 603642
 603470
 603194
 603123
 603093
 603084
 603048
 603009
 602923
 602832
 602809
 602764
 602759
 602736
 602734
 602635
 602220
 601838
 601768
 601716
 601694
 601654
 601503
 601495
 601448
 601432
 601342
 601291
 601286
 601201
 601145
 601131
 600913
 600874
 600867
 600858
 600841
 600671
 600461
 600402
 600157
 600040
 600012
 600000
 599999
 599919
 599567
 599483
 599316
 599266
 599247
 599235
 599065
 599065
 598856
 598823
 598810
 598739
 598731
 598610
 598521
 598477
 598384
 598283
 598252
 598174
 597890
 597830
 597769
 597765
 597676
 597557
 597501
 597277
 597202
 597195
 597082
 597056
 597033
 597028
 596982
 596945
 596897
 596847
 596725
 596714
 596642
 596621
 596412
 596343
 596212
 596211
 596150
 596129
 596095
 595879
 595870
 595795
 595725
 595720
 595617
 595419
 595333
 595192
 595177
 594733
 594613
 594594
 594567
 594436
 594348
 594242
 594151
 594038
 594009
 593929
 593687
 593644
 593397
 593059
 592915
 592804
 592785
 592702
 592662
 592647
 592646
 592594
 592568
 592456
 592442
 592266
 592161
 592011
 591770
 591752
 591720
 591549
 591475
 590901
 590803
 590790
 590589
 590395
 590235
 590229
 590143
 590062
 590029
 589926
 589833
 589794
 589786
 589743
 589663
 589652
 589287
 588880
 588815
 588815
 588808
 588723
 588657
 588574
 588425
 588291
 588179
 587987
 587870
 587641
 587593
 587571
 587213
 587196
 586924
 586688
 586339
 586271
 586145
 586113
 586109
 586093
 586039
 586021
 585945
 585910
 585885
 585824
 585809
 585794
 585668
 585660
 585443
 585365
 585347
 585303
 585297
 584972
 584962
 584905
 584868
 584830
 584717
 584635
 584627
 584546
 584349
 584242
 584083
 584020
 583971
 583929
 583879
 583834
 583788
 583148
 583144
 582417
 582132
 582108
 581867
 581846
 581620
 581529
 581469
 581431
 581414
 581395
 581349
 581268
 581262
 581019
 580821
 580739
 580592
 580487
 580477
 580429
 580389
 580315
 580230
 580099
 580077
 579950
 579938
 579832
 579710
 579701
 579690
 579591
 579294
 579274
 579245
 579149
 579139
 578947
 578947
 578813
 578707
 578635
 578547
 578489
 578466
 578378
 578333
 578313
 578147
 578100
 578015
 577915
 577878
 577713
 577529
 577494
 577452
 577334
 577077
 577032
 576946
 576923
 576710
 576595
 576576
 576508
 576434
 576428
 576395
 576302
 576301
 576045
 575977
 575825
 575791
 575757
 575649
 575627
 575626
 575329
 574989
 574953
 574861
 574748
 574746
 574722
 574720
 574423
 574245
 574209
 573968
 573541
 573302
 573267
 573195
 573096
 573056
 573055
 573030
 572874
 572700
 572622
 572596
 572344
 572344
 572247
 571984
 571980
 571953
 571775
 571698
 571637
 571597
 571561
 571542
 571539
 571428
 571428
 571293
 571249
 571193
 571166
 571106
 571034
 570915
 570797
 570327
 570165
 570161
 569987
 569919
 569682
 569490
 569344
 569322
 569317
 569250
 569068
 569064
 568904
 568728
 568598
 568596
 568285
 568090
 567923
 567808
 567752
 567694
 567589
 567583
 567567
 567556
 567530
 567509
 567410
 567324
 567262
 567215
 566981
 566975
 566965
 566944
 566878
 566870
 566779
 566645
 566402
 566302
 566247
 566157
 566140
 565752
 565539
 565485
 565457
 565352
 565104
 565022
 564978
 564881
 564815
 564396
 564127
 564115
 564086
 564063
 564003
 563967
 563698
 563551
 563474
 563465
 563398
 563218
 563134
 562648
 562568
 562416
 562213
 562150
 562113
 562092
 561841
 561794
 561785
 561680
 561659
 561490
 561282
 561236
 561161
 560930
 560872
 560872
 560847
 560702
 560652
 560641
 560612
 560453
 560097
 559970
 559712
 559587
 559345
 559322
 559309
 559015
 558784
 558712
 558317
 557437
 557374
 557184
 557139
 556994
 556927
 556915
 556816
 556794
 556727
 556577
 556485
 556355
 556297
 556279
 556204
 556136
 555956
 555863
 555640
 555577
 555555
 554879
 554874
 554778
 554670
 554666
 554652
 554579
 554408
 554300
 554192
 554069
 554047
 554023
 553980
 553846
 553833
 553580
 553535
 553191
 553187
 553014
 552763
 552735
 552711
 552686
 552569
 552285
 552108
 552103
 551855
 551783
 551768
 551754
 551671
 551551
 551470
 551446
 551386
 551330
 551267
 550895
 550805
 550789
 550681
 550577
 550545
 550539
 550530
 550453
 550407
 550266
 550128
 550095
 549927
 549815
 549779
 549769
 549750
 549628
 549579
 549571
 549317
 549317
 549264
 549025
 549014
 548791
 548785
 548429
 548387
 548173
 548074
 547694
 547684
 547591
 547552
 547494
 547478
 547372
 547325
 547287
 547255
 547080
 546926
 546924
 546747
 546683
 546430
 546404
 546241
 546241
 546180
 546161
 546151
 546077
 546002
 545719
 545692
 545671
 545652
 545631
 545520
 545504
 545454
 545359
 545222
 544586
 544540
 544451
 544436
 544235
 544194
 544157
 543766
 543665
 543420
 543307
 543209
 543170
 543163
 543066
 542773
 542717
 542647
 542465
 542416
 542377
 542289
 542224
 542214
 542198
 542189
 542188
 542145
 542079
 542039
 541984
 541823
 541813
 541760
 541760
 541629
 541561
 541173
 541161
 540851
 540794
 540784
 540733
 540486
 540456
 540431
 540222
 539967
 539700
 539556
 539531
 539490
 539477
 539469
 539259
 539171
 538984
 538839
 538804
 538748
 538461
 538394
 538162
 538093
 538003
 537966
 537891
 537801
 537502
 537333
 537322
 537261
 537170
 537012
 536916
 536768
 536663
 536656
 536554
 536517
 536419
 536235
 536164
 536144
 536094
 536067
 536050
 535718
 535714
 535705
 535553
 535378
 535061
 534989
 534932
 534866
 534726
 534545
 534535
 534468
 534246
 534167
 534090
 533940
 533448
 533333
 533234
 533047
 532919
 532752
 532712
 532666
 532588
 532521
 532195
 532145
 532140
 532060
 531920
 531769
 531511
 531413
 531233
 531207
 531203
 531132
 530811
 530803
 530471
 530418
 530406
 530355
 530260
 530061
 530054
 530045
 529914
 529686
 529658
 529571
 529541
 529467
 529461
 529411
 529393
 529359
 529349
 529248
 529175
 529129
 528849
 528839
 528823
 528700
 528618
 528525
 528486
 528459
 528424
 528155
 528119
 528052
 528039
 528018
 527781
 527761
 527539
 527388
 527084
 527076
 527013
 526967
 526882
 526532
 526467
 526398
 526331
 526315
 526140
 526043
 525887
 525841
 525399
 525389
 525369
 525353
 525206
 525114
 525007
 524988
 524883
 524843
 524781
 524738
 524590
 524576
 524390
 524339
 524254
 523927
 523783
 523668
 523614
 523610
 523177
 523154
 523027
 522982
 522944
 522911
 522821
 522816
 522638
 522418
 522189
 521962
 521926
 521579
 521455
 521454
 521212
 521203
 521079
 521061
 520899
 520885
 520761
 520527
 520489
 520370
 520307
 520179
 520114
 519999
 519869
 519862
 519822
 519820
 519717
 519533
 519493
 519468
 519402
 519399
 519281
 519273
 519201
 519141
 518667
 518560
 518476
 518442
 518272
 518243
 518190
 518002
 517984
 517911
 517747
 517702
 517367
 517221
 517145
 517130
 516971
 516897
 516804
 516747
 516711
 516653
 516524
 516436
 516405
 516390
 516164
 516129
 516029
 515960
 515850
 515825
 515587
 515532
 515479
 515243
 515236
 515164
 515126
 515030
 514929
 514923
 514908
 514580
 514575
 514528
 514345
 514257
 514172
 514167
 514125
 514092
 514086
 513885
 513885
 513587
 513535
 513295
 513281
 513256
 513245
 513209
 513184
 513048
 512998
 512820
 512785
 512665
 512558
 512323
 512300
 512215
 512122
 511807
 511718
 511551
 511436
 511431
 511401
 511338
 511285
 511277
 511026
 510508
 510408
 510385
 510243
 510220
 510204
 510204
 510193
 510144
 510101
 510062
 509999
 509920
 509846
 509803
 509671
 509638
 509567
 509488
 509417
 509412
 509133
 509113
 509029
 508949
 508746
 508315
 508148
 507936
 507860
 507749
 507549
 507544
 507385
 507203
 507153
 507042
 507003
 506988
 506905
 506522
 506302
 506108
 505929
 505829
 505813
 505800
 505772
 505698
 505343
 505149
 505100
 505007
 504987
 504932
 504838
 504836
 504702
 504616
 504400
 504284
 504125
 504077
 504058
 503896
 503729
 503549
 503437
 503365
 503365
 503282
 503203
 503193
 503134
 503102
 503043
 502934
 502869
 502778
 502750
 502747
 502659
 502652
 502652
 502435
 502187
 502140
 502009
 501959
 501700
 501664
 501639
 501599
 501581
 501415
 501414
 501312
 501018
 500956
 500943
 500757
 500699
 500692
 500673
 500656
 500319
 500000
 500000
 500000
 500000
 500000
 500000
 499879
 499811
 499808
 499676
 499673
 499646
 499644
 499557
 499447
 499361
 499225
 499127
 499111
 499045
 498847
 498736
 498708
 498635
 498591
 498587
 498585
 498367
 498075
 497933
 497884
 497687
 497638
 497584
 497579
 497232
 497107
 496984
 496613
 496565
 496457
 496299
 496221
 496183
 496033
 495966
 495937
 495836
 495724
 495453
 495361
 495303
 495092
 495057
 494956
 494946
 494878
 494829
 494736
 494571
 494441
 494422
 494377
 494293
 494188
 494154
 494084
 494013
 493954
 493950
 493796
 493717
 493673
 493633
 493583
 493521
 493492
 493432
 493333
 492849
 492654
 492167
 492063
 491842
 491836
 491813
 491733
 491375
 491338
 491325
 491287
 491210
 491094
 490990
 490907
 490866
 490760
 490683
 490524
 490367
 490317
 490208
 490046
 489966
 489955
 489946
 489932
 489815
 489744
 489734
 489677
 489528
 489479
 489454
 489402
 489324
 489032
 488981
 488888
 488584
 488530
 488396
 488294
 488188
 488043
 487948
 487922
 487915
 487874
 487873
 487822
 487787
 487782
 487721
 487660
 487603
 487328
 487231
 487058
 486988
 486768
 486725
 486615
 486530
 486474
 486293
 486115
 486107
 485999
 485928
 485885
 485714
 485552
 485489
 485401
 485386
 485303
 485106
 484951
 484866
 484723
 484552
 484441
 484427
 484419
 484409
 484361
 484360
 484313
 484183
 484062
 484060
 484040
 483870
 483822
 483814
 483757
 483443
 483432
 483138
 482868
 482539
 482467
 482438
 482403
 482259
 482248
 482230
 482129
 482101
 482068
 481955
 481950
 481938
 481890
 481819
 481722
 481691
 481642
 481571
 481372
 481347
 481167
 481078
 480929
 480911
 480849
 480813
 480668
 480496
 480463
 480041
 479722
 479641
 479640
 479529
 479435
 479242
 479166
 478875
 478632
 478235
 477926
 477898
 477658
 477590
 477451
 477164
 477081
 477051
 476787
 476510
 476437
 476379
 476309
 476199
 476105
 475724
 475723
 475570
 475366
 475353
 475348
 475294
 475221
 475141
 475003
 474935
 474693
 474626
 474224
 474191
 474163
 474149
 474135
 474060
 474040
 474027
 473712
 473684
 473672
 473372
 473191
 473189
 473160
 473074
 473029
 472965
 472874
 472838
 472822
 472583
 472490
 472372
 472046
 471949
 471943
 471910
 471910
 471786
 471669
 471616
 471518
 471473
 471405
 471244
 471228
 471188
 471135
 471127
 470848
 470826
 470814
 470786
 470752
 470626
 470609
 470588
 470482
 470309
 470233
 470026
 469992
 469967
 469807
 469586
 469516
 469464
 469437
 469308
 469137
 468994
 468917
 468624
 468603
 468543
 468253
 468247
 468173
 468109
 468096
 468059
 467964
 467908
 467897
 467865
 467841
 467632
 467576
 467575
 467547
 467179
 466942
 466904
 466494
 466494
 466451
 466423
 466254
 466251
 466242
 466082
 466042
 465981
 465813
 465753
 465703
 465668
 465638
 465557
 465441
 465125
 464915
 464890
 464867
 464859
 464853
 464775
 464646
 464619
 464565
 464557
 464498
 464466
 464409
 464283
 463939
 463885
 463860
 463818
 463786
 463698
 463652
 463442
 463422
 463373
 463307
 463261
 463206
 462875
 462863
 462715
 462599
 462557
 462290
 462100
 462095
 462058
 462043
 462039
 461885
 461755
 461600
 461477
 461467
 461412
 461359
 461260
 461205
 461095
 461057
 461035
 460791
 460773
 460711
 460665
 460529
 460300
 460282
 460066
 460042
 459759
 459759
 459633
 459609
 459523
 459518
 459233
 459035
 459009
 458932
 458891
 458598
 458559
 458394
 458288
 458087
 458052
 457995
 457807
 457733
 457648
 457534
 457374
 457326
 457295
 457208
 457175
 457036
 456933
 456839
 456775
 456749
 456702
 456661
 456467
 456438
 456401
 456375
 456269
 456210
 456038
 456008
 455938
 455867
 455830
 455525
 455487
 455447
 455355
 455319
 455237
 454909
 454895
 454787
 454714
 454658
 454527
 454177
 454081
 454017
 453863
 453809
 453766
 453717
 453548
 453475
 453286
 453217
 453172
 453034
 453016
 452905
 452832
 452611
 452498
 452453
 452308
 452116
 452105
 452105
 451864
 451819
 451619
 451612
 451424
 451387
 451376
 451363
 451309
 450626
 450499
 450482
 450430
 450365
 450271
 450244
 450211
 450203
 450102
 450034
 449879
 449811
 449720
 449502
 449291
 449280
 449258
 449149
 448789
 448604
 448595
 448571
 448460
 448272
 448137
 447927
 447714
 447681
 447616
 447614
 447535
 447395
 447264
 447170
 447098
 446651
 446546
 446535
 446453
 446436
 446377
 446215
 446138
 446094
 445963
 445848
 445830
 445808
 445544
 445515
 445213
 445082
 444948
 444753
 444651
 444604
 444572
 444571
 444536
 444488
 444452
 444349
 444274
 444262
 444037
 444027
 443873
 443854
 443806
 443759
 443758
 443697
 443386
 443380
 443357
 443251
 443202
 443148
 443130
 443111
 443060
 442905
 442656
 442594
 442563
 442438
 442412
 442411
 442400
 442331
 442316
 442232
 442211
 442144
 442127
 442077
 441912
 441759
 441637
 441591
 441542
 441421
 441232
 441191
 441175
 441111
 441014
 440900
 440724
 440593
 440545
 440513
 440341
 440170
 440058
 439913
 439902
 439840
 439839
 439593
 439579
 439499
 439398
 439268
 439263
 439238
 439232
 439209
 439168
 438713
 438709
 438709
 438704
 438570
 438461
 438448
 438413
 438330
 438256
 438197
 438194
 438063
 437864
 437780
 437775
 437345
 437228
 437010
 437007
 436937
 436761
 436741
 436645
 436630
 436626
 436603
 436595
 436551
 436421
 436374
 436228
 436069
 435939
 435626
 435606
 435574
 435533
 435391
 435271
 435197
 435051
 434941
 434930
 434481
 434479
 434313
 434277
 434175
 434046
 433939
 433557
 433318
 433243
 433021
 433021
 432718
 432506
 432498
 432423
 432399
 432386
 432295
 432248
 432169
 432062
 431953
 431682
 431514
 431153
 431095
 430969
 430954
 430951
 430887
 430875
 430858
 430766
 430700
 430632
 430606
 430383
 430262
 430178
 430152
 430082
 430056
 430050
 429909
 429895
 429800
 429756
 429745
 429741
 429740
 429715
 429660
 429576
 429469
 429454
 429289
 429267
 429028
 428925
 428852
 428670
 428653
 428644
 428571
 428540
 428531
 428467
 428412
 428348
 428304
 428065
 428013
 427955
 427878
 427629
 427606
 427552
 427484
 427480
 427462
 427451
 427378
 427259
 427233
 427225
 427198
 427129
 427009
 426955
 426534
 426501
 426443
 426406
 426191
 425887
 425879
 425706
 425674
 425548
 425540
 425539
 425425
 425374
 425370
 425346
 425126
 425106
 424934
 424860
 424791
 424704
 424563
 424554
 424420
 424139
 423928
 423760
 423653
 423533
 423478
 423445
 423365
 423334
 423191
 423129
 423104
 423082
 422910
 422884
 422760
 422635
 422325
 422302
 422155
 422072
 421815
 421788
 421779
 421613
 421438
 421251
 421121
 421052
 420961
 420919
 420752
 420639
 420605
 420567
 420555
 420512
 420257
 420215
 419676
 419666
 419480
 419478
 419383
 419081
 418883
 418873
 418715
 418664
 418633
 418587
 418478
 418250
 418197
 418100
 418029
 417910
 417824
 417696
 417449
 417163
 417067
 416844
 416781
 416702
 416594
 416593
 416502
 416289
 416280
 416269
 416207
 416156
 416142
 416097
 415791
 415721
 415533
 415519
 415511
 415418
 415374
 415340
 415295
 415227
 415213
 415190
 415139
 415052
 414838
 414523
 414488
 414467
 414424
 414355
 414325
 414325
 414104
 413919
 413899
 413793
 413748
 413662
 413586
 413533
 413502
 413457
 413341
 413305
 413211
 413206
 413205
 413172
 413133
 413073
 412945
 412939
 412897
 412663
 412612
 412533
 412477
 412380
 412282
 412199
 412189
 412167
 411914
 411824
 411729
 411507
 411497
 411450
 411334
 411330
 411329
 411274
 411258
 411166
 411117
 411109
 410900
 410898
 410852
 410851
 410786
 410451
 410190
 409791
 409724
 409660
 409546
 409540
 409349
 409270
 409267
 409211
 408752
 408533
 408508
 408397
 408332
 408277
 408255
 408248
 408140
 407772
 407656
 407638
 407563
 407496
 407454
 407385
 407216
 407183
 407134
 406971
 406970
 406938
 406901
 406653
 406584
 406217
 406209
 406174
 406160
 406159
 406136
 405987
 405938
 405805
 405725
 405554
 405515
 405513
 405505
 405438
 405174
 405099
 405071
 404902
 404712
 404684
 404458
 404349
 404334
 404186
 404175
 404123
 403971
 403937
 403809
 403731
 403650
 403616
 403369
 403276
 403244
 403155
 403114
 403100
 402890
 402878
 402771
 402667
 402625
 402527
 402439
 402414
 402399
 402376
 402239
 402218
 402072
 401902
 401798
 401797
 401790
 401757
 401727
 401661
 401302
 401265
 401238
 401045
 401013
 400857
 400747
 400427
 400369
 400265
 400208
 400138
 400035
 400000
 400000
 399999
 399999
 399896
 399720
 399639
 399607
 399564
 399550
 399538
 399389
 399370
 399300
 399044
 399035
 398988
 398945
 398909
 398784
 398688
 398229
 398105
 397931
 397849
 397825
 397712
 397564
 397432
 397377
 397360
 397337
 397204
 397089
 396795
 396648
 396350
 396101
 395954
 395934
 395839
 395673
 395522
 395416
 395394
 395034
 395026
 394843
 394765
 394747
 394742
 394720
 394670
 394565
 394495
 394447
 394441
 394055
 394051
 393961
 393951
 393765
 393538
 393347
 392940
 392903
 392801
 392794
 392634
 392609
 392568
 392375
 392371
 392358
 392353
 392217
 391910
 391820
 391620
 391548
 391507
 391489
 391434
 391230
 391229
 391001
 390950
 390895
 390752
 390747
 390544
 390498
 390444
 390299
 390151
 389893
 389849
 389761
 389731
 389679
 389407
 389274
 389241
 388865
 388841
 388779
 388749
 388703
 388611
 388603
 388601
 388571
 388251
 388145
 388123
 388106
 387939
 387854
 387633
 387572
 387478
 387464
 387248
 387199
 387192
 387118
 386632
 386529
 386493
 386272
 385892
 385683
 385417
 385379
 385054
 384846
 384825
 384811
 384546
 384543
 384430
 384308
 384114
 384074
 383534
 383440
 383297
 382942
 382870
 382576
 381933
 381836
 381717
 381589
 381405
 381391
 381355
 381286
 381063
 380627
 380610
 380525
 380431
 380254
 380233
 380141
 380122
 379965
 379820
 379591
 379526
 379513
 379478
 379429
 379425
 379345
 379254
 379011
 378830
 378733
 378448
 378444
 378417
 378238
 378147
 377999
 377921
 377858
 377808
 377639
 377570
 377541
 377510
 377471
 377443
 377442
 377406
 377390
 377212
 377086
 377066
 376997
 376885
 376881
 376845
 376827
 376723
 376681
 376606
 376597
 376534
 376382
 376232
 376184
 376144
 376047
 376010
 375939
 375707
 375566
 375520
 375435
 375326
 375160
 375158
 375087
 375000
 375000
 374889
 374716
 374539
 374459
 374409
 374370
 374308
 374122
 374069
 373927
 373759
 373711
 373537
 373315
 373258
 373203
 373012
 372953
 372900
 372756
 372634
 372344
 372113
 372071
 372007
 371871
 371825
 371787
 371724
 371677
 371663
 371599
 371358
 371352
 370875
 370858
 370786
 370705
 370650
 370630
 370570
 370402
 370390
 370343
 370242
 370161
 370056
 369978
 369952
 369847
 369826
 369676
 369659
 369444
 369400
 369396
 369366
 369358
 369120
 369070
 368907
 368647
 368520
 368516
 368508
 368459
 368421
 368421
 367808
 367718
 367675
 367601
 367468
 367234
 367154
 366869
 366762
 366762
 366610
 366549
 366492
 366430
 366419
 366275
 366193
 366005
 365894
 365839
 365760
 365714
 365640
 365612
 365569
 365438
 364842
 364652
 364422
 364389
 364285
 364251
 364223
 364201
 364098
 364048
 363951
 363794
 363773
 363689
 363451
 363363
 363281
 363094
 362962
 362921
 362821
 362681
 362614
 362508
 362502
 362349
 362261
 362191
 362112
 361963
 361963
 361960
 361921
 361829
 361809
 361616
 361578
 361433
 361407
 361271
 361262
 361230
 361189
 361139
 360602
 360367
 360348
 360237
 360159
 360134
 359984
 359876
 359848
 359236
 359115
 359010
 358974
 358904
 358891
 358877
 358876
 358826
 358722
 358699
 358648
 358271
 358046
 357934
 357888
 357649
 357634
 357616
 357514
 357512
 357482
 357429
 357364
 357346
 357312
 357240
 357170
 357135
 357128
 357018
 356975
 356961
 356953
 356931
 356902
 356840
 356719
 356707
 356567
 356552
 356420
 356369
 356310
 356299
 356161
 356024
 356004
 355984
 355932
 355872
 355667
 355629
 355594
 355553
 355549
 355452
 355422
 355374
 355197
 355116
 354863
 354720
 354544
 354447
 354445
 354225
 354207
 353798
 353637
 353623
 353467
 353421
 353367
 353233
 353040
 353018
 352952
 352941
 352941
 352927
 352893
 352680
 352582
 352525
 352438
 352422
 352116
 352068
 351554
 351427
 351348
 351311
 351215
 351113
 351055
 350962
 350804
 350782
 350525
 350265
 350111
 350060
 349933
 349873
 349735
 349719
 349640
 349633
 349357
 349300
 349048
 348958
 348800
 348778
 348762
 348717
 348494
 348395
 348281
 348255
 348129
 348111
 347754
 347696
 347652
 347629
 347569
 347557
 347485
 347281
 347258
 347084
 347062
 346938
 346775
 346575
 346516
 346440
 346434
 346407
 346354
 346313
 346218
 346111
 346041
 345647
 345527
 345454
 345394
 345282
 345167
 345155
 345116
 344909
 344851
 344822
 344739
 344581
 344531
 344489
 344462
 344311
 344060
 343925
 343915
 343845
 343830
 343775
 343607
 343587
 343547
 343522
 343426
 343363
 343132
 342995
 342897
 342657
 342622
 342593
 342583
 342551
 342497
 342348
 342265
 341875
 341572
 341526
 341407
 341232
 341164
 341017
 340989
 340976
 340388
 340206
 340183
 340134
 339775
 339652
 339631
 339627
 339528
 339458
 339346
 339296
 339041
 338632
 338569
 338396
 338303
 337995
 337659
 337634
 337586
 337559
 337550
 337535
 337221
 337176
 337154
 337076
 336842
 336734
 336650
 336594
 336585
 336585
 336432
 336368
 336301
 336283
 335952
 335926
 335895
 335781
 335768
 335767
 335652
 335616
 335576
 335559
 335302
 335282
 335161
 335149
 334976
 334790
 334725
 334716
 334657
 334634
 334376
 334299
 334246
 334131
 334082
 334032
 334024
 333901
 333741
 333723
 333717
 333561
 333497
 333376
 333333
 333333
 333333
 332949
 332888
 332780
 332769
 332678
 332566
 332498
 332451
 332366
 332268
 332204
 332023
 331988
 331984
 331977
 331970
 331876
 331774
 331755
 331458
 331363
 331027
 330736
 330587
 330406
 330298
 330231
 330138
 330011
 329941
 329817
 329725
 329653
 329623
 329590
 329572
 329422
 329368
 329363
 329223
 329177
 329071
 329013
 328537
 328373
 328271
 328244
 328049
 327868
 327797
 327734
 327671
 327516
 327393
 326876
 326797
 326778
 326615
 326275
 326261
 326228
 326182
 326129
 326036
 325933
 325827
 325811
 325798
 325714
 325696
 325634
 325432
 325357
 325354
 325281
 325220
 324863
 324762
 324590
 324343
 324295
 324146
 324123
 324106
 324036
 323901
 323684
 323583
 323413
 323349
 323308
 323160
 323100
 322928
 322908
 322601
 322451
 322343
 322293
 322172
 322124
 322080
 322056
 321847
 321824
 321797
 321712
 321402
 321326
 320976
 320840
 320629
 320584
 320493
 320397
 320251
 320247
 320093
 320000
 319935
 319790
 319458
 319418
 319222
 319181
 319125
 319125
 319049
 318953
 318874
 318840
 318840
 318835
 318771
 318663
 318454
 318347
 318308
 318143
 317997
 317915
 317866
 317842
 317831
 317667
 317636
 317602
 317467
 317369
 317343
 317290
 317109
 317011
 317010
 316943
 316931
 316635
 316482
 316470
 315994
 315816
 315789
 315765
 315706
 315666
 315605
 315400
 315335
 315266
 315115
 315013
 314978
 314946
 314903
 314843
 314741
 314664
 314647
 314625
 314567
 314564
 314553
 314495
 314446
 314412
 314218
 314210
 314186
 314032
 313937
 313928
 313698
 313509
 313477
 313409
 313360
 313291
 313249
 313154
 312977
 312872
 312802
 312691
 312586
 312521
 312502
 312307
 312270
 311977
 311969
 311959
 311865
 311805
 311731
 311637
 311534
 311480
 311388
 311304
 311036
 310984
 310972
 310862
 310623
 310487
 310443
 310344
 310280
 310233
 310228
 310134
 310105
 309904
 309896
 309877
 309859
 309757
 309717
 309711
 309601
 309552
 309529
 309380
 309294
 309261
 309128
 308860
 308768
 308717
 308681
 308553
 308461
 308080
 307692
 307506
 307358
 307208
 307145
 307014
 306620
 306516
 306463
 306404
 306361
 306184
 306180
 305865
 305861
 305812
 305745
 305559
 305552
 305498
 305420
 305362
 305351
 305145
 305138
 305058
 304736
 304392
 304286
 304219
 304157
 303783
 303715
 303627
 303624
 303553
 303457
 303408
 303357
 303115
 302999
 302562
 302533
 302354
 302183
 302159
 302095
 302084
 301978
 301779
 301760
 301724
 301655
 301634
 301506
 301455
 301455
 301384
 301222
 301130
 300970
 300943
 300892
 300866
 300738
 300625
 300583
 300309
 300170
 300106
 300063
 299697
 299600
 299589
 299550
 299505
 299502
 299359
 299318
 299000
 298898
 298894
 298835
 298787
 298340
 298047
 297917
 297870
 297820
 297700
 297547
 297510
 297486
 297467
 297419
 297282
 297163
 297161
 297044
 296998
 296811
 296764
 296629
 296490
 296401
 296271
 296089
 296016
 296005
 295941
 295895
 295715
 295708
 295589
 295584
 295582
 295506
 295492
 295468
 295334
 295229
 295171
 295081
 294883
 294780
 294736
 294350
 294337
 294253
 294131
 294000
 293989
 293900
 293872
 293847
 293593
 293552
 293411
 293322
 293012
 292868
 292673
 292561
 292433
 292391
 292387
 292355
 292036
 292035
 292002
 291784
 291618
 291435
 291412
 291257
 291170
 290916
 290909
 290820
 290701
 290641
 290622
 290365
 290362
 290076
 289752
 289520
 289079
 288951
 288888
 288632
 288515
 288438
 288419
 288305
 288160
 288032
 287533
 287490
 287398
 287236
 287197
 287140
 287098
 287064
 287030
 286983
 286917
 286854
 286839
 286666
 286575
 286290
 286149
 286116
 286049
 286021
 285967
 285892
 285714
 285582
 285527
 285277
 285255
 285186
 285121
 284824
 284796
 284679
 284645
 284527
 284418
 284324
 284178
 284171
 284151
 284031
 283923
 283880
 283876
 283798
 283724
 283721
 283476
 283471
 283339
 283163
 282973
 282870
 282864
 282822
 282711
 282623
 282608
 282532
 282305
 282275
 282082
 281942
 281926
 281914
 281508
 281493
 281376
 281297
 281268
 281158
 280968
 280916
 280787
 280715
 280651
 280622
 280612
 280498
 280396
 280032
 280000
 279827
 279574
 279452
 279315
 279288
 279231
 279213
 279078
 278989
 278921
 278894
 278859
 278831
 278625
 278580
 278493
 278362
 278294
 278254
 278108
 278084
 278016
 277972
 277940
 277907
 277889
 277877
 277874
 277866
 277823
 277551
 277337
 277250
 277166
 277139
 277115
 277102
 277050
 276843
 276823
 276495
 276473
 276454
 276453
 276408
 276368
 276293
 276132
 276054
 275898
 275769
 275746
 275733
 275647
 275540
 275402
 275369
 275273
 275271
 275217
 275184
 275172
 275043
 274837
 274797
 274618
 274571
 274569
 274544
 274294
 274086
 273947
 273915
 273880
 273815
 273812
 273792
 273785
 273755
 273578
 273485
 273268
 272906
 272727
 272571
 272319
 272249
 272146
 271996
 271960
 271902
 271868
 271801
 271708
 271695
 271604
 271369
 271329
 271056
 270843
 270704
 270693
 270657
 270562
 270546
 270425
 270407
 270324
 270314
 270255
 270149
 270141
 270137
 270043
 269990
 269971
 269945
 269930
 269916
 269841
 269794
 269682
 269135
 268972
 268952
 268881
 268547
 268426
 268326
 268239
 268088
 268064
 267979
 267956
 267931
 267759
 267716
 267686
 267637
 267515
 267454
 267446
 267362
 267255
 267215
 266959
 266892
 266711
 266666
 266666
 266621
 266460
 266294
 266262
 266133
 266121
 266023
 265968
 265940
 265926
 265897
 265812
 265736
 265720
 265698
 265674
 265629
 265608
 265594
 265425
 265353
 265335
 265306
 265194
 264909
 264844
 264836
 264697
 264428
 264139
 264112
 264039
 263977
 263681
 263665
 263540
 263157
 263029
 263007
 262984
 262773
 262706
 262646
 262530
 262295
 262284
 262208
 262139
 261937
 261822
 261712
 261435
 261346
 261332
 261167
 260866
 260643
 260618
 260442
 260414
 260409
 260315
 260257
 260229
 260162
 259830
 259754
 259653
 259614
 259592
 259465
 259397
 259361
 259325
 259241
 259174
 259169
 259131
 259046
 258987
 258930
 258638
 258314
 258239
 258215
 258095
 258064
 257712
 257522
 257448
 257122
 257026
 257010
 256975
 256837
 256830
 256755
 256557
 256387
 256074
 256042
 256037
 256025
 255889
 255813
 255813
 255801
 255559
 255489
 255414
 255384
 255368
 255319
 255185
 255126
 255014
 255014
 254570
 254549
 254483
 254372
 254338
 254318
 254231
 253897
 253827
 253419
 253394
 253377
 253342
 253248
 253119
 253003
 252980
 252621
 252618
 252578
 252379
 252321
 252250
 252210
 252099
 252086
 252084
 252004
 251005
 250998
 250969
 250909
 250789
 250672
 250655
 250564
 250454
 250384
 250088
 250067
 249888
 249764
 249742
 249675
 249610
 249567
 249504
 249449
 249313
 249296
 249254
 249135
 248804
 248783
 248764
 248750
 248739
 248627
 248583
 248128
 248092
 247493
 247445
 247198
 247150
 247000
 246738
 246567
 246490
 246235
 246205
 246153
 246122
 246054
 246005
 245950
 245512
 245480
 245466
 245398
 245318
 245161
 245038
 244867
 244793
 244769
 244592
 244541
 244453
 244104
 243947
 243944
 243942
 243656
 243609
 243573
 243570
 243320
 243282
 243149
 243149
 243050
 243020
 242980
 242801
 242702
 242692
 242510
 242469
 242134
 241804
 241726
 241706
 241651
 241629
 241556
 241444
 241418
 241323
 241287
 241132
 240995
 240993
 240823
 240802
 240754
 240670
 240565
 240556
 240366
 240346
 240282
 239917
 239891
 239777
 239753
 239728
 239707
 239647
 239500
 239487
 239366
 239218
 239060
 239043
 238875
 238819
 238767
 238695
 238687
 238662
 238592
 238553
 238537
 238471
 238340
 238272
 238218
 238119
 238116
 237921
 237745
 237553
 237489
 237397
 237372
 237274
 237248
 237238
 237221
 236971
 236935
 236896
 236860
 236680
 236585
 236517
 236459
 236264
 235955
 235903
 235848
 235758
 235694
 235540
 235400
 235331
 235294
 235223
 235205
 235008
 234974
 234847
 234680
 234162
 234154
 234101
 234067
 234042
 234020
 233885
 233807
 233784
 233656
 233430
 233351
 233155
 233141
 233112
 233073
 233005
 232931
 232835
 232786
 232742
 232567
 232558
 232531
 232491
 232479
 232428
 232427
 232369
 232120
 232095
 232040
 231901
 231797
 231760
 231674
 231548
 231459
 231280
 231088
 231034
 231006
 230952
 230820
 230769
 230769
 230769
 230021
 229980
 229929
 229752
 229736
 229721
 229665
 229616
 229470
 229440
 229292
 229289
 229235
 229213
 229159
 229097
 229054
 228965
 228809
 228554
 228516
 228413
 228388
 228297
 228222
 228196
 228168
 228139
 228043
 227953
 227799
 227792
 227579
 227277
 227239
 227080
 226981
 226832
 226758
 226691
 226450
 226181
 226177
 226115
 225917
 225780
 225756
 225595
 225449
 225403
 225376
 225085
 224864
 224787
 224677
 224626
 224535
 224432
 224418
 224415
 224261
 224093
 224077
 224054
 223880
 223877
 223788
 223620
 223478
 223436
 223409
 223371
 223217
 223182
 223106
 223062
 222887
 222860
 222821
 222666
 222521
 222356
 222319
 222262
 222222
 222166
 222137
 222120
 222111
 222045
 222042
 221932
 221895
 221828
 221826
 221733
 221712
 221694
 221264
 220892
 220674
 220176
 220118
 220115
 220012
 219998
 219965
 219512
 219504
 219045
 219027
 218968
 218853
 218750
 218707
 218556
 218408
 218069
 218068
 217989
 217950
 217815
 217616
 217511
 217391
 217360
 217146
 217123
 217034
 217010
 216828
 216752
 216681
 216482
 216393
 216354
 216171
 216169
 216140
 216028
 215935
 215890
 215702
 215620
 215563
 215317
 214954
 214953
 214913
 214904
 214814
 214516
 214325
 214249
 214080
 214016
 214005
 213622
 213545
 213397
 213326
 213201
 213158
 213111
 213058
 213056
 212997
 212827
 212690
 212362
 212353
 212208
 212201
 212178
 212161
 212111
 211928
 211886
 211820
 211720
 211546
 211538
 211438
 211345
 211198
 211180
 210921
 210848
 210842
 210572
 210508
 210490
 210414
 210290
 210195
 210029
 210006
 209961
 209920
 209745
 209708
 209626
 209558
 209502
 209424
 209369
 209273
 208970
 208964
 208709
 208556
 208283
 208277
 208056
 207920
 207851
 207792
 207776
 207657
 207630
 207172
 207109
 207059
 206764
 206735
 206627
 206534
 206427
 206427
 206341
 206134
 206073
 205980
 205854
 205724
 205724
 205675
 205585
 205387
 205361
 205278
 205264
 205184
 205152
 204986
 204977
 204842
 204819
 204774
 204743
 204430
 204351
 204303
 204289
 204142
 204058
 203936
 203873
 203806
 203638
 203635
 203386
 203118
 202857
 202836
 202597
 202549
 202542
 202339
 202247
 202224
 202115
 202065
 201853
 201821
 201802
 201690
 201549
 201510
 201428
 201424
 200997
 200989
 200814
 200795
 200734
 200641
 200632
 200520
 200346
 200267
 200072
 199999
 199968
 199964
 199935
 199935
 199904
 199776
 199643
 199576
 199564
 199549
 199497
 199442
 199344
 199296
 199268
 199261
 199184
 198917
 198899
 198731
 198439
 198347
 198328
 198161
 197985
 197860
 197774
 197714
 197663
 197625
 197592
 197481
 197459
 197267
 197101
 197026
 196897
 196696
 196349
 196333
 196211
 196145
 196093
 196031
 195968
 195704
 195636
 195488
 195302
 195245
 195121
 194984
 194908
 194824
 194820
 194805
 194777
 194729
 194635
 194317
 194285
 194275
 194256
 194214
 194209
 194162
 193839
 193608
 193455
 193384
 193367
 193235
 193214
 193189
 192985
 192786
 192629
 192586
 192579
 192557
 192406
 192134
 192114
 192015
 192011
 191954
 191902
 191881
 191853
 191506
 191407
 191150
 191128
 190802
 190707
 190651
 190646
 190644
 190561
 190455
 190375
 190359
 190065
 190053
 190049
 189958
 189916
 189703
 189684
 189674
 189446
 189379
 189255
 189195
 189107
 188976
 188767
 188767
 188680
 188658
 188640
 188475
 188311
 188240
 188166
 188056
 188040
 188021
 187779
 187740
 187500
 187431
 187355
 187318
 187312
 187270
 187190
 187189
 187155
 187112
 186980
 186849
 186808
 186732
 186661
 186315
 186257
 186187
 186151
 186119
 186072
 185875
 185852
 185761
 185611
 185602
 185577
 185419
 185316
 185036
 184953
 184881
 184843
 184732
 184634
 184615
 184442
 184287
 184229
 184208
 184052
 183939
 183853
 183766
 183739
 183682
 183591
 183580
 183565
 183425
 183312
 183213
 183122
 182961
 182915
 182899
 182777
 182626
 182611
 182523
 182519
 182506
 182242
 182074
 181981
 181683
 181581
 181499
 181138
 181065
 181055
 180858
 180765
 180680
 180613
 180295
 179965
 179912
 179883
 179865
 179732
 179664
 179564
 179458
 179273
 178811
 178785
 178689
 178472
 178438
 178239
 178114
 178071
 178044
 178030
 177958
 177688
 177657
 177654
 177414
 177099
 177050
 177015
 177003
 176873
 176529
 176519
 176516
 176433
 176405
 176384
 176282
 176224
 176086
 175693
 175644
 175558
 175506
 175348
 175074
 175048
 174886
 174885
 174787
 174784
 174610
 174587
 174545
 174025
 173945
 173603
 173602
 173532
 173462
 173453
 173289
 173251
 173027
 172882
 172839
 172793
 172677
 172673
 172661
 172583
 172582
 172509
 172436
 172327
 172254
 172234
 172229
 172226
 172142
 172010
 171987
 171851
 171775
 171708
 171694
 171641
 171503
 171489
 171350
 171333
 171267
 171171
 170954
 170741
 170731
 170682
 170414
 170382
 170204
 170050
 170043
 170009
 169768
 169758
 169385
 169336
 169322
 169299
 169237
 168941
 168927
 168755
 168656
 168534
 168451
 168386
 167993
 167970
 167746
 167552
 167543
 166984
 166949
 166756
 166666
 166642
 166623
 166274
 166266
 166210
 165891
 165829
 165785
 165664
 165628
 165610
 165380
 165354
 165010
 164914
 164558
 164556
 164548
 164464
 164456
 164232
 164161
 164156
 163942
 163782
 163735
 163562
 163328
 163286
 163253
 163046
 162878
 162765
 162561
 162528
 162441
 162411
 162285
 162106
 162058
 161859
 161816
 161740
 161735
 161679
 161633
 161542
 161393
 161385
 161214
 161157
 161073
 161055
 160883
 160835
 160694
 160572
 160534
 160483
 160445
 160427
 160402
 160180
 160159
 159683
 159643
 159591
 159536
 159474
 159445
 159362
 159361
 159318
 159314
 159151
 159022
 158965
 158811
 158750
 158463
 158450
 158384
 158334
 158192
 158110
 158076
 158054
 157894
 157836
 157819
 157272
 157271
 157223
 156934
 156621
 156614
 156537
 156402
 156320
 156173
 156138
 156097
 156005
 155903
 155789
 155596
 155541
 155505
 155391
 155365
 155265
 155156
 154953
 154696
 154673
 154531
 154471
 154351
 154197
 154040
 153942
 153684
 153628
 153595
 153506
 153493
 153320
 153203
 153092
 153008
 152926
 152769
 152536
 152508
 152455
 152441
 152380
 152241
 151864
 151845
 151829
 151815
 151784
 151738
 151641
 151608
 151504
 151392
 151313
 151285
 151188
 151153
 150976
 150951
 150945
 150652
 150541
 150518
 150416
 150381
 150336
 150184
 150154
 150149
 149841
 149694
 149648
 149627
 149403
 149397
 149225
 149073
 148904
 148879
 148794
 148509
 148409
 148399
 148387
 148239
 148205
 148170
 148146
 148125
 147960
 147816
 147577
 147377
 147272
 147158
 147110
 147081
 146875
 146715
 146706
 146651
 146634
 146597
 146495
 146461
 146429
 146373
 146199
 146151
 145998
 145991
 145860
 145827
 145776
 145532
 145523
 145521
 145457
 145420
 145391
 145377
 145216
 145122
 145045
 145007
 144881
 144819
 144708
 144589
 144436
 144245
 144186
 144181
 144173
 144131
 144020
 143860
 143762
 143626
 143608
 143440
 143217
 143084
 143057
 142963
 142649
 142477
 142473
 142434
 142134
 142040
 141602
 141529
 141235
 141175
 141165
 141078
 141010
 140817
 140684
 140636
 140631
 140464
 140312
 140271
 140119
 139881
 139708
 139707
 139668
 139534
 139428
 139393
 139281
 139194
 139108
 139056
 138937
 138884
 138823
 138814
 138813
 138757
 138726
 138683
 138675
 138613
 138557
 138438
 138215
 138185
 137967
 137931
 137872
 137645
 137541
 137308
 136870
 136776
 136725
 136717
 136608
 136338
 136285
 136258
 135789
 135718
 135649
 135595
 135502
 135276
 135197
 135084
 135018
 134951
 134897
 134829
 134820
 134461
 134424
 134398
 134343
 134307
 133971
 133833
 133553
 133422
 133401
 133333
 133309
 133152
 132957
 132693
 132633
 132551
 132546
 132535
 132418
 132410
 132344
 132063
 132007
 131952
 131945
 131931
 131826
 131645
 131611
 131578
 131527
 131401
 131395
 131386
 131376
 131324
 131283
 131226
 131153
 131014
 131002
 130959
 130811
 130651
 130641
 130509
 130495
 130332
 130233
 130148
 130009
 129994
 129989
 129986
 129668
 129576
 129563
 129456
 129339
 129139
 128722
 128493
 128440
 128433
 128418
 128364
 128180
 127902
 127659
 127401
 127172
 127121
 127007
 126961
 126820
 126743
 126712
 126671
 126623
 126572
 126113
 125991
 125644
 125437
 125216
 125091
 124944
 124876
 124782
 124726
 124593
 124378
 124233
 123899
 123686
 123541
 123539
 123287
 123232
 123163
 123069
 123066
 123017
 122648
 122640
 122533
 122522
 122379
 122270
 122221
 122168
 122142
 122039
 121877
 121816
 121778
 121720
 121616
 121596
 121567
 121271
 121153
 121076
 121052
 120999
 120823
 120695
 120631
 120452
 120430
 120385
 120366
 120121
 120029
 119999
 119997
 119974
 119941
 119811
 119732
 119521
 119486
 119267
 119082
 118997
 118942
 118791
 118174
 117801
 117777
 117752
 117647
 117647
 117508
 117413
 117362
 117302
 117257
 117219
 117106
 117061
 117003
 116968
 116770
 116767
 116707
 116193
 115757
 115712
 115712
 115678
 115472
 115362
 115129
 115022
 114994
 114927
 114857
 114836
 114725
 114702
 114138
 114017
 113992
 113838
 113786
 113753
 113698
 113544
 113397
 113277
 113168
 113162
 113150
 113038
 113002
 112984
 112932
 112907
 112837
 112736
 112734
 112692
 112659
 112587
 112582
 112494
 112293
 111963
 111829
 111758
 111672
 111647
 111547
 111193
 111172
 110959
 110568
 110558
 110366
 110321
 110258
 110226
 110213
 110200
 110190
 110188
 110036
 109911
 109910
 109818
 109796
 109718
 109589
 109522
 109385
 109269
 109259
 109223
 109168
 109070
 109003
 108705
 108622
 108542
 108464
 108421
 108320
 108228
 108181
 108108
 108077
 107914
 107288
 106987
 106945
 106836
 106785
 106761
 106757
 106626
 106566
 106403
 106352
 106165
 106129
 106111
 106080
 105989
 105881
 105813
 105701
 105412
 105394
 105393
 105274
 105263
 105263
 105256
 105235
 105032
 104905
 104778
 104705
 104704
 104392
 104348
 104275
 104219
 104189
 104054
 104007
 103757
 103712
 103561
 103538
 103439
 103380
 103225
 103206
 103170
 103168
 102766
 102455
 102339
 102298
 102200
 102158
 102097
 101876
 101768
 101337
 101168
 101148
 101141
 100999
 100953
 100939
 100917
 100679
 100613
 100414
 100296
 100000
 99842
 99839
 99805
 99756
 99498
 99475
 99441
 99298
 99270
 99197
 99138
 99078
 98858
 98822
 98777
 98640
 98622
 98493
 98303
 98297
 98273
 98203
 98021
 97939
 97778
 97740
 97528
 97486
 97426
 97270
 97242
 97225
 97217
 97115
 97028
 97027
 96972
 96923
 96774
 96762
 96631
 96225
 96153
 96147
 96097
 95972
 95847
 95805
 95793
 95625
 95623
 95225
 95166
 95142
 95089
 94991
 94807
 94677
 94667
 94476
 94090
 94037
 93992
 93821
 93670
 93662
 93660
 93605
 93309
 93101
 92943
 92832
 92626
 92462
 92461
 92427
 92097
 91967
 91962
 91891
 91810
 91751
 91643
 91584
 91523
 91445
 91387
 91131
 91070
 90960
 90873
 90686
 90576
 90568
 90564
 90499
 90449
 90398
 90335
 90153
 90096
 90055
 90040
 89957
 89879
 89873
 89723
 89697
 89694
 89473
 89373
 89329
 89301
 89221
 89102
 89081
 89069
 88918
 88835
 88697
 88696
 88657
 88448
 88256
 88235
 88060
 87964
 87655
 87323
 87203
 86969
 86891
 86845
 86734
 86706
 86679
 86629
 86555
 86520
 86398
 86345
 86313
 86289
 86282
 86281
 86047
 85975
 85765
 85651
 85521
 85513
 85495
 85471
 85466
 85419
 85231
 84986
 84951
 84731
 84709
 84674
 84507
 84493
 84457
 84398
 84043
 84039
 83694
 83314
 83228
 83137
 83092
 83056
 82926
 82910
 82883
 82830
 82813
 82695
 82389
 82201
 82148
 82132
 82039
 82009
 81978
 81756
 81676
 81670
 81526
 81520
 81373
 81352
 81316
 81161
 80638
 80476
 80405
 80346
 80321
 80281
 80205
 80159
 80078
 80020
 80000
 80000
 79830
 79807
 79723
 79703
 79699
 79488
 79470
 79306
 79231
 79170
 78957
 78627
 78437
 78376
 78310
 78245
 78206
 78142
 78095
 77954
 77944
 77864
 77803
 77749
 77735
 77453
 77419
 77363
 77273
 77257
 77157
 77151
 77102
 77087
 77049
 77022
 76982
 76974
 76923
 76797
 76696
 76684
 76562
 76528
 76475
 76474
 76452
 76343
 76338
 76290
 76289
 76264
 76076
 75805
 75754
 75550
 75455
 75377
 75362
 75346
 75186
 74640
 74313
 74256
 74227
 74178
 74098
 73972
 73930
 73791
 73527
 73333
 73135
 73055
 72987
 72917
 72721
 72463
 72027
 71946
 71428
 71156
 71152
 71070
 70972
 70953
 70910
 70671
 70549
 70341
 70335
 70211
 70050
 70016
 69918
 69894
 69846
 69797
 69764
 69262
 69210
 69164
 69153
 69052
 68799
 68666
 68605
 68540
 68169
 68072
 68052
 67782
 67619
 67483
 67476
 67466
 67341
 67264
 66984
 66857
 66801
 66759
 66630
 66629
 66436
 66351
 66326
 66317
 66224
 66121
 65934
 65874
 65810
 65559
 65558
 65538
 65308
 65306
 65276
 65116
 65111
 64983
 64714
 64254
 64199
 64101
 64014
 63999
 63999
 63986
 63908
 63825
 63766
 63734
 63720
 63677
 63492
 63473
 63233
 63157
 62500
 62388
 62334
 62117
 61994
 61979
 61917
 61893
 61747
 61505
 61490
 61469
 61304
 61198
 61184
 61026
 60988
 60950
 60939
 60917
 60829
 60676
 60647
 60297
 60185
 60115
 60060
 60014
 59647
 59577
 59099
 59042
 58924
 58823
 58797
 58745
 58589
 58540
 58463
 58373
 58295
 58286
 58201
 58131
 58097
 58074
 57913
 57868
 57766
 57481
 57381
 57370
 57361
 57240
 57219
 57176
 57101
 56989
 56923
 56907
 56706
 56605
 56603
 56493
 56395
 56338
 56179
 56165
 56139
 55918
 55846
 55602
 55491
 55442
 55426
 55347
 55189
 55143
 55089
 55025
 54806
 54757
 54739
 54691
 54556
 54527
 54471
 54347
 54262
 54209
 54026
 53955
 53894
 53877
 53800
 53733
 53646
 53617
 53519
 53477
 53416
 53398
 53341
 53340
 53242
 53201
 53036
 52816
 52631
 52582
 52386
 52357
 52282
 52111
 52041
 51908
 51830
 51763
 51741
 51662
 51614
 51510
 51375
 51289
 51041
 50960
 50932
 50912
 50619
 50565
 50550
 50437
 50382
 50373
 50368
 50305
 50145
 50050
 50043
 49649
 49411
 49243
 49220
 49168
 49022
 48947
 48944
 48901
 48854
 48780
 48769
 48632
 48628
 48476
 48472
 48390
 48289
 48253
 48102
 47959
 47956
 47939
 47884
 47808
 47710
 47677
 47316
 46997
 46607
 46479
 46400
 46366
 46199
 46122
 45997
 45992
 45892
 45805
 45798
 45787
 45755
 45736
 45474
 45206
 45202
 45146
 45146
 45112
 45028
 45025
 44883
 44781
 44776
 44710
 44675
 44653
 44591
 44469
 43976
 43959
 43933
 43915
 43630
 43630
 43504
 43478
 43478
 43297
 43243
 43093
 43010
 43005
 42900
 42853
 42727
 42712
 42585
 42407
 42391
 42386
 42148
 42128
 42030
 41911
 41897
 41413
 41327
 41297
 41032
 40950
 40853
 40848
 40788
 40751
 40739
 40669
 40662
 40637
 40475
 40440
 40407
 40354
 40262
 40162
 40064
 39918
 39912
 39745
 39548
 39526
 39323
 39308
 39287
 39277
 39207
 39118
 39084
 39025
 38998
 38975
 38862
 38846
 38565
 38450
 38338
 38307
 37978
 37959
 37764
 37727
 37560
 37466
 37433
 37241
 37225
 36629
 36455
 36377
 36275
 36173
 36129
 36122
 36093
 36064
 35768
 35639
 35613
 35559
 35526
 35440
 35375
 35303
 35096
 35087
 34983
 34954
 34867
 34824
 34799
 34724
 34716
 34617
 34463
 34322
 34136
 33961
 33910
 33678
 33632
 33630
 33613
 33576
 33347
 33273
 33210
 33210
 33121
 33072
 33043
 32959
 32931
 32870
 32868
 32826
 32812
 32776
 32700
 32511
 32459
 32362
 32013
 31897
 31475
 31399
 31366
 31285
 31237
 31189
 31150
 30861
 30735
 30581
 30549
 30537
 30300
 30280
 30088
 30077
 29928
 29898
 29856
 29618
 29473
 29469
 29284
 29269
 28773
 28719
 28685
 28629
 28602
 28594
 28428
 28422
 28335
 28206
 28169
 28087
 28037
 27982
 27913
 27692
 27406
 27395
 27187
 27148
 26936
 26866
 26767
 26640
 26504
 26473
 26467
 26273
 26239
 25995
 25940
 25902
 25766
 25720
 25620
 25514
 25412
 25271
 25107
 25098
 25031
 24731
 24635
 24592
 24582
 24463
 24405
 24387
 24149
 24119
 24027
 23908
 23905
 23597
 23529
 23337
 23281
 23244
 23243
 23231
 23122
 23119
 22999
 22914
 22784
 22743
 22721
 22640
 22606
 22539
 22359
 22286
 22227
 21986
 21952
 21927
 21903
 21822
 21627
 21513
 21495
 21433
 21251
 21243
 21079
 21061
 21001
 20934
 20927
 20901
 20680
 20627
 20623
 20408
 20398
 20342
 20311
 20282
 20249
 20236
 20229
 20185
 20109
 20073
 20061
 20031
 19899
 19762
 19607
 19605
 19558
 19434
 19354
 19242
 19230
 19229
 19121
 18780
 18753
 18737
 18660
 18629
 18587
 18527
 18449
 18304
 18120
 18113
 18103
 18078
 17987
 17982
 17926
 17894
 17816
 17791
 17751
 17640
 17604
 17307
 17149
 17113
 16471
 16316
 16146
 16107
 16089
 16009
 15997
 15738
 15697
 14814
 14789
 14512
 14466
 14362
 14302
 14184
 14038
 14010
 13998
 13955
 13840
 13752
 13641
 13553
 13527
 13452
 13364
 13356
 13264
 13242
 13228
 13192
 13181
 13164
 13076
 13002
 12919
 12889
 12779
 12612
 12609
 12572
 12461
 12175
 12064
 12052
 11994
 11952
 11903
 11848
 11790
 11772
 11772
 11730
 11561
 11467
 11458
 11071
 10976
 10904
 10825
 10775
 10724
 10675
 10524
 10506
 10453
 10430
 10388
 10342
 10338
 10286
 10247
 10025
 9952
 9845
 9729
 9724
 9657
 9262
 9157
 9096
 9014
 8759
 8742
 8614
 8576
 8346
 8284
 8187
 8119
 7770
 7708
 7704
 7619
 7527
 7327
 7246
 6976
 6872
 6869
 6734
 6700
 6575
 6552
 6420
 6408
 6362
 6096
 6094
 6021
 6013
 5967
 5881
 5648
 5575
 5477
 5457
 5138
 5110
 5091
 5005
 4924
 4922
 4904
 4843
 4832
 4627
 4534
 4291
 4066
 3992
 3983
 3846
 3845
 3840
 3594
 3580
 3555
 3523
 3407
 3401
 3353
 3336
 3205
 2926
 2888
 2881
 2877
 2791
 2754
 2449
 2372
 2332
 2314
 2292
 2258
 2217
 2132
 2038
 1988
 1919
 1758
 1737
 1643
 1533
 1491
 1397
 1212
 1141
 985
 919
 833
 820
 441
 0
 0
 0
 0
 0
 0
 0
 0
 0
 0
 0
 0
 0
 0
 0
 0
 0
 0
 0
 