999850
 999738
 999647
 999460
 999366
 999261
 999239
 999111
 999002
 998964
 998930
 998821
 998771
 998698
 998683
 998653
 998521
 998485
 998467
 998433
 998400
 998278
 997959
 997865
 997848
 997834
 997772
 997654
 997610
 997521
 997507
 997505
 997421
 997275
 997269
 997237
 996653
 996503
 996455
 996391
 996383
 996326
 996312
 996266
 996207
 996095
 995998
 995990
 995902
 995829
 995728
 995533
 995359
 994883
 994632
 994616
 994557
 994459
 994422
 994387
 994334
 994240
 994095
 994077
 994076
 993806
 993597
 993443
 993387
 993354
 993337
 993119
 993111
 992935
 992850
 992784
 992770
 992758
 992575
 992542
 992495
 992471
 992222
 991857
 991799
 991710
 991672
 991660
 991640
 991577
 991218
 991171
 991129
 991094
 990759
 990734
 990689
 990655
 990477
 990455
 990441
 990412
 990359
 990335
 990231
 990144
 990131
 990101
 989887
 989825
 989159
 989040
 988953
 988861
 988857
 988605
 988093
 987910
 987623
 987551
 987543
 987487
 987460
 987338
 987275
 987228
 987220
 987163
 986905
 986899
 986539
 986337
 986289
 986288
 986194
 986134
 986117
 986080
 985915
 985859
 985761
 985699
 985543
 985463
 985379
 985309
 985227
 984923
 984814
 984796
 984795
 984644
 984424
 984407
 984303
 984278
 984096
 984090
 984073
 984069
 983939
 983789
 983553
 983207
 983192
 983155
 983147
 982975
 982964
 982895
 982741
 982649
 982645
 982475
 982448
 982374
 982360
 982340
 982221
 982171
 981979
 981961
 981786
 981620
 981321
 981233
 981201
 981121
 981048
 981047
 981028
 981024
 980936
 980928
 980797
 980733
 980539
 980497
 980449
 980427
 980323
 980273
 980198
 979977
 979919
 979843
 979591
 979553
 979333
 979296
 979183
 978966
 978723
 978608
 978561
 978533
 978505
 978388
 978178
 978129
 978085
 977781
 977728
 977523
 977425
 977176
 977031
 976990
 976984
 976899
 976841
 976786
 976721
 976476
 976453
 976418
 976377
 976332
 976273
 976264
 976203
 976201
 976177
 976155
 975760
 975644
 975553
 975545
 975468
 975391
 975284
 975276
 975216
 975105
 975086
 974988
 974828
 974789
 974788
 974716
 974561
 974319
 974278
 974168
 973995
 973944
 973815
 973506
 973491
 973325
 973004
 972854
 972848
 972477
 972285
 972258
 972222
 972098
 971835
 971826
 971751
 971569
 971529
 971506
 971373
 971361
 971340
 971298
 971285
 971085
 971068
 970956
 970843
 970764
 970708
 970687
 970659
 969963
 969915
 969785
 969696
 969602
 969579
 969539
 969517
 969423
 969248
 969181
 969053
 968801
 968780
 968688
 968609
 968590
 968508
 968485
 968421
 968196
 968152
 968022
 968008
 967861
 967828
 967802
 967741
 967689
 967557
 967394
 967370
 967325
 966969
 966966
 966961
 966906
 966859
 966840
 966788
 966644
 966519
 966483
 966380
 966280
 966155
 965707
 965667
 965616
 965601
 965475
 965445
 965387
 965356
 965285
 965260
 965252
 965046
 964832
 964791
 964778
 964641
 964577
 964510
 964493
 964334
 964253
 964203
 964064
 963906
 963840
 963800
 963792
 963779
 963761
 963720
 963709
 963663
 963498
 963384
 963282
 963195
 963111
 963038
 962949
 962867
 962783
 962446
 962403
 962264
 961878
 961848
 961756
 961721
 961689
 961668
 961640
 961600
 961497
 961394
 961174
 961145
 961117
 961051
 960865
 960646
 960629
 960538
 960347
 960257
 960225
 960187
 960155
 960073
 960053
 960019
 959999
 959964
 959923
 959891
 959889
 959606
 959530
 959507
 959479
 959432
 959315
 959284
 958766
 958762
 958710
 958465
 958415
 958342
 958030
 957974
 957928
 957763
 957708
 957584
 957569
 957539
 957537
 957501
 957442
 957437
 956991
 956947
 956942
 956823
 956655
 956503
 956490
 956358
 956265
 956141
 956058
 956003
 955714
 955693
 955530
 955491
 955405
 955327
 955215
 954954
 954924
 954883
 954770
 954728
 954691
 954134
 953980
 953638
 953603
 953595
 953583
 953488
 953428
 953376
 953375
 953266
 952922
 952776
 952761
 952515
 952433
 952355
 952176
 952171
 952161
 952095
 952082
 952073
 951925
 951809
 951672
 951482
 951403
 951070
 950945
 950755
 950581
 950507
 950442
 950394
 950287
 950112
 950106
 950047
 949943
 949800
 949681
 949676
 949620
 949303
 949015
 948891
 948842
 948813
 948795
 948676
 948634
 948480
 948462
 948258
 948207
 948186
 948162
 947891
 947763
 947753
 947565
 947536
 947462
 947384
 947372
 947292
 947282
 947188
 947108
 947019
 946726
 946666
 946615
 946612
 946490
 946096
 946027
 946022
 945811
 945562
 945480
 945204
 945203
 945069
 944891
 944881
 944771
 944615
 944601
 944598
 944237
 944003
 943918
 943769
 943715
 943584
 943498
 943382
 943374
 943279
 943221
 943174
 943130
 943072
 942964
 942945
 942879
 942796
 942519
 942482
 942412
 942340
 942233
 942101
 942035
 941599
 941527
 941391
 941231
 941072
 940953
 940945
 940916
 940857
 940809
 940615
 940314
 940233
 940215
 939941
 939919
 939855
 939831
 939779
 939641
 939501
 939383
 939372
 939299
 939277
 939102
 939081
 938860
 938782
 938707
 938657
 938596
 938574
 938515
 938514
 938351
 938337
 937879
 937851
 937774
 937682
 937556
 937517
 937500
 937461
 937422
 937027
 936980
 936810
 936453
 936322
 936170
 935980
 935833
 935785
 935584
 935453
 935414
 935411
 935330
 935032
 934955
 934848
 934834
 934759
 934520
 934189
 933978
 933824
 933797
 933668
 933563
 933376
 933333
 933254
 933214
 932893
 932753
 932666
 932569
 932055
 931951
 931947
 931941
 931939
 931937
 931768
 931755
 931707
 931674
 931507
 931479
 931377
 931279
 931054
 930922
 930875
 930793
 930663
 930594
 930591
 930563
 930405
 930152
 930048
 930032
 929959
 929622
 929599
 929585
 929503
 929434
 929364
 928760
 928744
 928346
 928251
 928207
 928189
 928147
 928074
 928041
 927746
 927633
 927319
 927217
 927207
 927197
 927060
 926935
 926912
 926841
 926444
 926423
 926389
 926353
 926344
 926238
 926202
 926143
 926113
 925907
 925900
 925633
 925573
 925474
 925438
 925342
 925335
 925266
 924913
 924901
 924842
 924161
 924061
 923988
 923886
 923861
 923857
 923823
 923537
 923492
 923255
 923050
 922878
 922803
 922767
 922552
 922120
 922110
 922067
 922033
 921815
 921709
 921622
 921527
 921370
 921325
 921177
 920959
 920903
 920755
 920620
 920575
 920388
 920331
 920273
 920233
 919901
 919802
 919663
 919488
 919354
 919131
 919037
 919002
 918994
 918918
 918915
 918901
 918587
 918578
 918513
 918457
 918444
 918351
 918218
 918150
 917937
 917856
 917836
 917793
 917734
 917676
 917205
 916974
 916923
 916868
 916831
 916802
 916611
 916564
 916543
 916454
 916259
 916201
 916168
 916127
 916042
 916031
 915978
 915898
 915779
 915289
 915111
 915057
 915015
 914989
 914932
 914802
 914606
 914473
 914342
 914304
 914187
 914104
 914046
 913818
 913782
 913758
 913663
 913612
 913305
 913072
 913043
 912847
 912631
 912511
 912478
 912433
 912280
 912262
 912144
 912113
 912063
 912021
 911979
 911957
 911669
 911596
 911332
 911280
 911168
 911113
 911074
 910931
 910891
 910815
 910342
 910290
 910224
 910153
 910077
 909876
 909774
 909604
 909538
 909371
 909269
 909200
 909090
 908858
 908748
 908650
 908616
 908327
 908324
 908275
 908046
 907875
 907618
 907583
 907377
 907260
 907063
 906804
 906792
 906760
 906751
 906659
 906498
 906487
 906440
 906294
 906241
 906088
 905923
 905781
 905774
 905569
 905533
 905458
 905013
 904896
 904885
 904734
 904437
 904335
 904211
 904070
 903899
 903846
 903788
 903770
 903267
 903218
 903194
 902965
 902912
 902897
 902836
 902835
 902764
 902757
 902730
 902700
 902383
 902328
 902147
 902027
 902023
 901939
 901876
 901773
 901768
 901677
 901549
 901303
 901264
 901199
 901190
 901101
 901071
 901008
 900985
 900958
 900842
 900373
 900369
 900266
 900184
 900024
 899986
 899826
 899731
 899452
 899280
 899222
 899082
 899024
 898941
 898835
 898787
 898364
 897858
 897777
 897714
 897662
 897603
 897533
 897532
 897332
 897226
 897201
 897075
 896962
 896886
 896713
 896624
 896239
 896186
 896096
 896027
 896002
 895953
 895793
 895624
 895560
 895457
 895341
 895307
 895292
 895236
 895043
 894791
 894700
 894640
 894593
 894546
 894514
 894490
 894472
 894296
 894249
 894141
 894124
 894080
 893965
 893861
 893743
 893639
 893583
 893534
 893455
 893385
 893115
 893044
 892942
 892918
 892744
 892665
 892610
 892516
 892109
 891558
 891442
 891434
 891418
 891369
 891343
 891172
 891102
 891061
 891019
 890592
 890552
 890384
 890335
 890295
 890248
 890182
 890158
 890068
 889985
 889738
 889561
 889400
 889013
 888952
 888888
 888740
 888718
 888658
 888581
 888524
 888510
 888476
 888419
 888375
 887963
 887936
 887920
 887615
 887550
 887515
 887478
 887438
 887340
 887285
 887216
 887210
 887199
 887197
 887190
 886940
 886864
 886832
 886403
 886290
 886275
 886268
 886167
 885890
 885718
 885645
 884990
 884848
 884794
 884772
 884590
 884474
 884397
 884258
 884167
 884051
 884021
 884009
 883974
 883606
 883466
 883444
 883289
 883211
 882999
 882874
 882283
 882020
 881833
 881785
 881706
 881632
 881492
 881392
 881289
 881287
 881261
 881225
 881191
 881029
 880836
 880779
 880748
 880708
 880429
 880341
 880294
 880284
 880256
 880217
 880166
 880098
 879999
 879993
 879954
 879930
 879902
 879871
 879767
 879669
 879601
 879535
 879498
 879468
 879340
 879241
 879122
 878948
 878694
 878677
 878501
 878146
 878008
 877922
 877918
 877777
 877718
 877687
 877622
 877463
 877434
 877407
 877213
 877191
 877114
 877012
 876978
 876824
 876643
 876597
 876434
 876272
 876228
 875997
 875873
 875751
 875379
 875338
 875269
 875157
 875109
 875102
 875074
 875069
 875061
 874807
 874794
 874705
 874690
 874579
 874508
 874302
 874268
 874263
 874164
 874133
 874120
 874101
 874092
 874058
 873973
 873663
 873508
 873442
 873417
 873347
 873090
 873046
 873015
 873004
 872985
 872807
 872680
 872679
 872673
 872584
 872315
 872307
 872239
 872118
 872113
 871852
 871804
 871733
 871317
 871293
 871287
 871119
 870862
 870823
 870821
 870740
 870577
 870570
 870421
 870412
 870354
 870343
 870136
 870102
 869994
 869973
 869621
 869502
 869482
 869374
 869288
 869197
 869019
 869018
 868999
 868927
 868919
 868725
 868630
 868604
 868586
 868476
 868395
 868256
 868193
 868083
 867881
 867879
 867768
 867506
 867416
 867403
 867394
 867267
 867256
 867195
 867151
 867104
 867099
 867072
 867013
 866991
 866985
 866970
 866767
 866680
 866677
 866529
 866523
 866492
 866293
 866156
 866089
 865798
 865724
 865710
 865320
 865234
 865195
 865126
 865086
 865033
 864896
 864787
 864578
 864535
 864334
 864197
 864039
 864010
 863822
 863793
 863291
 863063
 862928
 862923
 862813
 862501
 862451
 862366
 862344
 862302
 862257
 862113
 862061
 862009
 861990
 861952
 861937
 861923
 861813
 861744
 861727
 861611
 861608
 861593
 861573
 861556
 861495
 861390
 861355
 861313
 861189
 860871
 860869
 860501
 860465
 860377
 860313
 860192
 859917
 859863
 859598
 859590
 859400
 859387
 859162
 859121
 858994
 858973
 858943
 858854
 858734
 858607
 858447
 858323
 858244
 858097
 858066
 858059
 857772
 857742
 857647
 857386
 857142
 857097
 856979
 856875
 856870
 856821
 856776
 856698
 856695
 856095
 856036
 855983
 855855
 855853
 855844
 855785
 855579
 855561
 855460
 855205
 855108
 855010
 855000
 854959
 854765
 854432
 854289
 854276
 854259
 854219
 854189
 853573
 853418
 853377
 853326
 853295
 853244
 853180
 853111
 852945
 852933
 852821
 852654
 852595
 852448
 852298
 851974
 851851
 851615
 851612
 851465
 851456
 851424
 851414
 851344
 851271
 851183
 851035
 850728
 850511
 850279
 850275
 850208
 850078
 849937
 849914
 849902
 849639
 849602
 849467
 849367
 849339
 849297
 849169
 848960
 848841
 848484
 848330
 848317
 848291
 848009
 847926
 847893
 847822
 847755
 847706
 847509
 847319
 847290
 847207
 847116
 846961
 846930
 846744
 846728
 846715
 846689
 846583
 846578
 846132
 846119
 846094
 846050
 845901
 845885
 845848
 845651
 845592
 845590
 845588
 845283
 845240
 845091
 845063
 845005
 844920
 844884
 844740
 844694
 844380
 844328
 844286
 844264
 844006
 843847
 843828
 843818
 843813
 843748
 843699
 843620
 843477
 843450
 843357
 843356
 843236
 843218
 843199
 843174
 843172
 843165
 843023
 842977
 842733
 842590
 842545
 842534
 842438
 842105
 842095
 842094
 842068
 842057
 841915
 841876
 841808
 841771
 841628
 841490
 841425
 841219
 841163
 841055
 840878
 840857
 840642
 840572
 840546
 840538
 840273
 840125
 840022
 839886
 839755
 839613
 839463
 839260
 839061
 838954
 838950
 838615
 838487
 838479
 838383
 838328
 838253
 838167
 838150
 837976
 837801
 837746
 837718
 837665
 837664
 837563
 837471
 837212
 837107
 836979
 836740
 836684
 836643
 836461
 836442
 836427
 836373
 836326
 836324
 836301
 836289
 835773
 835688
 835660
 835627
 835554
 835329
 835300
 835250
 835189
 835171
 835164
 835114
 835106
 834840
 834808
 834717
 834667
 834526
 834507
 834460
 834316
 834212
 834124
 834084
 834039
 833993
 833877
 833465
 833368
 833350
 833333
 833154
 833139
 833006
 832900
 832854
 832676
 832209
 832120
 831688
 831462
 831460
 831433
 831328
 831292
 831238
 831188
 831061
 830985
 830970
 830938
 830879
 830758
 830741
 830688
 830663
 830550
 830083
 829956
 829872
 829686
 829643
 829596
 829577
 829286
 829272
 829188
 829150
 828801
 828673
 828658
 828466
 828393
 828263
 828029
 827967
 827960
 827881
 827628
 827611
 827567
 827375
 827275
 827188
 827160
 827093
 827053
 826821
 826737
 826529
 826453
 826397
 826086
 825976
 825856
 825823
 825727
 825688
 825637
 825564
 825464
 825419
 825409
 825396
 825386
 825321
 825047
 824897
 824881
 824845
 824834
 824562
 824489
 824478
 824396
 824249
 824246
 824175
 824043
 824029
 823913
 823762
 823747
 823608
 823529
 823477
 823434
 823343
 823312
 823285
 823277
 823087
 822966
 822962
 822856
 822846
 822730
 822697
 822632
 822607
 822516
 822503
 822374
 821943
 821940
 821908
 821893
 821826
 821627
 821576
 821314
 821295
 821270
 821187
 820862
 820607
 820468
 820415
 820190
 820167
 820091
 820081
 820039
 820003
 819899
 819798
 819706
 819259
 819005
 818998
 818854
 818722
 818637
 818587
 818568
 818367
 818353
 818297
 818252
 818033
 818016
 817944
 817807
 817691
 817638
 817449
 817416
 817353
 816822
 816591
 816577
 816540
 816326
 816279
 816277
 816046
 816044
 816000
 815996
 815748
 815509
 815437
 815385
 815302
 815279
 815235
 815183
 814835
 814758
 814705
 814600
 814583
 814578
 814245
 814196
 813864
 813777
 813724
 813698
 813408
 813181
 813032
 812956
 812873
 812865
 812784
 812531
 812493
 812383
 812365
 812261
 812206
 812196
 811984
 811768
 811326
 811240
 811097
 810962
 810765
 810734
 810596
 810482
 810232
 810111
 810031
 809967
 809829
 809812
 809735
 809671
 809523
 809429
 809273
 809260
 809114
 809101
 808777
 808680
 808465
 808350
 808221
 808116
 808033
 807826
 807666
 807393
 807297
 807060
 806890
 806780
 806720
 806664
 806534
 806430
 806361
 806342
 806321
 806199
 806142
 805765
 805744
 805712
 805676
 805517
 805405
 805237
 805175
 805115
 804905
 804886
 804827
 804583
 804568
 804381
 804299
 804201
 803861
 803691
 803666
 803490
 803460
 803343
 802707
 802675
 802374
 802245
 802135
 801973
 801836
 801702
 801621
 801605
 801567
 801526
 801493
 801315
 801295
 801273
 801249
 801135
 800845
 800813
 800799
 800785
 800781
 800730
 800615
 800535
 800318
 800263
 800225
 800170
 799999
 799549
 799529
 799376
 799330
 798571
 798516
 798442
 798404
 798401
 798357
 798220
 798175
 798148
 798101
 798084
 797887
 797683
 797505
 797460
 797369
 797311
 797303
 797044
 796937
 796747
 796705
 796606
 796575
 796504
 796293
 796279
 796034
 796011
 795992
 795918
 795916
 795818
 795309
 795110
 795095
 795035
 795023
 794918
 794912
 794859
 794795
 794763
 794758
 794677
 794495
 794457
 794357
 794337
 794323
 794295
 794204
 794179
 794152
 793998
 793974
 793935
 793805
 793796
 793786
 793660
 793625
 793480
 793437
 793031
 793017
 792909
 792906
 792874
 792738
 792498
 792366
 792285
 792157
 792097
 792013
 791821
 791793
 791549
 791521
 791510
 791461
 791131
 790940
 790731
 790708
 790328
 790303
 790157
 790123
 790092
 790038
 789943
 789732
 789700
 789578
 789286
 789270
 789236
 789173
 789139
 788958
 788769
 788764
 788661
 788480
 788336
 788292
 787989
 787981
 787921
 787781
 787709
 787422
 787401
 787303
 787255
 787177
 786867
 786829
 786795
 786736
 786730
 786595
 786529
 786234
 785711
 785596
 785567
 785456
 785405
 785103
 785028
 784841
 784821
 784786
 784779
 784778
 784701
 784663
 784507
 784470
 784364
 784172
 784022
 783969
 783712
 783601
 783587
 783247
 783098
 783026
 782791
 782601
 782444
 782436
 782319
 782244
 782075
 782025
 782018
 781942
 781575
 781230
 781221
 780556
 780509
 780473
 780346
 780275
 780187
 780044
 779876
 779836
 779789
 779764
 779706
 779645
 779579
 779456
 779425
 779196
 779158
 779116
 778947
 778906
 778826
 778819
 778781
 778679
 778678
 778673
 778661
 778595
 778586
 778469
 778431
 778177
 777978
 777867
 777652
 777645
 777616
 777520
 777453
 777406
 777385
 777320
 777308
 777303
 777179
 777081
 777043
 777008
 776864
 776834
 776815
 776805
 776779
 776740
 776730
 776645
 776515
 776307
 776243
 776059
 775950
 775885
 775862
 775779
 775578
 775518
 775456
 774779
 774607
 774294
 774260
 774248
 774246
 774159
 774155
 773963
 773879
 773831
 773789
 773769
 773686
 773633
 773586
 773497
 773144
 772997
 772821
 772810
 772737
 772580
 772472
 772359
 772344
 772169
 772130
 772012
 771812
 771806
 771631
 771551
 771511
 771351
 771142
 771089
 771047
 770854
 770749
 770706
 770695
 770634
 770499
 770400
 770218
 770040
 770021
 769901
 769834
 769802
 769794
 769759
 769280
 769097
 768850
 768742
 768656
 768590
 768456
 768216
 768046
 768014
 767899
 767775
 767698
 767202
 767123
 767065
 766996
 766635
 766495
 766467
 766345
 766307
 766289
 766189
 766126
 766041
 766032
 765463
 765363
 765329
 765324
 765310
 765217
 765199
 764850
 764705
 764683
 764647
 764595
 764581
 764468
 764227
 764015
 763995
 763987
 763865
 763735
 763716
 763619
 763478
 763430
 763383
 763278
 763193
 763157
 762966
 762955
 762886
 762732
 762400
 762336
 762278
 761867
 761816
 761721
 761684
 761534
 761483
 761467
 761397
 761183
 761028
 761026
 760718
 760717
 760598
 760176
 760135
 760035
 760015
 759962
 759878
 759485
 759308
 759277
 759135
 759115
 759089
 759069
 759061
 758715
 758620
 758595
 758433
 758241
 758218
 758164
 758102
 758075
 758013
 757812
 757763
 757691
 757652
 757630
 757575
 757493
 757413
 757372
 757358
 757327
 757302
 757116
 756936
 756923
 756707
 756620
 756481
 756224
 755985
 755880
 755799
 755658
 755638
 755621
 755375
 755190
 755166
 755134
 755112
 755038
 755027
 754817
 754766
 754634
 754609
 754416
 754356
 754143
 754054
 754039
 754022
 754021
 753723
 753429
 753162
 752805
 752740
 752731
 752730
 752589
 752544
 752479
 752218
 752101
 752028
 751762
 751353
 751312
 751273
 751152
 750966
 750902
 750599
 750410
 750243
 750207
 750206
 750087
 750051
 750017
 750000
 749981
 749975
 749956
 749887
 749739
 749269
 749138
 749122
 749111
 748994
 748844
 748764
 748734
 748513
 748394
 748283
 748046
 747939
 747800
 747787
 747742
 747663
 747660
 747588
 747519
 747487
 747421
 747391
 747385
 747381
 747353
 747330
 747317
 747247
 747227
 747184
 747027
 746872
 746799
 746766
 746698
 746645
 746492
 746320
 746192
 746184
 746139
 746077
 745925
 745655
 745643
 745529
 745329
 745178
 745137
 745062
 744970
 744954
 744425
 744353
 744323
 744303
 744287
 743992
 743971
 743947
 743923
 743748
 743583
 743476
 743364
 743306
 743244
 743119
 742974
 742943
 742717
 742707
 742620
 742580
 742477
 742367
 742257
 742203
 742184
 742138
 742133
 741821
 741764
 741692
 741634
 741567
 741558
 741520
 741391
 741379
 741112
 741107
 741093
 741061
 741027
 740985
 740827
 740793
 740486
 740478
 740189
 740037
 739987
 739829
 739723
 739710
 739682
 739670
 739640
 739638
 739629
 739563
 739388
 739293
 738696
 738509
 738373
 738299
 738229
 738095
 738058
 738054
 737893
 737884
 737864
 737733
 737719
 737576
 737556
 737254
 737236
 737208
 737172
 737171
 737161
 737113
 737034
 737015
 736842
 736734
 736725
 736666
 736630
 736526
 736518
 736426
 736395
 736300
 736228
 736196
 736000
 735888
 735862
 735859
 735682
 735665
 735650
 735587
 735433
 735429
 735207
 734993
 734694
 734668
 734648
 734524
 734403
 734314
 734260
 734105
 734082
 733826
 733815
 733520
 733448
 733404
 733343
 733310
 732992
 732977
 732951
 732926
 732899
 732740
 732739
 732620
 732545
 732537
 732329
 732236
 732220
 732178
 732125
 731961
 731914
 731875
 731785
 731652
 731480
 731429
 731426
 731127
 730976
 730896
 730856
 730819
 730711
 730583
 730519
 730279
 730253
 730195
 730074
 730047
 729963
 729693
 729500
 729421
 729387
 729360
 729314
 729085
 729009
 728800
 728740
 728698
 728622
 728580
 728462
 728450
 728406
 728395
 728271
 728094
 728009
 727961
 727779
 727301
 727192
 727051
 727041
 726822
 726736
 726561
 726462
 726434
 726166
 725754
 725660
 725632
 725547
 725409
 725143
 725085
 725080
 724946
 724921
 724890
 724744
 724703
 724503
 724437
 724413
 724406
 724355
 724102
 724048
 723924
 723830
 723806
 723662
 723194
 722869
 722858
 722854
 722830
 722708
 722551
 722528
 722244
 722048
 721943
 721868
 721785
 721777
 721678
 721654
 721596
 721408
 721396
 721394
 721257
 721187
 721117
 721062
 721045
 720930
 720814
 720771
 720712
 720634
 720271
 720266
 720081
 720080
 720042
 719805
 719707
 719444
 719382
 719369
 719367
 719360
 719248
 719166
 719160
 719141
 718824
 718750
 718600
 718507
 718443
 718412
 718399
 718334
 718246
 718238
 718217
 718162
 717902
 717802
 717771
 717478
 717457
 717414
 717399
 717337
 717314
 717293
 717201
 717173
 717013
 716921
 716674
 716622
 716619
 716427
 716298
 716221
 716187
 716174
 716041
 715968
 715904
 715745
 715710
 715674
 715532
 715511
 715461
 715192
 715099
 714876
 714874
 714752
 714595
 714398
 714285
 714250
 714121
 713995
 713810
 713809
 713790
 713710
 713620
 713609
 713606
 713446
 713339
 713330
 713182
 713153
 712972
 712963
 712838
 712819
 712686
 712617
 712564
 712550
 712464
 712456
 712432
 712328
 712273
 712241
 712230
 712050
 711893
 711853
 711729
 711659
 711521
 711499
 711323
 711194
 711109
 710956
 710940
 710762
 710723
 710678
 710656
 710582
 710389
 710337
 710316
 710059
 709892
 709764
 709740
 709585
 709388
 709377
 709228
 709215
 708984
 708912
 708870
 708860
 708816
 708656
 708641
 708591
 708584
 708505
 708497
 708487
 708479
 708463
 708428
 708333
 708330
 708316
 708206
 708118
 707905
 707805
 707639
 707618
 707580
 707531
 707499
 707400
 707379
 707351
 707164
 707142
 707112
 707103
 706934
 706864
 706788
 706540
 706472
 706429
 706374
 706279
 706109
 706092
 706074
 706064
 705858
 705803
 705651
 705597
 705483
 705409
 705372
 705075
 704935
 704906
 704721
 704649
 704622
 704427
 704307
 704306
 704301
 704217
 704139
 704043
 703994
 703880
 703877
 703844
 703772
 703659
 703643
 703549
 703488
 703477
 703172
 703105
 703051
 702983
 702833
 702661
 702458
 702379
 702329
 702282
 702157
 702122
 701926
 701886
 701725
 701723
 701689
 701651
 701631
 701624
 701411
 701348
 700941
 700809
 700702
 700642
 700510
 700478
 700457
 700387
 700126
 700103
 700052
 699965
 699408
 699281
 699253
 699008
 698960
 698927
 698910
 698890
 698824
 698721
 698649
 698552
 698309
 698244
 698189
 698086
 698076
 697963
 697874
 697837
 697819
 697412
 697297
 697208
 697183
 697018
 696716
 696629
 696540
 696319
 696257
 696050
 695959
 695871
 695845
 695808
 695765
 695623
 695589
 695537
 695485
 695447
 695214
 695207
 695206
 695135
 695121
 695094
 694988
 694656
 694532
 694479
 694408
 694295
 694269
 694197
 694001
 693854
 693834
 693543
 693447
 692946
 692913
 692875
 692836
 692763
 692734
 692730
 692485
 692462
 692393
 692385
 692354
 692307
 692255
 692222
 692079
 692007
 691942
 691911
 691692
 691594
 691556
 691343
 691329
 691308
 691216
 691145
 691102
 691009
 690981
 690887
 690686
 690542
 690122
 690014
 689848
 689833
 689655
 689628
 689541
 689497
 689360
 689318
 689207
 689161
 689141
 689030
 688977
 688865
 688822
 688809
 688435
 688393
 688271
 688100
 687950
 687910
 687871
 687822
 687601
 687500
 687378
 687318
 687303
 687026
 687019
 686680
 686664
 686330
 686269
 686200
 685932
 685771
 685286
 685175
 684948
 684906
 684867
 684782
 684734
 684602
 684587
 684272
 684245
 684150
 684095
 683864
 683760
 683624
 683618
 683377
 683360
 683261
 683168
 682866
 682860
 682847
 682570
 682397
 682240
 682163
 682148
 682070
 682065
 681863
 681792
 681748
 681723
 681564
 681552
 681528
 681254
 681171
 681044
 680987
 680911
 680880
 680866
 680863
 680786
 680680
 680671
 680597
 680542
 680398
 680291
 680126
 679990
 679989
 679524
 679363
 679283
 679197
 678784
 678684
 678647
 678552
 678516
 678496
 678181
 677992
 677969
 677936
 677755
 677257
 677256
 677072
 677069
 677052
 677008
 676889
 676709
 676674
 676616
 676456
 676384
 676279
 676277
 675901
 675745
 675724
 675464
 675443
 675396
 675299
 675276
 675247
 675161
 675105
 675059
 674902
 674826
 674681
 674487
 674125
 674097
 673953
 673932
 673858
 673387
 673215
 673163
 673056
 673055
 672765
 672424
 672371
 672315
 672170
 672124
 672094
 671860
 671825
 671619
 671563
 671554
 671544
 671515
 671430
 671373
 671180
 671165
 671126
 671041
 670935
 670923
 670819
 670690
 670610
 670581
 670195
 670150
 670052
 669999
 669950
 669759
 669648
 669555
 669498
 669264
 669243
 669223
 669114
 668965
 668788
 668769
 668755
 668753
 668720
 668692
 668455
 668389
 668304
 668146
 668134
 668131
 668115
 668086
 667904
 667552
 667532
 667426
 667320
 667100
 667014
 666943
 666666
 666565
 666405
 666138
 666115
 665982
 665912
 665853
 665694
 665503
 665486
 665434
 665412
 665402
 665361
 665264
 665094
 664997
 664739
 664689
 664657
 664592
 664528
 664518
 664485
 664480
 664347
 664328
 664189
 663858
 663745
 663719
 663715
 663544
 663540
 663377
 663373
 663338
 662952
 662921
 662883
 662753
 662627
 662594
 662313
 662264
 662204
 662030
 662018
 662006
 661971
 661865
 661753
 661721
 661710
 661699
 661571
 661386
 661310
 661277
 661156
 661016
 660962
 660908
 660876
 660795
 660773
 660706
 660590
 660435
 660434
 660428
 660188
 660077
 659888
 659847
 659806
 659774
 659767
 659565
 659490
 659182
 659016
 658983
 658976
 658879
 658874
 658773
 658664
 658654
 658504
 658437
 658415
 658395
 658236
 658160
 658114
 657986
 657871
 657848
 657756
 657584
 657450
 657417
 657293
 657252
 657082
 656938
 656872
 656830
 656708
 656375
 656174
 656157
 656129
 656050
 656000
 655981
 655942
 655912
 655512
 655453
 655392
 655335
 655314
 655287
 655221
 655217
 655151
 654993
 654985
 654907
 654714
 654650
 654549
 654533
 654504
 654293
 654072
 653991
 653886
 653543
 653529
 653496
 653481
 653040
 652872
 652813
 652787
 652765
 652599
 652549
 652204
 652173
 652095
 652012
 651324
 651248
 651198
 651193
 651087
 651065
 650992
 650990
 650987
 650980
 650764
 650580
 650440
 650314
 650003
 649953
 649947
 649516
 649492
 649389
 649376
 649226
 649130
 649108
 649091
 649080
 649066
 649046
 649042
 648839
 648739
 648597
 648480
 648464
 648165
 648145
 647955
 647578
 647411
 647341
 647251
 647229
 647209
 647107
 646949
 646813
 646812
 646775
 646503
 646153
 646139
 646129
 646124
 645802
 645662
 645505
 645380
 645323
 644926
 644865
 644849
 644793
 644748
 644628
 644460
 644424
 644353
 644303
 644161
 644134
 644129
 644007
 643967
 643814
 643712
 643690
 643423
 643306
 643204
 643014
 642945
 642745
 642498
 642496
 642432
 642046
 641938
 641857
 641810
 641720
 641682
 641509
 641502
 641478
 641372
 641262
 641236
 641207
 641097
 640939
 640836
 640617
 640594
 640531
 640437
 640406
 640266
 640254
 640027
 639930
 639866
 639834
 639828
 639794
 639559
 639421
 639407
 639246
 639185
 639175
 639168
 639157
 639089
 638905
 638877
 638872
 638430
 638408
 638360
 638189
 638184
 638073
 638036
 637996
 637969
 637964
 637828
 637751
 637688
 637523
 637483
 637480
 637164
 637159
 636840
 636804
 636684
 636591
 636399
 636156
 636000
 635990
 635936
 635768
 635724
 635700
 635321
 635282
 634984
 634971
 634765
 634741
 634727
 634680
 634610
 634538
 634525
 634439
 634365
 634049
 633973
 633884
 633694
 633570
 633347
 633237
 633187
 633130
 633050
 632962
 632605
 632586
 632516
 632451
 632422
 632203
 631880
 631760
 631250
 631050
 630909
 630857
 630780
 630768
 630612
 630303
 630215
 630136
 630114
 630022
 629811
 629740
 629681
 629534
 629344
 629231
 629223
 629128
 628879
 628804
 628283
 628191
 628160
 627855
 627841
 627769
 627575
 627534
 627477
 627382
 627259
 627240
 627199
 627134
 627079
 627030
 626804
 626716
 626678
 626623
 626594
 626528
 626447
 626378
 626333
 626298
 626248
 626229
 626219
 626025
 625941
 625920
 625766
 625531
 625386
 625355
 625310
 625273
 625192
 625057
 625036
 624883
 624786
 624721
 624472
 624471
 624420
 624393
 624338
 624305
 624233
 624113
 624085
 624024
 623953
 623906
 623548
 623533
 623398
 623295
 623283
 623127
 623125
 623119
 623110
 623070
 623061
 623010
 622907
 622845
 622682
 622659
 622489
 622235
 622040
 621756
 621529
 621306
 621305
 621230
 621145
 620871
 620821
 620715
 620626
 620559
 620521
 620386
 620317
 620306
 620041
 620004
 619903
 619730
 619695
 619668
 619598
 619554
 619509
 619413
 619350
 619240
 619239
 619123
 619067
 618929
 618900
 618895
 618721
 618699
 618626
 618556
 618433
 618397
 618181
 618093
 617977
 617817
 617737
 617652
 617489
 617482
 617443
 617317
 617310
 616978
 616918
 616781
 616668
 616578
 616482
 616450
 616167
 616109
 616040
 615948
 615750
 615749
 615699
 615635
 615391
 615384
 615332
 615140
 615112
 614979
 614942
 614742
 614730
 614690
 614630
 614572
 614511
 614438
 614418
 614394
 613872
 613810
 613476
 613401
 613259
 613141
 613030
 612836
 612826
 612499
 612484
 612297
 611998
 611984
 611937
 611889
 611879
 611584
 611565
 611453
 611451
 611290
 611223
 611160
 611111
 611101
 611069
 610989
 610775
 610763
 610457
 610330
 610172
 609762
 609649
 609546
 609087
 608982
 608944
 608886
 608802
 608787
 608765
 608763
 608611
 608541
 608394
 608191
 608171
 608158
 608130
 608059
 608029
 607966
 607915
 607901
 607809
 607765
 607759
 607748
 607320
 607287
 607159
 606951
 606643
 606593
 606360
 606313
 606273
 606250
 606035
 606010
 605705
 605670
 605504
 605470
 605444
 605380
 605374
 605302
 605237
 605212
 605170
 605120
 604997
 604921
 604831
 604816
 604785
 604756
 604724
 604658
 604501
 604439
 604403
 604326
 603900
 603870
 603810
 603696
 603649
 603547
 603506
 603428
 603294
 603196
 603053
 602903
 602805
 602726
 602629
 602610
 602555
 602480
 602339
 602304
 602219
 602109
 601996
 601914
 601895
 601626
 601498
 601229
 601188
 601166
 601041
 600944
 600938
 600932
 600924
 600683
 600652
 600497
 600484
 600483
 600443
 600379
 600321
 600277
 600123
 600097
 600030
 599999
 599707
 599655
 599577
 599561
 599498
 599463
 599405
 599374
 599315
 599053
 598907
 598893
 598797
 598464
 598087
 597827
 597802
 597730
 597701
 597655
 597629
 597530
 597489
 597465
 597393
 597205
 597147
 597130
 597000
 596979
 596881
 596876
 596610
 596607
 596354
 595959
 595954
 595889
 595681
 595608
 595601
 595438
 595345
 595342
 595261
 595194
 595072
 594871
 594842
 594731
 594701
 594674
 594639
 594611
 594603
 594558
 594522
 594494
 594374
 594242
 594053
 594031
 594010
 593919
 593785
 593389
 593300
 593296
 593113
 593054
 593019
 592976
 592938
 592788
 592760
 592717
 592529
 592455
 592241
 592234
 592047
 592027
 591833
 591807
 591794
 591640
 591562
 591234
 591202
 591192
 591183
 591155
 591152
 591119
 591005
 590780
 590541
 590529
 590387
 590335
 590313
 590177
 590173
 590112
 589757
 589630
 589623
 589563
 589433
 589332
 588928
 588852
 588833
 588820
 588785
 588622
 588473
 588422
 588045
 588015
 587904
 587898
 587840
 587791
 587681
 587600
 587583
 587537
 587342
 587082
 586806
 586801
 586738
 586706
 586626
 586159
 586137
 586101
 585974
 585931
 585923
 585814
 585794
 585781
 585631
 585461
 585129
 585062
 585043
 585028
 584931
 584826
 584738
 584615
 584503
 584497
 584413
 584208
 584086
 584071
 584036
 583732
 583693
 583634
 583456
 583272
 583017
 582917
 582857
 582755
 582702
 582692
 582674
 582647
 582540
 582381
 582264
 581917
 581776
 581761
 581724
 581597
 581591
 581531
 581522
 581416
 581281
 581210
 581188
 580973
 580739
 580477
 580475
 580468
 580392
 580306
 580278
 580195
 580141
 580139
 580072
 580055
 580045
 579728
 579710
 579609
 579585
 579278
 579153
 579005
 578947
 578926
 578829
 578752
 578733
 578534
 578516
 578504
 578460
 578295
 578268
 578201
 577959
 577779
 577571
 577543
 577437
 577383
 577353
 577303
 577302
 577287
 577229
 577195
 577168
 577136
 577130
 576810
 576673
 576636
 576417
 576400
 576093
 575960
 575956
 575812
 575802
 575757
 575706
 575669
 575539
 575338
 575330
 575182
 574905
 574825
 574812
 574688
 574664
 574649
 574566
 574525
 574468
 574337
 574313
 574051
 573850
 573806
 573630
 573049
 572762
 572694
 572677
 572674
 572605
 572441
 572296
 572208
 572049
 571859
 571807
 571503
 571495
 571348
 571246
 571118
 571017
 570966
 570920
 570694
 570545
 570347
 570272
 570139
 570010
 570008
 569887
 569797
 569616
 569471
 569185
 569109
 569089
 569055
 568987
 568900
 568817
 568698
 568680
 568668
 568518
 568488
 568430
 568328
 568280
 568158
 568081
 567704
 567507
 567451
 567383
 567287
 567261
 567182
 567113
 567059
 566646
 566356
 566134
 566118
 566069
 566037
 565876
 565650
 565579
 565502
 565453
 565405
 565348
 565328
 565279
 565260
 565195
 564964
 564937
 564833
 564673
 564623
 564562
 564540
 564535
 564426
 564408
 564320
 564245
 564168
 564153
 563892
 563850
 563786
 563774
 563443
 563161
 563075
 562984
 562864
 562792
 562761
 562739
 562550
 562521
 562380
 562258
 562166
 562091
 562010
 562003
 561943
 561920
 561819
 561810
 561545
 561338
 561276
 561233
 561205
 561137
 561034
 561004
 560975
 560848
 560836
 560824
 560747
 560655
 560591
 560178
 560057
 559970
 559766
 559754
 559582
 559262
 559212
 558692
 558620
 558334
 558329
 558323
 558115
 557941
 557933
 557878
 557838
 557802
 557746
 557544
 557377
 557243
 557181
 557002
 556895
 556786
 556746
 556556
 556541
 556458
 556451
 556440
 556435
 555773
 555722
 555658
 555627
 555592
 555555
 555548
 555537
 555530
 555440
 555269
 555165
 555145
 555077
 555063
 554973
 554947
 554688
 554520
 554501
 554345
 554330
 554325
 554234
 554209
 554171
 554140
 553957
 553926
 553833
 553831
 553814
 553762
 553640
 553617
 553558
 553516
 553455
 553407
 553306
 553279
 553272
 553110
 552978
 552976
 552975
 552902
 552625
 552592
 552514
 552380
 552349
 552305
 552248
 552242
 552020
 551923
 551916
 551893
 551830
 551724
 551576
 551549
 551424
 551410
 551296
 551220
 551168
 551139
 551082
 550983
 550969
 550863
 550840
 550802
 550668
 550638
 550566
 550495
 550301
 550288
 550187
 550079
 550073
 550021
 549945
 549712
 549397
 549199
 548978
 548672
 548487
 548475
 548274
 548262
 548185
 548022
 547949
 547938
 547770
 547749
 547694
 547669
 547664
 547641
 547613
 547330
 547248
 547225
 547107
 547045
 546648
 546587
 546564
 546484
 546401
 546331
 546202
 545976
 545880
 545807
 545674
 545497
 545454
 545448
 545340
 545205
 545051
 545003
 544925
 544891
 544868
 544821
 544288
 544109
 543842
 543827
 543759
 543295
 543238
 543075
 542833
 542780
 542773
 542707
 542644
 542593
 542515
 542409
 542369
 542269
 542141
 542032
 541849
 541781
 541552
 541448
 541436
 541208
 541169
 541125
 541105
 541076
 541053
 541005
 540950
 540901
 540530
 540395
 540241
 540207
 540115
 539842
 539841
 539710
 539304
 539200
 539104
 539103
 538856
 538614
 538596
 538503
 538237
 538231
 538028
 537975
 537848
 537688
 537679
 537558
 537496
 537475
 537444
 537336
 537283
 537268
 537240
 537127
 537085
 536803
 536753
 536642
 536604
 536454
 536383
 536307
 535986
 535724
 535642
 535603
 535584
 535464
 535435
 535245
 535244
 535234
 535166
 534936
 534835
 534723
 534563
 534516
 534365
 534332
 534156
 534134
 534059
 533923
 533821
 533771
 533765
 533333
 533308
 533039
 532867
 532825
 532725
 532704
 532673
 532502
 532488
 532463
 532395
 532382
 532341
 532216
 532027
 531971
 531914
 531760
 531612
 531589
 531155
 531130
 531101
 531089
 530951
 530572
 530498
 530492
 530411
 530329
 530315
 530191
 530185
 530070
 529979
 529952
 529865
 529838
 529801
 529715
 529547
 529429
 529411
 529297
 529233
 529161
 529119
 528985
 528920
 528843
 528716
 528616
 528401
 528386
 528107
 528063
 528052
 528033
 528016
 527914
 527587
 527577
 527528
 527481
 527382
 527239
 527222
 527152
 527002
 527000
 526889
 526802
 526725
 526654
 526539
 526479
 526315
 526176
 526102
 525981
 525578
 525505
 525501
 525427
 524701
 524410
 524353
 524313
 524281
 524278
 524143
 524057
 524015
 523934
 523687
 523576
 523270
 523244
 523222
 523050
 522942
 522902
 522732
 522671
 522568
 522521
 522403
 522305
 521959
 521940
 521805
 521794
 521766
 521632
 521584
 521583
 521541
 521537
 521506
 521450
 521366
 521226
 521194
 521084
 521064
 520882
 520863
 520755
 520654
 520648
 520528
 520514
 520391
 520222
 520106
 520098
 520070
 519982
 519899
 519848
 519695
 519600
 519479
 519307
 519216
 519061
 519000
 518847
 518771
 518638
 518637
 518534
 518532
 518456
 518122
 518077
 517858
 517643
 517558
 517530
 517381
 517345
 517021
 516966
 516707
 516671
 516661
 516592
 516483
 516242
 516155
 516066
 516027
 515966
 515555
 515517
 515485
 515472
 515317
 515230
 515143
 514966
 514959
 514919
 514765
 514500
 514470
 514367
 514285
 514154
 514041
 513868
 513859
 513393
 513210
 513201
 513148
 513062
 513001
 512963
 512925
 512758
 512677
 512669
 512603
 512522
 512484
 512351
 512173
 511700
 511590
 511555
 511520
 511440
 511437
 511400
 511351
 511333
 511184
 511134
 511129
 511119
 511109
 511046
 511036
 511008
 511002
 510917
 510903
 510775
 510731
 510719
 510392
 510364
 510264
 510204
 509986
 509880
 509850
 509803
 509458
 509300
 509060
 508904
 508833
 508555
 508550
 508502
 508433
 508429
 508300
 508299
 508257
 508218
 508191
 508175
 508112
 508104
 507987
 507901
 507859
 507833
 507801
 507760
 507693
 507646
 507617
 507546
 507536
 507441
 507396
 507358
 507290
 507280
 507225
 507048
 506960
 506934
 506849
 506792
 506748
 506691
 506538
 506531
 506234
 506172
 506055
 505985
 505980
 505975
 505554
 505532
 505125
 505035
 504968
 504778
 504700
 504683
 504673
 504643
 504548
 504504
 504466
 504443
 504317
 504259
 504236
 504091
 504028
 503966
 503923
 503916
 503840
 503572
 503534
 503477
 503310
 503105
 503090
 503063
 503039
 503015
 503006
 502747
 502567
 502399
 502382
 502332
 502315
 502095
 502053
 502013
 501915
 501907
 501850
 501762
 501743
 501606
 501544
 501470
 501068
 500894
 500684
 500660
 500617
 500570
 500458
 500373
 500330
 500304
 500220
 500163
 500067
 499916
 499846
 499710
 499521
 499308
 499124
 499105
 499033
 498969
 498923
 498841
 498836
 498823
 498750
 498634
 498507
 498493
 498406
 498388
 498362
 498340
 498266
 498236
 498084
 497944
 497919
 497918
 497870
 497769
 497664
 497441
 497394
 497250
 496887
 496862
 496785
 496575
 496430
 496154
 496141
 496010
 495534
 495471
 495327
 495197
 495192
 494989
 494830
 494748
 494646
 494638
 494583
 494475
 494420
 494364
 494354
 494243
 494224
 494150
 493910
 493880
 493865
 493747
 493705
 493568
 493469
 493423
 493399
 493289
 493194
 493141
 493046
 492621
 492487
 492462
 492449
 492322
 491891
 491803
 491774
 491739
 491725
 491675
 491573
 491548
 491495
 491493
 491467
 491395
 491279
 491105
 491081
 491066
 490992
 490984
 490885
 490680
 490456
 490391
 490343
 490302
 490227
 490197
 490153
 490021
 489968
 489855
 489686
 489625
 489539
 489525
 489479
 489410
 489172
 489135
 489095
 488998
 488705
 488602
 488545
 488457
 488356
 488349
 488271
 488233
 488222
 488190
 488049
 488035
 487465
 487440
 487390
 487325
 487258
 487119
 486988
 486917
 486901
 486852
 486737
 486655
 486528
 486516
 486206
 486178
 486143
 486114
 486021
 485924
 485897
 485714
 485685
 485466
 485390
 485225
 485207
 485145
 485125
 485115
 485096
 485078
 485061
 485008
 484984
 484811
 484768
 484721
 484593
 484586
 484433
 484291
 484277
 484221
 484216
 484131
 484114
 483999
 483781
 483587
 483451
 482959
 482535
 482319
 482221
 482215
 482171
 481998
 481820
 481524
 481454
 481444
 481209
 481192
 480915
 480824
 480652
 480523
 480512
 480504
 480370
 480285
 480267
 480242
 479948
 479861
 479805
 479799
 479688
 479552
 479440
 479376
 479348
 479338
 479321
 479307
 479145
 479080
 479029
 478945
 478934
 478864
 478793
 478709
 478550
 478298
 478238
 478208
 478123
 477975
 477845
 477748
 477527
 477484
 477473
 477348
 477341
 477322
 477321
 477083
 476830
 476692
 476624
 476623
 476510
 476407
 476313
 476243
 476190
 476175
 476157
 476059
 475968
 475955
 475902
 475843
 475823
 475794
 475773
 475763
 475747
 475709
 475447
 475434
 475328
 475301
 474898
 474584
 474200
 473901
 473815
 473696
 473605
 473499
 473481
 473289
 473069
 472933
 472848
 472727
 472657
 472636
 472527
 472411
 472402
 472315
 472123
 471887
 471664
 471661
 471632
 471626
 471620
 471544
 471180
 471059
 471038
 471022
 470854
 470723
 470696
 470401
 470395
 470320
 470252
 470165
 470119
 470100
 469863
 469852
 469830
 469828
 469652
 469571
 469458
 469443
 469334
 469188
 469175
 469026
 468964
 468784
 468743
 468623
 468616
 468522
 468497
 468441
 468396
 468140
 468105
 468088
 467885
 467603
 467592
 467498
 467371
 467120
 467114
 467005
 466684
 466666
 466617
 466515
 466453
 466433
 466431
 466334
 466209
 466103
 466051
 466050
 465925
 465847
 465753
 465484
 465474
 465103
 465101
 465087
 465077
 464982
 464932
 464806
 464747
 464739
 464734
 464712
 464547
 464538
 464520
 464425
 464407
 464313
 464251
 464237
 464233
 464168
 464091
 463989
 463976
 463961
 463946
 463896
 463877
 463806
 463768
 463725
 463625
 463583
 463436
 463383
 463301
 463101
 463040
 462994
 462809
 462623
 462571
 462511
 462320
 462272
 462240
 461538
 461348
 461019
 460938
 460815
 460805
 460640
 460622
 460574
 460561
 460390
 460317
 460088
 460086
 460047
 459817
 459691
 459525
 459515
 459283
 459107
 459095
 458932
 458840
 458670
 458604
 458449
 458373
 458318
 458263
 458156
 458149
 458148
 458080
 457996
 457953
 457952
 457807
 457525
 457519
 457479
 457270
 457212
 457211
 457060
 456896
 456887
 456864
 456813
 456713
 456456
 455937
 455887
 455851
 455805
 455740
 455711
 455691
 455621
 455551
 455470
 455085
 454946
 454901
 454806
 454597
 454545
 454466
 454395
 454336
 454302
 454216
 454140
 454112
 454066
 453865
 453782
 453775
 453751
 453699
 453612
 453437
 453333
 453254
 452955
 452867
 452725
 452689
 452657
 452643
 452569
 452560
 452532
 452436
 452380
 452350
 452205
 452129
 452079
 452051
 451826
 451792
 451767
 451748
 451681
 451674
 451645
 451570
 451238
 450819
 450754
 450752
 450704
 450511
 450414
 450401
 450367
 450363
 450266
 450253
 450222
 450083
 450064
 450040
 449996
 449961
 449914
 449704
 449595
 449396
 449387
 449278
 449222
 449191
 449153
 449144
 449101
 448815
 448784
 448581
 448559
 448484
 448473
 448402
 448275
 448143
 448132
 448026
 447982
 447963
 447878
 447831
 447513
 447481
 447421
 447336
 447205
 447124
 447086
 447073
 447017
 447007
 446922
 446718
 446697
 446546
 446342
 446301
 446229
 446169
 446151
 445993
 445986
 445980
 445871
 445854
 445843
 445728
 445658
 445620
 445519
 445502
 445454
 445444
 445279
 445108
 445105
 445070
 445009
 444986
 444658
 444580
 444505
 444444
 444419
 444347
 444276
 444253
 444179
 443938
 443850
 443768
 443765
 443752
 443712
 443661
 443643
 443607
 443508
 443420
 443379
 443370
 443254
 443243
 443149
 442642
 442428
 442340
 442315
 442189
 442126
 442031
 441822
 441711
 441640
 441478
 441406
 441372
 441065
 441056
 440767
 440750
 440269
 440056
 439541
 439425
 439413
 439175
 439114
 439006
 439005
 438932
 438917
 438838
 438750
 438624
 438620
 438619
 438608
 438512
 438342
 438337
 438249
 438178
 437919
 437902
 437632
 437561
 437408
 437307
 436997
 436932
 436922
 436363
 436357
 436317
 436315
 436268
 436173
 436147
 436057
 436038
 436037
 435831
 435691
 435669
 435664
 435504
 435473
 435452
 435397
 435391
 435220
 435072
 434963
 434867
 434753
 434496
 434494
 434408
 434354
 434328
 434177
 434061
 433962
 433799
 433792
 433519
 433451
 433088
 433017
 432983
 432847
 432746
 432599
 432301
 432197
 432173
 432044
 431848
 431820
 431784
 431747
 431699
 431659
 431648
 431458
 431337
 431266
 431153
 430800
 430404
 430373
 430338
 430316
 430271
 429973
 429961
 429925
 429891
 429810
 429668
 429654
 429525
 429340
 429148
 428996
 428966
 428884
 428774
 428766
 428750
 428733
 428630
 428571
 428383
 428353
 428314
 427909
 427860
 427820
 427792
 427549
 427433
 427367
 427280
 427273
 427094
 426998
 426994
 426845
 426758
 426702
 426642
 426590
 426346
 425876
 425810
 425793
 425742
 425645
 425472
 425405
 425404
 425316
 425203
 425048
 425033
 424999
 424833
 424778
 424737
 424657
 424618
 424472
 424329
 424242
 424150
 423938
 423933
 423909
 423867
 423856
 423427
 423370
 423189
 423167
 423091
 422984
 422775
 422730
 422670
 422617
 422362
 422222
 422205
 422152
 422051
 422008
 421989
 421897
 421857
 421695
 421555
 421548
 421313
 421312
 421310
 421265
 421176
 421174
 421157
 421040
 420987
 420779
 420470
 420103
 420064
 420053
 419941
 419918
 419872
 419834
 419832
 419672
 419567
 419341
 419263
 419054
 418829
 418794
 418793
 418751
 418575
 418570
 418327
 418318
 418300
 418284
 418132
 418115
 418040
 417670
 417661
 417483
 417480
 417400
 417060
 416880
 416727
 416656
 416628
 416527
 416455
 416373
 416085
 415993
 415818
 415772
 415721
 415692
 415544
 415510
 415349
 415109
 415068
 414924
 414593
 414531
 414455
 414282
 414235
 414128
 414023
 414012
 413984
 413972
 413937
 413902
 413858
 413793
 413707
 413656
 413633
 413629
 413506
 413390
 413219
 413000
 412956
 412906
 412905
 412772
 412687
 412444
 412232
 412024
 412013
 412005
 411920
 411910
 411709
 411589
 411461
 411417
 411276
 411259
 411172
 411167
 411093
 411021
 411000
 410944
 410883
 410762
 410566
 410557
 410370
 410362
 410351
 410284
 410169
 409873
 409818
 409739
 409675
 409640
 409483
 409215
 409166
 409163
 409131
 409039
 408948
 408857
 408805
 408790
 408773
 408772
 408664
 408538
 408480
 408383
 408218
 408182
 408132
 407552
 407512
 407387
 407362
 407361
 407209
 406999
 406835
 406824
 406810
 406722
 406714
 406595
 406528
 406384
 406368
 406355
 406344
 406233
 406044
 406008
 405959
 405779
 405680
 405660
 405539
 405422
 405395
 405210
 405034
 404994
 404989
 404839
 404676
 404627
 404524
 404168
 404157
 404118
 404075
 404065
 404061
 403996
 403809
 403747
 403716
 403607
 403576
 403531
 403521
 403497
 403159
 403155
 403137
 402749
 402684
 402409
 402301
 402229
 401809
 401792
 401782
 401655
 401432
 401260
 401205
 400957
 400955
 400932
 400925
 400752
 400668
 400647
 400572
 400421
 400338
 400324
 400292
 400146
 400143
 400121
 400117
 400091
 400000
 399999
 399925
 399499
 399317
 398904
 398821
 398555
 398362
 397917
 397863
 397735
 397510
 397298
 397159
 397037
 396907
 396827
 396721
 396707
 396657
 396527
 396501
 396169
 396039
 395982
 395925
 395833
 395796
 395746
 395736
 395706
 395385
 395209
 395178
 395121
 395014
 394967
 394956
 394636
 394326
 394285
 394191
 394162
 394154
 393990
 393952
 393939
 393857
 393677
 393639
 393562
 393384
 393364
 393323
 393312
 393295
 393231
 393183
 393066
 393063
 393018
 392814
 392629
 392505
 392375
 392323
 392052
 392022
 392001
 391952
 391912
 391480
 391478
 391322
 391229
 391223
 391130
 390987
 390977
 390891
 390601
 390544
 390441
 390398
 390344
 390305
 390176
 390158
 390065
 389993
 389777
 389759
 389746
 389731
 389654
 389645
 389618
 389348
 389322
 389312
 389117
 389107
 389081
 389065
 388794
 388747
 388735
 388634
 388579
 388535
 388446
 388190
 388166
 387981
 387808
 387615
 387278
 386906
 386861
 386666
 386617
 386332
 386296
 386103
 386090
 385878
 385873
 385765
 385735
 385639
 385397
 385284
 385171
 385162
 385144
 385086
 385026
 384999
 384875
 384860
 384833
 384775
 384479
 384404
 384355
 384279
 384061
 383760
 383695
 383656
 383586
 383446
 383406
 383372
 383331
 383293
 383177
 383165
 383091
 383052
 382902
 382775
 382463
 382239
 382230
 382018
 381936
 381678
 381578
 381551
 381186
 380916
 380914
 380866
 380562
 380512
 380481
 380470
 380334
 380257
 380145
 380068
 379814
 379767
 379694
 379687
 379462
 379456
 379342
 379335
 379227
 379194
 379169
 379120
 379091
 379005
 378986
 378948
 378695
 378644
 378517
 378473
 378345
 378263
 378007
 377996
 377912
 377805
 377700
 377697
 377584
 377470
 377358
 377233
 377192
 377182
 376994
 376933
 376854
 376796
 376769
 376552
 376414
 376355
 376344
 376199
 376116
 376041
 376013
 375916
 375731
 375699
 375278
 374884
 374813
 374610
 374355
 374223
 374158
 374071
 374065
 373868
 373807
 373722
 373626
 373498
 373281
 373216
 373158
 373139
 373134
 372871
 372855
 372817
 372795
 372781
 372771
 372762
 372623
 372602
 372514
 372294
 372250
 372053
 371725
 371669
 371346
 371161
 371083
 371000
 370869
 370701
 370700
 370548
 370527
 370408
 370165
 370050
 370015
 369844
 369794
 369746
 369683
 369602
 369573
 369538
 369516
 369490
 369127
 369049
 369020
 368858
 368781
 368635
 368582
 368580
 368552
 368532
 368524
 368365
 368280
 368189
 368134
 368040
 367765
 367682
 367549
 367346
 367341
 367292
 367101
 366656
 366562
 366262
 366189
 366186
 366157
 366129
 366057
 366040
 365998
 365971
 365862
 365738
 365712
 365657
 365516
 365499
 365391
 365321
 365019
 364705
 364690
 364595
 364465
 364296
 364280
 364250
 364197
 364108
 364011
 363986
 363636
 363543
 363515
 363494
 363388
 363372
 363276
 363034
 362993
 362890
 362381
 362358
 362235
 362218
 362204
 362053
 361970
 361911
 361874
 361814
 361649
 361607
 361561
 361559
 361445
 361370
 361337
 361313
 361171
 360812
 360710
 360705
 360696
 360471
 360445
 360288
 360185
 360142
 360045
 360000
 359935
 359861
 359685
 359615
 359456
 359449
 359393
 359376
 359205
 359167
 359044
 359004
 358943
 358863
 358730
 358621
 358192
 358053
 358037
 357941
 357779
 357688
 357468
 357384
 357064
 357029
 356940
 356910
 356898
 356827
 356788
 356679
 356560
 356454
 356449
 356333
 356327
 356030
 355968
 355967
 355964
 355923
 355915
 355864
 355778
 355681
 355615
 355528
 355516
 355480
 355425
 355405
 355140
 355057
 355020
 354997
 354975
 354958
 354571
 354531
 354509
 354497
 354492
 354482
 354477
 354284
 354261
 354252
 354216
 353846
 353801
 353538
 353463
 353177
 352965
 352941
 352888
 352498
 352489
 352483
 352392
 352120
 351961
 351958
 351878
 351840
 351820
 351814
 351788
 351408
 351297
 351269
 351259
 351154
 351075
 351072
 351053
 350932
 350857
 350363
 350355
 350161
 350156
 350121
 349890
 349509
 349470
 349469
 349371
 349238
 349230
 349134
 349065
 348860
 348837
 348767
 348751
 348715
 348440
 348333
 348239
 348166
 348145
 348118
 347788
 347554
 347525
 347417
 347315
 347251
 347120
 346993
 346853
 346801
 346774
 346770
 346707
 346404
 346384
 346356
 346338
 346253
 346211
 346107
 346008
 345819
 345769
 345655
 345597
 345528
 345459
 345365
 345307
 345305
 345151
 344930
 344794
 344755
 344723
 344353
 344226
 344070
 344062
 343990
 343733
 343639
 343545
 343537
 343357
 343090
 343079
 343065
 343056
 343023
 342982
 342936
 342885
 342783
 342412
 342406
 342298
 342268
 342245
 342127
 341993
 341932
 341767
 341742
 341704
 341685
 341662
 341559
 341320
 341200
 340882
 340314
 340257
 340170
 340000
 339991
 339961
 339647
 339473
 339463
 339361
 338864
 338862
 338582
 338544
 338542
 338522
 338372
 338269
 338222
 338199
 338154
 338102
 337780
 337584
 337573
 337505
 337247
 337222
 337161
 337160
 336980
 336950
 336914
 336842
 336768
 336584
 336569
 336541
 336391
 336341
 335956
 335947
 335933
 335878
 335754
 335745
 335588
 335460
 335403
 335303
 335279
 335229
 335076
 334996
 334966
 334951
 334786
 334489
 334321
 334297
 334236
 334165
 334085
 333717
 333664
 333575
 333420
 333368
 333333
 333193
 333135
 333134
 333055
 333035
 333008
 333004
 332889
 332774
 332766
 332555
 332472
 332466
 332403
 332296
 332094
 332081
 332076
 332051
 331995
 331919
 331314
 331206
 331134
 331114
 331082
 331074
 330935
 330890
 330866
 330853
 330784
 330708
 330596
 330540
 330286
 330247
 330155
 330052
 330042
 330022
 329855
 329824
 329590
 329202
 329186
 328937
 328921
 328913
 328809
 328778
 328646
 328574
 328565
 328348
 328330
 328328
 328269
 328082
 328016
 327974
 327582
 327237
 326802
 326791
 326207
 326195
 325937
 325884
 325862
 325733
 325702
 325642
 325531
 325421
 325388
 325247
 325192
 325191
 325133
 325121
 324769
 324618
 324615
 324599
 324557
 324483
 324468
 324427
 324324
 324184
 324180
 323887
 323809
 323709
 323575
 323506
 323452
 323319
 323149
 323018
 323003
 322966
 322816
 322696
 322474
 322428
 322201
 321771
 321739
 321515
 321479
 321218
 321160
 321112
 321084
 320995
 320868
 320627
 320596
 320099
 319917
 319769
 319750
 319516
 319503
 319439
 319399
 319391
 319276
 319194
 319148
 318947
 318788
 318739
 318685
 318607
 318471
 318404
 318373
 318279
 318258
 318232
 318156
 318140
 318071
 317953
 317933
 317925
 317857
 317791
 317761
 317621
 317460
 317456
 317371
 317291
 317284
 317222
 317177
 317154
 317131
 317073
 317054
 317002
 316829
 316795
 316781
 316646
 316567
 316460
 316426
 316405
 316367
 316320
 316248
 316171
 316064
 315998
 315942
 315931
 315859
 315669
 315460
 315319
 315313
 315205
 315100
 314940
 314482
 314477
 314442
 314399
 314368
 314285
 314137
 314134
 314121
 314115
 314083
 314024
 313811
 313711
 313672
 313308
 313043
 312984
 312939
 312930
 312907
 312698
 312633
 312623
 312579
 312545
 312478
 312206
 312147
 312146
 312095
 312048
 312022
 311954
 311685
 311571
 311417
 311310
 311178
 311123
 311091
 310958
 310919
 310709
 310625
 310548
 310296
 310289
 310086
 309859
 309684
 309643
 309642
 309613
 309612
 309358
 309278
 309110
 308983
 308851
 308811
 308786
 308774
 308736
 308641
 308608
 308442
 308259
 308118
 308006
 307964
 307663
 307537
 307469
 307439
 307386
 307319
 307221
 306670
 306592
 306530
 306427
 306382
 306357
 306314
 306278
 306226
 306134
 305912
 305427
 305315
 305283
 305248
 305240
 305193
 305111
 305032
 304885
 304645
 304635
 304585
 304439
 304430
 304427
 304243
 303953
 303942
 303930
 303719
 303703
 303681
 303562
 303441
 303348
 303308
 303082
 302995
 302952
 302818
 302590
 302535
 302459
 302433
 302396
 302248
 302088
 302045
 301906
 301327
 301226
 301199
 300938
 300912
 300771
 300711
 300494
 300402
 300347
 300279
 300265
 300248
 300246
 300232
 300119
 300000
 299973
 299931
 299742
 299741
 299725
 299520
 299353
 299307
 299260
 299119
 298824
 298734
 298722
 298695
 298439
 298331
 298233
 298185
 298031
 297877
 297872
 297755
 297621
 297521
 297432
 297399
 297363
 297274
 297261
 297239
 297081
 297012
 296991
 296564
 296534
 296506
 296458
 296427
 296320
 296230
 296061
 296005
 295787
 295663
 295393
 295302
 295230
 295169
 295142
 295087
 294915
 294768
 294736
 294592
 294510
 294506
 294476
 294448
 294345
 294280
 294223
 294033
 294003
 293966
 293712
 293577
 293155
 293112
 293107
 293045
 292993
 292837
 292836
 292599
 292598
 292429
 292312
 292259
 292132
 292118
 292058
 292024
 291980
 291904
 291782
 291699
 291687
 291596
 291398
 291224
 291126
 291014
 291001
 290917
 290902
 290835
 290793
 290723
 290631
 290379
 290322
 290284
 290041
 289945
 289940
 289876
 289797
 289761
 289735
 289701
 289632
 289531
 289519
 289422
 289299
 289062
 288840
 288821
 288777
 288601
 288458
 288250
 288153
 288078
 288073
 287820
 287810
 287642
 287566
 287506
 287396
 287352
 287320
 287020
 286944
 286878
 286788
 286425
 286404
 286288
 286107
 286096
 285939
 285714
 285654
 285570
 285528
 285514
 285397
 285365
 285330
 284996
 284938
 284802
 284732
 284706
 284408
 284284
 284140
 284135
 284111
 283911
 283625
 283611
 283436
 283378
 283318
 283305
 282892
 282860
 282853
 282843
 282835
 282680
 282669
 282548
 282546
 282519
 282508
 282504
 282019
 281807
 281787
 281736
 281656
 281587
 281500
 281437
 281168
 280778
 280775
 280735
 280690
 280487
 280452
 280314
 280309
 280269
 279999
 279987
 279829
 279818
 279635
 279418
 279412
 279297
 279260
 279224
 279154
 279129
 278936
 278779
 278676
 278657
 278490
 278481
 278352
 278243
 278106
 277813
 277795
 277741
 277731
 277697
 277640
 277559
 277556
 277407
 277328
 277243
 277053
 276577
 276560
 276363
 276291
 276252
 276086
 276048
 275988
 275973
 275934
 275852
 275591
 275496
 275460
 275298
 275156
 274985
 274944
 274892
 274747
 274725
 274677
 274642
 274598
 274377
 274274
 274101
 274099
 273929
 273862
 273652
 273598
 273571
 273394
 273367
 273277
 273246
 273203
 273189
 273124
 272946
 272892
 272882
 272661
 272403
 272226
 272216
 272176
 272086
 272057
 272035
 272005
 271897
 271604
 271518
 271493
 271408
 271311
 271180
 271105
 271103
 271098
 271078
 271076
 271062
 270967
 270920
 270884
 270716
 270659
 270445
 270357
 270342
 270338
 270330
 270308
 270291
 270103
 269962
 269957
 269951
 269726
 269662
 269572
 269565
 269463
 269461
 269441
 269373
 269257
 269256
 269143
 269087
 269064
 269023
 268944
 268807
 268733
 268727
 268686
 268656
 268613
 268424
 268105
 267860
 267821
 267774
 267685
 267651
 267641
 267536
 267496
 267442
 267399
 267374
 267233
 267216
 266916
 266879
 266832
 266765
 266688
 266558
 266529
 266510
 266433
 266431
 266358
 266315
 266198
 266061
 266029
 266021
 265923
 265848
 265734
 265479
 265461
 265450
 265394
 265345
 265317
 265133
 265020
 264994
 264635
 264522
 264489
 264403
 264266
 264202
 264092
 264089
 264067
 263839
 263665
 263541
 263506
 263473
 263400
 263157
 263116
 263032
 262939
 262938
 262499
 262448
 262404
 262127
 262024
 261951
 261870
 261826
 261724
 261492
 261389
 261370
 261317
 261259
 261220
 261060
 261013
 260966
 260917
 260781
 260690
 260431
 260261
 260239
 260146
 260127
 259986
 259935
 259892
 259668
 259588
 259484
 259224
 259081
 259053
 258861
 258663
 258661
 258617
 258586
 258524
 258032
 258020
 257898
 257765
 257748
 257676
 257585
 257476
 257425
 257325
 257216
 257188
 257085
 256830
 256811
 256724
 256631
 256576
 256382
 256246
 256244
 256108
 256085
 256077
 256019
 255924
 255880
 255825
 255750
 255726
 255549
 255515
 255332
 255308
 255150
 255126
 255039
 255017
 254976
 254901
 254881
 254775
 254720
 254479
 254165
 253961
 253868
 253777
 253624
 253545
 253527
 253345
 253254
 253072
 252973
 252812
 252726
 252713
 252646
 252618
 252579
 252204
 252173
 252100
 251941
 251897
 251824
 251814
 251720
 251708
 251659
 251599
 251584
 251531
 251424
 251242
 251162
 250952
 250696
 250626
 250334
 250016
 249969
 249942
 249876
 249626
 249585
 249457
 249380
 249371
 249348
 249239
 249217
 249155
 249086
 249017
 248817
 248762
 248679
 248642
 248570
 248431
 248359
 248328
 248291
 247950
 247758
 247520
 247380
 247297
 247084
 247073
 246822
 246725
 246550
 246447
 246422
 246297
 246257
 246214
 246166
 246141
 246073
 246018
 245885
 245874
 245614
 245523
 245357
 245268
 245107
 244832
 244789
 244617
 244298
 244206
 244036
 243793
 243745
 243726
 243527
 243508
 243503
 243371
 243266
 242931
 242929
 242860
 242695
 242643
 242595
 242524
 242375
 242165
 242164
 242029
 241966
 241912
 241788
 241748
 241702
 241689
 241682
 241615
 241545
 241509
 241476
 241469
 241443
 241442
 241229
 240946
 240875
 240846
 240844
 240748
 240684
 240656
 240506
 240463
 240313
 240193
 240170
 240083
 239765
 239607
 239576
 239467
 239448
 239107
 239084
 239069
 238923
 238877
 238872
 238861
 238832
 238662
 238636
 238557
 237969
 237921
 237647
 237524
 237499
 237328
 237224
 237093
 237016
 236803
 236620
 236220
 235929
 235928
 235785
 235783
 235688
 235658
 235411
 235382
 235294
 235251
 235225
 235170
 235060
 235043
 234925
 234832
 234740
 234692
 234610
 234441
 234275
 233875
 233834
 233819
 233782
 233636
 233136
 233120
 233003
 232874
 232709
 232470
 232266
 232239
 232057
 232032
 231999
 231995
 231860
 231850
 231810
 231762
 231745
 231713
 231561
 231516
 231497
 231465
 231340
 231316
 231253
 231003
 231001
 230958
 230514
 230483
 230442
 230371
 230332
 230174
 230119
 230017
 230011
 229937
 229774
 229706
 229659
 229578
 229400
 229244
 229200
 229186
 229086
 229059
 229034
 229032
 228896
 228819
 228817
 228796
 228692
 228655
 228575
 228290
 228271
 228195
 228190
 228099
 228075
 227807
 227699
 227642
 227583
 227512
 227476
 227378
 227350
 227312
 227254
 227236
 227175
 226971
 226598
 226476
 226329
 226319
 226148
 226144
 226123
 226072
 226068
 225955
 225806
 225787
 225763
 225721
 225542
 225322
 225254
 225003
 224941
 224929
 224849
 224830
 224750
 224273
 224229
 224066
 223944
 223892
 223883
 223838
 223816
 223799
 223787
 223649
 223532
 223492
 223130
 223104
 222908
 222774
 222587
 222550
 222521
 222410
 222222
 222179
 221934
 221917
 221810
 221724
 220933
 220822
 220762
 220617
 220602
 220573
 220509
 220443
 220351
 220234
 220196
 220083
 220072
 220014
 220010
 219858
 219760
 219679
 219365
 219327
 219292
 219213
 219043
 219029
 218985
 218921
 218781
 218776
 218733
 218615
 218604
 218556
 218128
 218072
 217840
 217795
 217773
 217754
 217725
 217522
 217453
 217242
 217194
 217142
 217054
 216966
 216763
 216730
 216644
 216595
 216537
 216524
 216522
 216336
 216310
 216229
 216182
 216163
 215979
 215613
 215481
 215457
 215382
 215333
 215300
 215207
 215053
 215052
 214915
 214344
 214023
 213875
 213864
 213783
 213767
 213691
 213628
 213537
 213490
 213299
 213247
 213230
 212968
 212906
 212806
 212798
 212734
 212720
 212569
 212454
 212330
 211979
 211931
 211908
 211817
 211801
 211651
 211515
 211506
 211310
 211255
 211235
 211219
 211194
 211103
 211031
 210905
 210752
 210746
 210526
 210300
 210253
 210225
 210142
 210070
 210033
 209906
 209737
 209552
 209406
 209397
 209346
 209226
 209170
 209093
 208989
 208885
 208791
 208491
 208370
 208326
 208229
 208159
 207930
 207908
 207780
 207663
 207586
 207585
 207570
 207505
 207434
 207263
 207185
 207155
 207096
 207048
 206946
 206890
 206732
 206616
 206474
 206409
 206246
 206242
 206209
 206090
 206061
 206019
 205903
 205795
 205405
 205305
 205213
 205158
 205111
 205066
 205058
 204927
 204840
 204830
 204635
 204527
 204490
 204294
 203862
 203779
 203773
 203749
 203516
 203161
 202950
 202838
 202784
 202776
 202624
 202614
 202432
 202201
 202153
 202135
 202093
 201785
 201614
 201607
 201438
 201419
 201241
 201165
 201100
 200953
 200917
 200733
 200654
 200653
 200648
 200570
 200306
 200128
 200090
 200031
 200000
 199999
 199967
 199928
 199635
 199275
 199257
 199216
 198927
 198840
 198758
 198757
 198590
 198476
 198411
 198353
 198326
 198316
 198247
 198036
 197966
 197943
 197939
 197704
 197701
 197662
 197633
 197593
 197578
 197519
 197469
 197354
 197284
 197174
 196884
 196795
 196784
 196721
 196697
 196563
 196539
 196504
 196492
 196489
 196444
 196338
 196265
 196249
 196115
 195921
 195691
 195690
 195681
 195621
 195454
 195445
 195279
 195112
 195101
 195031
 194891
 194837
 194744
 194731
 194572
 194560
 194478
 194418
 194321
 193976
 193948
 193929
 193788
 193753
 193749
 193729
 193608
 193356
 193256
 193186
 193132
 193055
 192959
 192879
 192864
 192842
 192839
 192789
 192657
 192560
 192550
 192431
 192413
 192148
 192116
 192014
 191965
 191943
 191551
 191189
 190926
 190630
 190600
 190369
 190337
 190331
 190201
 190136
 189896
 189788
 189574
 189516
 189438
 189405
 189389
 189328
 189121
 188917
 188698
 188624
 188455
 188365
 188276
 188235
 188232
 188182
 188153
 188140
 188045
 187987
 187766
 187685
 187577
 187554
 187500
 187438
 187414
 187207
 187197
 187118
 187040
 187004
 186804
 186746
 186729
 186475
 186444
 186356
 186298
 186239
 186206
 186095
 185957
 185934
 185915
 185567
 185372
 185257
 185138
 185080
 185047
 184732
 184713
 184424
 184385
 184321
 184290
 184133
 184045
 183904
 183862
 183758
 183588
 183510
 183445
 183252
 183235
 183175
 183163
 183162
 183087
 183028
 182971
 182967
 182831
 182795
 182659
 182320
 182285
 182216
 182171
 181984
 181975
 181832
 181750
 181709
 181644
 181575
 181447
 181150
 181112
 181027
 180864
 180828
 180801
 180626
 180526
 180470
 180420
 180275
 180090
 180059
 179881
 179827
 179712
 179532
 179491
 179446
 179431
 179300
 179167
 179116
 179102
 178931
 178787
 178553
 178436
 178246
 178124
 177979
 177933
 177601
 177565
 177533
 177520
 177480
 177271
 177255
 177161
 176930
 176898
 176880
 176720
 176707
 176640
 176605
 176600
 176474
 176368
 176312
 176300
 176126
 175965
 175824
 175768
 175725
 175715
 175664
 175651
 175635
 175591
 175484
 175429
 175409
 175392
 175359
 175070
 175039
 174950
 174748
 174657
 174569
 174303
 174241
 174140
 174115
 173824
 173493
 173473
 173382
 173161
 173119
 173015
 172933
 172592
 172258
 172243
 172187
 172141
 172017
 171974
 171938
 171916
 171799
 171790
 171720
 171554
 171456
 171428
 171365
 170731
 170705
 170685
 170668
 170652
 170626
 170448
 170153
 170049
 169991
 169924
 169674
 169451
 169424
 169205
 169118
 168884
 168875
 168724
 168716
 168626
 168556
 168454
 168435
 168280
 168064
 167949
 167855
 167637
 167613
 167444
 167429
 167400
 167389
 167265
 167226
 167206
 167141
 167076
 166998
 166729
 166609
 166163
 165952
 165933
 165887
 165699
 165618
 165589
 165484
 165377
 165309
 165248
 165186
 165178
 165155
 165043
 164996
 164961
 164784
 164591
 164531
 163984
 163857
 163754
 163738
 163597
 163577
 163542
 163540
 163481
 163399
 163201
 163166
 163112
 162959
 162679
 162519
 162402
 162324
 162275
 162175
 162118
 161927
 161616
 161611
 161472
 161343
 161290
 161249
 161227
 161184
 160979
 160968
 160406
 160274
 160263
 160239
 160170
 160107
 160097
 159616
 159481
 159320
 159298
 159258
 159165
 159147
 159085
 159081
 159043
 158737
 158730
 158722
 158324
 158252
 158248
 157798
 157773
 157683
 157521
 157393
 157283
 156989
 156833
 156713
 156575
 156370
 156228
 156107
 155991
 155895
 155841
 155668
 155634
 155619
 155608
 155538
 155536
 155406
 155275
 155251
 155157
 155133
 155006
 154929
 154877
 154643
 154558
 154259
 154225
 154095
 153846
 153840
 153828
 153662
 153660
 153559
 153432
 153200
 153153
 153144
 153106
 153063
 152948
 152759
 152678
 152244
 152204
 152165
 152159
 152141
 152057
 152037
 151817
 151753
 151733
 151442
 151416
 151413
 151339
 151291
 151212
 151111
 151071
 151020
 150933
 150698
 150662
 150638
 150476
 150140
 149903
 149866
 149828
 149808
 149662
 149628
 149417
 149192
 148930
 148929
 148851
 148797
 148694
 148455
 148374
 148148
 148076
 147916
 147911
 147721
 147487
 147419
 147286
 147204
 146697
 146633
 146523
 146447
 146331
 146250
 146233
 146096
 146077
 145975
 145854
 145704
 145636
 145528
 145511
 145094
 145069
 145014
 144820
 144608
 144404
 144374
 144372
 144322
 144283
 144093
 144067
 144048
 143905
 143706
 143600
 143352
 143309
 143122
 142901
 142875
 142857
 142808
 142773
 142553
 142464
 142460
 142423
 142342
 142290
 142249
 142223
 141918
 141879
 141781
 141680
 141628
 141562
 141528
 141512
 141371
 141361
 141321
 141266
 141232
 141114
 141057
 141022
 140944
 140899
 140845
 140797
 140583
 140503
 140316
 140311
 140296
 140286
 140221
 140186
 140071
 139749
 139719
 139701
 139518
 139504
 139399
 139319
 139240
 139224
 139212
 139206
 139186
 139184
 139139
 139109
 139086
 138904
 138812
 138751
 138738
 138625
 138575
 138554
 138469
 138444
 138359
 138339
 138246
 138170
 138138
 137972
 137908
 137721
 137583
 137475
 137472
 137361
 137336
 137214
 137211
 137143
 137042
 136902
 136901
 136791
 136768
 136739
 136709
 136675
 136648
 136624
 136557
 136546
 136353
 136346
 136274
 136212
 136181
 136138
 136103
 135872
 135656
 135547
 135473
 135458
 135327
 135287
 134989
 134679
 134639
 134514
 134390
 134327
 134312
 134085
 133902
 133889
 133778
 133748
 133728
 133612
 133567
 133444
 133441
 133434
 133430
 133389
 133333
 133319
 133136
 133080
 133051
 133010
 132993
 132953
 132769
 132336
 132268
 132117
 131817
 131813
 131707
 131506
 131366
 131279
 131206
 130974
 130899
 130822
 130729
 130718
 130630
 130556
 130440
 130356
 130190
 130149
 129944
 129896
 129749
 129733
 129685
 129584
 129346
 129345
 128987
 128909
 128654
 128138
 128023
 127999
 127784
 127613
 127548
 127508
 127501
 127428
 127228
 127113
 126963
 126834
 126715
 126637
 126436
 126414
 126412
 126362
 126328
 126286
 126205
 126117
 126109
 126053
 125987
 125840
 125838
 125830
 125788
 125657
 125652
 125648
 125633
 125623
 125622
 125586
 125227
 125195
 125096
 124943
 124910
 124871
 124865
 124607
 124584
 124447
 124196
 123925
 123784
 123783
 123647
 123512
 123482
 123471
 123411
 123296
 123102
 122959
 122948
 122879
 122827
 122824
 122807
 122779
 122662
 122602
 122584
 122498
 122404
 122397
 122368
 122239
 122180
 122164
 121913
 121648
 121493
 121183
 120939
 120862
 120840
 120774
 120757
 120732
 120654
 120459
 120398
 120371
 120348
 120224
 120092
 119954
 119914
 119359
 119227
 119120
 119079
 119072
 118822
 118753
 118637
 118607
 118570
 118482
 118279
 118125
 118119
 118097
 118001
 117815
 117731
 117692
 117681
 117647
 117615
 117534
 117509
 117496
 117443
 117367
 117348
 117189
 116959
 116952
 116792
 116763
 116549
 116351
 116226
 116206
 116126
 116107
 116040
 116028
 115961
 115830
 115798
 115781
 115641
 115578
 115131
 115066
 115044
 114930
 114607
 114522
 114460
 114416
 114353
 114165
 114021
 113701
 113456
 113448
 113398
 113358
 113092
 113038
 112885
 112866
 112763
 112587
 112527
 112328
 112303
 112296
 112245
 112242
 112148
 112144
 112059
 111864
 111859
 111760
 111723
 111671
 111582
 111580
 111568
 111543
 111437
 111417
 111299
 111193
 111190
 111111
 111037
 110867
 110761
 110754
 110682
 110645
 110476
 110462
 110322
 110239
 110134
 110109
 110091
 110079
 109816
 109733
 109700
 109461
 109383
 109380
 109305
 109052
 109049
 108841
 108653
 108621
 108470
 108275
 108228
 108160
 107937
 107914
 107692
 107626
 107619
 107553
 107349
 107163
 107024
 106740
 106393
 106248
 106111
 105963
 105785
 105679
 105634
 105592
 105589
 105526
 105445
 105429
 105263
 105093
 105068
 104953
 104912
 104906
 104614
 104605
 104560
 104526
 104410
 104405
 104358
 104317
 104243
 104113
 103849
 103842
 103752
 103713
 103672
 103659
 103227
 103225
 103207
 103115
 103067
 102933
 102875
 102821
 102689
 102680
 102604
 102522
 102249
 102220
 102141
 102127
 101778
 101710
 101507
 101458
 101400
 101388
 101299
 101186
 101161
 101157
 101066
 100838
 100816
 100662
 100604
 100556
 100554
 100501
 100265
 100192
 100175
 100093
 100006
 100000
 99954
 99589
 99527
 99445
 99438
 99361
 99220
 99200
 98909
 98816
 98775
 98765
 98625
 98508
 98494
 98100
 97744
 97723
 97662
 97560
 97550
 97409
 97050
 96948
 96889
 96888
 96803
 96730
 96655
 96543
 96437
 96266
 96173
 96019
 95966
 95921
 95885
 95850
 95698
 95630
 95616
 95541
 95499
 95422
 95338
 95274
 95269
 95042
 95030
 94889
 94502
 94375
 94313
 94260
 94128
 94123
 94015
 93922
 93869
 93617
 93431
 93420
 93324
 93278
 93251
 93114
 93053
 92924
 92781
 92749
 92598
 92340
 92314
 92211
 92062
 91957
 91887
 91868
 91692
 91572
 91450
 91363
 91313
 91239
 91212
 91010
 91001
 90812
 90589
 90538
 90508
 90461
 90353
 90314
 90197
 90141
 90121
 90108
 89887
 89791
 89606
 89438
 89431
 89398
 89361
 89268
 89203
 89043
 88948
 88880
 88774
 88750
 88665
 88623
 88467
 88263
 88175
 88082
 87993
 87920
 87890
 87826
 87728
 87711
 87538
 87510
 87265
 87127
 87021
 86923
 86776
 86497
 86232
 86181
 86118
 85786
 85705
 85561
 85495
 85363
 85353
 85298
 85224
 85126
 85106
 84870
 84859
 84847
 84784
 84712
 84644
 84640
 84588
 84532
 84439
 84286
 84243
 84139
 84066
 84022
 83989
 83968
 83515
 83473
 83406
 83379
 83256
 83213
 83165
 83074
 82974
 82926
 82890
 82811
 82728
 82554
 82551
 82476
 82466
 82399
 82323
 82030
 81967
 81846
 81832
 81729
 81562
 81549
 81343
 81230
 81210
 81081
 81066
 80741
 80603
 80569
 80524
 80383
 80061
 80047
 79875
 79786
 79646
 79584
 79556
 79411
 79397
 79256
 79211
 79200
 79129
 79061
 79023
 78751
 78704
 78564
 78453
 78207
 78156
 78065
 77852
 77785
 77481
 77302
 77288
 77181
 77175
 77093
 77050
 77020
 76975
 76938
 76923
 76900
 76878
 76864
 76831
 76692
 76659
 76622
 76404
 76369
 76363
 76335
 76317
 76063
 76059
 75992
 75791
 75787
 75514
 75512
 75430
 75254
 75215
 75074
 74979
 74626
 74618
 74600
 74588
 74466
 74460
 74399
 74335
 74258
 74136
 74052
 73975
 73695
 73581
 73533
 73469
 73410
 73386
 73349
 73339
 73327
 73170
 72900
 72727
 72718
 72567
 72424
 72219
 72212
 72035
 71710
 71576
 71465
 71363
 71352
 71185
 71083
 70933
 70921
 70735
 70682
 70681
 70556
 70279
 70000
 69966
 69801
 69767
 69742
 69582
 69250
 69227
 69198
 69167
 69087
 68987
 68955
 68793
 68709
 68697
 68633
 68604
 68477
 68409
 68310
 68303
 68204
 68200
 68169
 68091
 68078
 67932
 67865
 67605
 67474
 67421
 67355
 67317
 67303
 67265
 67260
 67141
 67098
 66996
 66975
 66839
 66826
 66698
 66623
 66058
 66045
 66033
 66018
 66001
 65917
 65776
 65594
 65269
 65207
 65162
 65161
 65069
 64931
 64925
 64892
 64696
 64666
 64649
 64626
 64396
 64320
 64204
 64191
 64113
 63999
 63962
 63839
 63756
 63663
 63481
 63126
 63102
 63086
 62698
 62695
 62621
 62417
 62222
 62126
 61834
 61750
 61630
 61622
 61473
 61455
 61405
 61284
 61148
 61135
 61126
 61081
 60913
 60865
 60843
 60606
 60525
 60353
 60295
 60189
 59939
 59779
 59740
 59606
 59468
 59131
 59111
 59034
 59020
 58823
 58665
 58488
 58382
 58129
 58040
 57963
 57929
 57887
 57821
 57759
 57722
 57512
 57405
 57401
 57142
 57067
 56916
 56746
 56730
 56516
 56386
 56372
 56370
 56327
 56217
 56213
 56199
 56172
 56099
 56040
 55979
 55965
 55784
 55730
 55718
 55606
 55555
 55478
 55313
 55169
 55102
 55048
 55045
 54953
 54904
 54808
 54532
 54474
 54440
 54344
 54237
 54187
 54132
 54117
 53842
 53521
 53348
 53298
 53273
 53145
 53090
 53076
 53014
 52954
 52925
 52878
 52850
 52790
 52768
 52710
 52587
 52581
 52543
 52516
 52411
 52400
 52372
 52080
 52076
 51869
 51717
 51612
 51582
 51555
 51433
 51383
 51299
 51048
 51041
 51039
 51034
 50962
 50898
 50764
 50655
 50596
 50523
 50522
 50318
 50196
 50122
 49806
 49792
 49725
 49693
 49469
 49254
 49111
 49030
 49012
 48735
 48680
 48609
 47919
 47759
 47683
 47619
 47600
 47547
 47483
 47328
 47241
 47201
 47175
 47142
 46612
 46532
 46448
 46439
 46198
 45998
 45936
 45665
 45546
 45462
 45250
 45053
 44949
 44773
 44699
 44568
 44398
 44313
 44279
 44252
 44211
 44025
 44019
 43978
 43817
 43770
 43729
 43465
 43285
 43209
 43147
 43060
 43042
 43030
 43005
 42921
 42795
 42787
 42678
 42357
 42349
 42344
 42339
 42304
 42193
 42186
 42033
 41954
 41563
 41546
 41446
 41442
 41383
 41367
 41176
 41074
 40838
 40787
 40666
 40629
 40581
 40527
 40470
 40464
 40454
 40410
 40401
 40382
 40269
 40077
 40029
 39841
 39811
 39745
 39722
 39688
 39610
 39603
 39484
 39436
 39408
 39289
 39269
 39226
 39215
 39205
 39034
 38994
 38926
 38858
 38822
 38671
 38610
 38545
 38220
 38136
 38063
 37967
 37866
 37606
 37423
 37388
 37315
 37237
 37114
 37048
 36871
 36822
 36564
 36445
 36080
 36031
 35981
 35899
 35844
 35714
 35680
 35642
 35639
 35558
 35443
 35316
 35143
 35104
 35052
 34841
 34730
 34488
 34166
 34066
 34063
 34049
 34025
 33988
 33919
 33894
 33848
 33688
 33626
 33490
 33453
 33285
 33250
 33172
 33134
 33122
 33079
 32933
 32890
 32860
 32786
 32645
 32252
 32240
 32221
 32085
 31992
 31914
 31903
 31871
 31832
 31785
 31554
 31506
 31420
 31260
 31224
 31108
 30786
 30769
 30758
 30747
 30675
 30566
 30553
 30500
 30395
 30362
 30355
 30341
 30303
 30158
 30121
 30058
 29992
 29696
 29670
 29593
 29579
 29532
 29508
 29420
 29342
 29339
 29098
 28820
 28693
 28669
 28571
 28491
 28388
 28328
 28275
 28188
 28025
 27788
 27671
 27560
 27553
 27409
 27349
 27265
 27232
 27206
 27144
 27089
 27027
 26907
 26875
 26609
 26495
 26185
 26172
 26168
 25907
 25835
 25625
 25476
 25341
 25174
 25157
 25094
 24975
 24963
 24924
 24652
 24537
 24415
 24365
 24329
 24315
 24255
 24170
 24100
 23984
 23880
 23868
 23838
 23715
 23683
 23419
 23384
 23297
 23255
 23198
 23191
 23171
 23100
 23006
 22981
 22977
 22898
 22866
 22781
 22653
 22643
 22602
 22471
 22409
 22371
 22363
 22241
 22179
 22139
 22010
 21954
 21932
 21919
 21772
 21642
 21551
 21496
 21454
 21376
 21311
 21276
 21091
 21083
 21056
 20975
 20896
 20415
 20223
 20124
 20092
 20070
 20062
 19824
 19703
 19697
 19332
 19322
 19186
 19110
 19092
 18942
 18627
 18455
 18427
 18249
 18194
 18181
 18175
 18161
 17996
 17846
 17605
 17463
 17236
 17207
 17095
 16997
 16981
 16974
 16949
 16899
 16867
 16835
 16677
 16621
 16531
 16494
 16422
 16330
 16224
 16059
 16027
 15960
 15682
 15562
 15490
 15488
 15429
 15215
 15173
 15158
 14906
 14662
 14640
 14598
 14579
 14469
 14433
 14114
 14059
 14046
 14006
 13844
 13757
 13733
 13520
 13242
 13118
 13025
 12961
 12954
 12903
 12805
 12582
 12499
 12492
 12393
 12361
 12267
 12165
 12072
 11964
 11954
 11666
 11635
 11585
 11463
 11458
 11427
 11220
 11171
 10981
 10972
 10949
 10935
 10896
 10781
 10760
 10526
 10381
 10315
 10310
 10222
 10161
 10153
 10009
 9914
 9785
 9764
 9739
 9607
 9438
 9387
 9116
 9100
 8936
 8892
 8857
 8844
 8746
 8734
 8728
 8727
 8668
 8486
 8485
 8382
 8326
 7984
 7957
 7910
 7879
 7861
 7774
 7723
 7716
 7619
 7446
 7434
 7354
 7254
 7230
 7126
 6984
 6962
 6659
 6640
 6554
 6543
 6481
 6449
 6144
 6086
 5973
 5947
 5921
 5873
 5725
 5451
 5172
 4993
 4989
 4876
 4676
 4572
 4370
 4158
 4157
 4122
 4081
 4059
 4019
 3516
 3402
 3309
 3245
 3211
 3131
 2843
 2722
 2515
 2418
 2285
 2135
 2072
 2001
 1727
 1617
 1315
 1153
 525
 445
 350
 331
 321
 193
 156
 0
 