99897
 99820
 99805
 99619
 99600
 99567
 99541
 99522
 99422
 99384
 99312
 99305
 99279
 99218
 99124
 99054
 98976
 98919
 98914
 98901
 98892
 98608
 98571
 98565
 98330
 98293
 98259
 98115
 98070
 97825
 97560
 97385
 97190
 97125
 96963
 96878
 96835
 96832
 96731
 96568
 96567
 96446
 96303
 95978
 95724
 95655
 95616
 95583
 95561
 95523
 95421
 95321
 95192
 95188
 95159
 95149
 95050
 94968
 94918
 94841
 94711
 94642
 94482
 94237
 94162
 94096
 93824
 93806
 93483
 93345
 93314
 93254
 92932
 92861
 92806
 92194
 91759
 91563
 91291
 91231
 91223
 91090
 91042
 90982
 90837
 90670
 90537
 90396
 90344
 90337
 90330
 90306
 89958
 89956
 89839
 89728
 89707
 89649
 89487
 89485
 89384
 89234
 89178
 88996
 88989
 88767
 88744
 88667
 88475
 88389
 88370
 88247
 88206
 88159
 87989
 87900
 87878
 87857
 87644
 87603
 87542
 87536
 87457
 87228
 87135
 87131
 87044
 86975
 86884
 86774
 86729
 86665
 86575
 86423
 86297
 86269
 86238
 85804
 85717
 85692
 85660
 85630
 85611
 85477
 85444
 85422
 85282
 85125
 85053
 85041
 84966
 84933
 84915
 84910
 84822
 84777
 84732
 84687
 84618
 84587
 84371
 84338
 84264
 84035
 83648
 83553
 83485
 83299
 83253
 83181
 83029
 82945
 82881
 82855
 82816
 82627
 82417
 82319
 82237
 82205
 82057
 81989
 81882
 81804
 81751
 81553
 81456
 81340
 80931
 80841
 80822
 80639
 80255
 80203
 80026
 79945
 79839
 79787
 79676
 79420
 79228
 79054
 79022
 78848
 78847
 78846
 78793
 78632
 78617
 78580
 78513
 78492
 78475
 78221
 78162
 78068
 77948
 77945
 77808
 77762
 77624
 77490
 77348
 77328
 77242
 77146
 76962
 76957
 76753
 76616
 76458
 76389
 76308
 76077
 75946
 75570
 75565
 75532
 75455
 75447
 75265
 75193
 75178
 75160
 75104
 75095
 74951
 74936
 74904
 74872
 74690
 74626
 74571
 74494
 74213
 73933
 73799
 73703
 73645
 73617
 73559
 73379
 73203
 73128
 73108
 73105
 73061
 72857
 72524
 72522
 72350
 72243
 72058
 71769
 71407
 71331
 71286
 71269
 71186
 71147
 71136
 70991
 70936
 70834
 70772
 70714
 70708
 70281
 70263
 70033
 69983
 69933
 69901
 69840
 69747
 69696
 69522
 69521
 69408
 69386
 69272
 69111
 68974
 68947
 68892
 68826
 68759
 68739
 68729
 68597
 68380
 68203
 68097
 67901
 67877
 67739
 67402
 67386
 67307
 66950
 66912
 66824
 66796
 66450
 66276
 66264
 66158
 66073
 66063
 66026
 66009
 65912
 65782
 65646
 65552
 65527
 65479
 65395
 64830
 64668
 64569
 64416
 64237
 64227
 64046
 64006
 63894
 63659
 63549
 63439
 63209
 63185
 63169
 63056
 62840
 62712
 62518
 62507
 62435
 62414
 62168
 61973
 61916
 61824
 61814
 61756
 61653
 61606
 61436
 61430
 61337
 61044
 60998
 60780
 60683
 60368
 60198
 60169
 60083
 60037
 60000
 59803
 59779
 59330
 59194
 59112
 59065
 58984
 58974
 58933
 58738
 58724
 58604
 58587
 58562
 58504
 58497
 58408
 58264
 58100
 57784
 57630
 57624
 57617
 57592
 57584
 57540
 57475
 57083
 57080
 57010
 56857
 56737
 56624
 56582
 56525
 56442
 56398
 56230
 56224
 56202
 56134
 55986
 55982
 55920
 55833
 55828
 55715
 55530
 55480
 55464
 55426
 55305
 55240
 55151
 54855
 54837
 54761
 54693
 54484
 54409
 54053
 53984
 53928
 53821
 53763
 53744
 53609
 53595
 53584
 53557
 53444
 53379
 53278
 53205
 53103
 53082
 52944
 52867
 52794
 52676
 52575
 52473
 52317
 52267
 52231
 52175
 52115
 52110
 51939
 51934
 51789
 51421
 51376
 51325
 51311
 51155
 51091
 51082
 50774
 50752
 50716
 50698
 50589
 50553
 50533
 50283
 50265
 50099
 49785
 49775
 49670
 49456
 49097
 49066
 49058
 48935
 48864
 48736
 48695
 48636
 48514
 48325
 48293
 48278
 48227
 48145
 48033
 48021
 47786
 47765
 47730
 47560
 47517
 47361
 47262
 47248
 47246
 47185
 47022
 47020
 46982
 46951
 46883
 46726
 46650
 46572
 46532
 46474
 46457
 46455
 46386
 46308
 46306
 46192
 46151
 46016
 45966
 45739
 45685
 45606
 45540
 45344
 45192
 45114
 44904
 44845
 44556
 44491
 44442
 44368
 44352
 44137
 44007
 43965
 43894
 43738
 43664
 43589
 43476
 43304
 43181
 43106
 43042
 42802
 42782
 42711
 42586
 42501
 42323
 42211
 41991
 41985
 41935
 41844
 41833
 41829
 41176
 41124
 41033
 40962
 40867
 40782
 40755
 40416
 40384
 40327
 40321
 40252
 40199
 40151
 40147
 39921
 39589
 39380
 39372
 39076
 38573
 38503
 38434
 38217
 38148
 38119
 38095
 38023
 37809
 37748
 37728
 37550
 37513
 37157
 37153
 36954
 36902
 36447
 35959
 35875
 35862
 35856
 35799
 35782
 35741
 35550
 35514
 35476
 35381
 35341
 35271
 35234
 35205
 35131
 35104
 35081
 34859
 34848
 34693
 34639
 34459
 34441
 34283
 34274
 34242
 34226
 34156
 34116
 33941
 33918
 33762
 33644
 33595
 33593
 33546
 33486
 33419
 33333
 33188
 33148
 33139
 33091
 33074
 32939
 32887
 32475
 32464
 32258
 32132
 32086
 31988
 31925
 31842
 31745
 31478
 31418
 31349
 31194
 31189
 31168
 30889
 30778
 30717
 30657
 30601
 30592
 30583
 30568
 30523
 30405
 30178
 30176
 30148
 29983
 29833
 29826
 29752
 29692
 29475
 29333
 29211
 29147
 29051
 29011
 28949
 28910
 28825
 28408
 28215
 28067
 27819
 27696
 27661
 27598
 27515
 27335
 27312
 27309
 27076
 26996
 26905
 26846
 26827
 26741
 26616
 26470
 26157
 26139
 26089
 26068
 26058
 26017
 25818
 25777
 25723
 25515
 25319
 25206
 25197
 25152
 25060
 24993
 24643
 24580
 24546
 24452
 24354
 24263
 24238
 24014
 23956
 23928
 23882
 23880
 23839
 23819
 23722
 23637
 23506
 23487
 23300
 23247
 23197
 22655
 22468
 22293
 22290
 22122
 22121
 21977
 21744
 21695
 21689
 21635
 21471
 21370
 21361
 21312
 21138
 21095
 20894
 20720
 20691
 20631
 20613
 20555
 20451
 20225
 20200
 20169
 20112
 19908
 19812
 19807
 19742
 19690
 19615
 19604
 19522
 19292
 19200
 19121
 19089
 19076
 19042
 18954
 18915
 18740
 18651
 18486
 18456
 18264
 18181
 18007
 17857
 17837
 17822
 17658
 17565
 17533
 17531
 17415
 17375
 17355
 17118
 17073
 16923
 16892
 16683
 16673
 16585
 16552
 16532
 16502
 16409
 16243
 16239
 16149
 16060
 15952
 15911
 15845
 15653
 15639
 15562
 15547
 15380
 15340
 15151
 14788
 14681
 14535
 14323
 14278
 14191
 14101
 13844
 13740
 13699
 13663
 13192
 13180
 13167
 13121
 13120
 13096
 12967
 12871
 12843
 12805
 12584
 12553
 12446
 12392
 12291
 12170
 12151
 12034
 11782
 11693
 11669
 11516
 11444
 11179
 11044
 10951
 10740
 10673
 10450
 10278
 10131
 10128
 10059
 10013
 9999
 9995
 9986
 9945
 9943
 9613
 9526
 9475
 9435
 9413
 9362
 9167
 9124
 9058
 8886
 8879
 8527
 8526
 8508
 8413
 8227
 8061
 7996
 7916
 7880
 7744
 7707
 7699
 7648
 7620
 7426
 7337
 7328
 7309
 7305
 7233
 7217
 7091
 6997
 6894
 6884
 6829
 6758
 6514
 6375
 6185
 5733
 5717
 5611
 5599
 5501
 5474
 5405
 5367
 5310
 5216
 5181
 5094
 5091
 4931
 4918
 4901
 4886
 4871
 4848
 4801
 4726
 4503
 4478
 4419
 4372
 4362
 4232
 3827
 3778
 3672
 3553
 3541
 3536
 2954
 2951
 2801
 2762
 2634
 2527
 2490
 2323
 2299
 2162
 1886
 1832
 1752
 1455
 1401
 1396
 1352
 1185
 1120
 1110
 1023
 978
 966
 721
 686
 661
 494
 417
 152
 114
 