49678
 49664
 49624
 49443
 49406
 49334
 49332
 49272
 49088
 48801
 48706
 48584
 48563
 48351
 48341
 48285
 48201
 48174
 47936
 47864
 47729
 47574
 47549
 47477
 47471
 47456
 47406
 47354
 47276
 47260
 47212
 47040
 46901
 46834
 46782
 46717
 46680
 46567
 46562
 46458
 46413
 46281
 46074
 46021
 45961
 45902
 45872
 45762
 45647
 45584
 45273
 45206
 45199
 44987
 44985
 44973
 44945
 44785
 44759
 44746
 44673
 44665
 44647
 44415
 44397
 44316
 44207
 43978
 43771
 43709
 43689
 43663
 43592
 43552
 43437
 43409
 43337
 43314
 43293
 43213
 43170
 43153
 43068
 42893
 42773
 42629
 42441
 42250
 42121
 42062
 41920
 41720
 41657
 41560
 41510
 41090
 40815
 40596
 40471
 40377
 40350
 40295
 40224
 40100
 39940
 39738
 39733
 39322
 39306
 39192
 38900
 38895
 38819
 38636
 38577
 38412
 38407
 38292
 38145
 38135
 38097
 38031
 37998
 37977
 37866
 37745
 37743
 37672
 37589
 37370
 37361
 37321
 37277
 37093
 37077
 36906
 36890
 36778
 36720
 36596
 36537
 36493
 36390
 36264
 36211
 36098
 36065
 35757
 35699
 35344
 35309
 35036
 34875
 34862
 34769
 34609
 34558
 34469
 34454
 34278
 34255
 34000
 33875
 33437
 33315
 33292
 33150
 33091
 32774
 32345
 32311
 32256
 32212
 32178
 32086
 31985
 31982
 31815
 31714
 31713
 31615
 31377
 31262
 31241
 31111
 30846
 30548
 30436
 30352
 30289
 29969
 29630
 29262
 29153
 29099
 29050
 29033
 28996
 28942
 28933
 28815
 28726
 28496
 28343
 28292
 28022
 27949
 27851
 27847
 27824
 27735
 27599
 27592
 27457
 27410
 27401
 27304
 27208
 27126
 27125
 27027
 26690
 26671
 26641
 26481
 26369
 26096
 26086
 25912
 25894
 25879
 25791
 25524
 25450
 25361
 25318
 25112
 25105
 25098
 25053
 25003
 24997
 24959
 24939
 24751
 24626
 24425
 24244
 24132
 24113
 23775
 23605
 23576
 23423
 23418
 23347
 23333
 23281
 22987
 22969
 22531
 22418
 22267
 22247
 22158
 22113
 22016
 21978
 21963
 21918
 21917
 21818
 21727
 21678
 21252
 21191
 21174
 21143
 21101
 21096
 20783
 20704
 20484
 20466
 20181
 20171
 20081
 19940
 19742
 19733
 19694
 19517
 19257
 19256
 19059
 18915
 18728
 18727
 18390
 18349
 18321
 18256
 18235
 18138
 18078
 17971
 17874
 17802
 17763
 17715
 17640
 17609
 17370
 17293
 17115
 17089
 16893
 16800
 16666
 16608
 16574
 16565
 16537
 16518
 16387
 16280
 16223
 16129
 16039
 16020
 15947
 15600
 15543
 15504
 15485
 15475
 15118
 15095
 15081
 14992
 14905
 14634
 14566
 14218
 14207
 14188
 14183
 14065
 14064
 13995
 13969
 13966
 13964
 13913
 13696
 13679
 13567
 13554
 13489
 13354
 13311
 13145
 12800
 12664
 12492
 12348
 12313
 12279
 12112
 12068
 12044
 12000
 11798
 11757
 11657
 11618
 11582
 11550
 11517
 11434
 11398
 11341
 11275
 11181
 11169
 11167
 11145
 11128
 11023
 10938
 10718
 10508
 10274
 10250
 10217
 10126
 10107
 10041
 9972
 9848
 9746
 9733
 9681
 9553
 9380
 9356
 9276
 9183
 9069
 9030
 8995
 8791
 8672
 8656
 8296
 8130
 8022
 8020
 7974
 7943
 7619
 7445
 7439
 7422
 7413
 7284
 7171
 7117
 7069
 7035
 6775
 6532
 6474
 6441
 6262
 6225
 6192
 6026
 6007
 5822
 5772
 5748
 5722
 5623
 5466
 5365
 5210
 5091
 4853
 4816
 4740
 4640
 4617
 4576
 4223
 4205
 4052
 3877
 3861
 3850
 3575
 3426
 3285
 3216
 3162
 3019
 2822
 2662
 2661
 2620
 2361
 2272
 2206
 2108
 2073
 1988
 1826
 1728
 1675
 1609
 1581
 1526
 1350
 1214
 1059
 888
 792
 742
 573
 506
 453
 335
 212
 140
 106
 90
 68
 65
 53
 0
 