499675
 499675
 499557
 499198
 499173
 499110
 498899
 498840
 498760
 498729
 498557
 498447
 498432
 498186
 498174
 497983
 497971
 497933
 497906
 497711
 497678
 497590
 497450
 497414
 497375
 497347
 497230
 496789
 496788
 496762
 496710
 496583
 496548
 496301
 496262
 496231
 495778
 495735
 495706
 495509
 495269
 495187
 495068
 494946
 494773
 494757
 494541
 494475
 494402
 494245
 494065
 494056
 494022
 493970
 493934
 493801
 493726
 493436
 493268
 493138
 493084
 493037
 492868
 492768
 492390
 492372
 492293
 492098
 491913
 491879
 491776
 491715
 491682
 491649
 491600
 491368
 491270
 491090
 491053
 491043
 490956
 490910
 490890
 490847
 490677
 490654
 490636
 490484
 489996
 489918
 489894
 489842
 489811
 489764
 489743
 489555
 489513
 489341
 489334
 489325
 489063
 489018
 488644
 488538
 488403
 488310
 488300
 488191
 487951
 487916
 487912
 487769
 487394
 487272
 486769
 486718
 486696
 486666
 486460
 486335
 486274
 486163
 486039
 485910
 485818
 485567
 485251
 485142
 485041
 484933
 484640
 484460
 484348
 484126
 484071
 484003
 483998
 483834
 483811
 483648
 483648
 483096
 483030
 482912
 482820
 482798
 482785
 482664
 482613
 482583
 482565
 482447
 482439
 482163
 482160
 482092
 481726
 481311
 481294
 481200
 481159
 480733
 480534
 480519
 480483
 480473
 480371
 480326
 480198
 480160
 480118
 479948
 479821
 479810
 479727
 479632
 479555
 479553
 479188
 479041
 478938
 478802
 478676
 478666
 478628
 478603
 478540
 478504
 478259
 478087
 478063
 477987
 477928
 477872
 477825
 477812
 477771
 477767
 477618
 477504
 477468
 477454
 477272
 477265
 477262
 477141
 477116
 477113
 477047
 476974
 476857
 476656
 476562
 476246
 476221
 476180
 476179
 476135
 476122
 476113
 476076
 476008
 475977
 475862
 475819
 475710
 475537
 475521
 475520
 475430
 475340
 475331
 475247
 475231
 475214
 475173
 475156
 475122
 475107
 475039
 474885
 474729
 474358
 474170
 474084
 474080
 474037
 473972
 473840
 473770
 473770
 473700
 473687
 473669
 473624
 473532
 473358
 473342
 473309
 473252
 473219
 472993
 472984
 472972
 472888
 472796
 472686
 472602
 472564
 472509
 472422
 472386
 472373
 472034
 472022
 471776
 471737
 471644
 471244
 471182
 471131
 471061
 470954
 470938
 470910
 470658
 470588
 470514
 470464
 470416
 470194
 470164
 469939
 469673
 469586
 469447
 469418
 468983
 468710
 468674
 468519
 468478
 468267
 468094
 468005
 467895
 467788
 467647
 467429
 467415
 467329
 467311
 467255
 467060
 466378
 466289
 466190
 466113
 465978
 465970
 465829
 465751
 465746
 465683
 465647
 465561
 465522
 465461
 465361
 465291
 465163
 464863
 464819
 464770
 464766
 464731
 464607
 464587
 464521
 464485
 464056
 464033
 463957
 463874
 463811
 463615
 463038
 462677
 462600
 462598
 462580
 462487
 462487
 462406
 462121
 461538
 461355
 461238
 461082
 461060
 461057
 460896
 460594
 460551
 460464
 460366
 460182
 460150
 460147
 460016
 460008
 460000
 459683
 459612
 459597
 459587
 459582
 459459
 459183
 458980
 458942
 458816
 458761
 458738
 458264
 458259
 458209
 458081
 457889
 457879
 457603
 457551
 457533
 457473
 457364
 457142
 457140
 456900
 456838
 456815
 456623
 456504
 456351
 456227
 456126
 456057
 456022
 455909
 455902
 455707
 455694
 455640
 455625
 455607
 455277
 455105
 455028
 455023
 455001
 454976
 454808
 454800
 454699
 454652
 454649
 454426
 454357
 454263
 454043
 453936
 453858
 453833
 453812
 453690
 453622
 453594
 453574
 453553
 453545
 453425
 453251
 453105
 453067
 453060
 453052
 453019
 452805
 452755
 452426
 452316
 452231
 452201
 452060
 452054
 452041
 452034
 451930
 451887
 451838
 451788
 451755
 451726
 451695
 451580
 451577
 451543
 451455
 451449
 451367
 451276
 451114
 451114
 451061
 450964
 450933
 450918
 450821
 450779
 450769
 450696
 450652
 450630
 450506
 450495
 450484
 450455
 450232
 450217
 450143
 449924
 449914
 449666
 449651
 449617
 449604
 449562
 449554
 449290
 449251
 448992
 448950
 448946
 448882
 448875
 448748
 448584
 448561
 448502
 448385
 448253
 448228
 448216
 448088
 448044
 447985
 447914
 447820
 447706
 447657
 447534
 447439
 447372
 447207
 447196
 447187
 447168
 447115
 447078
 447073
 447031
 446958
 446530
 446400
 446125
 446117
 446103
 446062
 445949
 445929
 445851
 445751
 445743
 445740
 445723
 445491
 445472
 445423
 445391
 445193
 445072
 444960
 444934
 444919
 444911
 444801
 444759
 444738
 444565
 444524
 444481
 444428
 444424
 444367
 444336
 444275
 444254
 444220
 444160
 444069
 444054
 444023
 443929
 443898
 443867
 443799
 443719
 443661
 443652
 443548
 443526
 443317
 443219
 443189
 443168
 442975
 442970
 442955
 442825
 442769
 442748
 442734
 442706
 442650
 442580
 442577
 442274
 442244
 442182
 442036
 441903
 441884
 441837
 441798
 441464
 441457
 441244
 441217
 441176
 441091
 440968
 440911
 440684
 440471
 440455
 440222
 440151
 440007
 439981
 439900
 439870
 439791
 439760
 439704
 439678
 439633
 439557
 439044
 439034
 438937
 438925
 438882
 438820
 438741
 438434
 438264
 438190
 438164
 438148
 437947
 437610
 437502
 437448
 437412
 437282
 437272
 437263
 436800
 436781
 436704
 436664
 436586
 436547
 436376
 436370
 436278
 436235
 436116
 435986
 435983
 435860
 435735
 435652
 435577
 435517
 435426
 435408
 435387
 435315
 435227
 435114
 434899
 434817
 434727
 434647
 434632
 434409
 434407
 434146
 434059
 433976
 433719
 433652
 433648
 433287
 433263
 433190
 432898
 432663
 432580
 432539
 432362
 432278
 432244
 432233
 432229
 432106
 431788
 431638
 431431
 431429
 431372
 431280
 431268
 431212
 431095
 431047
 431026
 430903
 430717
 430649
 430613
 430575
 430562
 430356
 430287
 430127
 430045
 430000
 429708
 429629
 429402
 429381
 429357
 429327
 429166
 429159
 429012
 428952
 428943
 428818
 428665
 428608
 428483
 428441
 428307
 428261
 428130
 428109
 428104
 428067
 427825
 427715
 427630
 427533
 427515
 427356
 427350
 427340
 427330
 426585
 425976
 425916
 425833
 425825
 425784
 425657
 425575
 425504
 425426
 425325
 425302
 425301
 425300
 425080
 425027
 424982
 424870
 424539
 424393
 424308
 424240
 424206
 424012
 424008
 423930
 423905
 423773
 423662
 423622
 423563
 423501
 423461
 423270
 423261
 423132
 423076
 423076
 423069
 423043
 422953
 422790
 422706
 422567
 422500
 422435
 422369
 422285
 422250
 422165
 422094
 422094
 422085
 422069
 422001
 421968
 421905
 421842
 421561
 421521
 421485
 421293
 420950
 420899
 420878
 420825
 420768
 420738
 420668
 420418
 420271
 420186
 420180
 420147
 420072
 420039
 419957
 419911
 419769
 419687
 419687
 419643
 419382
 419381
 419316
 419091
 419033
 418746
 418707
 418678
 418658
 418638
 418604
 418527
 418483
 418457
 418361
 418239
 418176
 417874
 417792
 417716
 417454
 417423
 417316
 417245
 417176
 417110
 417032
 416998
 416911
 416784
 416473
 416324
 416311
 416301
 416073
 415884
 415857
 415794
 415789
 415773
 415722
 415553
 415486
 415227
 415038
 414927
 414906
 414881
 414605
 414604
 414570
 414378
 414325
 414232
 414175
 414141
 414075
 414050
 413958
 413922
 413861
 413741
 413640
 413547
 413461
 413454
 413028
 413019
 412789
 412788
 412737
 412519
 412441
 412378
 412299
 412287
 412280
 412232
 412202
 412154
 412115
 411881
 411845
 411764
 411707
 411551
 411522
 411489
 411417
 411299
 411188
 411173
 411032
 410948
 410842
 410474
 410345
 410065
 409961
 409926
 409907
 409649
 409615
 409594
 409589
 409479
 409401
 409390
 409182
 409124
 408977
 408756
 408489
 408466
 408163
 408096
 407801
 407783
 407780
 407430
 407404
 407231
 407202
 406962
 406848
 406439
 406377
 406318
 406166
 406152
 406149
 406053
 406043
 406008
 405996
 405986
 405895
 405652
 405640
 405507
 405459
 405369
 405263
 405211
 405184
 405175
 405100
 404848
 404813
 404761
 404718
 404673
 404399
 404369
 404312
 404162
 403911
 403840
 403790
 403782
 403751
 403689
 403643
 403604
 403546
 403273
 403218
 403150
 403056
 402990
 402920
 402890
 402840
 402619
 402517
 402467
 402398
 402276
 402221
 402132
 401528
 401459
 401458
 401180
 400977
 400972
 400906
 400905
 400893
 400847
 400701
 400526
 400277
 400262
 400132
 399999
 399821
 399661
 399520
 399399
 399278
 399179
 398925
 398729
 398591
 398540
 398157
 397870
 397709
 397689
 397483
 397004
 396951
 396879
 396851
 396733
 396655
 396496
 396466
 396437
 396373
 396326
 396211
 396193
 396191
 396120
 395918
 395913
 395735
 395647
 395501
 395499
 395312
 395267
 395266
 395216
 395199
 395195
 394912
 394860
 394835
 394762
 394758
 394721
 394568
 394562
 394534
 394507
 394398
 394301
 394270
 393935
 393813
 393596
 393565
 393410
 393404
 393366
 393336
 393142
 393098
 393036
 393034
 392965
 392886
 392735
 392616
 392543
 392368
 392247
 392148
 392116
 392116
 392058
 392053
 392030
 391984
 391872
 391816
 391706
 391647
 391622
 391561
 391531
 391446
 391309
 391129
 391089
 391027
 390531
 390496
 390438
 390417
 390342
 390318
 390264
 390243
 390061
 390043
 389963
 389927
 389704
 389697
 389516
 389159
 389100
 388932
 388888
 388756
 388753
 388724
 388697
 388667
 388457
 388438
 387959
 387878
 387814
 387804
 387749
 387607
 387575
 387453
 387404
 387277
 387190
 387092
 387043
 386978
 386922
 386863
 386776
 386689
 386657
 386458
 386452
 386362
 386330
 386311
 386294
 386206
 386127
 385945
 385913
 385905
 385776
 385586
 385559
 385483
 385477
 385324
 385291
 385248
 385197
 385113
 385048
 384885
 384819
 384688
 384610
 384403
 384380
 384320
 384141
 384045
 383961
 383705
 383612
 383377
 383333
 383309
 383048
 383008
 382733
 382659
 382538
 382536
 382453
 382352
 382199
 382145
 382058
 382010
 381918
 381730
 381720
 381646
 381596
 381544
 381526
 381152
 381119
 381072
 381005
 380952
 380853
 380843
 380682
 380614
 380583
 380410
 380282
 380110
 379831
 379816
 379649
 379648
 379441
 379379
 379233
 379213
 379175
 378927
 378922
 378750
 378657
 378640
 378491
 378343
 378227
 378177
 378063
 377922
 377694
 377642
 377577
 377551
 377380
 377188
 377163
 377146
 377133
 376895
 376208
 376116
 376081
 375829
 375645
 375471
 375389
 375243
 375234
 375119
 375111
 374786
 374620
 374516
 374444
 374208
 374181
 374122
 373995
 373979
 373890
 373855
 373824
 373769
 373767
 373765
 373697
 373611
 373516
 373450
 373423
 373217
 373027
 372950
 372901
 372743
 372680
 372660
 372471
 372424
 372306
 372188
 372001
 371710
 371667
 371497
 371280
 371224
 371194
 371155
 370976
 370964
 370853
 370839
 370741
 370722
 370685
 370673
 370528
 370476
 370382
 370352
 370175
 370106
 369932
 369811
 369675
 369547
 369534
 369520
 369475
 369168
 368995
 368902
 368862
 368795
 368598
 368455
 368385
 368300
 368256
 368196
 368131
 368021
 367982
 367925
 367918
 367751
 367655
 367576
 367540
 367426
 367390
 367148
 366999
 366894
 366878
 366847
 366830
 366475
 366364
 366334
 366144
 366088
 366084
 365954
 365889
 365739
 365714
 365617
 365573
 365544
 365448
 365381
 365291
 365196
 364978
 364932
 364856
 364795
 364657
 364643
 364349
 364317
 364303
 364197
 364172
 363861
 363720
 363715
 363702
 363698
 363331
 363254
 363228
 363215
 363209
 363031
 362818
 362709
 362660
 362620
 362366
 362133
 362097
 361978
 361975
 361812
 361653
 361598
 361429
 361271
 361198
 361086
 361051
 360916
 360895
 360854
 360824
 360797
 360547
 360536
 360450
 360384
 360103
 360096
 359832
 359690
 359675
 359642
 359618
 359591
 359504
 359305
 359037
 358869
 358699
 358623
 358619
 358536
 358522
 358509
 358499
 358410
 358335
 358277
 358274
 358212
 358150
 358108
 358006
 357983
 357807
 357768
 357585
 357575
 357451
 357412
 357405
 357269
 357193
 357142
 357063
 356906
 356756
 356696
 356392
 356211
 356088
 355926
 355922
 355716
 355634
 355603
 355599
 355471
 355465
 355440
 355428
 355359
 355342
 355255
 355189
 354977
 354918
 354830
 354653
 354630
 354422
 354231
 354123
 353951
 353757
 353590
 353455
 353387
 353227
 353148
 353098
 352553
 352475
 352296
 352191
 351910
 351854
 351774
 351603
 351558
 351407
 351405
 351172
 351095
 351063
 350481
 350322
 350279
 350192
 350165
 350150
 350082
 350009
 349999
 349892
 349830
 349728
 349718
 349633
 349511
 349250
 349163
 349062
 349024
 348997
 348443
 348378
 348274
 348203
 348201
 347997
 347731
 347713
 347704
 347695
 347659
 347360
 347176
 347104
 347083
 347012
 346905
 346829
 346743
 346707
 346557
 346285
 346104
 346086
 346018
 345982
 345963
 345919
 345772
 345634
 345368
 345360
 345191
 345183
 344964
 344402
 344353
 344324
 344290
 344171
 344082
 344018
 343971
 343784
 343761
 343664
 343620
 343247
 343232
 343181
 343176
 343082
 343061
 343031
 342839
 342722
 342551
 342343
 342282
 342105
 341873
 341864
 341675
 341578
 341496
 341488
 341442
 341412
 341399
 341165
 341145
 341092
 341050
 340968
 340814
 340694
 340649
 340546
 340471
 340395
 340239
 339986
 339975
 339646
 339615
 339593
 339511
 339274
 339178
 338894
 338686
 338582
 338566
 338368
 338368
 338325
 338294
 338250
 338243
 338095
 337731
 337651
 337621
 337400
 337291
 337272
 337158
 337139
 336988
 336605
 336575
 336429
 336424
 336290
 336283
 336275
 336260
 336246
 336201
 336031
 336018
 335991
 335907
 335610
 335560
 335555
 335520
 335514
 335476
 335446
 335411
 335306
 335302
 335284
 335249
 335075
 334921
 334884
 334873
 334862
 334847
 334806
 334734
 334577
 334248
 334225
 334173
 334159
 334105
 334063
 334042
 333874
 333745
 333565
 333529
 333500
 333457
 333372
 333261
 332940
 332882
 332825
 332639
 332635
 332360
 332225
 332192
 332157
 332113
 332095
 332085
 332036
 331687
 331577
 331491
 331465
 331461
 331366
 331003
 330985
 330985
 330894
 330744
 330687
 330665
 330477
 330192
 330188
 330041
 330008
 329989
 329901
 329813
 329779
 329740
 329714
 329705
 329638
 329605
 329601
 329525
 329513
 329501
 329391
 329294
 329211
 329201
 329148
 329139
 329105
 329043
 329038
 328999
 328947
 328767
 328617
 328377
 328358
 328292
 328228
 328074
 328072
 327885
 327681
 327664
 327631
 327569
 327550
 327425
 327183
 327116
 326908
 326763
 326638
 326496
 326416
 326329
 326248
 326143
 326098
 326070
 325729
 325586
 325513
 325467
 325380
 325279
 325193
 325094
 325015
 324829
 324824
 324727
 324619
 324593
 324590
 324442
 324262
 324042
 323811
 323628
 323618
 323606
 323134
 323063
 322922
 322918
 322908
 322869
 322653
 322614
 322440
 322304
 322282
 322088
 322082
 321893
 321840
 321593
 321405
 321328
 321320
 321290
 321270
 320992
 320853
 320380
 320259
 320067
 319898
 319887
 319857
 319669
 319664
 319411
 319163
 319127
 319127
 318992
 318984
 318956
 318933
 318930
 318844
 318631
 318629
 318534
 318510
 318397
 318341
 318293
 317973
 317854
 317803
 317748
 317741
 317663
 317652
 317494
 317433
 317407
 317337
 317322
 317279
 317239
 317225
 317083
 317019
 316932
 316862
 316850
 316735
 316443
 316431
 316420
 316414
 316409
 315718
 315570
 315494
 315408
 315367
 315308
 315257
 315161
 315116
 315090
 315089
 315029
 315005
 314686
 314683
 314618
 314610
 314574
 314564
 314442
 314342
 314331
 314285
 314230
 313927
 313432
 313326
 313197
 313130
 313117
 313028
 312952
 312664
 312610
 312604
 312545
 312500
 312341
 312233
 312186
 312056
 312003
 311823
 311702
 311691
 311560
 311349
 311313
 311282
 311223
 311111
 310879
 310672
 310667
 310610
 310403
 310397
 310395
 310390
 310172
 310090
 309943
 309933
 309808
 309685
 309682
 309227
 309110
 308940
 308904
 308881
 308810
 308803
 308611
 308501
 308452
 308387
 308379
 308300
 308261
 308176
 308073
 307994
 307853
 307850
 307800
 307787
 307635
 307618
 307593
 307563
 307468
 307422
 307376
 307343
 307225
 307134
 307114
 306912
 306684
 306569
 306505
 306466
 306302
 306300
 306283
 306251
 306243
 306238
 306184
 306121
 305903
 305705
 305701
 305650
 305272
 305191
 305170
 305146
 305138
 305114
 305073
 304469
 304351
 304205
 304111
 303901
 303784
 303751
 303749
 303650
 303565
 303527
 303418
 303235
 303225
 303166
 302936
 302837
 302626
 302607
 302526
 302482
 302362
 302166
 301958
 301843
 301799
 301714
 301534
 301273
 301038
 300995
 300925
 300878
 300649
 300430
 300319
 300293
 300227
 300136
 300079
 299773
 299751
 299737
 299733
 299553
 299538
 299449
 299399
 299340
 299319
 299179
 299065
 299035
 298969
 298957
 298865
 298840
 298826
 298700
 298679
 298624
 298507
 298482
 297812
 297693
 297693
 297514
 297512
 297452
 297388
 297311
 297297
 297255
 297108
 296632
 296377
 296296
 296093
 296080
 295992
 295808
 295635
 295599
 295566
 295509
 295450
 295339
 294988
 294977
 294958
 294861
 294621
 294575
 294568
 294166
 294091
 293944
 293918
 293825
 293725
 293721
 293582
 293381
 293302
 293127
 293069
 293020
 293015
 292746
 292709
 292699
 292585
 292487
 292474
 292125
 292125
 292079
 291788
 291695
 291449
 291366
 291357
 291294
 290967
 290917
 290735
 290495
 290477
 290474
 290464
 290449
 290435
 290220
 290184
 290166
 289996
 289930
 289930
 289848
 289771
 289646
 289589
 289586
 289473
 289115
 289073
 288968
 288804
 288790
 288640
 288430
 288118
 288099
 287941
 287915
 287859
 287759
 287698
 287600
 287595
 287587
 287516
 287485
 287478
 287286
 287260
 286752
 286551
 286145
 286037
 286017
 285890
 285853
 285825
 285733
 285650
 285634
 285492
 285125
 285097
 284871
 284816
 284756
 284669
 284464
 284331
 284209
 284206
 284170
 283901
 283880
 283865
 283432
 283314
 283314
 283130
 283025
 282901
 282874
 282868
 282763
 282625
 282541
 282343
 282332
 282325
 282276
 282131
 282008
 281867
 281789
 281680
 281645
 281303
 281267
 281252
 281212
 281081
 281049
 280884
 280860
 280855
 280696
 280674
 280651
 280648
 280522
 280338
 280258
 280253
 280227
 280219
 280136
 280107
 280104
 280026
 279975
 279974
 279967
 279952
 279882
 279859
 279847
 279754
 279534
 279532
 279508
 279348
 279248
 279112
 279094
 279052
 278915
 278735
 278545
 278504
 278452
 278266
 278215
 278155
 278143
 278130
 278109
 277777
 277740
 277735
 277383
 277078
 277006
 276789
 276766
 276746
 276628
 276517
 276517
 276396
 276155
 276086
 275862
 275825
 275825
 275748
 275686
 275664
 275462
 275031
 274991
 274939
 274878
 274855
 274851
 274848
 274825
 274771
 274758
 274642
 274574
 274546
 273880
 273871
 273844
 273830
 273238
 273231
 273051
 273039
 272911
 272870
 272759
 272650
 272550
 272450
 272436
 272364
 272337
 272205
 272156
 272146
 272015
 272007
 271832
 271796
 271795
 271742
 271739
 271681
 271472
 271467
 271425
 271336
 271285
 271149
 271069
 271048
 271016
 270879
 270399
 270330
 270179
 270143
 270077
 269970
 269959
 269940
 269430
 269190
 269134
 269119
 269074
 268893
 268887
 268844
 268838
 268750
 268741
 268736
 268708
 268632
 268561
 268549
 268335
 268332
 268303
 268240
 268229
 267840
 267677
 267632
 267563
 267441
 267325
 267189
 267092
 266940
 266418
 266260
 266238
 266214
 266131
 266076
 266074
 265970
 265838
 265835
 265827
 265701
 265685
 265609
 265545
 265448
 265408
 265330
 265306
 265056
 265041
 264874
 264820
 264570
 264551
 264551
 264493
 264285
 264044
 263834
 263771
 263444
 263285
 263245
 263190
 263157
 263157
 262880
 262866
 262396
 262258
 262211
 262133
 262109
 262049
 262038
 262033
 261952
 261890
 261756
 261676
 261674
 261647
 261617
 261420
 261393
 261387
 261322
 261306
 261231
 261028
 260978
 260916
 260912
 260905
 260885
 260617
 260539
 260515
 260416
 260325
 260316
 260286
 260000
 259999
 259959
 259780
 259777
 259680
 259649
 259564
 259557
 259538
 259503
 259433
 259346
 259276
 259267
 259194
 259153
 258837
 258814
 258748
 258742
 258616
 258609
 258322
 258122
 258118
 257922
 257897
 257876
 257794
 257789
 257762
 257533
 257270
 257133
 257107
 256901
 256812
 256744
 256722
 256532
 256455
 256402
 256159
 255690
 255636
 255592
 255564
 255498
 255352
 255297
 255266
 255261
 255138
 255017
 254981
 254881
 254632
 254539
 254509
 254498
 254468
 254385
 254385
 254385
 254279
 254261
 254253
 254181
 254123
 254068
 254036
 253954
 253777
 253420
 253227
 253074
 253015
 252938
 252896
 252817
 252816
 252678
 252575
 252499
 252475
 252351
 252242
 252151
 252148
 252136
 252123
 252103
 252100
 252014
 251994
 251990
 251966
 251943
 251793
 251715
 251695
 251614
 251451
 251385
 251263
 251241
 251045
 250952
 250902
 250696
 250562
 250513
 250477
 250132
 250078
 250063
 250053
 250000
 250000
 249870
 249859
 249848
 249839
 249787
 249635
 249588
 249466
 249306
 249098
 248726
 248670
 248659
 248510
 248345
 248172
 248052
 247989
 247968
 247810
 247702
 247651
 247614
 247512
 247428
 247357
 247307
 247223
 247191
 246898
 246631
 246618
 246556
 246452
 246135
 246080
 245877
 245853
 245817
 245634
 245607
 245308
 245206
 245159
 245067
 244759
 244752
 244685
 244548
 244441
 244254
 244156
 243946
 243899
 243886
 243826
 243805
 243736
 243695
 243423
 243243
 242751
 242665
 242629
 242596
 242403
 242335
 242239
 242179
 241975
 241946
 241811
 241803
 241745
 241688
 241625
 241625
 241553
 241532
 241479
 241328
 241295
 241195
 241060
 241054
 240963
 240829
 240704
 240622
 240496
 240278
 240259
 240258
 240102
 239972
 239920
 239761
 239378
 239255
 239234
 239069
 238984
 238871
 238846
 238762
 238533
 238477
 238313
 237888
 237885
 237650
 237540
 237465
 237453
 236884
 236678
 236621
 236212
 236186
 235547
 235507
 235152
 235035
 234769
 234756
 234457
 234433
 234378
 234366
 234264
 234190
 234130
 234074
 233764
 233410
 233343
 233274
 233068
 232887
 232866
 232842
 232673
 232645
 232556
 232142
 231985
 231958
 231838
 231751
 231538
 231511
 231407
 231404
 231402
 231116
 230990
 230950
 230948
 230853
 230844
 230798
 230783
 230739
 230690
 230637
 230528
 230379
 230356
 229915
 229842
 229806
 229618
 229526
 229212
 229177
 229151
 228936
 228563
 228490
 228416
 228394
 228297
 228252
 228145
 227994
 227881
 227367
 227309
 227272
 227272
 227264
 227078
 226983
 226856
 226660
 226625
 226603
 226547
 226466
 226440
 226422
 226360
 226347
 226206
 226205
 226146
 225838
 225706
 225696
 225594
 225419
 225366
 225100
 225082
 224995
 224982
 224969
 224913
 224843
 224803
 224561
 224452
 224319
 224029
 223946
 223913
 223903
 223888
 223753
 223702
 223475
 223457
 223355
 223293
 223269
 222950
 222784
 222784
 222733
 222728
 222541
 222516
 222372
 222348
 222071
 221957
 221925
 221863
 221846
 221811
 221673
 221454
 221311
 221228
 221203
 221162
 221101
 221042
 221025
 221008
 220988
 220921
 220896
 220813
 220758
 220674
 220664
 220507
 220398
 220330
 220282
 220245
 220158
 220101
 219781
 219376
 219284
 219264
 219090
 219027
 218987
 218981
 218938
 218878
 218869
 218693
 218442
 218385
 218292
 218233
 218192
 218120
 218073
 218018
 217940
 217889
 217814
 217812
 217795
 217642
 217630
 217411
 217197
 217114
 217025
 217019
 216926
 216733
 216723
 216698
 216595
 216584
 216520
 216519
 216429
 216374
 216075
 216065
 215981
 215872
 215847
 215770
 215749
 215544
 215525
 215499
 215366
 215329
 215288
 215269
 215143
 215025
 214992
 214871
 214801
 214719
 214701
 214658
 214643
 214508
 214374
 214342
 214312
 214285
 214285
 214285
 214173
 214169
 214161
 214156
 214143
 214027
 213958
 213590
 213487
 213462
 213391
 213296
 213187
 213169
 213135
 213012
 213000
 212772
 212752
 212702
 212653
 212575
 212510
 212488
 212427
 212391
 212384
 212382
 212127
 211981
 211956
 211944
 211855
 211786
 211711
 211698
 211685
 211426
 211413
 211269
 211112
 211015
 210995
 210980
 210915
 210749
 210713
 210556
 210443
 210347
 210327
 210326
 210256
 210144
 210101
 209786
 209702
 209584
 209515
 209484
 209003
 208985
 208983
 208837
 208759
 208737
 208645
 208637
 208539
 208424
 208379
 208338
 208001
 207916
 207909
 207907
 207803
 207686
 207627
 207547
 207430
 207256
 207129
 207112
 206874
 206676
 206540
 206349
 206303
 206232
 206086
 206036
 206016
 205882
 205814
 205786
 205714
 205599
 205546
 205351
 205138
 205073
 205061
 205022
 205017
 204618
 204609
 204560
 204534
 204342
 204313
 204078
 203999
 203844
 203837
 203827
 203767
 203633
 203616
 203399
 203399
 203389
 203224
 203040
 203009
 202779
 202725
 202604
 202397
 202120
 202110
 202083
 202013
 201970
 201967
 201878
 201799
 201781
 201603
 201561
 201507
 201498
 201339
 201188
 201075
 201035
 200839
 200818
 200785
 200781
 200710
 200573
 200519
 200514
 200426
 200234
 200174
 200072
 199999
 199999
 199841
 199786
 199755
 199747
 199747
 199729
 199717
 199646
 199616
 199356
 199155
 199053
 198966
 198920
 198883
 198744
 198665
 198453
 198270
 198132
 198062
 198029
 197925
 197899
 197757
 197545
 196889
 196553
 196539
 196379
 196371
 196317
 196271
 196203
 196127
 195981
 195980
 195919
 195867
 195789
 195749
 195711
 195634
 195618
 195581
 195558
 195509
 195348
 195231
 195009
 194976
 194852
 194850
 194701
 194426
 194350
 194160
 194110
 194045
 193867
 193789
 193524
 193413
 193394
 193336
 193321
 193215
 193145
 192929
 192913
 192873
 192753
 192731
 192704
 192602
 192543
 192461
 192449
 192405
 192297
 192288
 192278
 191980
 191955
 191941
 191877
 191644
 191470
 191455
 191387
 191219
 191080
 191020
 190970
 190900
 190589
 190548
 190476
 190312
 190188
 189977
 189860
 189827
 189710
 189557
 189497
 189196
 189181
 189081
 189002
 188922
 188861
 188841
 188643
 188464
 188385
 188307
 188302
 188002
 187983
 187931
 187602
 187592
 187564
 187542
 187431
 187426
 187367
 187203
 187051
 187025
 186950
 186832
 186720
 186578
 186547
 186495
 186359
 186317
 186203
 186170
 186052
 186039
 186022
 185950
 185804
 185651
 185639
 185217
 185185
 185088
 184807
 184737
 184631
 184435
 184160
 184018
 183950
 183845
 183842
 183816
 183702
 183625
 183181
 183180
 183086
 182939
 182918
 182866
 182818
 182530
 182395
 182393
 182290
 182268
 182201
 181818
 181577
 181493
 181458
 181250
 181236
 181211
 181171
 181154
 181009
 180865
 180861
 180851
 180851
 180821
 180802
 180720
 180638
 180516
 180327
 180200
 180027
 179925
 179924
 179923
 179901
 179891
 179850
 179843
 179775
 179704
 179641
 179564
 179487
 179487
 179373
 179292
 179188
 179001
 178886
 178704
 178683
 178659
 178423
 178342
 178205
 178190
 178187
 178174
 178021
 178008
 177910
 177569
 177522
 177511
 177495
 177469
 177439
 177375
 177305
 177177
 177119
 176758
 176642
 176499
 176309
 176229
 176062
 175823
 175663
 175594
 175510
 175279
 175126
 175124
 175109
 174920
 174906
 174863
 174805
 174645
 174631
 174327
 174228
 174067
 174055
 173886
 173587
 173579
 173481
 173466
 173419
 173366
 173359
 173177
 173153
 172763
 172714
 172628
 172511
 172418
 172246
 172122
 171966
 171633
 171554
 171520
 171502
 171350
 171295
 171236
 170977
 170900
 170658
 170655
 170563
 170516
 170485
 170253
 170040
 169972
 169809
 169797
 169774
 169721
 169630
 169614
 169527
 169467
 169219
 169147
 168990
 168926
 168905
 168688
 168468
 168449
 168440
 168415
 168362
 168346
 168264
 168063
 167987
 167883
 167870
 167818
 167778
 167730
 167618
 167586
 167570
 167390
 167357
 167256
 167217
 167152
 167142
 167126
 167104
 166913
 166905
 166666
 166666
 166640
 166545
 166499
 166407
 166340
 166307
 166261
 166219
 166024
 165955
 165870
 165828
 165820
 165580
 165533
 165516
 165396
 165298
 164976
 164709
 164614
 164562
 164519
 164498
 164400
 164316
 164226
 164181
 164103
 164058
 164058
 164006
 163934
 163893
 163869
 163854
 163487
 163460
 163425
 163310
 163180
 163162
 162991
 162980
 162793
 162438
 162383
 162297
 162038
 161989
 161941
 161901
 161869
 161740
 161719
 161717
 161665
 161505
 161412
 161264
 161163
 160962
 160902
 160876
 160754
 160701
 160700
 160700
 160697
 160679
 160647
 160566
 160484
 160082
 160017
 159951
 159827
 159810
 159723
 159646
 159564
 159548
 159543
 159468
 159095
 158948
 158869
 158766
 158639
 158626
 158575
 158323
 158227
 158175
 158105
 158075
 157813
 157811
 157671
 157629
 157538
 157528
 157094
 157084
 157039
 157006
 156992
 156688
 156550
 156528
 156486
 156450
 156377
 156318
 156177
 156072
 155897
 155686
 155545
 155409
 155405
 155401
 155354
 155288
 155139
 155096
 154956
 154947
 154800
 154445
 154405
 153852
 153594
 153567
 153229
 153151
 153141
 152823
 152681
 152643
 152587
 152538
 152538
 152431
 152331
 152229
 152173
 152160
 152132
 151890
 151682
 151658
 151626
 151586
 151519
 151257
 151124
 151016
 150991
 150875
 150807
 150676
 150665
 150604
 150463
 150266
 150030
 149797
 149696
 149646
 149609
 149522
 149311
 149219
 149179
 149141
 149070
 148780
 148561
 148310
 148269
 148206
 148082
 147852
 147757
 147756
 147657
 147351
 147350
 147331
 147150
 147123
 147000
 146893
 146864
 146772
 146768
 146678
 146666
 146379
 146288
 146140
 145866
 145709
 145557
 145512
 145442
 145390
 145288
 145182
 145161
 145157
 145142
 144884
 144691
 144618
 144541
 144492
 144353
 144000
 143953
 143928
 143554
 143545
 143533
 143499
 143434
 143164
 142775
 142480
 142354
 142316
 142311
 142180
 142158
 142150
 142095
 142041
 141929
 141878
 141858
 141600
 141592
 141519
 141476
 141375
 141277
 141136
 140898
 140858
 140722
 140372
 140362
 140060
 140027
 139955
 139929
 139841
 139839
 139788
 139698
 139421
 139405
 139345
 139200
 139177
 139172
 139015
 138992
 138568
 138412
 138334
 138077
 138068
 138063
 138050
 138042
 137988
 137984
 137984
 137911
 137724
 137715
 137614
 137476
 137222
 136977
 136818
 136672
 136526
 136483
 136336
 136307
 136293
 136199
 135933
 135889
 135811
 135767
 135758
 135734
 135585
 135567
 135341
 135238
 135211
 135015
 135010
 135006
 134988
 134979
 134920
 134775
 134408
 134351
 134309
 134199
 134137
 134126
 133957
 133934
 133801
 133369
 133315
 133183
 133180
 133061
 133006
 132941
 132917
 132913
 132865
 132816
 132788
 132661
 132627
 132538
 132476
 132378
 132286
 132157
 132140
 132065
 131924
 131777
 131749
 131394
 131279
 131078
 131071
 131051
 131040
 130881
 130867
 130801
 130739
 130574
 130390
 130339
 130244
 130189
 129753
 129698
 129283
 129242
 129203
 129192
 129151
 128808
 128538
 128526
 128508
 128355
 128281
 128200
 128189
 128064
 127896
 127892
 127802
 127708
 127639
 127635
 127456
 127340
 127173
 127027
 126784
 126726
 126656
 126176
 126136
 126044
 125808
 125777
 125676
 125627
 125566
 125534
 125318
 125249
 125201
 125197
 124951
 124874
 124833
 124779
 124547
 124253
 124141
 123904
 123567
 123360
 123320
 123315
 123146
 122556
 122541
 122418
 122190
 122050
 121729
 121718
 121621
 121443
 121347
 121293
 120772
 120714
 120668
 120201
 120175
 120034
 119968
 119861
 119634
 119336
 119211
 119205
 119175
 119168
 119052
 119047
 118993
 118584
 118487
 118225
 118181
 118082
 118027
 117840
 117797
 117598
 117333
 117241
 117208
 117178
 116772
 116728
 116666
 116501
 116042
 115956
 115889
 115865
 115853
 115761
 115552
 115463
 115187
 115150
 114987
 114766
 114707
 114656
 114635
 114405
 114264
 114160
 114022
 114020
 114014
 113920
 113762
 113672
 113492
 113425
 113333
 113278
 113254
 113146
 113120
 113100
 113077
 113023
 113009
 112980
 112676
 112221
 112162
 111935
 111932
 111855
 111652
 111584
 111409
 111321
 111277
 111177
 111111
 111111
 111111
 110947
 110731
 110593
 110281
 110276
 109875
 109818
 109746
 109631
 109606
 109523
 109320
 109149
 109072
 109057
 109023
 108932
 108767
 108739
 108674
 108611
 108095
 108061
 108032
 107975
 107965
 107926
 107822
 107522
 107294
 107242
 107227
 106960
 106936
 106870
 106836
 106808
 106747
 106695
 106669
 106490
 106417
 106389
 106364
 106321
 106149
 106142
 106131
 106080
 106063
 105773
 105680
 105582
 105399
 105329
 105199
 105022
 104899
 104866
 104643
 104484
 104411
 103985
 103970
 103712
 103687
 103532
 103485
 103424
 103403
 103282
 103110
 102954
 102763
 102345
 102202
 102154
 102125
 101910
 101818
 101811
 101492
 101280
 101199
 101154
 101154
 101012
 100989
 100916
 100745
 100698
 100692
 100664
 100627
 100603
 100558
 100121
 100070
 99999
 99792
 99456
 99362
 99174
 99134
 99005
 98961
 98935
 98761
 98341
 97927
 97926
 97833
 97794
 97728
 97689
 97584
 97546
 97221
 97128
 97040
 97023
 96553
 96533
 96477
 96447
 96139
 96082
 96068
 96045
 96035
 95979
 95939
 95901
 95877
 95784
 95770
 95682
 95670
 95620
 95394
 95351
 95250
 95200
 95170
 95137
 94964
 94934
 94755
 94721
 94677
 94655
 94527
 94448
 94425
 94393
 94359
 94171
 93922
 93792
 93790
 93728
 93654
 93410
 93262
 93229
 93220
 92946
 92872
 92725
 92654
 92607
 92408
 92404
 92391
 92390
 92130
 92095
 91977
 91962
 91881
 91815
 91734
 91366
 91359
 91323
 91268
 91075
 90823
 90686
 90555
 90529
 90382
 90222
 90173
 90090
 90012
 89768
 89714
 89494
 89336
 89290
 89221
 89141
 89108
 88707
 88552
 88479
 88314
 88307
 88235
 88207
 88090
 88041
 88008
 87900
 87772
 87351
 87316
 87284
 87276
 87141
 87040
 87038
 87012
 86925
 86849
 86791
 86590
 86552
 86261
 86061
 86041
 85921
 85865
 85494
 85270
 85176
 85036
 84803
 84797
 84791
 84731
 84463
 84410
 84252
 84236
 84232
 84153
 84045
 84017
 83999
 83987
 83942
 83746
 83677
 83436
 83333
 83203
 83186
 83150
 83141
 83101
 82901
 82884
 82759
 82741
 82661
 82562
 82477
 82468
 82323
 82221
 82185
 82069
 81949
 81684
 81647
 81632
 81484
 81405
 81314
 81273
 81231
 81219
 81081
 81063
 81027
 80875
 80845
 80842
 80812
 80790
 80568
 80455
 80342
 80306
 79926
 79852
 79832
 79777
 79762
 79720
 79680
 79626
 79616
 79606
 79420
 79402
 79326
 79281
 79270
 79257
 79196
 79138
 79128
 79127
 79011
 78991
 78911
 78825
 78819
 78714
 78637
 78453
 78073
 78072
 78032
 78020
 77838
 77776
 77737
 77461
 77419
 77342
 77183
 77107
 77056
 77010
 76988
 76937
 76876
 76797
 76758
 76619
 76368
 76353
 76280
 76204
 75878
 75851
 75823
 75808
 75785
 75757
 75723
 75566
 75564
 75531
 75481
 75449
 75409
 75397
 75228
 75152
 75004
 74918
 74871
 74831
 74817
 74280
 74129
 73977
 73955
 73802
 73673
 73612
 73602
 73579
 73558
 73436
 73218
 73037
 73031
 73004
 72936
 72780
 72731
 72480
 72435
 71761
 71658
 71645
 71526
 71522
 71361
 71255
 71209
 71181
 71105
 71092
 71016
 70982
 70890
 70842
 70674
 70652
 70603
 70559
 70539
 70507
 70471
 70454
 70449
 70429
 70401
 70084
 70050
 70044
 70035
 69943
 69897
 69886
 69870
 69830
 69784
 69702
 69646
 69599
 69420
 69324
 69217
 69213
 68966
 68733
 68658
 68531
 68512
 68486
 68164
 67914
 67812
 67786
 67780
 67735
 67664
 67479
 67243
 67223
 67094
 67045
 67039
 66989
 66916
 66672
 66666
 66554
 66445
 66433
 66396
 66152
 66148
 66054
 65846
 65822
 65720
 65718
 65500
 65446
 65379
 65309
 65249
 65217
 65182
 65074
 65040
 65004
 64909
 64691
 64648
 64449
 64230
 64176
 64160
 64144
 63897
 63859
 63697
 63661
 63647
 63386
 63247
 63003
 62657
 62334
 62312
 62288
 62189
 62027
 61904
 61823
 61764
 61762
 61728
 61507
 61396
 61319
 61205
 61204
 61094
 60955
 60950
 60794
 60784
 60767
 60559
 60526
 60284
 60196
 60173
 60060
 60007
 59897
 59880
 59845
 59574
 59381
 59351
 59195
 59044
 58883
 58823
 58621
 58588
 58580
 58532
 58521
 58429
 58052
 57967
 57663
 57604
 57599
 57585
 57538
 57537
 57529
 57514
 57405
 57382
 57353
 57332
 57275
 56868
 56864
 56848
 56489
 56350
 56338
 56164
 56126
 56043
 56042
 56024
 55899
 55806
 55780
 55631
 55540
 55504
 55071
 54811
 54680
 54598
 54587
 54439
 54429
 54384
 54339
 53972
 53831
 53607
 53522
 53511
 53507
 53418
 53336
 53216
 52974
 52862
 52715
 52697
 52569
 52532
 52488
 52275
 52169
 51804
 51732
 51473
 51310
 51157
 51040
 50954
 50827
 50822
 50804
 50434
 50416
 50387
 50319
 50125
 50059
 49881
 49744
 49721
 49623
 49549
 49439
 49389
 49238
 49114
 49030
 49012
 48799
 48782
 48684
 48633
 48526
 48329
 48219
 48192
 48133
 48092
 47970
 47860
 47804
 47790
 47493
 47378
 46798
 46759
 46728
 46692
 46647
 46611
 46554
 46547
 46396
 46265
 46218
 45919
 45917
 45875
 45801
 45527
 45454
 45424
 45391
 45337
 45271
 45104
 44937
 44770
 44482
 44426
 44381
 44225
 44220
 44194
 44007
 43663
 43601
 43478
 43314
 43269
 43196
 43097
 43044
 42745
 42488
 42392
 42170
 42098
 41923
 41690
 41674
 41623
 41554
 41522
 41466
 41445
 41306
 40898
 40876
 40755
 40633
 40404
 39843
 39793
 39763
 39693
 39624
 39606
 39560
 39527
 39461
 39432
 39291
 39223
 39130
 38873
 38864
 38361
 38055
 38040
 37649
 37458
 37381
 37193
 37136
 37081
 37043
 36777
 36757
 36661
 36578
 36538
 36487
 36366
 36129
 35973
 35658
 35633
 35385
 35384
 35314
 35269
 35265
 35211
 35078
 34972
 34924
 34813
 34776
 34769
 34733
 34387
 34382
 34348
 34328
 34308
 34120
 34106
 34058
 33845
 33840
 33825
 33681
 33655
 33390
 33368
 33356
 33333
 33295
 33153
 33112
 33039
 33034
 32991
 32525
 32515
 32506
 32489
 32454
 32096
 31913
 31824
 31754
 31750
 31740
 31292
 31283
 31147
 30944
 30899
 30833
 30584
 30447
 30196
 30122
 29959
 29596
 29335
 29253
 29221
 29186
 29093
 28994
 28961
 28822
 28503
 28360
 28304
 28270
 28106
 27970
 27940
 27916
 27880
 27808
 27653
 27637
 27612
 27492
 27476
 27447
 27406
 27258
 27171
 27035
 27027
 26940
 26845
 26776
 26621
 26578
 26377
 25968
 25917
 25849
 25701
 25646
 25565
 25353
 25340
 25303
 24958
 24857
 24855
 24703
 24675
 24588
 24461
 24407
 24384
 24341
 24309
 24265
 24108
 24021
 24008
 23906
 23889
 23829
 23800
 23698
 23523
 23377
 23340
 23282
 23239
 22911
 22859
 22749
 22550
 22487
 22450
 22320
 22222
 22129
 22037
 21978
 21852
 21783
 21725
 21387
 21294
 21284
 21196
 20923
 20859
 20695
 20655
 20561
 20202
 20000
 19954
 19929
 19918
 19812
 19613
 19480
 19480
 19431
 19408
 19316
 19269
 18979
 18758
 18744
 18663
 18549
 18461
 18372
 18201
 18173
 18170
 17868
 17814
 17742
 17480
 17078
 17050
 16949
 16866
 16832
 16759
 16689
 16634
 16602
 16494
 16419
 16312
 16106
 15872
 15754
 15683
 15665
 15544
 15359
 15341
 15334
 15199
 15168
 14959
 14835
 14708
 14678
 14108
 14076
 14047
 14033
 13964
 13951
 13883
 13461
 13419
 13392
 13262
 13098
 12978
 12941
 12882
 12825
 12772
 12753
 12451
 12429
 12282
 12257
 12187
 12159
 11957
 11864
 11830
 11715
 11691
 11671
 11458
 11368
 11325
 11249
 10986
 10948
 10921
 10739
 10643
 10486
 10459
 10187
 10156
 10118
 10089
 9945
 9803
 9716
 9690
 9612
 9575
 9498
 9470
 9398
 9183
 9109
 8826
 8808
 8798
 8790
 8635
 8587
 8554
 8549
 8544
 8523
 8474
 8263
 8159
 7928
 7722
 7692
 7628
 7534
 7489
 7407
 7380
 7322
 7112
 7052
 6725
 6391
 6359
 6156
 6054
 5849
 5787
 5555
 5375
 5363
 5235
 5187
 5123
 5117
 4892
 4847
 4651
 4608
 4604
 4543
 4524
 4428
 4187
 4060
 4020
 3911
 3728
 3679
 3244
 3075
 3069
 2588
 2425
 2336
 2255
 2086
 1967
 1680
 1607
 1587
 1549
 1535
 1325
 1185
 1032
 951
 898
 876
 747
 732
 632
 566
 309
 237
 213
 72
 0
 0
 0
 0
 0
 