999494
 999488
 999352
 999257
 999234
 999231
 998991
 998972
 998962
 998869
 998852
 998809
 998738
 998730
 998696
 998593
 998524
 998420
 998374
 998258
 998001
 997928
 997740
 997738
 997722
 997662
 997625
 997571
 997186
 996860
 996857
 996460
 996290
 996234
 996201
 995940
 995926
 995910
 995879
 995856
 995815
 995802
 995604
 995433
 995397
 995324
 995307
 995256
 995202
 995190
 995131
 995012
 995010
 994829
 994788
 994759
 994733
 994718
 994572
 994563
 994177
 993769
 993736
 993722
 993412
 993346
 993260
 993175
 993166
 993017
 992795
 992746
 992460
 992449
 992363
 992097
 992096
 992075
 992039
 992010
 991866
 991822
 991605
 991592
 991578
 991519
 991234
 991206
 991160
 991029
 990924
 990878
 990866
 990828
 990785
 990770
 990747
 990734
 990718
 990654
 990562
 990561
 990476
 990456
 990078
 989920
 989911
 989658
 989591
 989456
 989447
 989317
 989248
 989109
 989090
 989033
 989018
 989010
 988993
 988972
 988945
 988742
 988683
 988647
 988488
 988452
 988061
 988059
 987846
 987596
 987577
 987433
 987219
 987218
 987146
 987091
 987040
 986887
 986850
 986670
 986377
 986337
 986078
 986076
 985611
 985443
 985283
 985272
 985253
 985088
 984916
 984871
 984400
 984293
 984148
 984049
 983914
 983873
 983856
 983839
 983477
 983333
 982888
 982857
 982856
 982737
 982662
 982590
 982480
 982462
 982402
 982378
 982376
 982360
 982270
 982150
 981958
 981889
 981884
 981877
 981743
 981741
 981582
 981528
 981511
 981489
 981478
 981462
 981447
 981371
 981303
 981296
 981254
 981132
 980874
 980769
 980633
 980576
 980445
 980443
 980426
 980218
 980170
 979825
 979766
 979700
 979633
 979584
 979536
 979377
 979236
 979065
 979004
 978802
 978708
 978406
 978354
 978264
 978258
 978217
 978085
 978021
 977920
 977888
 977840
 977828
 977777
 977551
 977545
 977296
 977099
 976969
 976740
 976726
 976608
 976602
 976574
 976481
 976435
 976430
 976397
 976335
 976276
 976190
 976170
 976165
 976063
 976012
 975972
 975708
 975390
 975013
 974968
 974877
 974862
 974791
 974741
 974722
 974604
 974447
 974434
 974341
 974266
 974217
 974195
 973961
 973919
 973913
 973894
 973722
 973517
 973258
 973104
 972972
 972656
 972626
 972511
 972325
 972174
 972006
 971927
 971821
 971806
 971511
 971216
 971175
 971019
 970969
 970938
 970925
 970906
 970883
 970875
 970845
 970797
 970580
 970562
 970451
 970398
 970271
 970213
 969957
 969691
 969688
 969669
 969557
 969259
 969230
 969072
 969018
 968876
 968849
 968834
 968789
 968762
 968601
 968400
 968247
 968048
 968000
 967984
 967979
 967741
 967611
 967228
 967195
 967161
 967145
 967134
 966889
 966882
 966786
 966750
 966704
 966666
 966572
 966433
 966395
 966387
 966359
 966228
 966080
 966053
 966049
 965961
 965772
 965770
 965703
 965561
 965543
 965347
 965167
 964759
 964687
 964077
 963832
 963830
 963797
 963796
 963543
 963534
 963375
 963356
 963347
 963303
 963251
 963149
 963133
 963089
 962794
 962762
 962710
 962639
 962612
 962406
 962257
 962066
 961818
 961450
 961399
 961338
 961231
 961130
 961089
 960981
 960878
 960877
 960625
 960607
 960530
 960501
 960460
 960408
 960264
 960042
 959982
 959710
 959508
 959322
 959103
 959066
 959044
 959006
 958774
 958673
 958610
 958562
 958525
 958524
 958511
 958416
 958404
 958302
 958135
 957746
 957652
 957631
 957575
 957488
 957439
 957438
 957210
 957181
 957176
 957168
 957124
 956989
 956815
 956491
 956413
 956343
 956215
 956204
 955807
 955744
 955593
 955543
 955366
 955317
 955231
 955131
 955117
 955102
 955098
 955074
 954961
 954933
 954924
 954868
 954753
 954647
 954509
 954397
 954378
 954333
 954323
 954303
 954294
 954113
 954069
 953956
 953860
 953831
 953802
 953488
 953445
 953384
 953291
 953144
 953100
 953095
 953043
 953014
 952877
 952606
 952435
 952397
 952345
 952202
 952137
 952054
 952036
 951845
 951758
 951756
 951718
 951490
 951350
 951258
 951206
 951108
 950962
 950930
 950877
 950851
 950656
 950447
 950445
 950354
 950313
 950164
 949969
 949858
 949687
 949640
 949630
 949621
 949455
 949227
 949109
 949101
 949083
 948602
 948385
 948366
 948305
 948190
 947928
 947732
 947730
 947504
 947398
 947270
 947000
 946993
 946990
 946969
 946939
 946908
 946792
 946749
 946720
 946661
 946648
 946619
 946588
 946389
 946321
 946311
 946250
 946121
 946077
 946072
 945938
 945758
 945659
 945622
 945475
 945288
 945262
 945098
 944911
 944845
 944689
 944648
 944377
 944376
 944255
 944122
 943996
 943924
 943635
 943505
 943486
 943484
 943396
 943349
 943312
 943258
 943229
 943147
 943118
 942926
 942766
 942715
 942714
 942577
 942557
 942454
 942358
 942050
 942038
 941802
 941798
 941728
 941711
 941699
 941667
 941531
 941176
 941102
 941088
 940998
 940992
 940977
 940925
 940828
 940826
 940418
 940341
 940298
 940277
 940164
 940157
 940151
 940092
 939739
 939602
 939564
 939186
 939121
 939048
 938705
 938704
 938687
 938666
 938410
 938230
 938153
 937853
 937820
 937681
 937625
 937607
 937584
 937500
 937483
 937456
 937302
 937238
 937212
 937201
 937157
 937126
 936865
 936769
 936720
 936709
 936674
 936633
 936532
 936507
 936336
 936289
 936240
 936170
 936065
 935977
 935925
 935622
 935555
 935320
 934949
 934885
 934848
 934412
 934395
 934263
 934206
 933958
 933950
 933900
 933746
 933692
 933522
 933520
 933322
 933188
 933170
 932896
 932830
 932726
 932484
 932481
 932296
 931970
 931951
 931602
 931511
 931453
 931437
 931407
 931034
 930983
 930913
 930607
 930593
 930533
 930420
 930352
 930290
 930254
 930253
 930232
 930057
 930050
 929668
 929525
 929456
 929261
 929155
 929030
 928857
 928754
 928613
 928567
 928523
 928506
 928296
 928210
 928074
 927986
 927907
 927868
 927863
 927839
 927490
 927477
 927422
 927127
 926959
 926947
 926876
 926820
 926688
 926540
 926538
 926480
 926338
 926090
 925847
 925506
 925233
 925015
 925007
 924916
 924902
 924772
 924727
 924267
 924118
 924087
 924080
 924019
 924011
 923889
 923850
 923791
 923664
 923607
 923454
 923452
 923414
 923295
 923292
 923212
 923127
 923093
 922948
 922918
 922908
 922819
 922754
 922672
 922585
 922571
 922512
 922349
 922290
 922245
 922226
 922181
 922138
 922000
 921966
 921904
 921850
 921841
 921802
 921774
 921686
 921680
 921543
 921221
 920937
 920926
 920909
 920862
 920859
 920839
 920760
 920637
 920619
 920590
 920508
 920337
 920223
 920159
 920039
 919832
 919755
 919752
 919710
 919614
 919560
 919555
 919526
 919513
 919453
 919389
 919264
 918999
 918918
 918848
 918834
 918693
 918660
 918625
 918569
 918475
 918258
 918247
 918242
 918204
 918200
 918174
 918165
 918114
 918001
 917785
 917673
 917657
 917655
 917360
 917191
 917174
 916843
 916712
 916328
 916208
 916149
 916093
 915960
 915646
 915629
 915508
 915284
 915159
 915129
 914863
 914854
 914851
 914769
 914736
 914732
 914647
 914378
 914371
 914363
 914285
 914279
 914081
 914003
 913773
 913764
 913154
 913090
 912749
 912740
 912674
 912623
 912510
 912405
 912320
 912318
 912188
 912105
 911911
 911809
 911728
 911694
 911435
 911423
 911347
 911236
 911190
 911185
 911007
 910891
 910569
 910410
 910297
 910187
 910121
 909832
 909771
 909618
 909429
 909096
 909090
 909039
 909016
 908943
 908847
 908380
 908366
 908077
 908068
 908023
 907981
 907850
 907787
 907736
 907648
 907630
 907488
 907361
 907083
 907019
 906951
 906935
 906879
 906637
 906621
 906402
 906389
 906309
 906250
 906138
 906116
 905882
 905848
 905607
 905582
 905555
 905507
 905284
 905223
 905116
 905048
 904939
 904892
 904810
 904773
 904665
 904547
 904420
 904381
 904306
 904262
 904131
 903999
 903954
 903825
 903668
 903496
 903330
 903321
 903225
 903115
 902877
 902722
 902712
 902652
 902317
 901885
 901875
 901622
 901485
 901312
 901294
 901268
 901226
 901081
 900829
 900625
 900546
 900448
 900377
 900204
 900191
 900074
 899934
 899891
 899827
 899733
 899493
 899489
 899478
 899441
 899276
 899206
 898912
 898795
 898794
 898601
 898535
 898505
 898489
 898436
 898407
 898387
 898386
 898305
 898190
 897976
 897849
 897752
 897741
 897739
 897702
 897701
 897647
 897580
 897432
 897358
 897297
 897290
 896935
 896841
 896823
 896757
 896710
 896701
 896694
 896666
 896570
 896030
 895941
 895933
 895870
 895813
 895797
 895641
 895212
 895027
 894998
 894882
 894869
 894766
 894707
 894682
 894514
 894491
 894480
 894461
 894434
 894197
 894139
 894071
 894030
 893947
 893927
 893798
 893792
 893538
 893510
 893388
 893343
 893210
 893170
 892865
 892777
 892765
 892603
 892493
 892436
 892418
 892360
 892160
 892051
 892018
 891950
 891911
 891891
 891837
 891693
 891535
 891481
 891472
 891418
 891174
 891083
 891061
 890716
 890705
 890634
 890371
 890368
 890339
 890268
 890040
 890003
 889767
 889602
 889540
 889407
 889338
 889287
 889167
 889081
 889050
 889001
 888957
 888798
 888620
 888619
 888470
 888448
 888424
 888383
 888337
 888276
 888110
 888022
 887892
 887876
 887695
 887595
 887588
 887415
 887308
 887220
 887169
 887147
 886997
 886956
 886866
 886814
 886741
 886699
 886651
 886452
 886224
 885957
 885679
 885501
 885460
 885282
 885173
 885011
 884817
 884704
 884596
 884578
 884546
 884324
 884155
 884111
 884079
 883990
 883965
 883918
 883916
 883897
 883720
 883407
 883293
 883291
 883278
 883180
 883164
 883114
 883112
 883068
 882966
 882698
 882515
 882352
 882323
 882208
 882052
 881876
 881817
 881813
 881721
 881673
 881635
 881581
 881529
 881436
 881368
 881148
 880926
 880833
 880827
 880779
 880701
 880627
 880616
 880478
 880450
 880033
 879956
 879883
 879742
 879712
 879703
 879655
 879622
 879590
 879563
 879548
 879389
 879276
 879227
 879083
 878948
 878877
 878821
 878781
 878685
 878661
 878649
 878590
 878501
 878274
 878260
 878246
 878184
 878171
 878165
 878156
 878142
 878096
 877893
 877775
 877718
 877703
 877534
 877247
 877131
 877008
 876911
 876781
 876696
 876632
 876619
 876600
 876535
 876499
 876476
 876458
 876443
 876422
 876308
 876287
 876190
 876157
 875994
 875635
 875596
 875469
 875420
 875235
 875167
 874945
 874944
 874785
 874246
 874179
 874007
 873949
 873939
 873897
 873730
 873642
 873186
 873152
 873096
 873080
 873062
 873015
 872966
 872950
 872691
 872681
 872678
 872630
 872622
 872359
 872340
 872276
 872275
 872264
 872225
 871914
 871764
 871744
 871626
 871553
 871429
 871307
 871053
 871046
 870947
 870879
 870725
 870609
 870607
 870588
 870180
 870120
 870092
 869940
 869820
 869818
 869749
 869695
 869613
 869565
 869556
 869450
 869199
 868895
 868799
 868723
 868469
 868439
 868131
 868059
 867977
 867847
 867770
 867731
 867723
 867491
 867444
 867386
 867279
 867230
 867125
 867009
 866986
 866955
 866755
 866666
 866606
 866531
 866474
 866399
 866132
 865999
 865943
 865851
 865839
 865761
 865746
 865530
 865500
 865260
 865097
 865096
 865030
 864965
 864942
 864858
 864723
 864720
 864650
 864378
 864147
 864142
 863922
 863781
 863660
 863584
 863525
 863446
 863103
 862853
 862726
 862639
 862509
 862445
 862428
 862356
 862320
 862308
 862035
 861956
 861913
 861910
 861909
 861866
 861824
 861820
 861816
 861783
 861609
 861565
 861495
 861466
 861338
 861062
 860956
 860774
 860598
 860582
 860456
 860363
 860312
 859816
 859769
 859727
 859703
 859303
 859145
 859110
 859060
 858947
 858818
 858761
 858590
 858581
 858578
 858431
 858106
 858078
 857976
 857746
 857716
 857696
 857656
 857560
 857380
 857292
 857091
 857049
 856973
 856850
 856690
 856636
 856613
 856540
 856503
 856467
 856442
 856377
 856358
 856352
 856287
 856264
 856207
 855862
 855635
 854921
 854863
 854827
 854752
 854707
 854436
 854209
 854141
 854060
 853974
 853866
 853823
 853782
 853719
 853602
 853548
 853482
 853087
 852859
 852792
 852784
 852606
 852567
 852471
 852237
 852168
 852013
 851810
 851660
 851605
 851574
 851293
 851271
 851247
 851186
 851178
 851029
 850943
 850901
 850799
 850758
 850753
 850726
 850556
 850553
 850477
 850437
 850212
 850164
 850000
 849968
 849890
 849841
 849689
 849584
 849563
 849486
 849464
 849450
 849423
 849196
 849135
 849131
 848920
 848872
 848744
 848702
 848648
 848526
 848364
 848351
 848206
 848186
 848085
 848078
 848058
 848044
 847999
 847964
 847861
 847605
 847536
 847498
 847416
 847332
 847326
 847222
 847148
 846889
 846861
 846642
 846534
 846464
 846249
 846153
 845977
 845825
 845338
 845233
 845165
 844961
 844926
 844851
 844848
 844779
 844776
 844754
 844744
 844569
 844333
 844223
 844159
 844155
 844148
 843990
 843934
 843863
 843837
 843664
 843373
 843313
 843072
 842948
 842895
 842735
 842712
 842660
 842615
 842587
 842536
 842489
 842312
 842030
 842026
 841927
 841848
 841504
 841477
 841207
 840965
 840833
 840823
 840792
 840747
 840632
 840579
 840425
 840294
 840274
 840261
 840244
 840050
 840002
 839940
 839798
 839764
 839676
 839496
 839424
 839343
 839279
 839036
 838902
 838838
 838715
 838709
 838646
 838537
 838264
 838113
 837958
 837899
 837840
 837737
 837633
 837567
 837557
 837498
 837446
 837438
 837432
 837367
 837353
 837333
 836777
 836342
 836185
 836060
 835923
 835854
 835852
 835829
 835663
 835633
 835265
 835175
 835071
 835070
 835010
 834825
 834676
 834462
 834443
 834300
 833744
 833691
 833500
 833387
 833340
 833300
 833178
 833130
 833035
 833007
 832986
 832970
 832967
 832854
 832812
 832642
 832588
 832546
 832533
 832517
 832515
 832445
 832393
 832235
 832207
 831858
 831741
 831613
 831558
 831509
 831507
 831503
 831405
 831384
 831325
 831303
 831205
 830912
 830882
 830769
 830689
 830653
 830601
 830595
 830576
 830464
 830351
 830103
 829897
 829877
 829860
 829787
 829772
 829590
 829445
 829415
 829321
 829280
 829217
 829214
 829167
 828984
 828779
 828664
 828365
 828323
 828301
 828263
 828014
 827692
 827586
 827553
 827534
 827460
 827394
 827295
 826932
 826704
 826646
 826598
 826285
 826165
 826073
 826021
 825960
 825791
 825598
 825439
 825337
 825093
 825057
 824953
 824933
 824927
 824858
 824840
 824814
 824712
 824669
 824566
 824560
 824529
 824494
 824430
 824353
 824175
 824025
 823990
 823979
 823939
 823727
 823577
 823559
 823529
 823484
 823406
 823317
 823089
 823071
 822832
 822804
 822793
 822785
 822733
 822669
 822661
 822496
 822468
 822279
 822194
 822104
 821969
 821915
 821828
 821825
 821675
 821576
 821529
 821446
 821414
 821331
 821100
 821094
 821059
 821008
 821002
 820969
 820857
 820687
 820608
 820559
 820478
 820477
 820445
 820301
 820083
 819819
 819616
 819609
 819502
 819490
 819366
 819136
 819093
 819049
 818844
 818792
 818731
 818730
 818716
 818289
 818158
 818033
 817935
 817891
 817671
 817515
 817460
 817435
 817200
 817188
 817170
 817029
 816978
 816794
 816580
 816509
 816501
 816387
 816333
 816326
 816305
 816228
 816221
 816040
 815994
 815869
 815677
 815665
 815612
 815317
 815151
 815095
 815041
 815008
 814969
 814934
 814882
 814879
 814579
 814516
 814340
 814312
 814069
 813812
 813671
 813228
 813206
 812712
 812576
 812500
 812460
 812376
 812253
 812094
 811853
 811717
 811399
 811354
 811282
 811187
 811134
 810954
 810909
 810888
 810741
 810729
 810702
 810500
 810357
 810234
 810107
 810082
 810068
 810004
 809981
 809950
 809855
 809712
 809683
 809611
 809610
 809577
 809197
 809150
 809117
 809030
 809025
 808921
 808767
 808616
 808600
 808535
 808510
 808097
 808060
 807947
 807837
 807819
 807767
 807636
 807392
 807359
 807339
 807301
 807154
 807063
 806941
 806898
 806759
 806688
 806535
 806395
 806284
 806246
 806083
 806073
 806065
 805839
 805785
 805703
 805652
 805448
 805260
 805194
 804894
 804774
 804607
 804500
 804407
 804320
 804157
 804153
 804131
 804100
 804008
 803993
 803882
 803760
 803685
 803586
 803439
 803289
 803050
 803020
 802849
 802783
 802757
 802556
 802240
 802234
 802073
 801896
 801705
 801546
 801447
 801351
 801315
 801143
 801043
 801018
 800990
 800959
 800896
 800879
 800795
 800751
 800603
 800530
 800493
 800447
 800443
 800322
 800189
 800112
 800000
 799999
 799803
 799661
 799466
 799458
 799404
 799252
 799225
 799198
 799134
 799054
 798751
 798744
 798630
 798583
 798472
 798459
 798449
 798376
 798093
 798012
 798010
 797978
 797956
 797769
 797546
 797452
 797398
 797390
 797223
 797051
 796939
 796870
 796814
 796805
 796622
 796610
 796534
 796411
 796313
 796278
 796150
 795997
 795987
 795957
 795847
 795764
 795713
 795291
 795081
 795041
 795038
 795021
 794731
 794669
 794656
 794633
 794486
 794482
 794476
 794448
 794434
 794388
 794069
 793987
 793962
 793650
 793610
 793593
 793585
 793452
 793225
 793176
 793063
 792955
 792885
 792879
 792861
 792778
 792736
 792696
 792469
 792440
 792270
 792252
 792100
 792040
 792014
 791966
 791958
 791940
 791891
 791836
 791797
 791779
 791771
 791552
 791371
 791310
 791270
 791175
 791151
 791142
 791072
 791063
 790983
 790922
 790760
 790661
 790498
 790312
 790152
 790136
 790076
 790024
 789983
 789899
 789829
 789802
 789757
 789644
 789473
 789437
 789338
 789308
 789193
 789105
 789060
 788850
 788843
 788724
 788657
 788647
 788589
 788487
 788301
 788244
 788146
 788066
 788055
 788007
 787959
 787893
 787844
 787775
 787699
 787535
 787499
 787378
 787346
 787281
 787271
 787199
 787173
 787054
 786957
 786645
 786508
 786493
 786470
 786181
 785775
 785656
 785515
 785406
 785340
 785268
 785266
 785106
 784925
 784833
 784708
 784623
 784603
 784588
 784346
 784337
 784031
 783940
 783869
 783732
 783659
 783607
 783564
 783545
 783459
 783301
 783172
 783038
 782847
 782804
 782747
 782657
 782649
 782640
 782432
 782392
 782321
 782241
 782178
 782122
 782080
 782073
 782042
 781904
 781481
 781386
 781140
 781135
 781104
 780838
 780732
 780633
 780604
 780525
 780480
 780178
 780108
 779985
 779969
 779956
 779765
 779611
 779346
 779254
 779139
 778931
 778870
 778866
 778762
 778650
 778555
 778542
 778505
 778379
 778314
 778218
 778216
 777557
 777530
 777524
 777509
 777358
 777305
 777231
 777070
 776904
 776820
 776549
 776493
 776347
 776311
 776277
 776234
 776001
 775977
 775817
 775681
 775608
 775308
 775296
 774675
 774658
 774629
 774304
 774247
 773878
 773858
 773400
 773361
 773099
 773094
 773086
 772687
 772496
 772492
 772455
 772093
 772046
 771834
 771725
 771685
 771604
 771349
 771321
 771241
 771117
 771055
 770899
 770849
 770848
 770826
 770664
 770634
 770622
 770596
 770591
 770562
 770388
 770334
 769961
 769929
 769888
 769700
 769696
 769663
 769531
 769363
 769230
 769207
 769101
 768971
 768786
 768782
 768621
 768492
 768438
 768368
 768229
 768214
 768211
 768152
 767998
 767996
 767986
 767982
 767968
 767875
 767808
 767732
 767717
 767640
 767557
 767538
 767355
 766877
 766829
 766717
 766618
 766572
 766438
 766216
 766213
 766093
 766066
 766036
 765957
 765917
 765853
 765728
 765597
 765578
 765577
 765482
 765321
 764756
 764725
 764633
 764611
 764606
 764431
 764307
 764253
 764057
 763954
 763918
 763791
 763628
 763623
 763523
 763468
 763466
 763313
 762897
 762666
 762442
 762318
 762284
 762260
 762244
 762185
 762166
 762070
 762041
 761967
 761949
 761904
 761713
 761493
 761483
 761480
 761253
 761145
 761064
 761004
 760988
 760965
 760884
 760869
 760824
 760704
 760330
 760273
 760179
 760175
 760132
 759923
 759897
 759804
 759766
 759756
 759623
 759427
 759099
 759098
 759083
 759017
 758979
 758938
 758823
 758762
 758694
 758652
 758550
 758314
 758304
 758146
 758136
 758119
 758010
 757835
 757801
 757709
 757443
 757355
 757087
 756948
 756904
 756875
 756809
 756765
 756638
 756613
 756470
 756458
 756311
 756255
 756160
 755995
 755928
 755926
 755911
 755905
 755758
 755740
 755438
 755358
 755295
 755168
 755115
 754949
 754878
 754775
 754662
 754608
 754429
 754359
 754243
 754152
 753468
 753380
 753296
 753054
 752772
 752636
 752613
 752611
 752477
 752438
 752242
 752202
 751997
 751982
 751918
 751602
 751397
 751263
 751247
 751213
 751168
 751135
 751078
 751029
 750922
 750875
 750830
 750809
 750689
 750498
 750393
 750375
 750369
 750325
 750121
 750045
 750000
 749890
 749762
 749687
 749681
 749648
 749410
 749403
 749335
 749328
 748996
 748603
 748596
 748284
 748281
 748181
 748146
 747988
 747976
 747894
 747847
 747781
 747692
 747579
 747497
 747291
 747270
 747235
 747179
 747074
 746774
 746764
 746545
 746506
 746354
 746350
 746236
 746231
 746049
 746010
 745528
 745430
 745365
 745358
 745301
 745170
 744659
 744530
 744499
 744491
 744249
 744062
 743879
 743851
 743718
 743711
 743532
 743509
 743475
 743375
 743362
 743284
 743269
 743258
 743250
 742949
 742788
 742705
 742678
 742564
 742473
 742420
 742239
 742155
 742047
 742014
 741939
 741935
 741799
 741758
 741721
 741693
 741596
 741496
 741458
 741439
 741336
 741319
 741286
 741158
 741148
 741053
 741007
 740977
 740888
 740885
 740740
 740726
 740532
 740530
 740464
 740381
 740281
 739776
 739603
 739533
 739525
 739046
 739023
 738999
 738741
 738635
 738629
 738412
 738332
 738201
 738038
 738022
 738010
 737987
 737889
 737870
 737690
 737563
 737456
 737373
 737369
 737062
 736904
 736854
 736842
 736836
 736796
 736788
 736750
 736718
 736694
 736633
 736625
 736530
 736407
 736405
 736312
 736263
 736218
 736150
 736044
 736036
 735920
 735844
 735777
 735732
 735722
 735661
 735629
 735571
 735535
 735373
 735303
 735301
 735293
 735226
 735211
 734930
 734820
 734813
 734717
 734303
 734278
 734251
 734216
 734119
 734040
 734035
 733773
 733507
 733420
 733367
 733201
 733190
 733138
 733096
 732568
 732530
 732254
 732238
 732006
 731935
 731809
 731751
 731707
 731485
 731440
 731402
 731380
 731130
 731028
 730834
 730754
 730650
 730500
 730388
 730304
 730220
 729904
 729738
 729621
 729580
 729363
 729355
 729183
 729112
 728873
 728666
 728491
 728064
 727757
 727748
 727636
 727197
 727183
 727110
 727010
 727002
 726831
 726768
 726756
 726679
 726613
 726606
 726574
 726392
 726362
 726283
 726190
 726059
 726017
 725989
 725933
 725925
 725752
 725639
 725374
 725349
 725092
 725060
 724833
 724810
 724687
 724650
 724511
 724495
 724389
 724351
 724300
 724181
 724054
 724014
 723901
 723738
 723616
 723574
 723538
 723037
 722910
 722814
 722306
 722269
 722166
 722100
 722070
 722012
 721855
 721507
 721460
 721353
 721351
 721339
 721197
 721142
 720958
 720785
 720656
 720572
 720562
 720452
 720317
 720297
 720246
 720194
 720169
 720068
 719936
 719865
 719811
 719693
 719665
 719442
 719299
 719202
 718972
 718956
 718854
 718834
 718826
 718820
 718689
 718518
 718503
 718448
 718406
 718348
 718193
 717950
 717892
 717683
 717647
 717539
 717514
 717444
 717348
 716998
 716772
 716697
 716688
 716687
 716670
 716205
 716180
 715951
 715915
 715875
 715820
 715624
 715413
 715359
 715178
 715175
 715025
 714826
 714751
 714711
 714597
 714502
 714349
 714285
 714248
 714193
 713992
 713941
 713938
 713915
 713872
 713692
 713472
 713397
 713377
 713159
 713091
 713017
 712919
 712849
 712634
 712425
 712301
 712223
 712083
 711999
 711919
 711674
 711532
 711497
 711444
 711212
 711107
 711040
 710970
 710900
 710895
 710890
 710829
 710631
 710616
 710600
 710595
 710373
 710344
 710340
 710126
 710105
 710018
 709999
 709971
 709902
 709880
 709803
 709771
 709625
 709498
 709162
 709094
 709090
 709018
 709014
 708996
 708987
 708977
 708805
 708680
 708648
 708638
 708636
 708628
 708532
 708523
 708451
 708226
 708215
 707824
 707767
 707689
 707613
 707509
 707438
 707321
 707216
 706710
 706660
 706602
 706566
 706535
 706515
 706491
 706438
 706387
 706328
 706164
 706101
 706010
 705891
 705851
 705676
 705511
 705501
 705243
 704960
 704865
 704834
 704593
 704553
 704541
 704471
 704448
 704167
 704152
 703968
 703925
 703886
 703713
 703594
 703417
 702970
 702932
 702410
 702208
 701732
 701691
 701652
 701453
 701444
 701358
 701238
 701224
 701186
 701047
 701015
 700655
 700536
 700080
 700058
 700040
 700033
 700011
 699926
 699853
 699737
 699560
 699548
 699547
 699041
 698938
 698617
 698369
 698262
 697925
 697916
 697742
 697547
 697529
 697259
 697235
 697232
 697156
 697109
 697044
 696994
 696990
 696959
 696682
 696575
 696567
 696423
 695904
 695801
 695703
 695680
 695509
 695503
 695501
 695443
 695373
 695368
 695337
 695143
 695018
 694907
 694641
 694610
 694518
 694488
 694463
 694398
 694082
 693960
 693839
 693815
 693723
 693652
 693184
 693112
 693097
 693003
 692974
 692543
 692280
 692239
 692225
 692117
 692009
 691965
 691804
 691783
 691645
 691584
 691566
 691517
 691175
 691085
 690985
 690544
 690529
 690235
 690187
 690167
 689933
 689779
 689737
 689635
 689606
 689559
 689293
 689078
 688941
 688937
 688927
 688725
 688713
 688287
 688239
 687923
 687714
 687649
 687403
 687379
 687320
 687297
 687236
 687170
 687128
 687050
 686988
 686642
 686567
 686293
 686225
 686191
 686079
 686073
 685810
 685736
 685511
 685390
 685388
 685197
 685174
 685000
 684919
 684787
 684764
 684761
 684661
 684506
 684474
 684427
 684353
 684344
 684302
 684202
 684138
 684126
 684073
 684055
 684009
 683916
 683877
 683779
 683704
 683524
 683506
 683495
 683374
 683163
 683048
 683034
 683029
 682860
 682564
 682352
 682200
 682181
 682174
 681973
 681859
 681836
 681800
 681794
 681657
 681621
 681568
 681444
 681264
 681208
 680966
 680942
 680926
 680682
 680643
 680631
 680520
 680457
 680334
 680266
 679925
 679788
 679762
 679751
 679735
 679300
 679288
 679236
 679214
 678933
 678913
 678657
 678598
 678357
 678239
 678227
 678171
 678131
 678111
 677913
 677758
 677744
 677640
 677611
 677433
 677419
 677384
 677246
 677121
 676927
 676826
 676825
 676814
 676766
 676759
 676747
 676609
 676602
 676572
 676474
 676429
 676311
 676183
 675989
 675965
 675935
 675891
 675814
 675697
 675411
 675375
 675240
 675017
 674797
 674716
 674667
 674484
 674430
 674413
 674412
 674411
 674108
 674074
 674068
 674049
 673961
 673937
 673936
 673898
 673614
 673342
 673135
 673103
 672611
 672601
 672212
 672099
 671991
 671894
 671798
 671540
 671519
 671494
 671383
 671312
 671193
 671185
 671145
 671044
 671025
 671015
 670954
 670514
 670479
 670465
 670422
 670262
 670227
 670157
 670065
 669844
 669837
 669797
 669720
 669649
 669556
 669307
 669269
 669260
 669099
 669074
 669069
 668871
 668772
 668669
 668652
 668646
 668490
 668367
 668311
 668257
 668221
 668152
 668027
 668013
 667960
 667792
 667651
 667506
 667453
 667401
 667381
 667296
 667222
 667161
 666848
 666760
 666689
 666666
 666529
 666413
 666384
 666295
 666260
 666258
 666143
 666019
 666009
 665755
 665670
 665268
 665251
 665249
 665200
 665188
 665146
 665023
 664896
 664770
 664739
 664556
 664423
 664256
 664161
 664050
 664008
 663994
 663914
 663629
 663523
 663365
 663050
 663025
 663024
 662989
 662746
 662571
 662498
 662433
 662407
 662386
 662371
 662251
 662213
 661795
 661691
 661631
 661453
 661116
 661030
 661016
 661000
 660886
 660855
 660806
 660735
 660591
 660533
 660414
 660122
 660113
 659803
 659776
 659742
 659737
 659469
 659444
 659340
 659274
 659062
 658996
 658809
 658660
 658657
 658494
 658336
 658248
 658239
 658142
 657892
 657759
 657718
 657314
 657199
 657148
 656960
 656844
 656735
 656713
 656654
 656611
 656592
 656577
 656574
 656542
 656479
 656390
 656335
 656227
 656179
 655918
 655784
 655719
 655652
 655597
 655283
 655172
 655013
 654925
 654853
 654625
 654542
 654534
 654387
 654333
 654210
 654175
 654155
 654114
 654009
 653925
 653912
 653802
 653693
 653679
 653636
 653382
 653217
 652996
 652937
 652870
 652822
 652676
 652650
 652631
 652630
 652396
 652282
 652241
 652236
 652173
 652068
 652041
 651965
 651937
 651932
 651919
 651844
 651673
 651629
 651506
 651278
 651252
 651110
 650974
 650793
 650770
 650751
 650717
 650439
 650262
 650226
 650160
 649805
 649673
 649668
 649576
 649521
 649506
 649479
 648588
 648286
 648080
 648074
 648038
 647930
 647574
 647464
 647459
 647236
 647058
 646943
 646926
 646922
 646921
 646884
 646850
 646656
 646646
 646644
 646624
 646605
 646563
 646540
 646420
 646018
 645797
 645705
 645611
 645450
 645330
 645211
 644961
 644861
 644678
 644507
 644457
 644337
 644326
 644176
 644143
 644116
 643818
 643690
 643678
 643556
 643508
 643469
 643374
 643312
 643209
 643084
 642833
 642714
 642638
 642559
 642557
 642487
 642473
 642451
 642364
 641961
 641836
 641651
 641509
 641381
 641373
 641354
 641348
 641112
 641033
 641025
 640933
 640915
 640846
 640776
 640699
 640643
 640625
 640506
 640461
 640374
 640217
 640065
 640013
 639903
 639650
 639627
 639550
 639393
 639251
 639180
 639147
 639081
 638995
 638922
 638548
 638501
 638441
 638424
 638236
 637857
 637850
 637846
 637394
 637362
 637251
 637178
 637047
 636999
 636985
 636909
 636903
 636890
 636828
 636808
 636595
 636139
 635979
 635924
 635896
 635725
 635696
 635604
 635364
 635342
 635195
 635187
 635115
 635077
 635044
 635036
 634764
 634746
 634609
 634267
 634247
 634234
 634161
 634059
 633988
 633952
 633730
 633541
 633521
 633322
 633312
 633214
 633146
 633079
 633063
 632934
 632880
 632823
 632819
 632815
 632730
 632525
 632307
 632266
 632246
 632159
 632013
 631970
 631742
 631611
 631578
 631376
 631364
 631284
 631268
 631259
 631119
 631117
 631000
 630975
 630859
 630741
 630720
 630631
 630554
 630494
 630371
 630319
 630248
 630173
 630136
 630004
 629914
 629836
 629740
 629675
 629660
 629595
 629437
 629418
 629118
 629096
 628992
 628607
 628563
 628550
 628505
 628439
 628326
 628318
 628315
 628280
 627898
 627871
 627820
 627775
 627533
 627507
 627345
 627302
 627175
 626821
 626666
 626590
 626515
 626405
 626272
 626203
 626110
 626072
 625986
 625893
 625884
 625778
 625582
 625569
 625353
 625265
 625245
 625242
 625022
 625000
 624702
 624693
 624503
 624496
 624393
 624379
 624367
 624351
 624213
 624200
 624026
 624005
 624003
 623932
 623890
 623777
 623587
 623542
 623502
 623484
 623424
 623302
 623133
 623104
 623051
 622955
 622756
 622641
 622190
 622143
 622113
 621997
 621978
 621880
 621710
 621639
 621542
 621498
 621476
 621290
 621274
 621221
 621193
 621180
 620953
 620875
 620817
 620783
 620689
 620463
 620384
 620372
 620311
 620300
 620253
 620240
 620006
 619925
 619834
 619275
 619189
 619010
 619005
 618807
 618705
 618684
 618544
 618419
 618374
 618301
 618239
 618233
 618057
 618044
 618028
 617856
 617835
 617730
 617647
 617589
 617432
 617352
 617325
 617306
 617283
 617248
 617203
 617064
 616919
 616851
 616716
 616634
 616452
 616368
 616305
 616266
 616260
 616199
 616164
 615831
 615777
 615763
 615633
 615599
 615384
 615360
 615325
 615286
 614941
 614905
 614739
 614726
 614699
 614626
 614372
 614279
 614223
 614124
 614023
 613945
 613893
 613765
 613740
 613650
 613279
 613134
 612753
 612357
 612254
 612202
 611981
 611798
 611767
 611430
 611421
 611337
 611126
 611072
 611037
 611019
 611013
 610866
 610608
 610600
 610589
 610531
 610270
 610216
 610185
 609916
 609374
 609357
 609275
 609243
 609187
 609181
 608974
 608939
 608934
 608815
 608771
 608754
 608750
 608695
 608648
 608636
 608589
 608537
 608482
 608293
 608198
 608157
 608118
 608029
 607600
 607584
 607487
 607463
 607222
 606956
 606619
 606562
 606515
 606482
 606407
 606393
 606361
 606282
 606222
 605903
 605897
 605859
 605836
 605612
 605602
 605515
 605374
 605346
 605153
 604651
 604583
 604311
 604128
 604089
 604054
 603960
 603919
 603866
 603831
 603826
 603759
 603720
 603699
 603678
 603629
 603626
 603581
 603496
 603442
 603291
 603281
 603001
 602990
 602807
 602804
 602795
 602568
 602473
 602302
 602281
 602253
 602251
 602181
 602086
 602059
 601827
 601821
 601664
 601550
 601545
 601503
 601449
 601247
 601225
 600997
 600966
 600723
 600717
 600705
 600365
 600297
 600211
 600198
 600195
 600141
 600000
 599719
 599716
 599506
 599500
 599384
 599277
 598985
 598981
 598958
 598857
 598767
 598690
 598513
 598461
 598455
 598376
 598356
 598177
 598126
 597948
 597943
 597924
 597802
 597784
 597738
 597609
 597580
 597515
 597272
 597136
 597068
 596983
 596926
 596867
 596835
 596733
 596619
 596578
 596384
 596247
 596233
 596193
 596183
 596158
 596112
 596066
 595958
 595930
 595746
 595744
 595477
 595196
 595072
 594989
 594974
 594835
 594643
 594627
 594491
 594446
 594422
 594219
 594160
 594016
 593692
 593672
 593513
 593229
 593224
 593182
 593083
 592989
 592896
 592783
 592599
 592452
 592381
 592256
 592228
 592032
 592026
 592023
 591941
 591922
 591889
 591762
 591718
 591199
 591009
 590905
 590893
 590862
 590855
 590805
 590692
 590691
 590539
 590496
 590355
 590341
 590278
 590167
 590102
 589999
 589986
 589925
 589788
 589708
 589640
 589380
 589341
 589286
 589264
 588957
 588505
 588296
 588235
 588181
 588058
 588050
 588022
 587929
 587829
 587799
 587493
 587443
 587414
 587340
 587328
 587211
 587127
 587079
 587031
 587029
 586846
 586798
 586650
 586640
 586519
 586391
 586389
 586294
 586089
 585751
 585681
 585665
 585652
 585634
 585582
 585535
 585398
 585302
 585289
 585281
 585168
 585086
 584787
 584619
 584418
 584287
 584278
 584153
 584085
 583831
 583812
 583794
 583785
 583599
 583574
 583366
 583347
 583269
 583235
 583102
 583030
 582919
 582810
 582758
 582542
 582356
 582338
 582305
 582252
 581950
 581924
 581728
 581658
 581408
 581323
 581289
 581175
 581164
 581151
 581054
 581002
 580909
 580700
 580671
 580622
 580542
 580538
 580391
 580374
 580367
 580335
 580246
 580204
 580150
 579978
 579960
 579728
 579627
 579520
 579484
 579468
 579205
 579050
 578954
 578817
 578269
 578152
 578083
 577846
 577835
 577812
 577612
 577503
 577420
 577307
 577289
 577235
 577206
 577159
 577107
 576783
 576654
 576575
 576536
 576508
 576449
 576295
 576028
 576012
 575895
 575738
 575721
 575459
 575435
 575313
 575300
 575281
 574904
 574796
 574750
 574711
 574518
 574361
 574235
 574162
 573935
 573926
 573922
 573878
 573790
 573748
 573678
 573670
 573553
 573389
 573333
 573106
 573006
 572987
 572951
 572840
 572496
 572453
 572375
 572295
 572080
 571937
 571850
 571789
 571713
 571687
 571630
 571549
 571463
 571428
 571321
 571259
 571182
 571069
 570907
 570874
 570837
 570782
 570723
 570714
 570526
 570490
 570150
 570071
 570065
 570016
 570015
 569685
 569511
 569508
 569492
 569309
 569134
 569128
 569105
 568967
 568650
 568475
 568247
 568174
 568095
 567984
 567567
 567532
 567410
 567158
 566733
 566719
 566676
 566539
 566519
 566462
 566413
 566326
 566292
 566083
 565705
 565591
 565508
 565226
 565103
 564995
 564789
 564746
 564727
 564698
 564662
 564651
 564467
 564328
 564247
 563977
 563944
 563933
 563654
 563619
 563603
 563581
 563562
 563453
 563421
 563289
 563206
 563141
 563082
 562958
 562907
 562839
 562818
 562804
 562740
 562721
 562638
 562168
 562073
 562043
 561861
 561664
 561584
 561494
 561204
 561200
 561160
 561106
 560697
 560600
 560473
 560298
 560158
 560135
 560029
 560000
 559825
 559705
 559513
 559483
 559408
 559370
 559322
 559318
 558769
 558499
 558428
 558388
 558385
 558370
 558249
 558120
 558069
 557860
 557823
 557798
 557733
 557650
 557597
 557551
 557540
 557522
 557450
 557382
 557379
 557251
 557195
 557133
 557020
 556970
 556722
 556552
 556551
 556541
 556306
 556273
 556109
 555844
 555813
 555692
 555589
 555555
 555324
 555266
 555189
 555127
 555108
 555014
 554731
 554639
 554630
 554581
 554478
 554411
 554385
 554360
 554351
 554220
 554211
 554111
 554098
 554039
 553572
 553538
 553488
 553203
 552924
 552890
 552729
 552671
 552647
 552597
 552542
 552285
 552280
 551971
 551935
 551604
 551589
 551398
 551292
 551223
 551145
 551054
 551037
 551028
 550964
 550894
 550807
 550767
 550495
 550433
 550387
 550344
 550318
 550306
 550234
 550151
 550117
 550023
 549773
 549534
 549450
 549432
 549423
 549415
 549355
 549170
 549139
 548940
 548803
 548799
 548643
 548641
 548416
 548387
 548343
 547913
 547902
 547896
 547884
 547861
 547572
 547547
 547534
 547486
 547468
 547346
 547317
 547129
 547068
 546973
 546837
 546800
 546501
 546492
 546396
 546391
 546351
 546123
 545896
 545807
 545686
 545594
 545454
 545440
 545417
 545410
 545279
 545164
 545130
 545092
 545006
 544993
 544939
 544587
 544204
 543827
 543798
 543734
 543633
 543482
 543272
 543117
 542981
 542857
 542768
 542644
 542285
 542116
 542108
 542061
 541778
 541616
 541573
 541363
 541284
 541278
 541151
 541113
 541062
 540931
 540875
 540697
 540513
 540482
 540423
 540021
 540004
 539872
 539856
 539539
 539501
 539470
 539453
 539282
 539170
 539007
 539001
 538614
 538542
 538533
 538491
 538417
 538330
 538313
 538163
 538072
 538036
 537863
 537764
 537542
 537455
 537169
 537139
 537025
 536997
 536610
 536578
 536410
 536319
 536240
 536069
 536062
 536039
 536034
 536033
 536014
 535870
 535816
 535782
 535642
 535610
 535601
 535583
 535401
 534958
 534938
 534811
 534537
 534374
 534228
 534106
 533957
 533830
 533684
 533673
 533634
 533493
 533376
 533333
 533327
 533153
 533000
 532934
 532888
 532723
 532692
 532680
 532533
 532296
 532176
 531909
 531615
 531606
 531362
 531293
 531284
 531149
 530997
 530890
 530592
 530534
 530508
 530475
 530282
 530141
 530137
 530076
 529991
 529773
 529680
 529613
 529411
 529282
 529202
 528925
 528890
 528821
 528624
 528600
 528577
 528568
 528447
 527940
 527854
 527564
 527536
 527490
 527426
 527401
 527394
 527356
 527316
 527073
 526933
 526827
 526594
 526517
 526236
 526130
 526001
 525860
 525773
 525706
 525696
 525635
 525632
 525497
 525481
 525452
 525428
 525419
 525352
 525321
 525175
 525059
 524923
 524718
 524642
 524498
 524391
 524163
 524115
 523747
 523716
 523473
 523448
 523368
 523315
 523193
 523015
 522877
 522752
 522727
 522444
 522266
 522259
 522252
 522234
 522128
 522120
 522051
 521739
 521578
 521466
 521370
 521369
 521358
 521245
 521032
 520854
 520813
 520654
 520575
 520560
 520554
 520551
 520514
 520376
 520023
 519983
 519880
 519737
 519725
 519594
 519573
 519489
 519375
 519370
 519329
 519156
 519100
 518831
 518818
 518809
 518798
 518714
 518518
 518438
 518377
 518218
 518170
 518142
 518013
 517911
 517850
 517761
 517714
 517606
 517455
 517424
 517276
 517199
 516907
 516680
 516646
 516620
 516579
 516523
 516469
 516453
 516306
 516240
 516014
 515987
 515909
 515873
 515823
 515794
 515789
 515680
 515618
 515601
 515422
 515309
 515259
 515145
 515119
 515068
 514934
 514866
 514864
 514854
 514692
 514622
 514610
 514534
 514403
 514386
 514337
 514311
 514285
 514258
 514137
 514100
 514058
 514045
 513944
 513888
 513796
 513661
 513566
 513525
 513106
 513064
 513005
 512961
 512953
 512753
 512745
 512583
 512371
 512367
 512336
 512283
 512259
 512243
 512181
 512021
 511986
 511958
 511627
 511593
 511221
 511137
 511109
 511087
 510940
 510885
 510849
 510843
 510815
 510704
 510514
 510501
 510250
 510078
 510074
 510024
 510008
 509960
 509935
 509849
 509549
 509485
 509479
 509398
 509397
 509314
 509202
 509088
 509055
 508988
 508973
 508952
 508916
 508903
 508875
 508832
 508787
 508722
 508598
 508462
 508271
 508270
 508143
 508110
 508108
 508070
 507641
 507622
 507597
 507482
 507478
 507469
 507387
 507299
 507282
 507231
 507186
 507176
 507087
 507042
 506983
 506839
 506673
 506437
 506432
 506357
 506292
 506260
 506245
 505967
 505859
 505856
 505753
 505748
 505715
 505698
 505579
 505489
 505449
 505053
 504930
 504896
 504621
 504608
 504587
 504532
 504347
 504256
 504250
 504219
 504194
 503956
 503792
 503723
 503448
 503335
 503225
 503002
 502702
 502608
 502581
 502503
 502419
 502272
 502194
 502165
 501914
 501784
 501702
 501686
 501549
 501364
 501047
 500856
 500789
 500680
 500600
 500508
 500407
 500348
 500307
 500295
 500020
 500000
 499815
 499771
 499568
 499494
 499239
 499158
 499034
 498698
 498684
 498629
 498619
 498579
 498542
 498522
 498477
 498459
 498445
 498312
 498242
 498085
 498041
 497981
 497868
 497705
 497665
 497614
 497539
 497509
 497323
 497303
 497215
 497158
 497047
 497000
 496692
 496564
 496527
 496410
 496365
 496318
 496246
 496144
 496124
 496122
 496043
 495722
 495671
 495479
 495473
 495284
 495264
 495182
 495153
 495050
 494979
 494901
 494887
 494845
 494838
 494749
 494645
 494392
 494324
 494281
 494270
 494006
 493992
 493900
 493887
 493882
 493606
 493605
 493338
 493087
 492817
 492784
 492542
 492403
 492288
 492206
 492063
 491952
 491931
 491928
 491803
 491744
 491691
 491687
 491686
 491412
 491408
 491343
 491287
 491106
 490909
 490684
 490553
 490539
 490489
 490483
 490173
 489927
 489862
 489723
 489707
 489638
 489633
 489542
 489344
 489216
 489028
 488928
 488876
 488873
 488799
 488795
 488652
 488518
 488359
 488226
 488089
 487949
 487925
 487738
 487730
 487658
 487590
 487554
 487551
 487440
 487351
 487348
 487309
 487191
 487183
 487161
 486916
 486893
 486840
 486696
 486495
 486477
 486415
 486349
 486187
 486166
 485906
 485873
 485746
 485673
 485494
 485493
 485477
 485263
 485242
 485194
 485124
 485001
 484848
 484703
 484638
 484621
 484610
 484504
 484188
 484169
 484020
 483957
 483906
 483905
 483775
 483772
 483706
 483648
 483608
 483594
 483577
 483574
 483377
 483328
 483025
 482946
 482888
 482758
 482734
 482555
 482517
 482476
 482425
 482317
 482244
 482182
 482076
 482002
 481988
 481943
 481894
 481850
 481723
 481682
 481668
 481481
 481460
 481122
 480885
 480876
 480816
 480624
 480602
 480522
 480392
 480275
 479928
 479904
 479899
 479802
 479609
 479484
 479476
 479116
 478804
 478772
 478651
 478464
 478351
 478305
 478300
 478260
 478230
 478189
 478183
 478102
 478057
 477905
 477649
 477285
 477227
 477103
 477054
 476925
 476671
 476570
 476547
 476503
 476417
 476313
 476207
 476096
 476063
 475980
 475942
 475863
 475671
 475642
 475522
 475494
 475485
 475284
 475037
 474977
 474883
 474875
 474864
 474786
 474548
 474351
 474058
 473982
 473873
 473584
 473568
 473537
 473532
 473483
 473436
 473274
 472934
 472758
 472697
 472604
 472544
 472527
 472434
 472318
 472173
 472168
 471953
 471947
 471867
 471835
 471811
 471633
 471577
 471566
 471486
 471414
 471307
 471170
 471111
 470778
 470695
 470433
 470284
 470279
 470201
 470174
 469965
 469798
 469775
 469632
 469625
 469571
 469417
 469373
 469346
 469160
 469126
 468867
 468592
 468477
 468468
 468446
 468411
 468374
 468288
 468248
 468245
 468177
 468083
 467831
 467429
 467321
 467120
 467083
 467062
 467028
 466878
 466864
 466741
 466727
 466666
 466590
 466557
 466529
 466268
 466107
 466093
 465752
 465688
 465065
 464889
 464558
 464524
 464324
 464323
 464165
 463970
 463921
 463911
 463865
 463516
 463362
 463243
 463109
 463097
 462966
 462924
 462918
 462887
 462862
 462809
 462640
 462507
 462354
 462286
 462195
 462017
 461975
 461928
 461714
 461697
 461538
 461411
 461214
 461162
 460921
 460835
 460810
 460654
 460448
 460354
 460316
 460190
 460079
 460052
 460043
 459969
 459930
 459829
 459566
 459522
 459459
 459419
 459303
 459197
 459097
 459028
 458949
 458912
 458653
 458404
 458397
 458302
 458213
 458181
 457917
 457820
 457765
 457759
 457708
 457627
 457489
 457046
 456912
 456831
 456708
 456692
 456305
 456249
 456140
 455949
 455938
 455859
 455791
 455737
 455632
 455609
 455207
 454937
 454923
 454850
 454786
 454596
 454545
 454530
 454493
 454441
 454413
 454383
 454299
 454203
 454193
 454155
 454138
 453884
 453820
 453766
 453569
 453493
 453456
 453427
 453407
 453336
 452978
 452976
 452901
 452834
 452451
 452318
 451981
 451820
 451819
 451523
 451476
 451429
 451302
 451076
 450881
 450847
 450810
 450785
 450744
 450719
 450704
 450675
 450547
 450427
 450409
 450335
 450324
 450307
 449903
 449874
 449626
 449607
 449546
 449505
 449493
 449453
 449430
 449252
 449228
 449165
 448843
 448802
 448759
 448693
 448646
 448450
 448401
 448106
 448036
 447947
 447941
 447540
 447450
 447376
 447272
 447184
 447108
 446971
 446808
 446454
 446342
 446327
 446166
 446156
 446122
 445973
 445947
 445925
 445757
 445716
 445317
 445243
 445030
 444834
 444791
 444672
 444571
 444306
 444243
 444158
 444152
 444044
 443991
 443923
 443715
 443707
 443682
 443599
 443587
 443555
 443466
 443438
 443364
 443127
 442978
 442940
 442717
 442703
 442655
 442585
 442579
 442555
 442453
 442399
 442260
 442183
 442122
 442116
 442094
 442040
 441988
 441879
 441860
 441810
 441322
 441293
 441251
 441157
 441080
 441023
 441022
 440784
 440735
 440716
 440610
 440400
 440334
 440123
 440070
 440027
 440000
 439962
 439958
 439910
 439899
 439753
 439705
 439635
 439598
 439569
 439560
 439556
 439471
 439417
 439361
 439356
 439271
 439126
 439037
 438912
 438713
 438537
 438325
 438297
 438272
 438217
 438137
 438050
 437908
 437861
 437717
 437573
 437523
 437314
 437306
 437304
 437095
 437086
 437019
 436963
 436617
 436586
 436464
 436436
 436341
 436255
 436241
 436144
 436073
 436052
 435919
 435873
 435818
 435571
 435570
 435481
 435440
 435401
 435353
 435294
 435245
 435232
 435197
 435180
 435178
 434843
 434670
 434648
 434542
 434514
 434443
 434224
 434130
 433921
 433889
 433799
 433635
 433502
 433492
 433456
 433357
 433323
 433267
 433234
 432732
 432717
 432672
 432665
 432607
 432426
 432300
 432244
 432084
 432072
 432024
 432022
 431894
 431692
 431677
 431441
 431375
 431372
 431211
 431162
 431147
 430961
 430902
 430848
 430769
 430420
 430324
 430293
 430072
 430037
 430029
 429978
 429943
 429905
 429799
 429648
 429629
 429475
 429425
 429356
 429343
 429321
 429221
 429046
 428970
 428957
 428904
 428830
 428735
 428640
 428571
 428527
 428510
 428444
 428429
 428402
 428299
 428254
 428104
 428014
 427697
 427628
 427416
 427363
 427269
 427153
 426784
 426566
 426325
 425764
 425736
 425401
 425277
 425142
 425141
 425099
 425002
 424681
 424673
 424579
 424561
 424460
 424443
 424408
 424383
 424190
 424181
 424143
 424126
 424054
 424013
 423991
 423882
 423871
 423728
 423726
 423520
 423327
 423287
 423283
 423234
 423124
 423054
 423000
 422834
 422565
 422462
 422459
 422322
 422284
 421748
 421736
 421668
 421602
 421543
 421532
 421466
 421455
 421343
 421242
 421235
 421058
 420948
 420828
 420427
 420348
 420195
 420133
 420108
 420102
 420100
 419918
 419695
 419597
 419554
 419517
 419454
 419330
 419235
 419019
 418974
 418888
 418824
 418801
 418790
 418643
 418533
 418433
 418389
 418363
 418238
 418167
 418143
 418065
 417967
 417905
 417771
 417770
 417737
 417670
 417650
 417642
 417588
 417398
 417254
 417083
 417070
 417016
 416819
 416671
 416641
 416486
 416204
 415985
 415815
 415812
 415686
 415603
 415531
 415473
 415372
 415355
 415281
 414982
 414918
 414596
 414535
 414461
 414444
 414244
 414223
 413955
 413904
 413807
 413793
 413675
 413666
 413620
 413605
 413383
 413242
 413146
 413084
 412958
 412938
 412868
 412839
 412800
 412525
 412444
 412290
 412200
 412148
 411957
 411941
 411827
 411808
 411483
 411423
 411345
 411231
 411067
 410916
 410853
 410851
 410788
 410692
 410683
 410587
 410555
 410526
 410519
 410511
 410269
 410205
 410011
 409904
 409770
 409766
 409618
 409547
 409518
 409494
 409457
 409106
 408870
 408839
 408764
 408726
 408693
 408683
 408502
 408403
 408396
 408357
 408263
 408255
 408121
 408059
 408030
 408022
 407863
 407731
 407715
 407707
 407623
 407541
 407495
 407443
 407369
 406990
 406973
 406732
 406619
 406536
 406209
 406093
 406082
 405933
 405889
 405714
 405463
 405412
 405300
 405233
 405116
 405072
 405028
 405016
 404902
 404886
 404536
 404515
 404494
 404249
 404172
 403958
 403937
 403813
 403629
 403461
 403450
 403397
 403379
 403317
 403252
 403077
 402893
 402813
 402785
 402683
 402652
 402605
 402498
 402214
 402196
 402170
 402169
 402068
 402037
 401973
 401833
 401528
 401444
 401384
 401215
 400993
 400896
 400866
 400841
 400822
 400749
 400637
 400450
 400444
 400222
 400090
 400052
 400000
 399999
 399820
 399482
 399326
 399261
 399176
 398907
 398781
 398686
 398396
 398378
 398251
 397938
 397873
 397837
 397658
 397656
 397598
 397567
 397564
 397443
 397383
 397370
 397086
 396912
 396833
 396707
 396681
 396670
 396664
 396569
 396559
 396316
 396205
 396063
 396054
 396011
 395993
 395986
 395774
 395480
 395357
 395348
 395335
 395279
 395023
 394843
 394793
 394666
 394636
 394627
 394616
 394523
 394003
 393777
 393763
 393735
 393686
 393652
 393513
 393461
 393350
 393190
 393071
 392960
 392930
 392923
 392784
 392734
 392650
 392632
 392590
 392348
 392286
 392086
 392062
 392005
 392001
 391584
 391517
 391468
 391411
 391367
 391304
 391030
 390976
 390956
 390897
 390778
 390498
 390472
 390446
 390363
 390311
 390221
 390185
 390114
 390081
 390007
 389853
 389844
 389841
 389834
 389791
 389684
 389638
 389540
 389534
 389440
 389412
 389330
 389246
 389144
 389134
 389016
 388958
 388854
 388750
 388642
 388489
 388258
 388243
 388030
 388013
 387961
 387888
 387842
 387765
 387755
 387685
 387596
 387541
 387531
 387492
 387431
 387409
 387216
 387000
 386949
 386901
 386846
 386723
 386624
 386591
 386472
 386367
 386339
 386302
 386250
 386201
 386142
 385948
 385906
 385747
 385675
 385659
 385565
 385341
 385294
 385005
 384993
 384948
 384919
 384892
 384889
 384679
 384552
 384472
 384360
 384286
 384215
 384091
 383966
 383956
 383949
 383841
 383763
 383735
 383733
 383713
 383655
 383645
 383400
 382962
 382914
 382902
 382524
 382475
 382425
 382209
 382115
 382097
 382005
 381819
 381727
 381704
 381672
 381289
 381224
 381192
 381163
 381061
 381052
 380992
 380922
 380902
 380772
 380609
 380361
 380244
 380224
 380201
 380197
 380176
 380035
 379888
 379765
 379504
 379464
 379435
 379379
 379373
 379314
 379258
 379204
 379162
 379025
 378984
 378780
 378714
 378680
 378660
 378296
 378243
 378174
 378143
 378136
 378093
 378084
 378014
 377657
 377624
 377585
 376675
 376588
 376322
 376280
 376068
 375926
 375491
 375399
 375276
 375210
 375104
 374605
 374351
 374297
 374197
 374038
 373993
 373829
 373801
 373748
 373654
 373638
 373637
 373613
 373494
 373294
 373177
 373176
 373174
 373108
 372624
 372542
 372530
 372476
 372438
 372332
 372326
 372298
 372290
 372130
 372124
 372086
 371929
 371900
 371873
 371755
 371715
 371593
 371343
 371279
 371161
 370931
 370720
 370665
 370642
 370615
 370529
 370456
 370414
 370370
 370363
 370317
 370310
 369882
 369655
 369442
 369389
 369359
 369318
 369287
 369230
 368779
 368575
 368482
 368425
 368345
 368332
 368262
 367875
 367798
 367421
 367324
 367314
 367247
 367229
 367172
 367167
 367147
 367142
 366935
 366789
 366771
 366609
 366606
 366559
 366209
 366118
 366044
 366032
 365924
 365822
 365817
 365772
 365732
 365557
 365462
 365236
 364862
 364856
 364824
 364814
 364754
 364631
 364490
 364312
 364241
 364108
 363898
 363822
 363767
 363391
 363373
 363195
 362933
 362831
 362820
 362720
 362545
 362446
 362235
 362007
 362000
 361938
 361832
 361797
 361593
 361493
 361479
 361202
 361178
 360817
 360749
 360688
 360617
 360444
 360350
 360298
 360175
 360134
 360091
 359966
 359920
 359809
 359358
 359322
 359160
 358878
 358555
 358498
 358477
 358450
 358414
 358357
 358347
 358287
 358238
 358197
 358120
 357942
 357865
 357847
 357818
 357741
 357560
 357429
 357398
 357387
 357351
 357306
 357152
 356917
 356764
 356719
 356697
 356683
 356682
 356613
 356389
 356301
 356178
 356177
 355960
 355538
 355533
 355503
 355354
 355283
 355174
 355091
 354981
 354862
 354707
 354670
 354610
 354583
 354518
 354415
 354385
 354241
 354098
 354089
 354026
 354008
 353899
 353447
 353413
 353356
 353342
 353084
 353070
 352941
 352889
 352885
 352848
 352780
 352600
 352599
 352558
 352425
 352348
 352338
 352316
 352250
 352191
 351671
 351620
 351342
 351333
 351308
 351125
 350933
 350890
 350867
 350450
 350298
 350284
 350222
 350199
 350177
 350174
 350110
 350081
 350055
 350045
 349887
 349635
 349630
 349593
 349573
 349418
 349264
 349069
 349021
 348964
 348956
 348870
 348855
 348284
 348260
 348230
 348164
 348081
 348007
 348003
 347863
 347826
 347809
 347701
 347396
 347381
 347372
 347336
 347207
 347131
 347101
 347054
 346938
 346900
 346839
 346834
 346649
 346562
 346537
 346312
 346206
 346177
 346149
 346099
 345952
 345869
 345219
 345152
 345106
 345073
 345068
 345020
 344860
 344734
 344658
 344569
 344123
 344072
 344067
 343952
 343928
 343918
 343900
 343863
 343834
 343651
 343617
 343501
 343407
 343371
 343220
 343157
 342582
 342408
 342320
 342273
 342011
 341955
 341837
 341780
 341734
 341405
 341298
 341250
 341220
 341208
 341204
 341200
 341089
 340992
 340930
 340843
 340666
 340587
 340569
 340548
 340503
 340486
 340425
 340371
 340217
 340043
 339954
 339940
 339935
 339915
 339798
 339722
 339622
 339588
 339425
 339390
 339361
 339152
 339144
 339100
 339074
 338994
 338978
 338928
 338910
 338883
 338874
 338828
 338796
 338782
 338775
 338765
 338571
 338557
 338137
 337986
 337891
 337692
 337652
 337333
 337142
 337010
 336993
 336928
 336872
 336752
 336665
 336585
 336439
 336345
 336099
 336088
 335752
 335714
 335511
 335280
 335196
 335165
 335155
 335081
 335025
 334995
 334965
 334964
 334892
 334856
 334726
 334667
 334532
 334362
 334331
 334280
 333887
 333843
 333838
 333502
 333429
 333333
 333245
 333000
 332983
 332974
 332931
 332908
 332782
 332687
 332610
 332398
 332184
 332163
 331958
 331753
 331715
 331714
 331374
 331373
 331189
 331019
 330992
 330807
 330762
 330714
 330401
 330339
 330301
 330239
 330201
 330175
 330000
 329909
 329856
 329813
 329722
 329614
 329598
 329512
 329508
 329230
 329197
 329090
 329032
 329023
 329018
 328972
 328859
 328846
 328828
 328765
 328695
 328378
 328376
 328358
 328292
 328222
 327980
 327897
 327815
 327637
 327607
 327576
 327536
 327488
 327324
 327229
 327223
 327207
 326860
 326843
 326842
 326693
 326636
 326605
 326572
 326282
 326245
 326109
 325993
 325966
 325913
 325820
 325732
 325702
 325666
 325578
 325565
 325379
 325214
 325200
 324873
 324786
 324738
 324595
 324503
 324378
 324217
 324037
 323972
 323953
 323649
 323637
 323465
 323458
 323134
 323088
 322988
 322902
 322680
 322648
 322591
 322505
 322437
 322424
 322124
 322101
 322027
 321879
 321869
 321792
 321780
 321732
 321464
 321436
 321407
 321379
 321360
 321310
 321281
 321113
 320940
 320704
 320701
 320618
 320614
 320536
 320357
 320350
 320228
 320214
 320213
 319802
 319763
 319702
 319640
 319609
 319541
 319039
 318964
 318868
 318840
 318826
 318779
 318690
 318618
 318535
 318464
 318368
 318356
 318207
 318175
 318118
 317959
 317706
 317640
 317574
 317453
 317297
 317257
 317249
 317226
 317185
 317070
 317062
 317021
 317014
 316755
 316561
 316489
 316386
 316239
 316187
 316181
 316170
 316036
 315993
 315934
 315835
 315161
 315149
 314935
 314855
 314623
 314432
 314303
 314269
 314004
 313961
 313708
 313600
 313592
 313478
 313424
 313373
 313190
 313012
 312652
 312586
 312500
 312383
 312202
 312024
 311994
 311808
 311627
 311525
 311349
 311247
 311107
 311087
 310935
 310715
 310397
 310262
 310183
 309687
 309585
 309479
 309092
 309062
 308865
 308762
 308744
 308621
 308586
 308486
 308414
 308366
 308332
 308302
 308222
 308024
 307846
 307838
 307795
 307749
 307590
 307458
 307368
 307230
 307214
 307184
 307116
 306986
 306952
 306777
 306766
 306763
 306479
 306352
 306293
 306292
 306224
 306137
 306136
 306079
 306001
 305957
 305913
 305657
 305304
 305297
 305252
 305247
 305177
 305158
 304937
 304825
 304707
 304601
 304535
 304485
 304461
 304439
 304434
 304366
 304079
 304031
 303971
 303703
 303692
 303683
 303658
 303631
 303610
 303555
 303549
 303456
 303306
 303150
 302878
 302818
 302788
 302606
 302562
 302547
 302540
 302494
 302423
 302325
 302131
 301878
 301848
 301776
 301766
 301540
 301402
 301211
 301184
 300982
 300789
 300757
 300710
 300583
 300561
 300487
 300224
 300210
 300182
 300147
 299957
 299829
 299828
 299813
 299771
 299683
 299634
 299625
 299618
 299533
 299440
 299421
 299376
 299329
 299284
 299254
 299181
 299125
 299065
 298654
 298483
 298453
 298426
 298306
 298136
 298128
 298113
 297904
 297506
 297492
 297218
 297201
 297186
 297142
 297067
 296833
 296819
 296738
 296723
 296272
 296117
 296021
 295813
 295798
 295755
 295613
 295533
 295528
 295217
 295107
 295034
 294980
 294757
 294317
 294187
 293959
 293909
 293906
 293856
 293683
 293633
 293597
 293571
 293438
 293402
 293396
 293363
 293333
 293290
 293099
 293083
 293030
 292889
 292724
 292641
 292587
 292535
 292525
 292426
 292401
 292181
 292041
 292017
 292015
 291954
 291838
 291804
 291793
 291787
 291780
 291760
 291738
 291682
 291661
 291524
 290986
 290909
 290822
 290787
 290786
 290732
 290729
 290696
 290683
 290661
 290656
 290367
 290216
 290138
 290077
 290076
 290068
 290040
 289938
 289922
 289904
 289833
 289655
 289569
 289522
 289470
 289441
 289394
 289256
 289219
 289170
 289057
 289037
 288824
 288635
 288544
 288232
 287947
 287867
 287834
 287640
 287628
 287615
 287569
 287356
 286999
 286998
 286930
 286881
 286840
 286830
 286778
 286591
 286247
 286219
 286190
 286090
 285960
 285959
 285735
 285600
 285467
 285401
 285318
 285298
 285136
 285111
 285086
 284988
 284923
 284912
 284893
 284886
 284847
 284372
 284164
 283839
 283527
 283234
 283113
 283087
 283018
 282907
 282904
 282850
 282755
 282697
 282679
 282635
 282552
 282460
 282451
 282378
 282368
 282352
 282290
 282266
 282121
 282005
 281870
 281852
 281849
 281698
 281362
 281317
 281151
 281148
 281081
 280959
 280867
 280821
 280679
 280393
 280129
 280109
 280106
 280040
 279999
 279737
 279671
 279381
 279112
 279069
 279007
 278923
 278890
 278848
 278822
 278751
 278731
 278602
 278588
 278535
 278470
 278431
 278341
 278280
 278265
 278250
 278145
 277992
 277908
 277830
 277699
 277672
 277544
 277531
 277464
 277128
 277099
 277019
 276961
 276944
 276919
 276886
 276804
 276681
 276509
 276336
 276324
 276194
 276129
 275984
 275910
 275862
 275807
 275746
 275580
 275569
 275496
 275307
 275269
 275229
 275000
 274931
 274911
 274905
 274833
 274716
 274527
 274405
 274042
 273983
 273955
 273820
 273789
 273778
 273684
 273613
 273514
 273506
 273408
 273127
 272943
 272929
 272921
 272710
 272630
 272592
 272547
 272516
 272215
 272175
 272169
 272144
 272132
 271963
 271805
 271770
 271765
 271700
 271452
 271325
 271213
 271062
 270879
 270872
 270864
 270726
 270620
 270615
 270364
 270345
 270329
 270135
 269889
 269879
 269786
 269521
 269461
 269209
 269171
 269151
 269078
 269009
 268984
 268946
 268933
 268922
 268873
 268768
 268722
 268557
 268493
 268462
 267996
 267865
 267548
 267335
 267296
 267180
 267062
 267038
 267017
 266810
 266669
 266666
 266547
 266206
 265992
 265898
 265832
 265420
 265177
 264840
 264809
 264723
 264633
 264509
 264272
 264271
 264233
 264160
 263761
 263736
 263615
 263562
 263531
 263460
 263456
 263269
 263157
 263146
 262842
 262829
 262731
 262658
 262447
 262413
 262345
 262295
 262215
 261968
 261728
 261483
 261329
 261311
 261285
 261237
 261217
 261151
 261127
 260846
 260809
 260731
 260637
 260610
 260512
 260405
 260349
 260337
 260226
 259941
 259892
 259655
 259646
 259622
 259536
 259378
 259349
 259317
 259233
 259136
 259093
 259057
 258959
 258753
 258669
 258603
 258379
 258321
 258245
 258018
 258008
 258000
 257698
 257541
 257493
 257389
 257383
 257314
 257219
 257049
 256943
 256867
 256847
 256791
 256726
 256641
 256637
 256564
 256439
 256349
 256239
 256126
 255983
 255972
 255916
 255844
 255614
 255276
 255183
 254880
 254866
 254852
 254794
 254747
 254689
 254642
 254571
 254526
 254480
 254406
 254355
 254291
 254145
 254113
 254088
 253881
 253780
 253641
 253639
 253431
 253341
 253237
 252947
 252933
 252915
 252813
 252807
 252761
 252729
 252672
 252616
 252497
 252473
 252369
 252324
 252152
 252067
 252062
 251898
 251885
 251440
 251391
 251198
 251188
 251034
 251000
 250890
 250856
 250727
 250496
 250444
 250433
 250335
 250256
 249966
 249961
 249944
 249895
 249761
 249760
 249750
 249622
 249603
 249585
 249583
 249558
 249434
 249407
 249333
 249327
 249314
 249246
 249197
 249192
 249079
 249032
 249031
 248982
 248820
 248673
 248636
 248618
 248535
 248482
 248365
 248344
 248312
 248132
 247941
 247895
 247876
 247863
 247855
 247757
 247695
 247475
 247269
 247100
 247030
 246761
 246724
 246443
 246360
 246312
 246285
 246211
 246209
 245998
 245974
 245898
 245792
 245765
 245754
 245673
 245666
 245476
 245406
 245266
 245248
 245227
 245224
 244948
 244945
 244876
 244690
 244682
 244598
 244532
 244246
 244215
 244113
 244101
 243940
 243934
 243809
 243762
 243674
 243647
 243545
 243497
 243364
 243243
 243181
 243046
 242884
 242780
 242774
 242558
 242548
 242486
 242420
 242087
 242053
 241896
 241817
 241710
 241604
 241524
 241516
 241498
 241478
 241379
 241360
 241327
 241103
 241051
 240966
 240963
 240796
 240783
 240707
 240591
 240472
 240384
 240315
 240299
 240220
 240179
 240006
 239600
 239532
 239520
 239397
 239329
 239285
 239227
 239099
 239075
 239069
 238985
 238941
 238682
 238201
 238174
 237867
 237786
 237712
 237660
 237588
 237431
 237375
 237246
 236996
 236989
 236900
 236895
 236714
 236646
 236306
 236292
 236239
 236207
 235886
 235873
 235581
 235559
 235541
 235516
 235289
 235261
 235231
 235119
 234878
 234861
 234690
 234648
 234518
 234427
 234089
 233806
 233590
 233541
 233442
 233427
 233209
 233041
 232951
 232851
 232499
 232483
 232442
 232408
 231909
 231901
 231858
 231753
 231748
 231518
 231412
 231350
 231319
 231295
 231171
 231094
 230966
 230769
 230713
 230708
 230661
 230605
 230456
 230452
 230355
 230210
 230196
 230181
 230164
 230120
 230105
 230031
 229937
 229783
 229769
 229755
 229752
 229698
 229666
 229612
 229265
 229132
 229085
 229004
 228976
 228973
 228750
 228577
 228291
 228288
 228086
 227994
 227967
 227780
 227678
 227642
 227586
 227574
 227570
 227390
 227246
 227190
 226959
 226945
 226869
 226812
 226790
 226501
 226440
 226277
 226254
 226229
 226132
 226117
 225930
 225653
 225572
 225540
 225475
 225403
 225394
 225389
 225368
 225312
 225242
 225157
 225145
 224912
 224823
 224604
 224525
 224489
 224322
 224294
 224255
 224084
 224073
 224035
 223989
 223938
 223915
 223816
 223765
 223710
 223658
 223644
 223451
 223297
 223260
 223201
 223181
 223110
 223084
 223080
 223057
 222949
 222927
 222805
 222793
 222761
 222596
 222421
 222222
 222184
 222180
 222112
 222047
 222003
 221996
 221983
 221653
 221586
 221396
 221308
 221288
 220997
 220793
 220728
 220068
 219806
 219727
 219668
 219634
 219512
 219404
 219289
 219241
 219125
 219088
 218946
 218907
 218899
 218788
 218697
 218615
 218485
 218473
 218295
 218272
 218220
 218218
 218212
 218146
 218122
 217998
 217974
 217866
 217694
 217597
 217512
 217281
 217220
 217175
 217150
 217097
 216993
 216887
 216730
 216104
 215884
 215760
 215577
 215573
 215512
 215499
 215424
 215406
 215264
 215208
 215169
 215071
 214936
 214569
 214562
 214544
 214531
 214383
 214188
 214176
 214067
 214061
 213991
 213964
 213957
 213651
 213637
 213625
 213592
 213476
 213432
 213422
 213376
 213314
 213293
 212972
 212912
 212798
 212476
 212121
 212086
 212075
 211961
 211930
 211751
 211686
 211610
 211423
 211388
 211382
 211259
 211236
 211225
 211180
 211086
 210970
 210898
 210889
 210838
 210817
 210757
 210575
 210196
 210119
 210106
 210073
 210033
 209923
 209662
 209634
 209597
 209580
 209564
 209488
 209324
 209322
 209265
 209261
 209228
 209178
 208948
 208847
 208697
 208670
 208416
 208345
 208340
 207974
 207855
 207756
 207747
 207735
 207651
 207489
 207461
 207413
 207405
 207342
 207330
 207319
 207253
 207148
 206970
 206896
 206767
 206718
 206632
 206464
 206290
 206232
 206218
 206159
 206122
 205986
 205974
 205831
 205822
 205546
 205434
 205284
 205247
 205227
 205177
 205042
 205019
 204819
 204644
 204630
 204568
 204394
 204328
 204186
 204002
 203997
 203940
 203844
 203741
 203732
 203539
 203438
 203415
 203329
 203271
 203235
 203217
 203215
 203211
 203148
 202837
 202764
 202472
 202466
 202346
 202342
 202197
 202107
 202086
 201710
 201296
 201197
 200933
 200867
 200796
 200725
 200639
 200456
 200435
 200282
 200276
 200127
 200096
 200087
 200055
 200000
 199999
 199776
 199755
 199662
 199258
 199103
 198967
 198702
 198643
 198632
 198627
 198593
 198473
 198396
 198373
 198345
 198226
 198054
 197888
 197879
 197772
 197740
 197649
 197586
 197456
 197355
 197249
 197212
 196941
 196823
 196760
 196710
 196690
 196571
 196458
 196438
 196281
 196249
 195884
 195652
 195614
 195595
 195554
 195418
 195409
 195402
 195322
 195151
 195005
 194955
 194906
 194888
 194720
 194629
 194513
 194511
 194504
 194442
 194249
 194167
 194166
 193990
 193948
 193816
 193777
 193664
 193636
 193616
 193545
 193523
 193510
 193264
 193201
 193163
 193100
 193020
 192841
 192812
 192767
 192721
 192717
 192702
 192681
 192628
 192573
 192478
 192374
 192307
 192295
 192221
 192172
 192167
 192095
 192003
 191753
 191549
 191499
 191443
 191400
 191102
 190969
 190831
 190730
 190666
 190589
 190385
 190264
 189903
 189827
 189743
 189723
 189437
 189380
 189358
 189228
 189171
 189042
 188929
 188817
 188699
 188655
 188627
 188571
 188514
 188421
 188230
 188118
 188079
 188041
 187921
 187910
 187812
 187786
 187649
 187620
 187579
 187550
 187343
 187240
 187165
 187115
 187013
 186991
 186919
 186826
 186552
 186478
 186336
 186155
 186103
 185993
 185986
 185862
 185525
 185213
 185046
 184877
 184852
 184732
 184589
 184523
 184490
 184406
 184305
 184051
 184037
 183970
 183622
 183331
 183282
 183272
 183142
 183072
 183071
 182998
 182845
 182794
 182756
 182676
 182656
 182611
 182609
 182546
 182393
 182313
 182182
 182138
 182036
 181943
 181938
 181848
 181687
 181582
 181558
 181548
 181507
 181480
 181423
 181347
 181288
 181228
 181099
 181045
 181013
 181011
 180986
 180722
 180675
 180674
 180303
 180109
 180050
 180005
 179902
 179880
 179652
 179487
 179461
 179447
 179246
 179229
 179160
 179138
 179008
 178990
 178723
 178407
 178058
 178042
 177743
 177726
 177575
 177519
 177504
 177430
 177403
 177291
 177177
 177126
 177086
 177081
 177064
 177016
 176975
 176470
 176217
 176185
 176006
 175908
 175885
 175864
 175751
 175728
 175684
 175606
 175486
 175196
 175107
 175002
 174922
 174789
 174708
 174683
 174627
 174427
 174402
 174382
 174194
 174158
 174030
 173949
 173913
 173841
 173836
 173217
 172998
 172925
 172834
 172616
 172612
 172600
 172588
 172232
 172023
 171745
 171636
 171609
 171606
 171428
 171377
 171331
 171299
 171267
 171165
 171140
 171061
 170894
 170880
 170820
 170761
 170540
 170451
 170385
 170217
 170152
 170126
 170115
 169918
 169771
 169712
 169668
 169439
 169271
 169036
 168921
 168908
 168900
 168847
 168736
 168646
 168437
 168372
 168234
 168224
 167755
 167575
 167574
 167491
 167379
 167237
 167180
 167144
 167043
 166954
 166760
 166563
 166530
 166469
 166283
 166246
 166197
 166193
 166184
 166163
 165990
 165941
 165927
 165860
 165783
 165759
 165559
 165535
 165299
 165241
 165093
 164951
 164818
 164761
 164683
 164667
 164629
 164580
 164522
 164513
 164477
 164191
 164088
 164011
 164009
 163636
 163598
 163196
 163070
 162977
 162692
 162682
 162457
 162177
 162162
 162158
 162034
 162011
 161946
 161940
 161605
 161441
 161404
 161209
 161140
 161093
 161073
 160852
 160826
 160794
 160727
 160675
 160646
 160511
 160349
 160316
 160174
 160159
 160063
 160038
 159975
 159929
 159880
 159849
 159762
 159269
 159227
 159220
 159190
 159095
 159086
 159063
 158847
 158791
 158762
 158589
 158340
 158189
 158163
 158151
 158044
 157894
 157879
 157790
 157644
 157432
 157306
 157016
 156984
 156802
 156798
 156774
 156741
 156501
 156454
 156366
 156028
 156010
 155692
 155634
 155562
 155512
 155503
 155462
 155458
 155353
 155329
 155243
 155242
 155133
 155131
 154911
 154905
 154842
 154808
 154656
 154646
 154638
 154526
 154486
 154425
 154394
 154256
 154195
 154189
 154046
 153846
 153810
 153790
 153781
 153763
 153635
 153624
 153545
 153236
 153178
 153063
 152990
 152954
 152866
 152737
 152704
 152653
 152620
 152614
 152593
 152543
 152458
 152410
 152330
 152239
 152091
 152089
 151966
 151616
 151599
 151509
 151390
 151349
 151271
 151249
 150911
 150880
 150766
 150567
 150442
 150406
 150385
 150352
 150314
 150271
 150227
 150210
 150146
 150125
 149871
 149750
 149588
 149582
 149551
 149549
 149359
 148965
 148930
 148884
 148779
 148630
 148574
 148537
 148443
 148435
 148363
 148201
 147911
 147804
 147789
 147454
 147444
 147396
 147389
 147254
 147127
 146974
 146887
 146835
 146638
 146334
 146307
 146230
 146180
 146109
 145956
 145760
 145566
 145553
 145550
 145307
 145263
 144972
 144970
 144899
 144767
 144745
 144607
 144546
 144528
 144342
 144282
 144260
 143856
 143849
 143835
 143809
 143763
 143479
 143436
 143352
 143327
 143262
 143181
 142857
 142807
 142787
 142764
 142757
 142427
 142406
 142338
 142272
 142257
 142159
 142155
 142149
 142081
 141952
 141917
 141832
 141818
 141732
 141674
 141479
 141430
 141402
 141309
 141119
 140744
 140725
 140704
 140703
 140698
 140279
 140278
 140183
 140149
 140071
 140060
 139958
 139927
 139885
 139809
 139689
 139607
 139536
 139534
 139527
 139413
 139266
 139247
 139197
 139176
 139169
 139077
 139032
 138919
 138888
 138753
 138689
 138520
 138487
 138461
 138420
 138268
 138172
 138163
 138147
 138054
 137879
 137655
 137579
 137566
 137546
 137328
 137263
 137227
 136872
 136837
 136808
 136426
 136334
 136300
 136054
 136050
 136023
 136017
 135920
 135918
 135640
 135616
 135587
 135539
 135483
 135442
 135399
 135395
 135175
 135048
 135003
 134967
 134882
 134388
 134384
 134237
 133990
 133927
 133828
 133708
 133595
 133537
 133372
 133316
 133281
 133191
 133165
 133093
 133047
 132902
 132711
 132664
 132398
 131953
 131763
 131745
 131506
 131504
 131443
 131418
 131386
 131277
 131237
 131199
 131135
 131112
 131034
 131032
 130936
 130885
 130862
 130859
 130784
 130722
 130648
 130562
 130426
 130409
 130359
 130340
 130316
 130282
 130268
 130247
 129984
 129935
 129770
 129563
 129553
 129373
 129319
 129253
 129196
 129125
 128981
 128976
 128572
 128446
 128440
 128434
 128396
 128369
 128201
 127687
 127659
 127458
 127389
 127375
 127345
 127315
 127272
 127240
 127203
 127175
 127174
 127138
 126916
 126636
 126592
 126548
 126369
 126234
 126208
 126094
 126042
 125960
 125874
 125626
 125546
 125524
 125382
 125223
 124935
 124809
 124797
 124669
 124594
 124516
 124157
 124003
 124002
 123870
 123867
 123697
 123674
 123580
 123447
 123162
 123081
 122991
 122951
 122924
 122905
 122866
 122575
 122424
 122320
 122283
 122271
 122257
 122218
 122009
 121869
 121863
 121796
 121711
 121482
 121456
 121426
 121349
 121317
 121241
 121235
 120721
 120645
 120642
 120544
 120478
 120433
 120376
 120331
 120283
 120091
 119951
 119846
 119782
 119758
 119508
 119422
 119183
 118983
 118918
 118834
 118791
 118760
 118712
 118421
 118419
 118291
 118217
 118140
 118098
 117986
 117761
 117647
 117445
 117411
 117278
 117223
 116896
 116854
 116638
 116605
 116454
 116442
 116273
 116193
 116166
 116117
 116086
 116041
 115996
 115921
 115863
 115636
 115523
 115502
 115499
 115311
 115263
 115212
 115075
 115069
 115065
 114942
 114930
 114870
 114758
 114754
 114655
 114378
 114214
 114091
 113966
 113926
 113898
 113804
 113697
 113600
 113523
 113469
 113349
 112937
 112888
 112807
 112750
 112627
 112622
 112582
 112532
 112484
 112132
 112037
 111926
 111889
 111769
 111631
 111488
 111440
 111375
 111225
 111220
 111150
 111111
 110890
 110884
 110747
 110699
 110648
 110630
 110568
 110493
 110459
 110382
 110351
 110248
 110231
 109862
 109832
 109807
 109717
 109585
 109246
 108970
 108957
 108930
 108849
 108818
 108744
 108364
 108283
 108051
 107828
 107750
 107740
 107579
 107266
 107259
 107142
 107130
 107041
 106942
 106787
 106746
 106633
 106484
 106368
 106194
 105913
 105888
 105772
 105555
 105473
 105367
 105366
 105359
 105342
 104966
 104881
 104764
 104745
 104617
 104507
 103834
 103706
 103703
 103684
 103614
 103326
 103220
 103155
 103149
 103090
 103040
 103029
 103017
 103003
 102975
 102694
 102657
 102632
 102575
 102452
 102427
 102228
 102021
 101949
 101663
 101578
 101571
 101563
 101555
 101343
 101331
 101257
 101123
 101064
 100903
 100883
 100664
 100502
 100438
 100402
 100169
 100133
 100032
 99793
 99715
 99714
 99559
 99509
 99488
 99325
 99249
 99232
 99231
 99204
 99087
 99056
 98881
 98722
 98598
 98570
 98532
 98482
 98431
 98429
 98360
 98287
 98204
 98122
 97982
 97975
 97931
 97895
 97569
 97560
 97390
 97345
 97277
 97272
 97100
 96874
 96811
 96663
 96321
 96243
 96170
 96130
 96077
 96028
 95828
 95329
 95279
 95253
 95114
 94743
 94528
 94512
 93962
 93783
 93691
 93686
 93523
 93493
 93471
 93070
 93017
 92959
 92523
 92482
 92380
 92366
 92163
 92133
 91758
 91694
 91659
 91593
 91483
 91355
 91214
 91192
 91151
 90962
 90861
 90836
 90715
 90499
 90376
 90261
 90136
 90060
 90032
 89931
 89726
 89398
 89258
 89242
 89111
 89096
 89025
 88957
 88780
 88703
 88673
 88341
 88282
 88206
 88182
 88180
 88172
 88092
 87941
 87790
 87576
 87509
 87312
 87221
 87189
 87063
 86738
 86655
 86646
 86565
 86562
 86469
 86433
 86295
 86190
 86168
 86023
 85798
 85682
 85537
 85523
 85493
 85483
 85431
 85333
 84780
 84733
 84615
 84438
 84320
 84047
 84040
 83947
 83823
 83753
 83518
 83377
 83209
 83168
 82997
 82916
 82913
 82802
 82785
 82652
 82513
 82504
 82435
 82304
 82267
 82200
 82058
 81990
 81967
 81752
 81578
 81519
 81296
 81218
 81157
 81098
 81056
 81000
 80964
 80883
 80881
 80422
 80374
 80295
 80233
 80223
 80188
 80111
 80040
 79958
 79946
 79919
 79791
 79768
 79698
 79672
 79664
 79545
 79482
 79211
 79166
 79156
 79105
 79032
 78882
 78809
 78628
 78620
 78501
 78499
 78278
 78164
 78160
 78098
 77815
 77253
 77248
 76775
 76690
 76680
 76672
 76646
 76315
 76204
 76109
 76040
 76017
 75949
 75796
 75721
 75628
 75577
 75570
 75502
 75488
 75367
 75196
 75015
 74805
 74781
 74761
 74731
 74382
 74308
 74074
 74003
 73789
 73588
 73584
 73561
 73372
 73288
 73155
 73017
 72811
 72744
 72640
 72578
 72515
 72352
 72164
 72135
 72086
 72027
 71811
 71736
 71577
 71557
 71543
 71448
 71428
 71425
 71367
 71274
 71169
 71086
 70883
 70822
 70740
 70608
 70593
 70453
 70425
 70339
 70310
 70051
 69996
 69936
 69770
 69767
 69750
 69636
 69616
 69507
 69500
 69428
 69417
 69400
 69359
 69309
 69274
 69226
 68757
 68700
 68647
 68519
 68421
 68367
 68205
 68163
 68099
 68063
 68056
 68039
 67999
 67995
 67961
 67606
 67397
 67396
 67294
 67139
 67085
 67011
 66893
 66817
 66752
 66729
 66598
 66164
 66045
 65847
 65717
 65698
 65675
 65629
 65621
 65494
 65466
 65404
 65326
 65166
 65129
 65095
 65025
 64939
 64846
 64816
 64655
 64651
 64610
 64464
 64406
 64280
 64209
 63839
 63382
 63240
 63004
 62996
 62974
 62796
 62791
 62606
 62474
 62422
 62036
 61634
 61549
 61222
 61017
 61003
 60813
 60730
 60389
 60371
 60300
 60200
 60122
 60006
 59866
 59595
 59484
 59475
 59405
 59367
 59350
 59304
 58943
 58933
 58696
 58661
 58577
 58322
 58169
 57982
 57859
 57821
 57781
 57769
 57738
 57715
 57676
 57558
 57544
 57263
 57191
 57162
 57142
 57048
 56674
 56667
 56665
 56474
 56436
 56359
 56286
 56260
 56177
 55872
 55651
 55584
 55579
 55561
 55546
 55401
 55201
 55197
 55085
 54945
 54926
 54667
 54609
 54529
 54524
 54522
 54491
 54353
 54282
 54123
 54075
 53919
 53918
 53840
 53802
 53798
 53776
 53465
 53388
 53302
 53287
 53135
 53055
 52701
 52512
 52369
 52338
 52282
 52268
 52220
 52173
 52142
 52023
 51781
 51633
 51587
 51562
 51282
 51274
 51243
 51081
 50940
 50725
 50672
 50624
 50620
 50602
 50598
 50533
 50412
 50196
 50192
 50089
 50068
 49939
 49763
 49583
 49504
 49496
 49221
 48896
 48879
 48876
 48585
 48563
 48398
 48071
 47933
 47858
 47785
 47775
 47619
 47447
 47235
 46904
 46881
 46822
 46657
 46613
 46611
 46564
 46529
 46489
 46449
 46325
 46302
 46163
 46085
 45956
 45936
 45888
 45848
 45530
 45430
 45364
 45141
 45118
 45064
 45003
 44960
 44811
 44787
 44663
 44343
 43993
 43912
 43715
 43646
 43451
 43376
 43245
 43229
 43219
 43107
 43105
 43065
 42989
 42977
 42944
 42768
 42697
 42682
 42642
 42640
 42328
 42314
 42110
 42100
 42013
 41948
 41786
 41636
 41598
 41475
 41459
 41432
 41379
 41284
 41260
 41192
 41178
 41109
 40916
 40816
 40673
 40601
 40549
 40526
 40518
 40360
 40282
 40196
 40176
 40157
 39904
 39370
 39364
 39214
 39125
 39092
 38986
 38861
 38824
 38783
 38580
 38520
 38405
 38305
 38216
 38212
 38145
 38108
 38095
 37815
 37783
 37695
 37357
 37342
 37220
 37153
 37037
 36868
 36840
 36802
 36734
 36642
 36539
 36495
 36477
 36444
 36303
 36260
 36147
 36030
 35939
 35848
 35758
 35756
 35683
 35653
 35610
 35587
 35158
 35119
 35087
 35066
 34825
 34769
 34722
 34692
 34666
 34531
 34337
 34013
 33818
 33767
 33707
 33656
 33578
 33529
 33438
 33387
 33355
 33331
 32987
 32915
 32522
 32422
 32201
 32061
 31963
 31680
 31633
 31627
 31558
 31447
 31444
 31369
 31137
 30918
 30771
 30718
 30471
 30436
 30363
 30189
 29854
 29834
 29833
 29823
 29674
 29538
 29471
 29394
 29226
 29197
 29106
 28806
 28668
 28549
 28315
 28290
 28146
 28108
 28075
 27934
 27879
 27851
 27604
 27551
 27431
 27392
 27217
 27215
 27159
 27088
 27060
 26961
 26679
 26617
 26525
 26507
 26503
 26385
 26180
 26094
 26091
 25974
 25855
 25593
 25423
 25157
 24951
 24813
 24714
 24559
 24360
 24334
 24312
 24203
 24202
 24177
 24115
 24070
 23830
 23771
 23567
 23426
 23320
 23316
 23152
 23098
 23001
 22999
 22856
 22841
 22708
 22662
 22487
 22482
 22241
 22172
 22016
 21884
 21881
 21837
 21650
 21591
 21459
 21276
 21085
 21043
 20890
 20602
 20563
 20554
 20543
 20408
 20317
 20307
 20118
 20047
 20045
 19447
 19113
 19101
 19079
 18875
 18705
 18600
 18545
 18198
 18068
 17977
 17907
 17889
 17666
 17567
 17543
 17301
 17274
 17246
 17197
 17022
 16994
 16981
 16939
 16863
 16741
 16370
 16069
 15916
 15885
 15857
 15813
 15655
 15507
 15398
 15350
 15304
 15261
 15164
 15101
 15068
 15002
 14993
 14679
 14449
 14216
 14206
 14171
 13797
 13605
 13406
 13337
 13227
 13159
 13142
 13057
 12963
 12947
 12854
 12791
 12753
 12342
 12019
 11897
 11764
 11547
 11545
 11339
 11325
 11291
 11267
 11264
 10695
 10548
 10531
 10449
 10402
 10328
 10317
 10292
 10188
 9611
 9419
 9085
 9081
 8877
 8851
 8704
 8648
 8625
 8602
 8409
 8331
 8281
 8213
 8062
 8011
 7919
 7886
 7843
 7675
 7633
 7600
 7498
 7432
 7386
 7361
 7358
 7308
 7299
 7287
 7182
 7114
 7022
 6980
 6817
 6580
 6541
 6494
 6431
 6261
 6107
 6087
 5928
 5897
 5853
 5842
 5613
 5207
 5199
 5134
 5121
 5084
 4954
 4876
 4608
 4605
 4567
 4418
 4380
 4070
 3935
 3822
 3784
 3673
 3658
 3491
 3466
 3455
 3410
 3316
 2944
 2817
 2646
 2471
 2429
 2400
 2325
 2319
 2222
 2040
 2012
 1978
 1833
 1560
 1418
 1326
 1230
 1143
 1028
 948
 888
 882
 867
 848
 826
 758
 658
 655
 326
 0
 