999334
 999318
 999200
 999177
 999131
 998859
 998737
 998583
 998376
 998235
 998058
 997875
 997774
 997711
 997599
 997504
 997456
 997367
 996937
 996914
 996838
 996778
 996725
 996327
 996219
 996207
 996132
 996120
 996076
 995926
 995708
 995645
 995634
 995384
 995142
 995085
 995016
 995004
 994948
 994933
 994499
 994401
 994070
 993934
 993879
 993862
 993800
 993752
 993399
 993341
 993238
 993155
 992836
 992651
 992417
 992405
 992358
 992338
 992323
 992267
 992264
 992215
 992186
 992135
 992129
 992116
 992025
 991726
 991715
 991710
 991703
 991673
 991208
 991186
 991131
 990708
 990627
 990552
 990371
 990233
 990087
 989954
 989650
 989559
 989365
 989274
 989111
 989098
 989086
 988952
 988948
 988908
 988783
 988479
 988347
 988308
 988281
 988236
 988145
 988110
 988089
 987884
 987840
 987754
 987740
 987728
 987603
 987520
 987503
 987386
 987242
 987240
 987129
 987074
 986938
 986866
 986796
 986601
 986537
 986486
 986467
 986427
 986387
 986137
 986067
 985796
 985760
 985626
 985619
 985599
 985535
 985523
 985507
 985505
 985346
 985237
 985207
 985092
 985081
 985050
 984921
 984817
 984725
 984604
 984572
 984552
 984547
 984418
 984338
 984247
 984137
 984089
 983947
 983792
 983777
 983713
 983670
 983543
 983534
 983209
 983043
 982956
 982925
 982832
 982725
 982564
 982395
 982381
 982356
 982342
 982331
 982326
 982254
 982014
 981944
 981741
 981693
 981651
 981588
 981489
 981469
 981309
 981288
 981234
 980996
 980871
 980540
 980513
 980471
 980438
 980388
 980352
 980324
 979931
 979908
 979906
 979865
 979752
 979634
 979564
 979428
 979405
 979387
 979381
 979348
 979342
 979217
 979189
 979039
 978995
 978972
 978959
 978902
 978640
 978488
 978046
 978012
 978000
 977985
 977552
 977421
 977399
 977378
 977181
 976847
 976653
 976470
 976452
 976372
 976350
 976323
 976271
 976184
 976143
 976134
 976074
 975899
 975770
 975755
 975728
 975619
 975611
 975575
 975187
 975083
 974733
 974659
 974525
 974490
 974316
 974307
 974269
 974214
 974203
 973955
 973688
 973603
 973548
 973340
 973227
 973143
 972934
 972881
 972817
 972793
 972760
 972745
 972610
 972460
 972408
 972168
 972136
 972073
 971922
 971920
 971746
 971644
 971602
 971581
 971496
 971397
 971281
 970954
 970847
 970780
 970728
 970432
 970421
 970311
 970123
 969897
 969635
 969550
 969349
 969334
 969280
 969247
 969230
 969211
 969148
 969085
 968793
 968775
 968758
 968549
 968475
 968429
 968361
 968269
 968203
 968164
 967960
 967741
 967723
 967594
 967585
 967485
 967423
 967413
 967412
 967245
 967242
 967020
 966989
 966772
 966735
 966640
 966558
 966527
 966505
 966243
 966179
 966035
 965995
 965970
 965823
 965788
 965733
 965636
 965591
 965517
 965419
 965333
 965171
 965138
 964954
 964784
 964603
 964423
 964363
 964360
 964300
 964108
 963931
 963791
 963585
 963546
 963520
 963083
 962989
 962962
 962798
 962793
 962476
 962438
 962410
 962298
 962059
 962010
 962004
 961742
 961737
 961630
 961565
 961471
 961306
 961238
 961174
 961038
 961015
 961004
 960937
 960775
 960623
 960554
 960478
 960456
 960380
 960226
 959640
 959592
 959502
 959489
 959478
 959333
 959279
 959206
 958847
 958452
 958435
 958372
 958253
 958192
 958102
 957875
 957843
 957792
 957746
 957683
 957365
 957245
 957235
 957108
 957047
 956981
 956885
 956789
 956740
 956591
 956521
 956448
 956431
 956370
 956151
 955921
 955837
 955809
 955796
 955786
 955651
 955570
 955508
 955490
 955453
 955372
 954983
 954977
 954934
 954901
 954839
 954819
 954751
 954682
 954629
 954584
 954559
 954555
 954498
 954480
 954327
 954206
 954138
 953982
 953879
 953754
 953748
 953736
 953718
 953703
 953684
 953612
 953550
 953346
 953301
 953206
 953079
 952927
 952880
 952879
 952714
 952603
 952596
 952526
 952488
 952282
 952282
 952177
 952045
 952036
 951911
 951877
 951856
 951804
 951675
 951516
 951391
 951130
 950759
 950709
 950636
 950597
 950494
 950373
 950204
 950122
 949820
 949562
 949313
 949247
 949186
 949140
 949078
 949055
 948733
 948583
 948510
 948497
 948413
 948399
 948256
 948058
 947961
 947580
 947565
 947464
 947368
 947136
 947066
 947041
 946871
 946647
 946558
 946545
 946524
 946465
 946331
 946101
 946078
 946068
 946029
 945997
 945975
 945892
 945859
 945632
 945627
 945563
 945543
 945534
 945299
 945149
 944954
 944923
 944731
 944568
 944499
 944473
 944451
 944148
 944101
 943964
 943786
 943784
 943775
 943558
 943489
 943280
 943267
 943260
 942915
 942891
 942410
 942389
 942127
 942026
 941891
 941813
 941554
 941376
 941352
 941176
 941018
 940983
 940884
 940588
 940170
 940097
 940023
 939910
 939890
 939858
 939853
 939718
 939539
 939511
 939351
 939007
 938992
 938911
 938864
 938860
 938714
 938533
 938423
 938296
 938290
 938240
 938238
 938213
 937645
 937566
 937533
 937447
 937383
 937351
 937345
 937246
 937200
 937137
 937132
 937130
 937007
 936860
 936840
 936736
 936730
 936669
 936666
 936560
 936435
 936339
 936231
 936052
 935844
 935832
 935823
 935676
 935668
 935504
 935462
 935447
 935383
 935367
 935323
 935297
 935290
 935205
 935136
 934794
 934716
 934667
 934635
 934560
 934559
 934513
 934434
 934278
 934224
 934000
 933721
 933694
 933687
 933657
 933522
 933369
 933358
 933304
 933279
 933260
 933256
 933200
 933066
 933060
 933043
 932953
 932946
 932806
 932673
 932603
 932548
 932506
 932474
 931777
 931558
 931538
 931477
 931407
 931279
 931171
 931086
 931066
 931015
 930893
 930868
 930685
 930635
 930542
 930014
 929931
 929780
 929612
 929371
 929350
 929332
 929142
 928979
 928892
 928807
 928710
 928528
 928524
 928338
 928235
 928217
 928080
 928074
 928026
 927972
 927864
 927770
 927654
 927499
 927445
 927363
 927075
 927009
 926929
 926676
 926377
 926186
 926182
 926001
 925942
 925903
 925725
 925617
 925490
 925414
 925039
 925032
 924844
 924731
 924704
 924534
 924504
 924382
 924302
 924247
 924227
 924208
 924161
 924090
 924071
 923803
 923774
 923589
 923290
 922689
 922647
 922406
 922347
 922192
 922180
 922144
 922036
 921908
 921905
 921832
 921828
 921767
 921754
 921712
 921710
 921662
 921629
 921133
 921090
 921020
 921009
 920916
 920718
 920680
 920610
 920493
 920485
 920307
 920245
 920216
 920039
 919946
 919726
 919617
 919498
 919339
 919288
 919272
 919141
 918758
 918625
 918506
 918410
 918367
 918367
 918250
 918211
 917936
 917889
 917823
 917761
 917718
 917709
 917588
 917503
 917428
 917401
 917378
 917344
 917258
 917200
 917105
 917073
 917026
 916826
 916815
 916473
 916384
 916015
 915794
 915756
 915508
 915463
 915442
 915375
 915157
 915090
 914914
 914477
 914476
 914411
 914292
 914174
 914132
 914127
 914118
 913875
 913866
 913855
 913433
 913338
 913295
 913260
 913240
 912985
 912830
 912816
 912686
 912671
 912657
 912585
 912321
 912297
 912235
 912228
 912212
 912130
 911980
 911899
 911886
 911877
 911820
 911800
 911790
 911511
 911487
 911463
 911402
 911376
 911270
 911213
 911007
 910750
 910682
 910521
 910515
 910459
 910432
 910302
 910031
 909783
 909740
 909641
 909595
 909519
 909487
 909397
 909376
 909364
 909333
 909324
 909307
 909090
 908987
 908960
 908952
 908837
 908830
 908799
 908798
 908793
 908745
 908655
 908644
 908520
 908418
 908416
 908392
 908229
 908118
 908078
 908061
 908012
 907949
 907877
 907759
 907745
 907707
 907692
 907526
 907497
 907486
 907401
 907391
 907333
 907246
 907229
 907023
 906810
 906748
 906510
 906492
 906430
 906355
 906064
 905762
 905619
 905495
 905472
 905422
 905249
 905188
 905030
 904929
 904884
 904804
 904750
 904735
 904558
 904015
 903972
 903930
 903918
 903480
 903174
 903159
 902883
 902857
 902793
 902752
 902723
 902504
 902487
 902452
 902439
 902394
 902356
 902293
 902254
 902166
 901960
 901867
 901327
 901128
 901124
 901097
 901031
 900986
 900747
 900609
 900510
 900421
 900350
 900231
 900184
 900113
 899604
 899530
 899433
 899428
 898946
 898938
 898640
 898612
 898510
 898507
 898454
 898364
 898137
 898103
 898022
 897654
 897504
 897376
 897371
 897196
 897131
 897084
 896969
 896968
 896955
 896551
 896429
 896306
 896207
 896177
 896115
 895868
 895683
 895622
 895579
 895518
 895260
 895035
 895027
 895007
 894999
 894878
 894815
 894684
 894663
 894663
 894643
 894603
 894040
 893687
 893600
 893413
 893376
 893344
 893168
 893096
 893048
 893028
 893015
 892957
 892945
 892871
 892608
 892527
 892283
 892267
 892208
 891943
 891891
 891725
 891671
 891579
 891566
 891517
 891428
 891414
 891355
 891162
 891107
 891078
 890738
 890541
 890501
 890236
 890100
 889927
 889921
 889781
 889709
 889687
 889475
 889386
 889247
 889125
 889071
 888994
 888888
 888679
 888470
 888464
 888188
 888104
 887834
 887775
 887746
 887744
 887718
 887545
 887482
 887358
 887340
 886950
 886912
 886750
 886597
 886566
 886416
 886366
 886353
 886296
 886258
 886010
 885970
 885881
 885830
 885824
 885673
 885516
 885511
 885383
 885368
 885245
 885032
 884854
 884822
 884431
 883934
 883923
 883837
 883822
 883767
 883697
 883534
 883478
 883378
 883372
 883361
 883219
 883131
 883116
 883001
 882963
 882948
 882611
 882442
 882397
 882288
 882287
 882206
 882178
 882165
 882145
 882008
 881987
 881744
 881743
 881310
 881278
 881190
 881188
 881076
 880982
 880749
 880652
 880651
 880552
 880415
 880341
 880252
 880160
 880143
 880000
 879999
 879968
 879778
 879775
 879685
 879633
 879588
 879396
 879329
 879283
 879071
 878957
 878864
 878694
 878680
 878657
 878559
 878338
 878271
 878205
 878180
 878108
 877829
 877750
 877651
 877576
 877422
 877375
 877206
 877113
 876941
 876880
 876724
 876658
 876634
 876595
 876441
 876325
 876247
 875958
 875678
 875511
 875409
 875383
 875333
 875276
 875264
 875234
 875000
 874994
 874801
 874756
 874683
 874596
 874585
 874551
 874539
 874294
 874241
 874235
 874074
 873930
 873854
 873822
 873470
 873452
 873443
 873368
 873300
 873217
 873216
 873170
 873114
 873040
 872727
 872493
 872461
 872396
 872374
 872365
 872277
 872231
 872163
 872044
 872019
 871990
 871913
 871897
 871874
 871866
 871681
 871649
 871622
 871508
 871473
 871395
 871356
 871324
 871192
 871054
 870962
 870961
 870400
 870292
 870059
 870056
 870047
 870037
 869942
 869847
 869718
 869626
 869478
 869413
 869406
 869383
 869343
 869300
 869207
 869135
 869077
 868957
 868948
 868778
 868772
 868692
 868518
 868497
 868383
 868367
 868354
 868055
 867924
 867914
 867582
 867518
 867364
 867206
 867115
 867044
 866596
 866580
 866441
 866368
 866221
 866124
 866028
 865780
 865692
 865555
 865425
 865406
 865206
 865168
 865137
 864932
 864811
 864794
 864721
 864677
 864610
 864537
 864450
 864403
 864381
 864300
 864202
 864188
 863713
 863669
 863446
 863397
 863347
 863313
 863252
 862902
 862434
 862370
 862369
 862252
 862218
 862212
 862142
 862115
 861946
 861893
 861890
 861822
 861603
 861473
 861445
 861297
 861273
 861266
 861187
 861177
 861068
 860946
 860579
 860569
 860385
 860375
 860316
 860238
 860139
 860070
 860009
 859600
 859371
 859352
 859334
 859326
 859118
 859063
 858877
 858828
 858724
 858494
 858130
 858087
 858073
 858056
 858025
 857918
 857813
 857695
 857470
 857446
 857142
 857004
 856825
 856779
 856672
 856649
 856549
 856465
 856444
 856442
 856427
 856252
 856211
 856072
 856069
 855883
 855760
 855606
 855545
 855541
 855511
 855417
 855388
 855307
 855291
 855214
 855109
 855090
 854925
 854470
 854277
 854059
 854030
 854025
 853736
 853730
 853412
 853341
 853221
 853177
 853142
 853033
 852921
 852911
 852592
 852387
 852228
 852191
 852029
 851989
 851901
 851843
 851803
 851717
 851546
 851449
 851256
 851180
 851176
 851176
 851042
 851030
 851027
 850799
 850796
 850767
 850640
 850455
 850422
 850334
 850326
 850310
 850129
 849946
 849847
 849841
 849784
 849669
 849659
 849641
 849631
 849616
 849586
 849420
 849334
 849178
 849174
 849162
 849140
 848797
 848763
 848689
 848646
 848558
 848549
 848489
 848359
 848121
 848118
 848079
 848016
 847740
 847733
 847710
 847553
 847502
 847428
 847368
 847014
 847012
 846759
 846637
 846584
 846436
 846406
 846330
 846279
 845907
 845855
 845814
 845544
 845508
 845326
 845207
 845171
 845091
 845083
 844896
 844731
 844647
 844638
 844466
 844444
 844411
 844303
 844139
 844094
 844080
 844038
 844004
 843924
 843897
 843896
 843877
 843751
 843579
 843358
 843343
 843258
 843244
 843204
 843178
 843120
 843098
 842682
 842647
 842467
 842310
 842187
 842105
 841750
 841642
 841530
 841452
 841360
 841270
 841251
 841220
 841213
 841017
 840988
 840923
 840781
 840778
 840768
 840485
 840433
 840368
 840170
 839984
 839931
 839928
 839607
 839558
 839550
 839506
 839357
 839013
 838802
 838724
 838409
 838184
 837938
 837784
 837661
 837571
 837482
 837421
 837350
 837320
 837183
 837127
 837118
 837099
 837066
 837050
 837046
 836893
 836620
 836370
 836330
 836272
 836166
 835975
 835953
 835869
 835759
 835598
 835459
 835456
 835315
 835274
 835202
 835109
 835093
 835063
 835051
 834961
 834953
 834908
 834890
 834656
 834651
 834645
 834571
 834542
 834512
 834498
 834473
 834397
 834365
 834285
 834268
 834104
 834032
 834002
 833717
 833671
 833615
 833599
 833572
 833414
 833262
 833239
 833218
 833200
 833198
 833069
 833055
 833021
 833004
 832901
 832759
 832579
 832524
 832431
 832391
 832388
 832230
 832142
 832129
 832057
 831998
 831874
 831656
 831537
 831377
 831300
 831231
 831168
 831151
 830880
 830837
 830348
 830286
 830186
 830122
 829864
 829687
 829523
 829387
 829378
 829156
 829125
 829118
 828978
 828868
 828862
 828813
 828775
 828770
 828770
 828760
 828680
 828476
 828464
 828447
 828393
 828301
 828271
 828168
 828058
 828002
 827956
 827931
 827757
 827732
 827458
 827453
 827405
 827228
 827086
 826897
 826874
 826862
 826806
 826784
 826741
 826456
 826431
 826270
 826247
 826140
 826113
 826007
 825929
 825922
 825881
 825858
 825795
 825750
 825559
 825028
 824902
 824696
 824620
 824378
 824298
 824284
 824282
 824191
 824179
 823887
 823849
 823848
 823831
 823783
 823747
 823592
 823582
 823529
 823425
 823420
 823379
 823330
 823321
 823250
 823129
 823052
 822880
 822871
 822852
 822624
 822541
 822410
 822341
 822297
 822253
 822075
 821934
 821873
 821685
 821566
 821425
 821325
 821278
 821265
 821205
 821158
 820776
 820761
 820484
 820336
 820313
 820063
 820028
 819986
 819656
 819566
 819476
 819241
 818997
 818972
 818939
 818684
 818510
 818339
 818168
 818133
 818061
 817935
 817927
 817782
 817429
 817362
 817253
 817188
 817001
 816935
 816852
 816526
 816449
 816436
 816297
 816295
 815919
 815814
 815780
 815778
 815593
 815431
 815376
 815340
 815296
 815272
 815130
 815050
 814791
 814781
 814768
 814748
 814660
 814652
 814507
 814448
 814414
 814394
 814243
 813977
 813897
 813868
 813695
 813675
 813557
 813531
 813465
 813391
 813358
 813198
 813185
 813000
 812900
 812839
 812635
 812535
 812451
 812398
 812204
 812144
 812075
 811920
 811556
 811528
 811451
 811448
 811442
 811437
 811379
 811253
 811076
 810933
 810901
 810800
 810760
 810752
 810560
 810543
 810490
 810408
 810371
 810363
 810250
 810101
 810055
 809992
 809971
 809619
 809571
 809559
 809434
 809421
 809401
 809333
 809112
 808948
 808901
 808683
 808655
 808653
 808649
 808430
 808303
 808282
 808041
 807805
 807791
 807588
 807228
 807087
 807073
 807068
 806986
 806907
 806816
 806678
 806666
 806557
 806460
 806350
 806056
 806039
 805980
 805979
 805970
 805911
 805785
 805693
 805474
 805227
 805165
 805057
 804622
 804476
 804298
 804042
 803765
 803649
 803618
 803497
 803448
 803434
 803229
 803198
 803025
 802958
 802872
 802794
 802150
 801952
 801670
 801555
 801462
 801410
 801354
 801337
 801328
 801307
 801108
 801015
 801007
 800838
 800746
 800604
 800371
 800304
 800279
 800206
 800187
 800157
 800108
 800100
 800077
 800042
 800000
 800000
 800000
 800000
 800000
 799999
 799858
 799796
 799637
 799563
 799410
 799295
 799102
 798965
 798851
 798816
 798807
 798587
 798521
 798456
 798260
 798241
 798163
 798158
 798063
 797979
 797856
 797822
 797787
 797600
 797427
 797401
 797393
 797387
 797342
 796998
 796959
 796953
 796932
 796699
 796698
 796647
 796367
 796317
 796189
 796129
 795876
 795711
 795688
 795657
 795640
 795625
 795425
 795129
 795076
 794976
 794930
 794782
 794777
 794769
 794691
 794669
 794575
 794520
 794340
 794272
 794227
 794214
 794174
 794131
 794125
 794087
 794087
 793971
 793960
 793743
 793446
 793182
 792736
 792722
 792346
 792134
 791822
 791663
 791632
 791602
 791541
 791499
 791250
 791057
 790955
 790874
 790464
 790432
 790351
 790170
 790140
 790138
 790047
 789941
 789900
 789899
 789708
 789605
 789555
 789508
 789473
 789437
 789267
 789210
 789019
 788971
 788883
 788843
 788652
 788445
 788428
 787846
 787753
 787720
 787681
 787648
 787464
 787219
 787131
 786736
 786709
 786622
 786563
 786510
 786409
 786407
 786382
 786379
 786342
 786119
 785892
 785745
 785734
 785734
 785730
 785434
 785434
 785403
 785272
 785225
 785197
 785143
 785123
 785009
 784950
 784800
 784336
 784195
 784081
 784033
 783922
 783906
 783726
 783092
 782890
 782882
 782823
 782779
 782692
 782622
 782542
 782484
 782445
 782401
 782283
 782235
 782183
 782021
 781994
 781896
 781860
 781846
 781818
 781744
 781579
 781491
 781429
 781426
 781415
 781159
 781100
 780979
 780911
 780789
 780769
 780609
 780496
 780446
 780284
 780015
 780000
 779904
 779562
 779452
 779358
 779282
 779180
 779141
 779076
 778931
 778734
 778718
 778696
 778666
 778484
 778443
 778440
 778427
 778393
 778382
 778349
 778315
 778278
 778267
 778263
 778109
 777980
 777851
 777777
 777687
 777455
 777446
 777248
 777162
 777119
 776977
 776930
 776735
 776720
 776686
 776632
 775944
 775849
 775717
 775708
 775576
 775455
 775322
 775295
 775253
 775190
 775061
 775010
 774836
 774728
 774638
 774228
 774164
 773950
 773940
 773819
 773779
 773710
 773695
 773535
 773495
 773487
 773484
 773237
 773107
 773067
 772967
 772882
 772879
 772559
 772552
 772460
 772410
 772261
 772202
 772048
 771979
 771965
 771866
 771837
 771831
 771683
 771325
 771134
 771116
 771114
 770992
 770837
 770744
 770548
 770546
 770281
 770270
 770136
 770058
 770034
 769926
 769917
 769633
 769555
 768868
 768818
 768667
 768619
 768554
 768536
 768434
 768430
 768344
 768312
 768289
 768147
 768132
 768126
 767968
 767909
 767907
 767878
 767835
 767807
 767788
 767764
 767652
 767408
 767389
 767377
 767323
 767084
 766985
 766982
 766839
 766816
 766778
 766665
 766451
 766146
 765728
 765625
 765570
 765419
 765405
 765308
 765275
 765106
 765094
 764578
 764521
 764348
 764149
 763983
 763944
 763758
 763708
 763695
 763646
 763523
 763425
 763311
 763039
 762960
 762682
 762421
 762379
 762043
 762028
 762008
 761918
 761895
 761338
 761312
 761210
 760906
 760893
 760869
 760707
 760676
 760601
 760581
 760520
 760456
 760349
 760144
 760116
 759999
 759605
 759589
 759493
 759314
 758928
 758857
 758761
 758681
 758646
 758620
 758620
 758605
 758551
 758536
 758342
 758268
 758166
 758162
 758064
 758062
 757982
 757725
 757688
 757633
 757595
 757514
 757362
 757118
 757078
 757075
 756911
 756904
 756880
 756872
 756750
 756688
 756653
 756531
 756530
 756476
 756340
 756327
 756205
 756148
 756052
 756042
 755489
 755306
 755253
 755169
 755158
 754963
 754851
 754817
 754806
 754325
 754299
 754287
 754259
 753875
 753831
 753794
 753790
 753772
 753732
 753715
 753504
 753225
 753171
 752947
 752941
 752871
 752808
 752773
 752717
 752630
 752510
 752320
 752201
 751954
 751930
 751868
 751493
 751455
 751442
 751421
 751368
 751297
 751287
 751194
 751080
 750962
 750908
 750865
 750404
 750396
 750139
 749907
 749860
 749790
 749774
 749568
 749433
 749307
 749237
 748981
 748971
 748941
 748883
 748862
 748845
 748678
 748633
 748400
 748377
 748366
 748358
 748332
 748310
 748302
 748292
 748272
 748141
 748135
 748029
 747957
 747883
 747847
 747793
 747753
 747447
 747368
 747292
 747288
 747226
 747115
 747114
 747087
 747057
 746984
 746847
 746835
 746823
 746752
 746709
 746707
 746655
 746628
 746491
 746487
 746390
 746302
 746220
 746039
 745945
 745839
 745766
 745510
 745334
 745313
 745083
 745058
 744980
 744872
 744855
 744806
 744631
 744600
 744360
 744348
 744175
 743919
 743919
 743772
 743740
 743712
 743629
 743607
 743474
 743416
 743388
 743297
 743104
 743091
 743084
 743060
 743057
 742884
 742882
 742762
 742662
 742571
 742477
 742362
 742230
 742126
 742047
 742009
 741974
 741912
 741847
 741815
 741751
 741521
 741125
 741111
 741111
 741092
 740786
 740763
 740762
 740441
 740315
 740056
 740041
 739997
 739922
 739904
 739844
 739701
 739583
 739460
 739376
 739178
 739101
 739052
 739004
 738788
 738745
 738686
 738646
 738584
 738366
 738273
 738160
 738074
 738045
 737976
 737949
 737943
 737928
 737914
 737858
 737856
 737846
 737641
 737590
 737505
 737302
 737275
 737258
 737190
 737073
 737038
 736991
 736906
 736805
 736554
 736549
 736541
 736529
 736260
 735993
 735983
 735497
 735481
 735355
 735284
 735218
 735140
 735102
 735092
 735061
 734892
 734840
 734792
 734664
 734656
 734619
 734506
 734487
 734415
 734292
 734246
 734205
 734192
 734072
 734023
 733931
 733903
 733887
 733777
 733706
 733373
 733362
 733267
 733256
 733238
 733190
 733180
 733167
 733089
 733079
 733009
 732826
 732708
 732692
 732591
 732571
 732495
 732492
 732491
 732407
 732394
 732338
 732332
 732203
 732180
 731998
 731702
 731644
 731544
 731364
 731326
 731293
 731262
 731229
 731209
 731112
 731092
 730994
 730929
 730823
 730268
 730060
 730042
 729957
 729850
 729845
 729824
 729790
 729729
 729729
 729687
 729615
 729494
 729464
 729312
 729272
 729261
 729101
 729019
 729005
 728813
 728603
 728572
 728553
 728553
 728432
 728159
 728004
 727880
 727806
 727601
 727471
 727467
 727203
 727110
 726942
 726873
 726539
 726304
 726111
 725879
 725873
 725873
 725661
 725519
 725440
 725417
 725403
 725314
 725241
 725215
 725188
 725133
 725091
 724919
 724763
 724732
 724696
 724679
 724675
 724666
 724609
 724469
 724245
 724191
 724137
 724100
 724100
 723889
 723849
 723814
 723753
 723634
 723482
 723467
 723393
 723270
 723105
 722978
 722874
 722855
 722847
 722707
 722580
 722558
 722555
 722490
 722470
 722169
 722143
 721999
 721908
 721835
 721614
 721607
 721495
 721225
 721212
 721164
 721063
 721003
 720967
 720962
 720887
 720874
 720872
 720796
 720762
 720736
 720569
 720289
 720273
 720264
 720262
 720189
 720143
 720000
 719955
 719881
 719812
 719702
 719685
 719681
 719642
 719626
 719540
 719512
 719468
 719462
 719251
 718978
 718895
 718740
 718700
 718567
 718545
 718309
 718296
 718130
 717948
 717660
 717598
 717535
 717514
 717428
 717393
 717353
 717135
 716998
 716897
 716798
 716628
 716307
 716262
 716129
 716100
 716081
 715923
 715841
 715596
 715565
 715393
 715249
 715181
 715170
 715137
 715023
 714918
 714865
 714839
 714832
 714735
 714703
 714693
 714644
 714617
 714547
 714534
 714480
 714285
 714285
 713995
 713977
 713933
 713809
 713770
 713590
 713170
 713094
 713073
 713041
 712824
 712786
 712593
 712554
 712500
 712166
 712037
 711867
 711832
 711728
 711706
 711700
 711529
 710888
 710737
 710682
 710641
 710593
 710407
 710154
 709998
 709985
 709957
 709853
 709671
 709662
 709611
 709582
 709327
 709251
 709209
 708918
 708898
 708609
 708583
 708477
 708384
 708383
 708362
 708333
 708282
 707868
 707761
 707692
 707644
 707631
 707553
 707537
 707436
 707407
 707317
 707229
 707044
 707028
 706980
 706876
 706874
 706468
 706403
 706014
 705882
 705560
 705559
 705453
 705205
 705126
 705014
 704857
 704839
 704655
 704624
 704467
 704460
 704455
 704220
 704194
 704191
 704186
 704183
 704125
 703995
 703901
 703725
 703703
 703672
 703671
 703555
 703479
 703458
 703345
 703174
 703112
 703110
 703021
 703003
 702861
 702741
 702702
 702623
 702604
 702443
 702442
 702419
 702245
 702209
 702187
 702117
 702058
 701866
 701680
 701525
 701421
 701347
 701240
 701143
 701073
 701070
 701048
 700891
 700699
 700650
 700376
 700317
 700082
 700073
 700013
 699886
 699865
 699843
 699619
 699588
 699163
 699096
 699030
 699016
 698957
 698856
 698728
 698716
 698493
 698161
 698088
 697971
 697921
 697880
 697839
 697679
 697386
 697280
 697276
 697252
 697222
 697217
 696514
 696490
 696428
 696388
 696356
 696315
 696208
 696152
 696026
 696016
 695890
 695875
 695850
 695673
 695652
 695622
 695561
 695493
 695402
 695391
 695114
 694837
 694797
 694762
 694708
 694540
 694280
 694069
 693504
 693333
 693306
 693251
 693229
 693202
 693166
 693150
 692910
 692777
 692685
 692611
 692589
 692546
 692511
 692181
 691703
 691696
 691595
 691567
 691394
 691264
 691179
 691154
 691121
 691112
 691085
 691073
 690693
 690624
 690599
 690590
 690340
 690272
 690150
 690137
 690105
 689963
 689889
 689887
 689845
 689780
 689554
 689442
 689398
 689263
 689204
 689147
 689141
 689103
 689095
 689069
 689006
 688454
 688241
 688185
 688017
 687998
 687943
 687937
 687898
 687813
 687708
 687500
 687483
 687233
 687115
 686838
 686801
 686725
 686321
 686274
 685872
 685796
 685579
 685469
 685160
 685050
 684717
 684590
 684505
 684210
 684123
 684049
 683961
 683765
 683741
 683631
 683557
 683551
 683509
 683217
 683210
 683081
 683079
 682916
 682753
 682750
 682501
 682021
 681855
 681818
 681796
 681780
 681744
 681692
 681673
 681648
 681632
 681628
 681554
 681368
 681268
 681260
 681162
 680835
 680802
 680733
 680678
 680434
 680426
 680422
 680209
 680104
 680068
 679996
 679976
 679902
 679867
 679847
 679642
 679291
 679190
 678899
 678840
 678671
 678571
 678510
 678489
 678198
 678151
 678079
 677899
 677889
 677852
 677830
 677595
 677584
 677419
 677275
 677174
 677064
 676673
 676326
 676261
 676257
 676203
 676033
 676021
 675936
 675902
 675822
 675673
 675566
 675550
 675532
 675480
 675444
 675352
 675324
 675259
 675255
 675035
 674879
 674593
 674518
 674503
 674426
 674418
 674383
 674360
 674353
 674280
 674201
 674066
 674014
 673875
 673632
 673300
 673186
 672970
 672959
 672599
 672410
 672377
 672247
 672155
 671936
 671906
 671865
 671824
 671798
 671656
 671610
 671581
 671562
 671459
 671340
 671247
 670995
 670877
 670875
 670784
 670682
 670680
 670656
 670600
 670567
 670538
 670527
 670378
 670303
 669961
 669838
 669735
 669596
 669467
 669186
 669115
 669034
 668930
 668874
 668586
 668450
 668325
 668027
 667980
 667970
 667924
 667894
 667750
 667640
 667637
 667611
 667439
 667387
 667286
 667203
 667198
 667135
 667120
 666998
 666666
 666666
 666609
 666448
 666305
 666220
 666077
 665909
 665806
 665778
 665676
 665672
 665660
 665315
 665142
 664989
 664974
 664803
 664761
 664576
 664507
 664378
 664364
 664288
 664172
 663906
 663880
 663791
 663761
 663692
 663366
 663359
 662927
 662918
 662639
 662626
 662620
 662613
 662519
 662331
 661965
 661945
 661831
 661765
 661620
 661502
 661494
 661382
 661320
 661219
 661206
 661126
 660972
 660870
 660854
 660810
 660687
 660611
 660606
 660557
 660548
 660131
 659898
 659867
 659745
 659638
 659608
 659483
 659030
 659030
 659009
 658937
 658762
 658713
 658682
 658426
 658420
 658416
 658375
 658227
 658193
 658171
 657954
 657822
 657676
 657603
 657534
 657312
 657191
 657173
 657171
 657045
 657011
 656981
 656955
 656910
 656765
 656758
 656752
 656624
 656569
 656565
 656563
 656370
 656370
 656198
 656130
 655913
 655866
 655859
 655819
 655574
 655384
 655384
 655375
 655284
 655206
 655194
 654913
 654901
 654839
 654785
 654777
 654735
 654564
 654479
 654392
 654320
 654217
 654199
 654171
 653992
 653984
 653762
 653497
 653336
 653311
 653149
 653123
 653050
 653018
 652818
 652726
 652707
 652459
 652394
 652110
 652102
 652024
 652009
 651969
 651965
 651878
 651711
 651690
 651557
 651551
 651129
 651104
 651002
 650845
 650767
 650732
 650669
 650597
 650556
 650502
 650314
 650309
 650112
 650000
 649883
 649731
 649729
 649604
 649341
 649339
 649140
 649048
 649047
 649006
 648975
 648924
 648820
 648760
 648742
 648657
 648513
 648496
 648407
 648392
 648323
 648259
 648136
 648102
 648005
 647982
 647977
 647885
 647876
 647255
 647127
 647093
 647073
 647027
 646977
 646861
 646830
 646796
 646786
 646698
 646687
 646526
 646430
 646380
 646166
 645941
 645879
 645751
 645703
 645702
 645599
 645569
 645456
 645336
 645275
 645161
 644874
 644862
 644861
 644859
 644519
 644154
 644059
 644054
 643893
 643891
 643851
 643699
 643654
 643312
 643275
 643267
 643011
 642778
 642756
 642743
 642675
 642652
 642651
 642637
 642495
 642398
 642376
 642172
 642158
 641848
 641815
 641775
 641716
 641567
 641487
 641277
 641218
 641145
 641137
 641036
 641018
 640958
 640921
 640870
 640660
 640506
 640495
 640405
 640230
 640000
 639880
 639877
 639753
 639736
 639633
 639551
 639324
 639162
 639146
 639123
 639114
 639111
 639073
 639042
 638950
 638940
 638532
 638513
 638304
 638280
 638238
 638220
 638198
 638151
 638037
 638032
 637868
 637681
 637630
 637611
 637571
 637530
 637479
 637469
 637432
 637422
 637403
 637020
 636972
 636886
 636866
 636828
 636765
 636761
 636755
 636399
 636346
 636225
 635818
 635791
 635771
 635724
 635703
 635602
 635563
 635482
 635467
 635339
 635294
 635221
 635175
 634944
 634878
 634850
 634735
 634496
 634383
 634314
 634249
 634189
 634131
 633967
 633922
 633912
 633750
 633734
 633722
 633663
 633115
 633102
 632916
 632833
 632818
 632686
 632595
 632513
 632409
 632334
 632279
 632271
 632269
 631971
 631929
 631866
 631818
 631683
 631630
 631552
 631527
 631516
 631447
 631386
 631383
 631346
 631335
 631314
 631286
 631074
 630845
 630769
 630726
 630700
 630657
 630591
 630336
 630245
 630185
 630092
 629945
 629754
 629700
 629696
 629686
 629644
 629530
 629471
 629336
 629126
 628834
 628696
 628424
 628387
 628375
 628263
 628187
 628019
 627990
 627871
 627658
 627632
 627627
 627622
 627494
 627450
 627450
 627422
 627413
 627264
 627157
 627086
 626970
 626947
 626761
 626751
 626683
 626633
 626631
 626627
 626465
 626364
 626344
 626187
 626168
 626103
 626049
 626026
 625999
 625963
 625760
 625756
 625739
 625733
 625597
 625480
 625395
 625395
 625360
 625170
 624992
 624828
 624798
 624745
 624666
 624612
 624583
 624502
 624422
 624415
 624194
 623975
 623782
 623433
 623293
 623240
 622999
 622977
 622812
 622736
 622698
 622640
 622588
 622578
 622511
 622324
 622291
 622244
 621995
 621938
 621934
 621859
 621763
 621682
 621583
 621373
 621336
 621249
 621231
 621146
 621136
 621132
 621024
 620932
 620802
 620772
 620610
 620389
 620326
 620286
 620220
 620185
 620082
 620077
 620037
 620032
 619676
 619382
 619293
 618869
 618693
 618284
 618098
 618031
 617956
 617901
 617804
 617745
 617560
 617545
 617539
 617452
 617431
 617341
 617337
 617186
 617052
 616687
 616651
 616631
 616379
 616347
 616193
 616004
 615846
 615723
 615675
 615642
 615384
 615340
 615215
 615202
 615141
 615045
 614999
 614962
 614951
 614747
 614716
 614391
 614372
 614330
 614316
 614305
 614107
 614073
 614046
 614042
 613995
 613801
 613778
 613763
 613724
 613691
 613690
 613677
 613670
 613407
 613325
 613185
 613135
 613040
 612959
 612628
 612621
 612576
 612518
 612305
 612244
 612244
 612210
 612081
 612079
 612071
 611856
 611556
 611533
 611242
 611116
 611091
 611031
 610966
 610939
 610855
 610808
 610746
 610665
 610649
 610628
 610389
 610294
 610266
 610192
 610120
 610075
 609868
 609799
 609782
 609640
 609571
 609479
 609170
 609154
 609139
 608808
 608767
 608665
 608640
 608390
 608247
 608108
 608099
 607901
 607754
 607738
 607732
 607442
 607246
 607088
 607050
 607050
 606895
 606892
 606887
 606806
 606727
 606475
 606443
 606372
 606286
 606173
 606144
 606129
 606102
 606083
 606063
 605876
 605839
 605838
 605782
 605775
 605760
 605425
 605336
 605304
 605147
 605091
 605078
 605052
 604904
 604889
 604873
 604754
 604578
 604537
 604419
 604264
 604128
 604114
 604110
 603846
 603843
 603773
 603755
 603606
 603266
 603198
 603198
 602902
 602803
 602493
 602292
 602209
 602150
 602067
 602058
 602028
 601822
 601769
 601716
 601630
 601610
 601518
 601515
 601476
 601027
 600940
 600922
 600745
 600739
 600732
 600715
 600714
 600554
 600474
 600473
 600408
 600402
 600388
 600346
 600343
 600157
 599790
 599659
 599502
 599403
 599315
 599314
 599222
 599186
 599077
 598882
 598866
 598786
 598099
 598099
 597909
 597532
 597388
 597277
 597164
 597053
 597045
 596887
 596792
 596697
 596643
 596521
 596491
 596460
 596457
 596387
 596244
 595842
 595818
 595718
 595531
 595385
 595208
 595206
 595020
 595016
 594675
 594594
 594494
 594352
 594047
 594035
 593965
 593861
 593734
 593704
 593659
 593659
 593594
 593434
 593305
 593011
 592727
 592693
 592534
 592517
 592275
 592243
 592162
 592155
 591999
 591836
 591808
 591699
 591623
 591616
 591553
 591339
 591318
 591170
 591042
 590999
 590987
 590977
 590730
 590656
 590553
 590462
 590426
 590043
 589351
 589216
 589179
 589158
 589153
 589120
 589045
 588964
 588939
 588680
 588598
 588544
 588411
 588354
 588343
 588321
 588312
 588038
 587897
 587697
 587669
 587434
 587413
 587186
 587131
 586893
 586750
 586714
 586712
 586600
 586565
 586525
 586478
 586461
 586261
 586245
 586206
 586206
 586055
 586054
 586043
 586009
 585960
 585948
 585943
 585773
 585506
 585224
 585197
 585192
 585041
 585021
 584983
 584699
 584676
 584599
 584482
 584389
 584237
 584228
 584209
 584174
 584070
 584033
 583957
 583822
 583802
 583801
 583254
 583232
 583111
 582736
 582657
 582572
 582522
 582267
 582221
 582078
 581990
 581742
 581732
 581632
 581566
 581364
 581316
 581196
 581040
 580432
 580392
 580330
 580320
 580243
 580218
 580186
 580129
 579984
 579977
 579919
 579748
 579642
 579586
 579563
 579561
 579559
 579485
 579420
 579242
 579200
 578928
 578926
 578863
 578626
 578358
 578313
 578282
 578103
 577870
 577801
 577722
 577693
 577669
 577579
 577501
 577441
 577393
 577171
 577001
 576935
 576781
 576779
 576737
 576590
 576586
 576334
 576206
 576000
 575856
 575823
 575757
 575739
 575547
 575496
 575447
 575418
 575342
 575322
 575246
 575242
 575122
 575122
 575107
 574951
 574930
 574700
 574533
 574518
 574358
 574174
 574111
 574095
 574045
 574029
 573873
 573753
 573653
 573617
 573566
 573513
 573366
 573288
 573196
 573115
 572937
 572906
 572794
 572749
 572710
 572634
 572607
 572568
 572559
 572345
 572293
 572287
 572280
 572218
 571954
 571942
 571767
 571682
 571673
 571637
 571428
 571428
 571122
 571120
 570781
 570644
 570640
 570517
 570430
 570344
 570128
 570083
 570011
 569970
 569471
 569460
 569456
 569365
 569295
 569249
 569218
 569190
 569130
 568998
 568727
 568714
 568710
 568659
 568405
 568378
 568329
 568142
 568021
 567995
 567893
 567774
 567765
 567723
 567629
 567555
 567539
 567395
 567347
 567222
 567143
 567127
 566859
 566761
 566623
 566304
 566212
 566104
 566096
 566083
 566056
 565997
 565864
 565795
 565756
 565753
 565329
 565262
 565237
 565031
 564700
 564618
 564502
 564461
 564417
 564350
 564128
 564062
 563894
 563824
 563753
 563675
 563597
 563540
 563466
 563338
 563300
 563125
 563053
 562982
 562967
 562900
 562884
 562664
 562653
 562638
 562367
 562347
 562093
 561936
 561854
 561643
 561639
 561294
 561251
 561012
 560996
 560912
 560866
 560787
 560751
 560747
 560656
 560649
 560555
 560406
 560377
 560376
 560312
 560239
 560210
 559954
 559828
 559484
 559322
 559247
 559217
 559213
 559181
 559177
 559022
 558918
 558897
 558886
 558643
 558468
 558462
 558270
 558239
 558231
 558028
 557853
 557590
 557256
 557227
 557213
 557103
 557077
 557063
 556858
 556587
 556556
 556385
 556129
 556071
 555742
 555656
 555654
 555620
 555555
 555293
 555277
 555183
 555010
 554973
 554900
 554858
 554770
 554728
 554690
 554579
 554364
 554112
 554050
 554003
 553969
 553730
 553614
 553420
 553321
 553291
 553072
 553008
 552910
 552745
 552642
 552353
 552237
 552233
 552068
 552017
 551804
 551768
 551710
 551695
 551662
 551354
 551340
 551309
 551275
 551214
 551208
 551113
 551093
 551071
 551047
 551033
 550888
 550791
 550753
 550740
 550725
 550576
 550403
 550355
 550332
 550041
 550008
 549420
 549378
 549353
 549290
 549271
 549094
 548961
 548904
 548621
 548546
 548473
 548387
 548385
 548192
 548158
 548121
 548077
 547999
 547981
 547891
 547492
 547304
 547169
 547119
 546985
 546880
 546840
 546802
 546627
 546622
 546600
 546348
 546323
 546139
 545814
 545740
 545706
 545683
 545679
 545657
 545454
 545368
 545184
 545156
 545141
 544960
 544461
 544431
 544288
 544202
 544066
 543942
 543933
 543910
 543909
 543670
 543564
 543556
 543498
 543470
 543150
 543028
 542943
 542800
 542800
 542676
 542642
 542376
 542354
 542313
 541617
 541335
 541284
 541021
 540999
 540880
 540803
 540612
 540545
 540450
 540384
 539933
 539825
 539812
 539525
 539494
 539391
 539033
 538853
 538782
 538625
 538461
 538415
 538353
 538170
 538138
 538056
 537796
 537749
 537617
 537587
 537579
 537574
 537395
 537133
 536796
 536792
 536661
 536650
 536633
 536545
 536349
 536155
 536133
 536119
 535958
 535951
 535947
 535836
 535787
 535782
 535545
 535521
 535491
 535211
 535112
 534977
 534929
 534863
 534803
 534741
 534345
 534290
 534243
 534083
 533880
 533759
 533724
 533651
 533424
 533225
 533179
 533076
 532528
 532522
 532362
 532349
 532235
 532184
 531836
 531800
 531746
 531615
 531600
 531512
 531497
 531232
 530773
 530703
 530702
 530702
 530633
 530350
 530318
 530279
 530278
 530061
 529980
 529937
 529877
 529815
 529567
 529553
 529411
 529376
 529202
 529155
 529045
 528976
 528972
 528911
 528875
 528733
 528711
 528649
 528473
 528312
 528276
 528164
 528119
 528102
 528092
 528072
 528064
 528038
 527914
 527766
 527497
 527401
 527333
 527272
 526985
 526807
 526585
 526378
 526291
 526104
 525939
 525937
 525916
 525915
 525853
 525806
 525727
 525699
 525682
 525597
 525573
 525542
 525411
 524851
 524808
 524752
 524702
 524625
 524475
 524423
 524372
 524367
 524317
 524253
 524251
 524202
 524024
 523982
 523975
 523893
 523863
 523836
 523723
 523603
 523561
 523410
 523306
 523214
 523051
 523012
 522911
 522858
 522777
 522681
 522678
 522235
 522200
 522058
 521772
 521515
 521504
 521437
 521434
 521423
 521359
 520996
 520951
 520934
 520837
 520747
 520625
 520571
 520464
 520449
 520154
 520134
 519952
 519944
 519747
 519735
 519609
 519464
 519215
 519182
 519104
 518808
 518715
 518646
 518518
 518518
 518437
 518424
 518419
 518333
 518226
 518081
 518051
 517330
 517313
 517304
 517128
 517128
 517038
 517006
 516982
 516935
 516742
 516740
 516683
 516629
 516575
 516482
 516375
 516372
 516355
 516183
 516165
 516149
 516129
 515943
 515585
 515513
 515483
 515169
 515061
 515031
 514968
 514744
 514552
 514431
 514427
 514360
 514309
 514285
 514277
 514141
 514089
 514012
 513872
 513771
 513747
 513645
 513427
 513412
 513361
 513289
 513153
 513018
 512958
 512913
 512891
 512765
 512764
 512536
 512527
 512389
 512368
 512345
 511848
 511564
 511558
 511494
 511412
 511289
 511278
 511248
 511159
 511019
 510824
 510681
 510280
 510239
 510079
 510042
 509903
 509702
 509489
 509457
 509337
 509309
 509258
 509074
 508919
 508714
 508090
 507989
 507925
 507840
 507837
 507758
 507646
 507552
 507552
 507549
 507536
 507438
 507375
 507109
 507099
 506582
 506488
 506473
 506391
 506063
 505840
 505743
 505679
 505636
 505556
 505535
 505525
 505494
 505416
 505181
 505173
 505079
 504979
 504914
 504843
 504697
 504694
 504686
 504673
 504672
 503864
 503829
 503784
 503612
 503560
 503496
 503472
 503411
 503376
 503334
 503328
 503180
 503099
 503086
 503067
 502982
 502958
 502825
 502606
 502386
 502255
 501841
 501812
 501376
 501315
 501272
 501216
 501035
 500924
 500708
 500692
 500677
 500599
 500248
 500201
 500000
 500000
 500000
 499959
 499957
 499844
 499762
 499423
 498941
 498885
 498864
 498459
 498443
 498395
 498366
 498256
 498220
 498184
 497940
 497841
 497715
 497644
 497551
 497378
 497351
 497317
 497290
 497265
 497265
 497185
 497127
 497017
 496766
 496733
 496723
 496707
 496484
 496424
 496296
 496229
 496011
 495878
 495853
 495833
 495816
 495760
 495599
 495564
 495451
 495312
 495307
 495292
 495151
 495061
 494955
 494949
 494895
 494563
 494361
 494130
 494002
 493967
 493957
 493929
 493904
 493890
 493798
 493653
 493624
 493467
 493111
 493111
 493014
 492817
 492682
 492559
 492537
 492524
 492478
 492234
 492173
 492129
 491954
 491946
 491909
 491826
 491803
 491573
 491542
 491458
 491404
 491383
 491076
 490828
 490813
 490754
 490706
 490563
 490509
 490507
 490438
 490436
 489972
 489959
 489949
 489929
 489836
 489673
 489646
 489404
 489364
 489165
 488792
 488777
 488772
 488694
 488590
 488531
 488476
 488448
 488410
 488388
 488349
 488297
 487999
 487997
 487996
 487871
 487615
 487580
 487558
 487511
 487259
 487221
 487200
 487176
 486758
 486694
 486438
 486371
 486370
 486284
 486238
 486230
 486131
 486077
 486066
 486042
 485943
 485898
 485813
 485704
 485652
 485649
 485608
 485419
 485413
 485409
 485336
 485325
 485249
 485113
 484999
 484848
 484797
 484757
 484719
 484461
 484432
 484421
 484321
 484277
 484068
 484037
 483884
 483880
 483849
 483785
 483728
 483678
 483620
 483598
 483576
 483556
 482971
 482837
 482833
 482781
 482713
 482670
 482658
 482621
 482532
 482246
 482227
 482017
 481936
 481843
 481783
 481749
 481623
 481488
 481481
 481363
 481340
 481239
 481120
 481104
 481017
 481000
 480849
 480837
 480343
 480314
 480244
 480222
 480171
 480097
 480065
 479971
 479923
 479747
 479734
 479460
 479260
 479256
 479203
 479138
 478935
 478934
 478925
 478832
 478805
 478768
 478685
 478632
 478413
 478386
 478320
 478289
 478278
 478254
 478191
 477886
 477756
 477707
 477575
 477572
 477542
 477351
 477326
 477226
 477149
 477029
 476988
 476836
 476813
 476642
 476258
 475964
 475846
 475684
 475551
 475427
 475302
 474928
 474923
 474689
 474681
 474646
 474330
 474320
 474251
 473840
 473827
 473802
 473720
 473684
 473674
 473650
 473641
 473591
 473570
 473451
 473448
 472882
 472835
 472656
 472588
 472511
 472503
 472500
 472476
 472386
 471996
 471995
 471910
 471832
 471496
 471482
 471464
 471437
 471428
 471108
 470885
 470489
 470389
 470368
 470305
 470019
 469984
 469644
 469604
 469464
 469368
 469292
 469177
 469090
 469078
 468957
 468839
 468770
 468596
 468578
 468446
 468292
 468222
 468008
 467970
 467836
 467706
 467684
 467470
 467467
 467460
 467434
 467289
 467125
 466971
 466892
 466675
 466666
 466600
 466508
 466158
 466017
 465660
 465593
 465517
 465505
 465385
 465286
 465078
 465030
 464882
 464708
 464632
 464606
 464587
 464519
 464491
 464393
 464246
 464234
 464209
 464170
 464017
 463976
 463966
 463883
 463717
 463690
 463625
 463181
 463105
 462853
 462412
 462392
 462371
 462365
 462365
 462301
 462254
 461827
 461728
 461627
 461528
 461479
 461375
 461370
 461367
 461355
 461200
 461016
 460974
 460768
 460764
 460696
 460379
 460333
 460246
 460178
 460122
 460108
 460032
 459975
 459924
 459920
 459817
 459656
 459589
 459514
 459477
 459424
 459383
 459326
 459312
 459254
 459095
 458982
 458951
 458943
 458939
 458880
 458721
 458679
 458647
 458531
 458325
 458189
 458126
 458096
 458017
 457886
 457718
 457526
 457498
 457448
 457442
 457355
 457279
 457166
 457142
 456974
 456968
 456890
 456793
 456671
 456611
 456552
 456244
 456217
 456142
 455905
 455710
 455688
 455645
 455549
 455348
 455341
 455270
 455196
 455065
 455062
 455059
 455052
 454915
 454903
 454890
 454720
 454476
 454373
 454172
 454142
 454101
 454059
 453526
 453472
 453394
 453349
 453333
 453318
 453312
 453301
 453151
 453146
 453015
 452843
 452730
 452552
 452452
 452427
 452248
 452214
 452180
 452068
 451999
 451988
 451937
 451774
 451767
 451710
 451606
 451557
 451532
 451441
 450844
 450574
 450561
 450112
 450014
 450001
 449963
 449702
 449294
 449230
 449043
 449016
 448996
 448979
 448828
 448612
 448561
 448526
 448416
 448348
 448316
 448154
 448130
 448048
 447993
 447911
 447887
 447862
 447802
 447761
 447674
 447673
 447652
 447609
 447575
 447552
 447340
 447134
 447048
 447037
 447011
 446915
 446826
 446808
 446784
 446767
 446700
 446426
 446420
 446337
 446333
 446307
 446254
 446252
 446194
 446096
 446066
 446005
 445973
 445783
 445760
 445578
 445407
 445355
 445209
 445121
 445061
 444980
 444918
 444911
 444848
 444766
 444725
 444688
 444544
 444527
 444488
 444444
 444388
 444336
 444264
 444068
 443910
 443755
 443574
 443512
 443270
 443152
 443106
 442837
 442823
 442773
 442648
 442572
 442509
 442307
 442292
 442158
 441959
 441871
 441796
 441723
 441691
 441220
 440799
 440609
 440510
 440488
 440468
 440386
 440353
 440208
 440122
 440000
 439687
 439560
 439428
 439350
 439273
 439195
 438914
 438848
 438729
 438679
 438606
 438571
 438554
 438368
 437981
 437809
 437728
 437468
 437124
 437041
 437016
 436866
 436707
 436681
 436579
 436548
 436413
 436315
 436238
 436177
 436078
 436000
 435850
 435826
 435823
 435820
 435744
 435644
 435443
 435321
 435188
 435045
 434930
 434867
 434847
 434786
 434782
 434419
 434354
 434143
 434128
 434045
 433784
 433746
 433725
 433706
 433637
 433526
 433519
 433320
 433256
 432934
 432805
 432622
 432517
 432396
 432217
 432170
 432160
 432098
 431846
 431637
 431496
 431176
 431174
 431137
 431121
 431085
 431016
 430996
 430857
 430743
 430516
 430491
 430370
 430317
 430281
 430212
 430055
 430053
 430005
 429977
 429967
 429704
 429487
 429393
 429300
 428861
 428798
 428659
 428427
 428284
 428275
 428225
 428200
 428177
 428169
 428168
 428161
 428145
 428075
 428023
 428019
 427740
 427708
 427678
 427644
 427625
 427622
 427584
 427372
 427367
 427189
 427184
 427166
 427085
 426984
 426813
 426705
 426469
 426463
 426425
 426333
 426241
 426094
 426075
 426070
 426057
 425817
 425789
 425653
 425647
 425617
 425551
 425489
 425196
 425151
 425100
 424829
 424672
 424636
 424340
 424177
 424098
 424052
 424035
 423910
 423599
 423423
 423409
 423383
 423300
 423151
 423150
 423070
 422791
 422638
 422573
 422481
 422428
 422114
 422003
 421916
 421912
 421699
 421682
 421580
 421459
 421359
 421348
 421319
 421278
 421245
 420880
 420804
 420765
 420640
 420560
 420479
 420421
 420393
 420310
 420294
 420152
 420097
 420038
 419962
 419933
 419630
 419477
 419455
 419446
 419218
 418986
 418925
 418918
 418879
 418752
 418592
 418515
 418513
 418508
 418417
 418276
 418173
 418113
 418099
 417998
 417654
 417576
 417570
 417510
 417433
 417427
 417339
 417303
 416913
 416893
 416687
 416588
 416569
 416475
 416395
 416283
 416165
 416093
 415929
 415855
 415845
 415799
 415575
 415480
 415157
 415119
 415010
 414903
 414878
 414834
 414769
 414666
 414613
 414562
 414373
 414284
 414078
 414068
 413985
 413963
 413952
 413925
 413696
 413612
 413490
 413308
 413185
 413104
 413090
 413085
 412903
 412663
 412639
 412547
 412403
 412392
 412111
 412027
 411887
 411764
 411764
 411695
 411565
 411554
 411417
 411220
 411096
 411030
 410579
 410511
 410455
 410440
 410383
 410276
 410256
 410241
 409764
 409739
 409687
 409518
 409517
 409486
 409423
 409399
 409386
 409350
 409346
 409209
 409138
 409135
 408951
 408709
 408648
 408326
 408109
 408106
 408058
 407986
 407877
 407713
 407670
 407661
 407645
 407364
 406969
 406919
 406805
 406693
 406569
 406560
 406364
 406252
 406138
 405981
 405887
 405824
 405819
 405686
 405610
 405524
 405504
 405499
 405453
 405333
 405100
 404990
 404833
 404789
 404596
 404421
 404389
 404204
 404113
 403997
 403787
 403714
 403453
 403407
 403376
 403286
 403145
 403110
 402969
 402890
 402789
 402699
 402654
 402589
 402450
 402358
 402256
 402184
 402135
 402084
 402080
 402012
 401983
 401900
 401644
 401567
 401509
 401330
 401306
 401255
 401211
 401085
 401049
 401038
 400978
 400971
 400927
 400921
 400899
 400861
 400796
 400638
 400470
 400428
 400426
 400165
 400128
 400000
 400000
 399808
 399784
 399380
 399337
 399131
 399105
 398979
 398951
 398735
 398623
 398513
 398505
 398396
 398343
 398310
 398196
 398141
 398027
 397887
 397790
 397728
 397588
 397342
 397100
 397047
 397039
 396839
 396825
 396765
 396649
 396155
 396127
 396088
 395881
 395729
 395702
 395541
 395415
 395399
 395375
 395365
 395343
 395225
 395104
 395061
 394960
 394936
 394379
 394184
 394068
 393991
 393970
 393921
 393814
 393747
 393677
 393658
 393647
 393208
 393098
 393066
 392929
 392880
 392815
 392727
 392684
 392618
 392523
 392413
 392394
 392371
 392090
 392011
 391882
 391828
 391732
 391599
 391527
 391498
 391313
 391304
 391240
 391174
 391117
 391027
 391024
 390914
 390777
 390630
 390161
 389931
 389862
 389806
 389788
 389785
 389703
 389679
 389499
 389490
 389488
 389477
 389413
 389396
 389382
 389258
 389036
 388716
 388608
 388546
 388188
 388182
 388129
 388109
 387834
 387717
 387712
 387676
 387507
 387497
 387336
 387265
 387240
 387216
 387091
 387078
 387037
 387005
 386939
 386903
 386899
 386811
 386548
 386273
 386025
 385809
 385615
 385565
 385523
 385477
 385473
 385468
 385447
 385441
 385346
 385287
 385093
 385041
 384906
 384902
 384860
 384823
 384720
 384708
 384679
 384641
 384290
 384105
 384067
 383993
 383860
 383849
 383768
 383698
 383566
 383406
 383355
 383260
 383168
 383152
 383125
 383116
 382953
 382929
 382803
 382496
 382428
 382292
 382254
 382119
 382112
 381895
 381818
 381775
 381761
 381679
 381640
 381608
 381526
 381470
 381319
 381266
 381181
 380737
 380542
 380449
 380394
 380341
 380336
 380285
 380245
 380135
 380123
 380107
 379659
 379530
 379487
 379460
 379387
 379360
 379207
 379124
 378851
 378784
 378739
 378304
 377975
 377959
 377935
 377862
 377861
 377588
 377565
 377524
 377349
 377128
 376974
 376930
 376894
 376608
 376544
 376429
 376379
 376372
 376240
 375936
 375886
 375863
 375824
 375796
 375744
 375581
 375541
 375524
 375316
 375306
 375286
 375196
 375000
 374814
 374789
 374729
 374697
 374651
 374615
 374554
 374458
 374223
 374083
 373848
 373801
 373257
 373183
 372842
 372780
 372754
 372742
 372714
 372633
 372597
 372486
 372421
 372230
 371843
 371836
 371721
 371704
 371702
 371574
 371514
 371435
 371301
 371294
 371234
 371169
 371056
 370890
 370890
 370767
 370732
 370572
 370419
 370377
 370370
 370270
 370210
 370202
 370198
 370121
 370002
 369953
 369751
 369730
 369663
 369523
 369509
 369285
 369244
 369153
 368962
 368928
 368845
 368812
 368700
 368563
 368452
 368351
 368337
 368174
 368169
 368063
 368053
 368000
 367434
 367328
 367297
 367149
 367094
 367067
 366967
 366811
 366810
 366688
 366644
 366566
 366562
 366512
 366341
 366194
 366186
 366002
 365995
 365879
 365853
 365829
 365665
 365486
 365440
 365381
 365371
 365355
 365137
 365132
 365099
 364876
 364836
 364761
 364731
 364424
 364033
 363980
 363920
 363902
 363695
 363534
 363448
 363438
 363434
 363417
 363360
 363339
 363334
 362934
 362832
 362563
 362531
 362312
 362149
 362034
 361899
 361845
 361776
 361615
 361508
 361445
 361122
 361057
 360975
 360934
 360168
 360141
 360049
 360000
 359911
 359739
 359658
 359512
 359411
 359199
 359176
 359051
 359037
 359035
 359018
 358999
 358951
 358795
 358714
 358656
 358534
 358521
 358444
 358433
 358163
 358102
 357986
 357352
 357303
 357219
 357155
 357142
 356809
 356782
 356725
 356695
 356668
 356640
 356521
 356503
 356321
 356068
 356061
 355795
 355731
 355657
 355601
 355537
 355530
 355518
 355454
 355438
 355282
 355278
 355221
 355115
 355082
 354851
 354781
 354709
 354584
 354488
 354461
 354342
 354267
 354247
 354132
 354092
 353839
 353812
 353675
 353660
 353611
 353592
 353581
 353486
 353345
 353188
 353096
 353053
 352914
 352594
 352569
 352558
 351911
 351882
 351762
 351698
 351611
 351578
 351496
 351403
 351401
 351246
 351170
 351160
 351118
 350967
 350661
 350518
 350291
 349945
 349905
 349849
 349566
 349494
 349260
 349253
 349186
 349168
 349084
 349024
 348977
 348873
 348841
 348829
 348347
 347999
 347814
 347761
 347744
 347706
 347625
 347576
 347533
 347442
 347347
 347346
 347311
 347305
 347280
 347155
 347111
 347096
 346729
 346724
 346534
 346474
 346369
 346267
 346135
 346017
 345993
 345889
 345874
 345752
 345475
 345238
 345168
 344936
 344637
 344583
 344555
 344546
 344534
 344487
 344335
 344296
 344107
 344099
 344086
 344041
 343974
 343950
 343877
 343852
 343852
 343738
 343581
 343547
 343130
 342897
 342738
 342734
 342685
 342564
 342518
 342465
 342463
 342287
 342255
 342129
 342105
 341797
 341767
 341495
 341476
 341448
 341410
 341391
 341268
 341013
 340977
 340964
 340777
 340626
 340372
 340296
 340273
 340234
 340074
 340043
 339992
 339942
 339711
 339671
 339594
 339591
 339425
 339324
 339299
 339155
 339079
 339046
 339008
 338965
 338614
 338401
 338193
 338130
 338099
 337992
 337579
 337326
 337299
 337078
 336980
 336956
 336496
 336490
 336482
 336448
 336284
 336228
 336065
 336061
 335991
 335953
 335904
 335814
 335763
 335758
 335719
 335716
 335655
 335541
 335440
 335423
 335260
 334982
 334956
 334572
 334433
 334431
 334362
 334314
 334261
 333852
 333846
 333729
 333454
 333445
 333438
 333333
 333333
 333156
 333062
 333061
 332826
 332810
 332790
 332749
 332745
 332618
 332346
 332286
 332091
 332050
 331797
 331796
 331658
 331658
 331431
 331288
 331186
 331175
 331131
 331004
 330578
 330555
 330445
 330266
 330231
 330004
 329954
 329866
 329835
 329832
 329758
 329670
 329634
 329508
 329248
 329214
 329132
 329044
 329044
 328988
 328889
 328823
 328817
 328781
 328587
 328517
 328506
 328346
 328258
 328214
 328149
 328050
 327918
 327746
 327568
 327164
 327115
 327084
 327020
 326823
 326667
 326485
 326448
 326418
 326175
 326105
 326096
 326040
 325891
 325802
 325737
 325706
 325604
 325581
 325368
 325228
 325141
 325093
 325041
 325035
 324971
 324969
 324822
 324723
 324697
 324689
 324623
 324572
 324559
 324399
 324393
 324257
 324232
 324061
 323857
 323462
 323411
 323168
 323138
 323122
 323107
 323070
 322956
 322830
 322818
 322807
 322777
 322760
 322663
 322562
 322352
 322274
 322219
 322091
 322028
 321944
 321886
 321761
 321685
 321589
 321412
 321153
 321072
 320822
 320820
 320802
 320355
 320271
 320139
 319835
 319596
 319550
 319543
 319434
 319235
 319226
 319094
 319082
 318958
 318953
 318853
 318558
 318443
 318304
 318238
 318151
 318112
 318090
 318071
 317992
 317985
 317605
 317562
 317396
 317289
 317232
 317172
 317091
 317073
 316786
 316688
 316647
 316367
 316364
 316302
 316255
 316244
 316082
 316009
 315897
 315889
 315875
 315789
 315789
 315743
 315419
 315314
 315100
 315068
 314744
 314589
 314537
 314392
 314389
 314384
 314251
 314232
 314124
 314037
 313666
 313612
 313432
 313390
 313057
 313027
 313022
 312946
 312806
 312629
 312568
 312487
 312402
 312267
 312134
 311985
 311984
 311937
 311771
 311696
 311653
 311615
 311601
 311545
 311393
 311355
 311173
 311158
 311155
 311111
 311063
 310900
 310824
 310767
 310713
 310609
 310516
 310357
 310344
 310081
 309909
 309864
 309804
 309771
 309678
 309399
 309372
 309325
 309304
 309278
 309104
 309064
 308940
 308877
 308835
 308678
 308557
 308520
 308419
 308392
 308270
 308220
 308171
 308044
 307782
 307708
 307619
 307617
 307525
 307453
 307355
 307350
 307278
 307100
 307073
 307034
 307031
 306803
 306764
 306682
 306517
 306484
 306477
 306441
 306333
 306257
 306228
 306199
 306164
 306112
 306079
 306049
 306006
 305621
 305496
 305380
 305074
 305045
 305016
 304694
 304544
 304418
 304357
 304356
 304203
 303982
 303875
 303874
 303788
 303770
 303725
 303355
 303258
 303235
 303123
 303098
 303068
 302935
 302928
 302892
 302830
 302791
 302631
 302572
 302557
 302462
 302148
 302039
 302033
 301917
 301912
 301892
 301832
 301817
 301775
 301718
 301528
 301499
 301478
 301454
 301415
 301315
 301023
 300954
 300901
 300882
 300613
 300348
 300278
 300065
 299999
 299967
 299889
 299802
 299741
 299392
 299258
 299145
 299106
 298906
 298891
 298863
 298840
 298419
 298194
 298184
 298173
 298142
 297602
 297595
 297297
 297258
 297036
 296869
 296836
 296790
 296783
 296776
 296712
 296618
 296265
 296233
 296133
 295852
 295704
 295608
 295608
 295534
 295510
 294988
 294839
 294797
 294777
 294767
 294716
 294657
 294624
 294620
 294479
 294441
 294379
 294357
 294348
 294287
 294117
 294117
 293704
 293426
 293372
 293339
 293297
 293209
 293103
 292947
 292940
 292579
 292564
 292425
 292244
 292235
 292214
 292178
 292011
 291799
 291613
 291491
 290968
 290959
 290951
 290862
 290836
 290708
 290626
 290549
 290005
 289888
 289606
 289489
 289473
 289169
 288895
 288748
 288731
 288729
 288645
 288620
 288543
 288381
 288378
 288375
 288371
 288319
 288230
 288183
 287630
 287587
 287579
 287392
 287352
 287309
 287299
 287273
 287271
 287088
 287042
 287042
 286941
 286898
 286876
 286833
 286818
 286675
 286648
 286498
 286459
 286330
 286214
 286169
 286012
 285903
 285819
 285805
 285714
 285671
 285599
 285433
 285413
 285064
 285044
 285026
 285024
 285019
 284876
 284472
 284411
 284387
 284367
 284325
 284322
 284313
 284292
 284217
 284181
 284176
 283964
 283706
 283548
 283512
 283136
 282899
 282796
 282729
 282619
 282543
 282531
 282511
 282196
 282019
 281872
 281854
 281847
 281676
 281564
 281329
 281222
 281025
 280613
 280437
 280314
 280292
 280187
 280016
 279917
 279861
 279757
 279595
 279101
 279085
 278991
 278951
 278821
 278743
 278695
 278559
 278481
 278427
 278357
 278020
 278011
 277997
 277870
 277820
 277729
 277479
 277349
 277264
 277239
 277203
 276884
 276854
 276839
 276816
 276781
 276738
 276730
 276576
 276488
 276479
 276469
 276467
 276454
 276227
 276197
 276174
 276166
 276081
 276002
 275889
 275844
 275833
 275818
 275785
 275741
 275697
 275658
 275433
 275199
 275177
 275110
 274956
 274734
 274544
 274523
 274217
 273901
 273734
 273628
 273506
 273133
 273127
 273118
 273059
 272925
 272817
 272579
 272537
 272533
 272496
 272463
 272220
 271928
 271810
 271691
 271635
 271539
 271359
 271336
 270828
 270741
 270676
 270458
 270353
 270311
 270279
 270261
 270158
 270050
 270015
 269982
 269962
 269757
 269662
 269517
 269459
 269376
 269361
 269073
 268979
 268846
 268817
 268724
 268623
 268606
 268586
 268566
 268456
 268267
 267979
 267414
 267353
 267314
 267310
 267189
 266935
 266932
 266829
 266743
 266553
 266548
 266527
 266480
 266386
 266157
 266075
 266057
 265535
 265286
 265141
 265062
 264955
 264840
 264785
 264759
 264563
 264366
 264297
 264287
 264150
 264145
 264049
 264044
 263929
 263794
 263665
 263653
 263536
 263491
 263473
 263382
 263340
 263339
 262838
 262824
 262411
 262404
 262226
 262121
 262080
 261984
 261852
 261739
 261727
 261703
 261599
 261594
 261566
 261519
 261448
 261320
 261229
 261101
 260798
 260718
 260375
 260273
 260266
 260207
 260160
 260144
 260058
 260051
 259923
 259765
 259640
 259599
 259587
 259459
 259208
 259172
 259112
 258877
 258701
 258695
 258678
 258659
 258653
 258519
 258385
 258380
 258374
 258359
 258343
 258284
 258225
 258169
 258102
 258041
 257700
 257665
 257657
 257551
 257532
 257487
 257477
 257466
 257341
 257331
 257309
 257281
 257238
 257234
 257229
 257203
 257164
 257148
 257029
 256934
 256923
 256889
 256856
 256833
 256797
 256680
 256338
 256116
 255853
 255668
 255657
 255653
 255608
 255590
 255539
 255391
 255368
 255264
 255261
 255230
 254947
 254586
 254440
 254423
 254314
 254229
 254092
 254047
 253892
 253748
 253634
 253432
 253276
 253089
 253085
 252977
 252479
 252414
 252402
 252366
 252365
 252171
 252060
 252060
 251996
 251936
 251922
 251908
 251901
 251817
 251805
 251700
 251678
 251658
 251649
 251310
 251265
 251255
 251234
 250838
 250544
 250361
 250131
 250130
 250056
 249693
 249657
 249643
 249546
 249282
 249142
 249132
 249053
 248990
 248927
 248544
 248299
 248225
 248098
 247962
 247685
 247680
 247523
 247388
 247301
 247275
 247058
 247026
 246982
 246977
 246890
 246852
 246753
 246684
 246679
 246679
 246636
 246551
 246478
 246384
 246328
 246136
 246053
 245767
 245700
 245645
 245426
 245367
 245182
 245159
 245125
 245066
 245014
 244809
 244754
 244633
 244567
 244562
 244556
 244540
 244465
 244456
 244386
 244339
 244299
 244241
 244171
 244157
 244020
 244019
 244018
 243954
 243909
 243604
 243529
 243478
 243384
 243292
 243277
 243198
 243145
 243002
 242927
 242681
 242671
 242621
 242513
 241915
 241884
 241707
 241680
 241554
 241328
 241200
 241174
 241158
 241063
 241044
 240515
 240443
 240404
 240319
 240242
 240230
 240208
 240187
 240167
 240051
 239938
 239703
 239661
 239538
 239502
 239436
 239401
 239339
 239207
 239113
 238898
 238868
 238794
 238743
 238357
 238306
 238265
 238224
 237981
 237841
 237481
 237480
 237455
 237309
 237218
 237191
 237169
 237166
 237132
 237005
 236995
 236965
 236830
 236698
 236650
 236453
 236419
 236415
 236396
 236389
 236245
 235924
 235869
 235843
 235799
 235629
 235591
 235510
 235294
 235235
 235168
 235148
 235135
 234929
 234887
 234809
 234668
 234653
 234644
 234607
 234483
 234276
 234055
 233602
 233485
 233409
 233396
 233333
 233236
 233076
 233054
 232933
 232749
 232734
 232676
 232494
 232472
 232423
 232387
 232333
 232323
 232316
 231989
 231884
 231388
 231362
 231356
 231338
 231239
 231229
 231191
 231023
 230769
 230769
 230769
 230739
 230681
 230664
 230642
 230455
 230410
 230352
 230330
 230301
 230180
 230126
 230024
 229937
 229832
 229823
 229147
 229082
 229074
 229002
 228915
 228805
 228776
 228712
 228633
 228571
 228485
 228441
 228200
 228197
 228130
 228122
 227931
 227755
 227744
 227674
 227638
 227533
 227496
 227488
 227425
 227201
 226947
 226493
 226244
 226188
 226162
 226079
 225667
 225567
 225395
 225385
 225384
 225231
 225200
 225192
 225172
 225072
 224939
 224624
 224471
 224460
 224361
 224285
 224203
 224168
 224149
 223895
 223858
 223808
 223807
 223234
 223171
 222894
 222884
 222791
 222757
 222749
 222734
 222620
 222465
 222295
 222052
 221996
 221882
 221862
 221631
 221479
 221462
 221443
 221392
 221379
 221336
 221286
 221241
 221187
 221168
 221118
 221102
 221082
 221013
 220886
 220735
 220554
 220536
 220530
 220323
 220103
 219773
 219619
 219586
 219565
 219241
 219130
 219088
 218945
 218795
 218499
 218438
 218404
 218300
 218142
 218085
 218082
 218002
 217989
 217735
 217708
 217554
 217391
 217391
 217316
 217299
 217186
 217174
 217052
 216952
 216902
 216895
 216757
 216597
 216418
 216174
 215956
 215921
 215859
 215775
 215727
 215659
 215655
 215559
 215540
 215514
 215501
 215491
 215410
 215386
 215300
 215207
 215092
 215062
 215042
 214957
 214849
 214708
 214654
 214402
 214102
 214041
 213643
 213603
 213435
 213366
 213187
 213046
 212818
 212690
 212133
 212089
 211991
 211957
 211768
 211687
 211636
 211601
 211572
 211546
 211448
 211415
 211228
 211212
 211056
 211009
 210927
 210898
 210791
 210786
 210695
 210620
 210526
 210467
 210211
 209899
 209698
 209681
 209586
 209577
 209449
 209302
 209301
 209241
 209110
 209059
 208936
 208896
 208064
 207999
 207904
 207852
 207707
 207639
 207215
 207194
 207167
 207110
 206675
 206653
 206354
 206184
 206165
 206041
 206025
 205968
 205878
 205765
 205655
 205609
 205489
 205443
 205374
 204995
 204929
 204735
 204664
 204489
 204385
 204037
 204022
 203681
 203637
 203630
 203592
 203349
 203246
 203197
 203055
 203022
 202782
 202725
 202558
 202347
 202319
 202194
 202140
 202108
 202102
 201987
 201986
 201982
 201965
 201896
 201860
 201830
 201769
 201678
 201634
 201605
 201478
 201299
 201099
 201018
 201005
 200980
 200966
 200908
 200478
 200379
 200375
 200310
 200156
 199800
 199792
 199696
 199691
 199628
 199626
 199268
 199170
 199083
 199065
 199053
 199024
 198973
 198922
 198821
 198753
 198741
 198481
 198292
 198287
 198237
 198223
 198202
 198167
 197832
 197768
 197711
 197583
 197327
 197183
 197170
 197112
 197060
 196901
 196871
 196850
 196843
 196791
 196730
 196709
 196634
 196596
 196548
 196510
 196482
 196441
 196345
 196094
 196078
 196053
 196032
 195853
 195694
 195512
 195426
 195339
 195206
 195159
 195121
 195073
 194971
 194964
 194961
 194958
 194885
 194805
 194714
 194604
 194587
 194424
 194358
 194305
 194042
 193967
 193941
 193805
 193720
 193615
 193604
 193548
 193530
 193394
 193271
 193249
 193217
 193152
 193135
 193115
 193042
 192953
 192683
 192537
 192532
 192529
 192495
 192093
 191995
 191942
 191932
 191907
 191896
 191526
 191475
 191321
 191048
 191032
 190905
 190878
 190688
 190672
 190540
 190499
 190477
 190403
 190241
 190231
 189915
 189896
 189763
 189723
 189697
 189252
 188882
 188624
 188556
 188265
 188189
 188153
 188147
 187870
 187825
 187687
 187665
 187610
 187588
 187500
 187060
 186992
 186987
 186822
 186753
 186395
 186286
 186281
 186242
 186132
 186104
 186073
 186051
 186016
 185950
 185949
 185760
 185647
 185647
 185506
 185390
 185327
 185302
 185079
 185040
 185034
 184883
 184728
 184656
 184608
 184589
 184561
 184462
 184431
 184419
 184358
 184230
 184120
 184097
 184018
 183946
 183673
 183647
 183617
 183546
 183544
 183409
 182886
 182628
 182424
 182281
 182278
 182202
 182175
 181905
 181896
 181818
 181811
 181727
 181703
 181671
 181562
 181519
 181435
 181431
 181429
 181422
 181415
 181352
 181141
 181084
 181041
 180963
 180957
 180952
 180751
 180711
 180668
 180488
 180327
 180018
 179962
 179883
 179865
 179802
 179702
 179701
 179633
 179624
 179588
 179287
 179104
 178932
 178896
 178859
 178852
 178725
 178722
 178610
 178443
 178411
 178409
 178371
 178338
 178100
 177920
 177823
 177650
 177546
 177473
 177413
 177384
 177310
 177068
 176736
 176511
 176496
 176494
 176451
 176433
 176426
 176390
 176346
 176291
 176186
 176163
 176154
 176004
 175953
 175893
 175735
 175543
 175533
 175450
 175289
 175252
 175163
 175061
 174903
 174405
 174240
 174197
 173837
 173826
 173816
 173807
 173614
 173252
 173178
 173123
 173111
 172611
 172603
 172451
 172413
 172413
 172347
 172266
 172222
 172070
 172065
 172004
 171983
 171914
 171836
 171762
 171627
 171496
 171365
 171051
 170971
 170830
 170703
 170535
 170469
 170355
 170297
 170172
 169974
 169923
 169680
 169625
 169452
 169451
 169397
 169368
 169258
 169201
 169062
 168980
 168974
 168696
 168220
 168150
 168105
 167695
 167682
 167674
 167649
 167464
 167408
 167342
 167304
 167198
 167136
 167059
 166634
 166555
 166470
 166437
 166405
 166314
 166250
 166197
 166193
 166176
 166123
 166111
 166046
 165957
 165717
 165681
 165584
 165488
 165467
 165404
 165336
 164989
 164970
 164953
 164949
 164838
 164788
 164687
 164497
 164432
 164230
 164218
 164184
 164147
 164067
 164044
 163993
 163842
 163809
 163789
 163653
 163624
 163559
 163520
 163393
 163352
 163285
 163248
 163220
 163212
 163069
 163060
 162917
 162869
 162720
 162685
 162486
 162381
 162071
 161876
 161874
 161853
 161680
 161383
 161174
 161010
 160810
 160670
 160601
 160574
 160571
 160504
 160448
 160431
 160264
 160261
 160110
 160070
 159996
 159914
 159913
 159875
 159723
 159628
 159478
 159398
 159339
 159092
 158874
 158631
 158577
 158525
 158390
 158188
 157894
 157844
 157811
 157764
 157742
 157677
 157650
 157500
 157379
 157155
 157078
 156905
 156799
 156729
 156708
 156687
 156639
 156621
 156536
 156438
 156396
 156347
 156340
 156176
 155777
 155749
 155723
 155615
 155598
 155583
 155567
 155432
 155399
 155371
 155347
 154946
 154771
 154748
 154645
 154436
 154406
 154212
 154175
 154156
 154103
 154027
 153708
 153680
 153418
 153386
 153383
 153330
 153089
 152942
 152932
 152899
 152734
 152601
 152597
 152588
 152510
 152501
 152248
 152234
 152229
 152182
 152173
 151965
 151947
 151931
 151761
 151580
 151560
 151438
 151008
 150926
 150777
 150672
 150465
 150365
 150335
 150295
 150047
 149920
 149773
 149697
 149692
 149550
 149355
 149210
 149189
 149181
 149100
 149091
 149002
 148777
 148538
 148453
 148261
 148253
 148207
 147864
 147738
 147692
 147671
 147630
 147614
 147442
 147351
 147302
 147289
 147185
 147039
 146863
 146861
 146786
 146720
 146715
 146570
 146448
 146303
 146228
 146211
 146176
 146122
 146048
 146048
 145979
 145960
 145720
 145656
 145602
 145584
 145518
 145503
 145462
 145404
 145359
 145358
 145332
 145317
 145203
 144941
 144814
 144778
 144667
 144633
 144569
 144504
 144227
 144206
 144155
 144056
 143992
 143915
 143810
 143731
 143727
 143712
 143629
 143597
 143528
 143458
 143403
 143372
 143294
 143207
 143042
 142923
 142898
 142857
 142857
 142857
 142806
 142636
 142561
 142558
 142459
 142364
 142316
 142061
 142028
 142005
 141998
 141946
 141680
 141603
 141593
 141440
 141388
 141382
 141298
 141167
 141046
 140939
 140921
 140860
 140648
 140618
 140505
 140461
 140383
 140306
 140286
 140259
 139948
 139925
 139883
 139852
 139761
 139720
 139663
 139564
 139549
 139035
 139026
 138896
 138893
 138830
 138696
 138693
 138676
 138671
 138634
 138612
 138564
 138311
 138237
 138226
 138136
 138033
 137883
 137859
 137789
 137753
 137641
 137566
 137207
 137137
 137050
 136892
 136881
 136780
 136619
 136445
 136444
 136385
 136363
 136316
 136305
 136211
 136026
 136012
 135922
 135911
 135895
 135719
 135542
 135541
 135427
 135346
 135289
 135135
 135124
 135019
 134903
 134848
 134459
 134416
 134287
 134278
 134217
 134190
 134175
 134170
 133828
 133813
 133566
 133455
 133215
 133091
 132998
 132955
 132905
 132729
 132729
 132531
 132442
 132243
 132237
 132232
 132231
 132212
 132139
 131888
 131672
 131564
 131510
 131336
 131313
 131265
 131147
 130955
 130857
 130842
 130741
 130722
 130711
 130577
 130404
 130273
 130148
 130025
 129918
 129911
 129788
 129663
 129519
 129484
 129460
 129424
 129372
 129300
 129155
 129086
 128959
 128590
 128507
 127919
 127842
 127828
 127482
 127423
 127327
 127313
 126988
 126915
 126655
 126414
 126381
 126139
 126136
 126076
 126050
 125966
 125946
 125938
 125885
 125832
 125622
 125562
 125487
 125240
 125221
 125034
 124293
 124254
 124231
 124227
 124121
 124025
 123984
 123960
 123923
 123740
 123739
 123591
 123417
 123184
 123075
 122975
 122835
 122785
 122718
 122622
 122482
 122249
 122240
 121916
 121903
 121883
 121764
 121574
 121521
 121271
 121176
 121132
 120893
 120582
 120573
 120556
 120479
 120331
 120291
 120263
 120092
 119161
 119133
 118811
 118708
 118604
 118541
 118149
 117982
 117974
 117903
 117898
 117852
 117819
 117437
 117408
 117375
 117157
 116752
 116752
 116719
 116705
 116633
 116552
 116530
 116379
 116045
 116036
 116026
 115997
 115951
 115886
 115811
 115669
 115660
 115392
 114969
 114595
 114589
 114539
 114307
 114285
 114284
 114174
 114172
 114152
 114070
 114068
 113890
 113843
 113478
 113253
 113207
 113196
 113170
 113134
 113129
 113093
 112988
 112882
 112630
 112477
 112090
 112044
 111881
 111822
 111688
 111606
 111422
 111395
 111111
 111052
 110992
 110870
 110556
 110263
 110052
 110018
 109883
 109809
 109750
 109593
 109567
 109215
 109090
 109058
 108663
 108482
 108427
 108287
 108249
 108116
 107880
 107683
 107641
 107613
 107610
 107552
 107491
 107095
 106847
 106841
 106839
 106821
 106721
 106580
 106439
 106424
 106406
 106399
 106366
 106273
 106271
 106271
 106263
 106241
 106048
 106040
 106020
 105973
 105851
 105354
 105312
 105263
 105046
 104615
 104590
 104470
 104427
 104315
 104235
 104228
 104033
 104024
 103910
 103864
 103828
 103607
 103512
 103379
 103241
 103198
 103163
 103114
 103113
 103091
 103012
 102981
 102964
 102936
 102870
 102870
 102766
 102742
 102684
 102586
 102379
 102343
 102217
 102111
 102018
 101851
 101843
 101747
 101573
 101415
 101405
 101317
 101304
 101240
 101196
 101152
 101094
 100983
 100375
 100354
 100342
 100294
 100252
 100181
 99733
 99715
 99667
 99663
 99500
 99425
 99236
 99076
 98961
 98939
 98777
 98736
 98721
 98690
 98652
 98481
 98389
 98274
 98139
 98070
 98069
 98017
 97947
 97885
 97848
 97846
 97494
 97482
 97443
 97298
 97264
 97208
 97102
 96986
 96911
 96690
 96429
 96394
 96306
 96237
 96108
 96098
 96073
 95955
 95731
 95543
 95443
 95354
 95327
 95300
 95095
 95073
 95057
 95015
 94674
 94520
 94513
 94327
 94310
 94212
 94205
 94147
 93905
 93880
 93819
 93671
 93527
 93509
 93434
 93234
 93192
 93096
 93085
 93041
 92888
 92885
 92807
 92783
 92762
 92661
 92528
 92261
 92252
 92003
 91950
 91806
 91698
 91629
 91557
 91292
 91241
 91064
 90729
 90686
 90601
 90557
 90487
 90358
 90338
 90325
 90241
 90210
 90185
 90173
 89968
 89965
 89943
 89823
 89575
 89495
 89466
 89459
 89401
 89361
 89132
 89087
 88965
 88881
 88858
 88803
 88803
 88777
 88591
 88311
 88252
 88204
 88047
 88014
 88002
 87773
 87706
 87608
 87537
 87343
 87284
 87185
 87184
 87041
 86938
 86752
 86619
 86530
 86457
 86394
 86386
 86292
 86243
 86200
 86175
 85977
 85929
 85878
 85862
 85859
 85830
 85673
 85440
 85413
 85316
 85242
 85139
 85064
 84941
 84913
 84802
 84770
 84723
 84411
 84379
 84367
 84337
 84318
 84297
 84237
 84124
 83958
 83888
 83546
 83333
 83265
 83086
 83049
 82981
 82850
 82653
 82502
 82496
 82299
 82206
 82164
 82122
 81923
 81808
 81426
 81419
 81414
 81307
 81203
 81081
 81019
 80815
 80748
 80741
 80729
 80715
 80565
 80563
 80239
 80088
 80000
 79975
 79822
 79808
 79753
 79658
 79464
 79403
 79194
 78952
 78899
 78856
 78715
 78339
 78330
 77951
 77864
 77845
 77803
 77747
 77557
 77556
 77258
 77165
 76923
 76923
 76923
 76770
 76724
 76578
 76527
 76477
 76386
 76344
 76341
 76274
 76201
 76067
 75806
 75640
 75560
 75485
 75383
 75322
 75187
 75171
 75161
 74911
 74908
 74866
 74822
 74630
 74492
 74228
 74107
 74074
 73918
 73790
 73749
 73697
 73640
 73349
 73325
 73221
 73193
 73176
 73092
 73073
 72966
 72542
 72422
 72374
 72252
 72241
 71982
 71595
 71381
 71279
 71131
 70777
 70542
 70523
 70520
 70490
 70208
 70143
 70110
 69574
 69527
 69191
 69138
 69091
 69050
 68535
 68459
 68433
 68192
 68062
 67908
 67810
 67796
 67735
 67658
 67602
 67433
 67357
 67226
 67209
 67016
 66773
 66688
 66623
 66493
 66423
 66420
 66355
 66183
 66174
 66077
 66037
 66024
 65895
 65729
 65718
 65637
 65620
 65564
 65510
 65437
 65283
 65077
 65036
 64974
 64955
 64935
 64889
 64888
 64740
 64726
 64619
 64425
 64312
 64312
 64073
 63970
 63802
 63693
 63571
 63524
 63209
 63091
 63012
 62966
 62782
 62698
 62610
 62455
 62247
 62164
 62156
 62146
 62144
 62047
 61874
 61635
 61588
 61516
 61227
 61141
 61058
 61009
 60804
 60316
 60301
 60273
 59881
 59821
 59798
 59759
 59746
 59647
 59614
 59596
 59405
 59381
 58865
 58716
 58714
 58651
 58598
 58521
 58358
 58122
 58103
 57912
 57710
 57698
 57576
 57542
 57518
 57438
 57200
 57089
 56970
 56942
 56803
 56796
 56757
 56755
 56572
 56564
 56472
 56406
 56308
 56263
 56247
 56059
 55916
 55841
 55833
 55602
 55579
 55559
 55498
 55351
 55058
 55043
 54673
 54644
 54400
 54385
 54202
 54191
 54150
 54106
 54063
 54038
 54001
 53782
 53657
 53630
 53449
 53333
 53239
 52996
 52868
 52738
 52734
 52726
 52698
 52640
 52500
 52459
 52369
 52321
 52089
 51991
 51933
 51871
 51849
 51834
 51633
 51456
 51366
 51338
 51329
 51286
 51120
 51077
 51002
 50984
 50904
 50883
 50694
 50687
 50421
 50248
 50213
 50158
 50003
 49915
 49715
 49586
 49495
 49490
 49484
 49420
 49105
 48981
 48948
 48923
 48721
 48584
 48577
 48499
 48201
 48139
 48052
 47962
 47714
 47624
 47619
 47592
 47509
 47508
 47430
 47358
 47327
 47223
 47135
 47052
 46961
 46852
 46827
 46693
 46677
 46519
 46514
 46460
 46167
 46117
 46036
 45907
 45884
 45775
 45552
 45551
 45433
 45373
 45301
 45248
 45022
 45003
 44939
 44936
 44912
 44655
 44516
 44438
 44414
 44273
 44105
 44078
 44063
 44012
 43972
 43805
 43789
 43596
 43478
 43285
 43076
 43062
 43027
 42930
 42928
 42789
 42758
 42414
 42408
 42364
 42124
 42039
 42022
 41838
 41835
 41830
 41778
 41734
 41666
 41656
 41480
 41187
 41123
 41095
 41062
 41061
 41056
 40934
 40878
 40878
 40858
 40842
 40802
 40789
 40767
 40649
 40647
 40633
 40435
 40392
 40345
 40335
 40314
 39988
 39942
 39708
 39541
 39300
 39172
 39122
 39024
 39007
 38898
 38817
 38707
 38607
 38600
 38302
 38231
 38195
 38068
 37839
 37769
 37741
 37611
 37576
 37436
 37401
 36804
 36742
 36671
 36539
 36529
 36376
 36307
 36126
 36092
 35985
 35961
 35788
 35724
 35696
 35649
 35580
 35516
 35512
 35252
 35186
 35159
 35153
 35087
 35014
 34961
 34940
 34904
 34824
 34662
 34403
 34321
 34293
 34288
 34220
 33898
 33897
 33653
 33557
 33398
 33302
 33294
 33182
 33091
 33006
 32931
 32708
 32534
 32240
 32014
 32005
 31998
 31788
 31707
 31697
 31624
 31354
 31235
 31116
 31107
 31023
 30915
 30769
 30752
 30468
 30320
 30253
 30084
 30045
 29994
 29726
 29664
 29631
 29619
 29537
 29171
 29140
 29130
 29023
 28878
 28874
 28857
 28731
 28591
 28481
 28478
 28437
 28418
 28363
 28340
 28264
 28169
 28124
 28061
 28016
 27976
 27603
 27461
 27347
 27134
 27068
 26901
 26760
 26476
 26278
 26258
 26184
 26006
 25869
 25432
 25411
 25250
 25139
 24795
 24729
 24715
 24714
 24575
 24333
 24333
 24307
 24299
 24248
 24079
 24063
 24026
 23869
 23858
 23856
 23556
 23402
 23274
 23254
 23154
 22905
 22755
 22738
 22732
 22715
 22596
 22433
 22161
 22079
 21999
 21860
 21842
 21798
 21754
 21744
 21480
 21451
 21409
 21371
 20936
 20915
 20830
 20792
 20790
 20681
 20618
 20583
 20535
 20471
 20279
 20162
 19955
 19877
 19837
 19729
 19657
 19546
 19477
 19435
 19342
 19329
 19264
 19138
 19108
 19085
 19028
 18905
 18903
 18500
 18405
 18400
 18317
 18255
 18223
 18220
 18074
 18043
 17969
 17965
 17859
 17847
 17788
 17774
 17750
 17709
 17618
 17611
 17402
 17232
 17125
 17001
 16906
 16906
 16835
 16806
 16708
 16638
 16509
 16456
 16423
 16387
 16278
 16228
 16201
 16136
 16129
 16056
 16056
 15942
 15932
 15903
 15880
 15793
 15723
 15522
 15270
 15104
 15061
 14569
 14521
 14279
 14260
 14237
 14183
 14062
 13966
 13898
 13857
 13803
 13722
 13588
 13470
 13444
 13330
 13058
 13050
 13049
 12888
 12883
 12773
 12578
 12454
 12422
 12113
 12021
 11898
 11816
 11704
 11637
 11407
 11377
 11355
 11221
 11206
 11199
 11173
 11078
 11063
 11012
 10989
 10781
 10759
 10609
 10480
 10452
 10341
 10257
 10223
 10214
 10204
 10069
 9975
 9967
 9925
 9917
 9910
 9429
 9186
 9046
 8820
 8805
 8755
 8642
 8636
 8593
 8573
 8052
 7838
 7814
 7533
 7475
 7400
 7212
 7209
 7208
 7159
 7127
 7117
 7115
 7042
 6887
 6834
 6811
 6790
 6694
 6649
 6561
 6100
 6032
 5917
 5807
 5790
 5727
 5528
 5391
 5355
 5256
 5231
 5084
 5083
 5082
 5042
 4738
 4645
 4543
 4226
 4149
 4130
 3969
 3839
 3797
 3780
 3656
 3544
 3518
 3498
 3143
 3130
 3031
 2962
 2781
 2776
 2579
 2565
 2422
 2329
 2267
 2064
 2011
 1929
 1924
 1772
 1714
 1553
 1429
 1360
 1174
 1096
 1008
 793
 780
 715
 691
 679
 644
 534
 257
 160
 0
 0
 0
 0
 0
 0
 0
 0
 0
 0
 0
 0
 0
 0
 0
 