99613
 99603
 99449
 99408
 99011
 98999
 98916
 98873
 98764
 98751
 98749
 98505
 98389
 98385
 98382
 98347
 98254
 98062
 97852
 97847
 97766
 97410
 97204
 97157
 97116
 96986
 96949
 96938
 96866
 96829
 96622
 96385
 96348
 96304
 96283
 96207
 95948
 95925
 95775
 95723
 95721
 95674
 95579
 95510
 95385
 95305
 95143
 95130
 94841
 94786
 94783
 94651
 94225
 94186
 94112
 94097
 94016
 93743
 93295
 93154
 93004
 93000
 92976
 92862
 92860
 92763
 92762
 92755
 92747
 92693
 92689
 92607
 92416
 92410
 91978
 91757
 91752
 91682
 91479
 91460
 91256
 91059
 90981
 90976
 90971
 90939
 90870
 90743
 90680
 90592
 90585
 90368
 90131
 90108
 90072
 89900
 89852
 89690
 89589
 89550
 89536
 89286
 89075
 88993
 88913
 88845
 88787
 88783
 88738
 88731
 88668
 88649
 88571
 88336
 88319
 88050
 87968
 87950
 87887
 87855
 87732
 87705
 87586
 87501
 87354
 87278
 87234
 87166
 86847
 86714
 86606
 86520
 86504
 86416
 86379
 86351
 86259
 85984
 85951
 85900
 85831
 85772
 85733
 85550
 85393
 85360
 85235
 85083
 85046
 85037
 84983
 84952
 84912
 84834
 84712
 84605
 84573
 84316
 84281
 84150
 84088
 84083
 84030
 83492
 83461
 83383
 83309
 83197
 83074
 83040
 82979
 82944
 82804
 82747
 82649
 82565
 82551
 82481
 82438
 82417
 82276
 82263
 82197
 82156
 81985
 81976
 81901
 81880
 81835
 81829
 81773
 81729
 81625
 81368
 81329
 81313
 81164
 81157
 81099
 81029
 80958
 80930
 80928
 80847
 80841
 80818
 80778
 80665
 80584
 80541
 80505
 80336
 80302
 80198
 80100
 80008
 79918
 79852
 79649
 79506
 79481
 79332
 78833
 78708
 78655
 78433
 78390
 78327
 78153
 78152
 78130
 77941
 77938
 77931
 77910
 77776
 77468
 77314
 77272
 77110
 76563
 76522
 76449
 76319
 76129
 76050
 75996
 75992
 75657
 75571
 75470
 75345
 75300
 75155
 75109
 75038
 74865
 74804
 74638
 74628
 74585
 74482
 74442
 74347
 74169
 73847
 73821
 73784
 73735
 73734
 73724
 73667
 73658
 73652
 73483
 73292
 73109
 73079
 73075
 73061
 72918
 72896
 72624
 72621
 72556
 72415
 72368
 72259
 72222
 72156
 71979
 71781
 71717
 71706
 71699
 71657
 71466
 71439
 71348
 71251
 71171
 70914
 70826
 70799
 70694
 70234
 70213
 70102
 70100
 69935
 69817
 69780
 69689
 69635
 69538
 69532
 69224
 69118
 68942
 68733
 68674
 68642
 68443
 68108
 67990
 67725
 67685
 67567
 67497
 67484
 67429
 67247
 67234
 67208
 67149
 67092
 66956
 66901
 66677
 66447
 66437
 66036
 66013
 66004
 65941
 65930
 65900
 65833
 65717
 65661
 65605
 65344
 65329
 65321
 65271
 65219
 65175
 65112
 65001
 64927
 64888
 64748
 64685
 64533
 64463
 64462
 64321
 64099
 63966
 63937
 63886
 63830
 63826
 63809
 63718
 63670
 63597
 63489
 63436
 63182
 63141
 63087
 62888
 62838
 62768
 62740
 62593
 62426
 62399
 62189
 62165
 62113
 62075
 62050
 61920
 61876
 61663
 61517
 61358
 61190
 60939
 60570
 60305
 60208
 60202
 60163
 60082
 59957
 59948
 59874
 59784
 59622
 59615
 59585
 59450
 59372
 59274
 59141
 59070
 58854
 58779
 58702
 58696
 58500
 58252
 58228
 58079
 57766
 57763
 57762
 57690
 57646
 57376
 57311
 57306
 56845
 56678
 56613
 56580
 56573
 56541
 56470
 56442
 56381
 56239
 55930
 55871
 55805
 55728
 55714
 55687
 55678
 55592
 55525
 55485
 55482
 55407
 55292
 54818
 54340
 54204
 53872
 53867
 53784
 53717
 53695
 53579
 53322
 53291
 53290
 53284
 53235
 53094
 53068
 53005
 52951
 52752
 52519
 52295
 52243
 51615
 51550
 51532
 51415
 51403
 51358
 51337
 51303
 51196
 51195
 51194
 51102
 50804
 50648
 50404
 50363
 50359
 50351
 50307
 50267
 50141
 50079
 49919
 49798
 49768
 49691
 49495
 49473
 49280
 49273
 49186
 49104
 48996
 48926
 48912
 48910
 48763
 48651
 48628
 48183
 48040
 47670
 47551
 47463
 47379
 47361
 47315
 47238
 47156
 47078
 47038
 47016
 46996
 46733
 46728
 46567
 46405
 46294
 46085
 45914
 45798
 45757
 45637
 45482
 45075
 45029
 44810
 44805
 44787
 44766
 44658
 44576
 44483
 44397
 44360
 44325
 44290
 44278
 44191
 44095
 43968
 43915
 43782
 43647
 43521
 43417
 43255
 43243
 43194
 43101
 43028
 42974
 42886
 42832
 42618
 42513
 42433
 42402
 42388
 42204
 41990
 41903
 41836
 41728
 41645
 41559
 41467
 41281
 41262
 41247
 41159
 41043
 40831
 40774
 40706
 40674
 40644
 40606
 40239
 40149
 40118
 40112
 40076
 40012
 39951
 39902
 39267
 39150
 39097
 38944
 38891
 38622
 38561
 38493
 38354
 38336
 38323
 37924
 37698
 37620
 37445
 37389
 37356
 37293
 37277
 37227
 37080
 37037
 36994
 36932
 36815
 36694
 36632
 36626
 36535
 36513
 36377
 36258
 36154
 36123
 35865
 35860
 35688
 35593
 35513
 35302
 35277
 35087
 34986
 34933
 34662
 34509
 34359
 34313
 34025
 34018
 34004
 33971
 33963
 33720
 33703
 33677
 33618
 33587
 33356
 33292
 33254
 33221
 33184
 33165
 33128
 32992
 32932
 32890
 32829
 32710
 32625
 32514
 32460
 32271
 32256
 32236
 32214
 32163
 32047
 31974
 31947
 31832
 31199
 31184
 31099
 30793
 30776
 30624
 30610
 30346
 30318
 30214
 30160
 29993
 29885
 29796
 29719
 29402
 29287
 29143
 29076
 29070
 28778
 28726
 28669
 28484
 28398
 28233
 28081
 27836
 27795
 27791
 27736
 27589
 27519
 27327
 27279
 27249
 27233
 27121
 26971
 26962
 26833
 26808
 26788
 26703
 26692
 26664
 26520
 26501
 26465
 26452
 26449
 26433
 26286
 26250
 26199
 25917
 25874
 25864
 25827
 25824
 25702
 25575
 25336
 25333
 25272
 25239
 25230
 24882
 24862
 24787
 24609
 24569
 24489
 24344
 24076
 24042
 23976
 23854
 23831
 23680
 23632
 23630
 23552
 23488
 23385
 23379
 23358
 23263
 23193
 23076
 23053
 23015
 22884
 22857
 22708
 22440
 22242
 22150
 22141
 21928
 21783
 21759
 21738
 21704
 21685
 21645
 21480
 21432
 21363
 21336
 21114
 21112
 21057
 20945
 20718
 20494
 20469
 20291
 20257
 20246
 20229
 20091
 19973
 19770
 19759
 19592
 19487
 19211
 19139
 19013
 19011
 18976
 18963
 18941
 18891
 18885
 18662
 18455
 18311
 18298
 18288
 18243
 18120
 18075
 18000
 17856
 17753
 17735
 17596
 17496
 17454
 17387
 17070
 17058
 17040
 16909
 16785
 16695
 16606
 16459
 16433
 16242
 16153
 16069
 16021
 16015
 15949
 15893
 15888
 15812
 15445
 15422
 15365
 15260
 15223
 15103
 15002
 14914
 14902
 14646
 14629
 14583
 14491
 14340
 14196
 14185
 14112
 13768
 13682
 13666
 13665
 13584
 13559
 13145
 13132
 13126
 13071
 13049
 12694
 12382
 12330
 12020
 11981
 11781
 11758
 11659
 11622
 11607
 11406
 11301
 11290
 11264
 11239
 11215
 11072
 11066
 10885
 10845
 10605
 10398
 10337
 9988
 9759
 9695
 9568
 9394
 9293
 9236
 9127
 9118
 9036
 8806
 8719
 8670
 8615
 8598
 8379
 8230
 8180
 7860
 7709
 7700
 7537
 7501
 7462
 7385
 7360
 7176
 7059
 6996
 6888
 6877
 6810
 6700
 6663
 6526
 6335
 6121
 5941
 5788
 5639
 5548
 5462
 5454
 5444
 5383
 5237
 5234
 5116
 4777
 4750
 4279
 4221
 3991
 3693
 3545
 3508
 3501
 3487
 3480
 3476
 3460
 3347
 3225
 3057
 2866
 2789
 2713
 2660
 2657
 2541
 2369
 2211
 2126
 2042
 1712
 1676
 1539
 1330
 1324
 1257
 1201
 1130
 1011
 962
 848
 785
 703
 366
 287
 216
 0
 