9939
 9868
 9854
 9619
 9599
 9400
 9388
 9216
 9172
 9102
 9003
 8973
 8872
 8839
 8512
 8409
 8318
 8240
 8139
 8004
 7869
 7460
 7293
 7282
 7100
 6978
 6943
 6881
 6843
 6837
 6769
 6695
 6630
 6553
 6338
 6332
 6319
 5982
 5896
 5785
 5724
 5622
 5506
 5393
 5217
 5038
 4912
 4894
 4694
 4615
 4578
 4468
 4271
 4160
 4051
 3935
 3799
 3750
 3729
 3725
 3570
 3568
 3499
 3422
 3311
 3219
 3175
 3154
 3116
 3115
 3074
 3065
 3031
 2885
 2776
 2669
 2590
 2548
 2547
 2520
 2399
 2127
 2104
 2097
 2038
 1670
 1528
 1399
 1378
 1374
 1362
 1325
 1093
 950
 910
 724
 600
 187
 87
 3
 