9772
 9702
 9520
 9278
 9182
 9129
 9063
 8997
 8881
 8667
 8636
 8619
 8611
 8519
 8472
 8407
 8392
 8387
 8212
 8205
 8076
 8059
 7955
 7837
 7827
 7751
 7544
 7504
 7463
 7354
 7301
 7294
 7275
 7273
 7186
 7124
 6966
 6937
 6871
 6751
 6722
 6536
 6462
 6427
 6335
 6189
 6186
 6088
 5963
 5803
 5754
 5544
 5499
 5440
 5411
 5316
 5274
 5045
 4895
 4819
 4791
 4784
 4378
 4350
 3999
 3877
 3835
 3832
 3803
 3692
 3410
 3364
 3166
 3158
 3076
 2975
 2967
 2957
 2912
 2862
 2781
 2760
 2643
 2435
 2324
 2281
 2091
 1992
 1751
 1648
 1470
 1427
 1339
 1190
 682
 514
 465
 191
 141
 9
 