499899
 499559
 499496
 499288
 499165
 499040
 498683
 498415
 498396
 498368
 498318
 498290
 498248
 498233
 498161
 497737
 497668
 497664
 497478
 497256
 497238
 497126
 497114
 497109
 496826
 496784
 496742
 496707
 496700
 496473
 496461
 496433
 496187
 496166
 496155
 496051
 495862
 495720
 495578
 495446
 495404
 495289
 495015
 495007
 495006
 494964
 494949
 494943
 494888
 494717
 494709
 494687
 494577
 494576
 494541
 494505
 494326
 494235
 494006
 493963
 493835
 493603
 493582
 493572
 493470
 493461
 493188
 493150
 493045
 492913
 492863
 492828
 492685
 492548
 492465
 492205
 492001
 491978
 491969
 491823
 491708
 491635
 491561
 491229
 491037
 491028
 491020
 491006
 490932
 490854
 490836
 490771
 490706
 490680
 490651
 490620
 490468
 490453
 490434
 490171
 490111
 490042
 489974
 489866
 489837
 489716
 489555
 489533
 489524
 489485
 489349
 489239
 489144
 488805
 488648
 488641
 488569
 488409
 488283
 488254
 488252
 488032
 487972
 487877
 487826
 487822
 487694
 487509
 487349
 487282
 487264
 487211
 487188
 487167
 486969
 486888
 486866
 486828
 486779
 486752
 486737
 486710
 486658
 486617
 486610
 486332
 486308
 486305
 486071
 485895
 485804
 485798
 485714
 485620
 485575
 485463
 485455
 485143
 484909
 484777
 484707
 484705
 484682
 484632
 484591
 484441
 484282
 484243
 484226
 484115
 483898
 483729
 483713
 483669
 483386
 483367
 483361
 483265
 483233
 483154
 483074
 483003
 482993
 482870
 482673
 482640
 482614
 482554
 482352
 482253
 482200
 482085
 482052
 481780
 481740
 481458
 481304
 481093
 481004
 480919
 480834
 480619
 480487
 480475
 480213
 480208
 480086
 480066
 479985
 479912
 479899
 479779
 479463
 479407
 479191
 479177
 478901
 478873
 478804
 478733
 478603
 478255
 478180
 478155
 477880
 477753
 477694
 477652
 477640
 477591
 477390
 477339
 477260
 477172
 477134
 476989
 476913
 476890
 476884
 476801
 476651
 476611
 476490
 476369
 476168
 476026
 476003
 475975
 475636
 475451
 475324
 475296
 475222
 475107
 474900
 474858
 474777
 474764
 474593
 474592
 474377
 474268
 474208
 474110
 474084
 474065
 474040
 474010
 473862
 473827
 473355
 473319
 473287
 473277
 473267
 473087
 473025
 473024
 472982
 472841
 472832
 472537
 472460
 472328
 472222
 472031
 471997
 471983
 471822
 471778
 471776
 471581
 471452
 471436
 471404
 471390
 471117
 471070
 471038
 470924
 470907
 470684
 470611
 470298
 470247
 470100
 469932
 469918
 469815
 469752
 469529
 469234
 469200
 469125
 469034
 468887
 468838
 468754
 468735
 468365
 468363
 468271
 468219
 467927
 467853
 467782
 467698
 467680
 467604
 467482
 467412
 467297
 467154
 467027
 466935
 466834
 466828
 466724
 466351
 466334
 466097
 466001
 465954
 465871
 465780
 465665
 465483
 465441
 465222
 465171
 464893
 464824
 464565
 464522
 464506
 464452
 464333
 464309
 464299
 464057
 463983
 463959
 463720
 463489
 463258
 463106
 463079
 463037
 462757
 462689
 462474
 462411
 462096
 461896
 461838
 461768
 461702
 461621
 461538
 461488
 461279
 461247
 461123
 461027
 460922
 460591
 460571
 460525
 460295
 460248
 460230
 460142
 460078
 460072
 460000
 459795
 459695
 459563
 459483
 459317
 459229
 459165
 459157
 459067
 459016
 458925
 458901
 458873
 458865
 458831
 458612
 458593
 458537
 458492
 458414
 458375
 458174
 458034
 457985
 457970
 457964
 457735
 457624
 457478
 457471
 457346
 457245
 457211
 457210
 457087
 456955
 456576
 456541
 456342
 456327
 456140
 456028
 455936
 455782
 455731
 455696
 455653
 455546
 455288
 455248
 455135
 454908
 454863
 454770
 454760
 454750
 454650
 454545
 454483
 454253
 454137
 454089
 453919
 453889
 453789
 453711
 453633
 453460
 453429
 453261
 453228
 453182
 453179
 453092
 452909
 452714
 452631
 452493
 452456
 452334
 452098
 452024
 451932
 451803
 451796
 451792
 451763
 451657
 451626
 451578
 451483
 451461
 451359
 451267
 451229
 451149
 451109
 450980
 450972
 450942
 450819
 450670
 450471
 450263
 450214
 450211
 450035
 449988
 449830
 449638
 449520
 449367
 449346
 449328
 449289
 449193
 449094
 449046
 448854
 448769
 448743
 448465
 448356
 448353
 448344
 448226
 448015
 447812
 447757
 447755
 447739
 447454
 446914
 446802
 446657
 446458
 446412
 446355
 446341
 446311
 446162
 445863
 445824
 445799
 445706
 445518
 445480
 445291
 445276
 445273
 445242
 445203
 445070
 445058
 445017
 444907
 444651
 444618
 444556
 444304
 444156
 443974
 443966
 443910
 443859
 443725
 443714
 443652
 443622
 443548
 443526
 443386
 442924
 442733
 442718
 442696
 442671
 442534
 442423
 442379
 442347
 442243
 442211
 442147
 442072
 442060
 442028
 441972
 441951
 441918
 441726
 441601
 441542
 441522
 441505
 441240
 441018
 440712
 440677
 440559
 440503
 440260
 440216
 439989
 439956
 439952
 439879
 439863
 439856
 439718
 439604
 439467
 439406
 439382
 439316
 439240
 439228
 439120
 439066
 439034
 438635
 438534
 438396
 438388
 438199
 438086
 437984
 437770
 437764
 437722
 437625
 437611
 437586
 437584
 437453
 437383
 437234
 437068
 436897
 436608
 436505
 436271
 436213
 436157
 435961
 435830
 435803
 435742
 435730
 435407
 435278
 435089
 435019
 434975
 434911
 434803
 434604
 434574
 434559
 434556
 434545
 434256
 434192
 434131
 433951
 433686
 433568
 433377
 433297
 433114
 433035
 432920
 432901
 432746
 432617
 432571
 432434
 432347
 432327
 432270
 432179
 432150
 432140
 431978
 431936
 431885
 431728
 431646
 431334
 431266
 431217
 431197
 431110
 431034
 431021
 430939
 430729
 430550
 430493
 430340
 430266
 430193
 430113
 430091
 430058
 429715
 429391
 429339
 429338
 429188
 429121
 428961
 428832
 428806
 428653
 428640
 428597
 428522
 428503
 428414
 428335
 428291
 428232
 428027
 427991
 427966
 427945
 427939
 427835
 427693
 427677
 427549
 427399
 427314
 427268
 426959
 426947
 426905
 426900
 426899
 426834
 426796
 426694
 426610
 426505
 426343
 426229
 426040
 425988
 425777
 425761
 425743
 425726
 425685
 425658
 425618
 425600
 425550
 425495
 425347
 425320
 425287
 425138
 424980
 424959
 424763
 424587
 424398
 424396
 424390
 424167
 424164
 424099
 423965
 423928
 423787
 423704
 423587
 423366
 423322
 423122
 423086
 422940
 422846
 422818
 422797
 422679
 422523
 422466
 422344
 422334
 422303
 422300
 422298
 422262
 422054
 421907
 421751
 421660
 421555
 421372
 421313
 421085
 421041
 421008
 420799
 420782
 420731
 420619
 420598
 420477
 420454
 420207
 420026
 419986
 419974
 419968
 419948
 419680
 419472
 419458
 419374
 419296
 419274
 419246
 419143
 419077
 419061
 419047
 418923
 418848
 418648
 418407
 418354
 418313
 418039
 418002
 417995
 417989
 417848
 417783
 417617
 417552
 417323
 417321
 417286
 417200
 417127
 417028
 416697
 416650
 416571
 416525
 416337
 416224
 415913
 415893
 415878
 415821
 415746
 415627
 415563
 415438
 415434
 415204
 415201
 415038
 414893
 414814
 414752
 414693
 414652
 414646
 414554
 414541
 414475
 414426
 414016
 413814
 413657
 413654
 413535
 413276
 412915
 412711
 412688
 412636
 412606
 412574
 412554
 412349
 412332
 412266
 411981
 411951
 411820
 411758
 411522
 411428
 410631
 410256
 410244
 410009
 410000
 409961
 409911
 409888
 409799
 409713
 409319
 409229
 409109
 409098
 409031
 408822
 408775
 408762
 408705
 408494
 408450
 408353
 408238
 407934
 407825
 407616
 407473
 407470
 407360
 407310
 407156
 407104
 406993
 406954
 406893
 406818
 406690
 406678
 406590
 406532
 406511
 406479
 406309
 406121
 406102
 406099
 406084
 406082
 405928
 405563
 405510
 405433
 405405
 405275
 405264
 405230
 404963
 404856
 404785
 404761
 404628
 404614
 404541
 404406
 404259
 404062
 404043
 403975
 403933
 403919
 403851
 403753
 403709
 403633
 403421
 403269
 403155
 403151
 403012
 402878
 402833
 402560
 402440
 402428
 402379
 402332
 402319
 402213
 402091
 402031
 401989
 401957
 401947
 401921
 401801
 401526
 401439
 401290
 401138
 401110
 401109
 401002
 400878
 400599
 400593
 400396
 400392
 400290
 400249
 400000
 399937
 399837
 399788
 399665
 399541
 399497
 399483
 399385
 399174
 399090
 399029
 398977
 398933
 398823
 398796
 398694
 398565
 398456
 398095
 397996
 397982
 397966
 397958
 397922
 397888
 397886
 397810
 397656
 397576
 397575
 397553
 397487
 397214
 397187
 397082
 397001
 396955
 396520
 396436
 396361
 396172
 395981
 395923
 395910
 395906
 395724
 395704
 395550
 395248
 395059
 395038
 395001
 394922
 394871
 394859
 394618
 394582
 394540
 394423
 394308
 394172
 394142
 394076
 393988
 393899
 393835
 393825
 393801
 393698
 393676
 393558
 393391
 393338
 393233
 393202
 393024
 392954
 392853
 392813
 392678
 392481
 392146
 392070
 391891
 391880
 391822
 391720
 391459
 390938
 390849
 390804
 390768
 390705
 390699
 390581
 390167
 390118
 389899
 389894
 389711
 389443
 389423
 389352
 389351
 389330
 388925
 388922
 388909
 388888
 388875
 388835
 388831
 388769
 388716
 388642
 388438
 388298
 388020
 387956
 387764
 387732
 387374
 387271
 386881
 386852
 386810
 386792
 386786
 386744
 386632
 386578
 386401
 386363
 386254
 386176
 386100
 386017
 385964
 385949
 385638
 385624
 385485
 385476
 385207
 385200
 385093
 384971
 384922
 384865
 384594
 384565
 384502
 384213
 384089
 384009
 383561
 383324
 383232
 383126
 382892
 382890
 382813
 382730
 382647
 382626
 382594
 382542
 382392
 382386
 382280
 382147
 382128
 382106
 382035
 382024
 381975
 381974
 381324
 381299
 381257
 381203
 381145
 381109
 381094
 381070
 380945
 380925
 380806
 380617
 380585
 380552
 380420
 380368
 380294
 380215
 380095
 380078
 380000
 379967
 379860
 379682
 379546
 379448
 379338
 379321
 379310
 379240
 379160
 379158
 379130
 379087
 378964
 378848
 378787
 378735
 378686
 378581
 378575
 378531
 378521
 378455
 378451
 378322
 378299
 378234
 378179
 378142
 378048
 377844
 377726
 377619
 377312
 377300
 377240
 377023
 376935
 376856
 376443
 376404
 376114
 376092
 375857
 375799
 375691
 375660
 375425
 375343
 375273
 374811
 374500
 374459
 374294
 374215
 374175
 373796
 373768
 373584
 373384
 373362
 373354
 373332
 373178
 373135
 373134
 372958
 372944
 372857
 372846
 372496
 372332
 372244
 372096
 372088
 371940
 371907
 371864
 371841
 371807
 371592
 371551
 371428
 371347
 371344
 370948
 370894
 370556
 370506
 370466
 370427
 370370
 369774
 369772
 369705
 369660
 369583
 369288
 369230
 369196
 369069
 369012
 368990
 368913
 368876
 368827
 368732
 368670
 368528
 368413
 368362
 368122
 368089
 368068
 367849
 367819
 367783
 367758
 367696
 367544
 367506
 367373
 367360
 366977
 366856
 366850
 366831
 366794
 366721
 366550
 366501
 366412
 366071
 366060
 365939
 365802
 365641
 365543
 365498
 365345
 365214
 365155
 365111
 365079
 365040
 365015
 364985
 364921
 364916
 364905
 364899
 364848
 364744
 364654
 364645
 364607
 364375
 364362
 364338
 364290
 364064
 364050
 364019
 363968
 363912
 363902
 363820
 363764
 363499
 363363
 363264
 363187
 363070
 363036
 362914
 362678
 362675
 362662
 362517
 362342
 362314
 362285
 362188
 362146
 361965
 361749
 361697
 361650
 361633
 361566
 361538
 361526
 361525
 361486
 361482
 361464
 361302
 361109
 360908
 360883
 360837
 360774
 360674
 360611
 360574
 360399
 360205
 360107
 360049
 359920
 359762
 359610
 359563
 359552
 359526
 359444
 359439
 359421
 359029
 358958
 358921
 358917
 358813
 358711
 358681
 358667
 358502
 358460
 358450
 358275
 358165
 358133
 357994
 357945
 357904
 357897
 357876
 357772
 357752
 357730
 357717
 357507
 357493
 357470
 357460
 357351
 357343
 357319
 357142
 356875
 356845
 356697
 356548
 356462
 356390
 356297
 356111
 356038
 356008
 355617
 355414
 355178
 355056
 355033
 354981
 354964
 354801
 354738
 354734
 354693
 354608
 354539
 354414
 354013
 353971
 353946
 353810
 353658
 353652
 353605
 353403
 353239
 353006
 352794
 352735
 352691
 352686
 352573
 352480
 352445
 352386
 352274
 352234
 352012
 351722
 351585
 351397
 351044
 351018
 350951
 350793
 350674
 350591
 350412
 350241
 350195
 349824
 349771
 349751
 349717
 349673
 349630
 349546
 349530
 349508
 349482
 349468
 349422
 349029
 349022
 348925
 348859
 348797
 348753
 348741
 348698
 348671
 348651
 348628
 348361
 348122
 348037
 347940
 347849
 347777
 347676
 347653
 347623
 347402
 347324
 347270
 347246
 347162
 347155
 347150
 347133
 347095
 347076
 347016
 347006
 346997
 346866
 346861
 346564
 346448
 346438
 346327
 346316
 346248
 346072
 346054
 345948
 345936
 345922
 345727
 345624
 345584
 345530
 345341
 345181
 345172
 345114
 344846
 344746
 344684
 344582
 344561
 344474
 344380
 344349
 344273
 344183
 344139
 344093
 344062
 344050
 343956
 343935
 343778
 343598
 343270
 343074
 342991
 342922
 342908
 342780
 342749
 342697
 342664
 342578
 342534
 342482
 342410
 342368
 342327
 342155
 342108
 342105
 342044
 342022
 341888
 341791
 341674
 341642
 341548
 341426
 341341
 341208
 341197
 341129
 341109
 340999
 340973
 340927
 340548
 340489
 340336
 340219
 340172
 340090
 339906
 339882
 339842
 339769
 339682
 339650
 339617
 339531
 339474
 339357
 339072
 338990
 338862
 338010
 337891
 337777
 337741
 337349
 337284
 337223
 337089
 337018
 336997
 336962
 336913
 336882
 336828
 336563
 336536
 336451
 336227
 336193
 335794
 335741
 335661
 335629
 335420
 335384
 335357
 335222
 335108
 335018
 334862
 334761
 334693
 334599
 334511
 334412
 334313
 334251
 334139
 334007
 333979
 333653
 333652
 333605
 333489
 333481
 333467
 333333
 333206
 332909
 332803
 332754
 332460
 332458
 332450
 332441
 332298
 332262
 332078
 332023
 332010
 331913
 331866
 331625
 331525
 331509
 331496
 331389
 331341
 331287
 331273
 331210
 331182
 331175
 331169
 331081
 331033
 330961
 330866
 330858
 330788
 330783
 330754
 330605
 330596
 330520
 330471
 330414
 330072
 329853
 329810
 329809
 329799
 329785
 329580
 329562
 329278
 329270
 329001
 328843
 328782
 328677
 328658
 328408
 328343
 328125
 328105
 328059
 327957
 327868
 327540
 327525
 327376
 327321
 327319
 327264
 327153
 327116
 327048
 326998
 326886
 326640
 326628
 326565
 326472
 326411
 326245
 326209
 326205
 326186
 326168
 325788
 325591
 325550
 325358
 325352
 325277
 325074
 325056
 325039
 324964
 324714
 324687
 324550
 324417
 324258
 324109
 323880
 323804
 323716
 323696
 323559
 323078
 322985
 322968
 322834
 322828
 322805
 322600
 322367
 322266
 322162
 322131
 322112
 322101
 322048
 322023
 321854
 321828
 321811
 321758
 321656
 321635
 321614
 321589
 321440
 321435
 321296
 321237
 321149
 321126
 321124
 321044
 320881
 320832
 320825
 320538
 320513
 320386
 320308
 320030
 319929
 319861
 319844
 319771
 319718
 319606
 319440
 319305
 319273
 319187
 319082
 318819
 318815
 318542
 318497
 318484
 318469
 318333
 318018
 317833
 317714
 317679
 317667
 317663
 317635
 317515
 317398
 317264
 317230
 317074
 316865
 316806
 316655
 316647
 316464
 316299
 316133
 315976
 315890
 315830
 315732
 315709
 315636
 315514
 315450
 315390
 315288
 315270
 315251
 315154
 315001
 314969
 314876
 314818
 314557
 314432
 314398
 314307
 314189
 314052
 314023
 313955
 313879
 313861
 313843
 313814
 313490
 313481
 313445
 313427
 313325
 313059
 312974
 312942
 312877
 312783
 312569
 312436
 312270
 312236
 312223
 312189
 312170
 312057
 312050
 312015
 311900
 311379
 311294
 311281
 311241
 311216
 311188
 311084
 311069
 311005
 310805
 310657
 310624
 310414
 310357
 310271
 310258
 310169
 310039
 310030
 309828
 309796
 309639
 309497
 309396
 309314
 309178
 309106
 308986
 308953
 308900
 308867
 308720
 308693
 308419
 308390
 308162
 308143
 308056
 308004
 308000
 307977
 307962
 307734
 307709
 307351
 307350
 307263
 307208
 307125
 307034
 307005
 306867
 306677
 306482
 306423
 306214
 306019
 305977
 305964
 305857
 305530
 305296
 305252
 305071
 304790
 304789
 304761
 304646
 304394
 304355
 304177
 304164
 304022
 304008
 303926
 303751
 303744
 303642
 303550
 303485
 303437
 303429
 303382
 303361
 303348
 303282
 303104
 302940
 302924
 302790
 302771
 302612
 302590
 302560
 302522
 302442
 302148
 302134
 302023
 301886
 301783
 301706
 301577
 301520
 301474
 301437
 301386
 301295
 301255
 301198
 301059
 300966
 300909
 300760
 300548
 300451
 300358
 300343
 300099
 300024
 299830
 299759
 299509
 299497
 299405
 299212
 299188
 299126
 299026
 298895
 298800
 298507
 298469
 298458
 298412
 298219
 298091
 297995
 297851
 297678
 297674
 297638
 297596
 297511
 297504
 297157
 297151
 297095
 297077
 297060
 297043
 296453
 296433
 296396
 296353
 296302
 296298
 296193
 296135
 296015
 295906
 295826
 295417
 295232
 295192
 295056
 295024
 294896
 294827
 294754
 294564
 294562
 294558
 294501
 294418
 294326
 293966
 293869
 293666
 293583
 293470
 293401
 293372
 293348
 293211
 293169
 293160
 293066
 292990
 292890
 292585
 292355
 291940
 291929
 291907
 291902
 291691
 291618
 291429
 291405
 291330
 291152
 291038
 290936
 290788
 290764
 290559
 290131
 290083
 290005
 289755
 289670
 289608
 289564
 289401
 289400
 289391
 289241
 289113
 289090
 288944
 288643
 288622
 288407
 288274
 288219
 288113
 287992
 287980
 287978
 287947
 287865
 287761
 287460
 287435
 287345
 287318
 287167
 287074
 287023
 287011
 286893
 286780
 286727
 286700
 286605
 286545
 286407
 286392
 286282
 286266
 286040
 285972
 285899
 285824
 285697
 285418
 285149
 285125
 284746
 284704
 284549
 284472
 284443
 284334
 284224
 284172
 284153
 284107
 284042
 283941
 283928
 283814
 283746
 283645
 283555
 283514
 283383
 283258
 283234
 283123
 283103
 283071
 283032
 282984
 282847
 282797
 282751
 282719
 282647
 282639
 282529
 282511
 282429
 282319
 282270
 282207
 282135
 282115
 281954
 281900
 281874
 281757
 281657
 281631
 281606
 281456
 281441
 281319
 281270
 281246
 281236
 281160
 281110
 280676
 280506
 280431
 280317
 280144
 280077
 280075
 280058
 279967
 279955
 279939
 279922
 279661
 279422
 279411
 279372
 279336
 279264
 279193
 279177
 279171
 279114
 279031
 278860
 278792
 278696
 278613
 278463
 278409
 278378
 278360
 278351
 278343
 278311
 278239
 277933
 277870
 277855
 277777
 277730
 277691
 277611
 277602
 277571
 277566
 277539
 277423
 277362
 277311
 277246
 277220
 276897
 276843
 276598
 276525
 276315
 276276
 276223
 276097
 275981
 275862
 275818
 275800
 275553
 275468
 275290
 275160
 275158
 275065
 274977
 274879
 274830
 274814
 274789
 274784
 274713
 274423
 274414
 274307
 274087
 273998
 273916
 273731
 273707
 273676
 273653
 273364
 273327
 273117
 273036
 272908
 272786
 272570
 272518
 272431
 272187
 272124
 271901
 271883
 271847
 271844
 271831
 271689
 271587
 271505
 271367
 271324
 271075
 270952
 270845
 270810
 270788
 270772
 270658
 270626
 270555
 270335
 270257
 270218
 270015
 269895
 269725
 269722
 269684
 269668
 269632
 269560
 269530
 269456
 269452
 269368
 269317
 269252
 269230
 269140
 269086
 269016
 268892
 268849
 268694
 268668
 268652
 268622
 268605
 268575
 268471
 268344
 268321
 268224
 268217
 268140
 268055
 267973
 267903
 267892
 267871
 267830
 267605
 267488
 267453
 267386
 267310
 267293
 267284
 267225
 267196
 267130
 267072
 266994
 266926
 266871
 266805
 266776
 266306
 266283
 266124
 265709
 265380
 265356
 265277
 265218
 265192
 265141
 265098
 265087
 265047
 264962
 264897
 264809
 264715
 264686
 264574
 264559
 264531
 264411
 264390
 264211
 264092
 263862
 263714
 263610
 263522
 263507
 263384
 263175
 263144
 263008
 262869
 262852
 262506
 262477
 262067
 262048
 261426
 261380
 261100
 261016
 260898
 260684
 260553
 260548
 260363
 260273
 260207
 260196
 259996
 259915
 259906
 259862
 259779
 259751
 259749
 259553
 259441
 259400
 259352
 259340
 259090
 258922
 258858
 258667
 258660
 258620
 258506
 258472
 258366
 258343
 258201
 258157
 258081
 258029
 257969
 257734
 257651
 257620
 257530
 257428
 257272
 257260
 257170
 257042
 256989
 256971
 256857
 256781
 256752
 256528
 256469
 256413
 256341
 256317
 256146
 255957
 255953
 255947
 255905
 255701
 255482
 255447
 255289
 255237
 255217
 255215
 255176
 254964
 254877
 254618
 254617
 254476
 254433
 254409
 254328
 254133
 254124
 253945
 253917
 253899
 253719
 253523
 253329
 253237
 252604
 252577
 252532
 252531
 252411
 252235
 252046
 251920
 251913
 251879
 251742
 251740
 251667
 251024
 251021
 250871
 250848
 250565
 250540
 250477
 250376
 250327
 250250
 250100
 250000
 249946
 249698
 249696
 249684
 249681
 249623
 249524
 249522
 249433
 249333
 249256
 249086
 248857
 248590
 248575
 248553
 248470
 248406
 248387
 248367
 248146
 248023
 247909
 247829
 247751
 247595
 247579
 247540
 247165
 247044
 246849
 246808
 246577
 246226
 246071
 245957
 245948
 245939
 245770
 245662
 245640
 245558
 245516
 245424
 245332
 245215
 245102
 245043
 244989
 244914
 244894
 244876
 244863
 244785
 244753
 244737
 244726
 244704
 244615
 244499
 244305
 243887
 243863
 243814
 243798
 243775
 243756
 243696
 243589
 243505
 243315
 243289
 243251
 243198
 243147
 243118
 243089
 242857
 242787
 242784
 242722
 242398
 242362
 242224
 242199
 242188
 242142
 241984
 241972
 241926
 241831
 241804
 241660
 241652
 241639
 241625
 241614
 241526
 241440
 241355
 241266
 241200
 240888
 240809
 240768
 240706
 240679
 240558
 240265
 240090
 239947
 239813
 239787
 239766
 239739
 239651
 239625
 239599
 239061
 238755
 238490
 238283
 238206
 238109
 238041
 238000
 237771
 237702
 237504
 237484
 237258
 237142
 237099
 236789
 236708
 236677
 236496
 236263
 236201
 236117
 235661
 235603
 235539
 235457
 235429
 235294
 235291
 235280
 235253
 235001
 234942
 234848
 234700
 234641
 234486
 234475
 234463
 234356
 234332
 234311
 234034
 233939
 233904
 233889
 233882
 233502
 233468
 233451
 233439
 233253
 233250
 233189
 232984
 232899
 232851
 232767
 232756
 232637
 232496
 232463
 232420
 232241
 232120
 232046
 231882
 231744
 231724
 231641
 231613
 231586
 231559
 231300
 231280
 231271
 231216
 231078
 230898
 230769
 230732
 230649
 230590
 230103
 229935
 229813
 229808
 229551
 229040
 229030
 228968
 228847
 228835
 228665
 228610
 228498
 228440
 228395
 228267
 228236
 228161
 228148
 228072
 228047
 227921
 227871
 227803
 227752
 227696
 227490
 227212
 227056
 227033
 226925
 226923
 226857
 226817
 226624
 226611
 226492
 226361
 226195
 226174
 226147
 226093
 225905
 225863
 225727
 225720
 225656
 225484
 225407
 225144
 225059
 224952
 224887
 224677
 224474
 224390
 224166
 224046
 223969
 223963
 223914
 223855
 223589
 223535
 223350
 223312
 223260
 223205
 223160
 223121
 222979
 222852
 222837
 222675
 222653
 222626
 222419
 222384
 222271
 222222
 222182
 222133
 221602
 221581
 221573
 221370
 221349
 221326
 221229
 221206
 221112
 220768
 220585
 220579
 220563
 220241
 220120
 220079
 220078
 219890
 219818
 219806
 219730
 219683
 219518
 219403
 219160
 219101
 219098
 219001
 218928
 218683
 218481
 218385
 218239
 218017
 217854
 217832
 217821
 217799
 217736
 217481
 217391
 217350
 217024
 216981
 216778
 216713
 216703
 216540
 216432
 216417
 216399
 216336
 216291
 216275
 216241
 216114
 215838
 215765
 215442
 215416
 215411
 215258
 215171
 215019
 215006
 214694
 214573
 214348
 214285
 214276
 214186
 214177
 214067
 214042
 214002
 213902
 213800
 213793
 213587
 213435
 213382
 213314
 213306
 213278
 213277
 213259
 213170
 213118
 212994
 212893
 212741
 212631
 212544
 212519
 212511
 212479
 212458
 212415
 212343
 212317
 212264
 212247
 212218
 212040
 212024
 212017
 211947
 211547
 211337
 211288
 211245
 211110
 211078
 210914
 210907
 210788
 210749
 210651
 210349
 210204
 209846
 209656
 209615
 209531
 209476
 209465
 209393
 209218
 209143
 209127
 209007
 208994
 208937
 208874
 208860
 208801
 208525
 208462
 208149
 208094
 208036
 207943
 207775
 207765
 207724
 207686
 207679
 207624
 207610
 207100
 206973
 206946
 206936
 206671
 206642
 206514
 206502
 206441
 206309
 206301
 206220
 206051
 205817
 205812
 205785
 205641
 205439
 205390
 205201
 205007
 204787
 204720
 204581
 204521
 204366
 204351
 204308
 204257
 204206
 204016
 203923
 203918
 203846
 203816
 203408
 203370
 203020
 202741
 202401
 202275
 202172
 202064
 201959
 201888
 201858
 201798
 201754
 201668
 201576
 201192
 201175
 201083
 201051
 200836
 200616
 200386
 200225
 200129
 200088
 200077
 200032
 200031
 200000
 199999
 199781
 199503
 199461
 199420
 199411
 199394
 199343
 199254
 199223
 199048
 198860
 198840
 198795
 198742
 198664
 198546
 198302
 198211
 198028
 197971
 197897
 197594
 197164
 197038
 196858
 196792
 196629
 196604
 196579
 196239
 196087
 195555
 195409
 195364
 195319
 195246
 195214
 195172
 195087
 195000
 194956
 194949
 194902
 194881
 194880
 194750
 194743
 194682
 194642
 194350
 194226
 194139
 194089
 193918
 193890
 193792
 193604
 193321
 193211
 193009
 193005
 192965
 192937
 192905
 192857
 192827
 192748
 192708
 192442
 192433
 192364
 192307
 192241
 192174
 192067
 191881
 191786
 191747
 191726
 191637
 191603
 191283
 191141
 191116
 191059
 191017
 190943
 190891
 190860
 190851
 190803
 190779
 190702
 190639
 190631
 190484
 190476
 190440
 190373
 190326
 190274
 190128
 190093
 190000
 189917
 189840
 189831
 189808
 189762
 189714
 189697
 189614
 189369
 189277
 189273
 189204
 189173
 189024
 188548
 188406
 188384
 188361
 188003
 187990
 187858
 187749
 187740
 187609
 187576
 187470
 187434
 187258
 187112
 187098
 187074
 187029
 186988
 186403
 186400
 186366
 186325
 186201
 186139
 186084
 186057
 185979
 185814
 185810
 185530
 185452
 185436
 185411
 185384
 185185
 185066
 184818
 184803
 184751
 184507
 184397
 184322
 184138
 184104
 183983
 183888
 183832
 183708
 183567
 183537
 183509
 183376
 183310
 183122
 183109
 183060
 183012
 182723
 182575
 182440
 182281
 182198
 182051
 181965
 181887
 181661
 181404
 181318
 181156
 180988
 180954
 180843
 180829
 180546
 180451
 180406
 180396
 180335
 180320
 180314
 180077
 180072
 179992
 179984
 179982
 179921
 179919
 179910
 179908
 179785
 179697
 179692
 179517
 179516
 179419
 179385
 179161
 178991
 178917
 178684
 178516
 178486
 178242
 178140
 178019
 177631
 177517
 177437
 177170
 176979
 176900
 176589
 176498
 175885
 175627
 175591
 175577
 175413
 175306
 175134
 174581
 174512
 174377
 174197
 174142
 174140
 174063
 174041
 174008
 173991
 173902
 173716
 173664
 173634
 173419
 173184
 172884
 172874
 172316
 172203
 172199
 172183
 172173
 172028
 171745
 171664
 171547
 171428
 171423
 171391
 171345
 171320
 171238
 171143
 171095
 171071
 170978
 170926
 170735
 170653
 170486
 170419
 170153
 169829
 169657
 169559
 169246
 169155
 169103
 169090
 168913
 168858
 168793
 168528
 168434
 168433
 168429
 168184
 168162
 167966
 167959
 167952
 167828
 167795
 167733
 167533
 167481
 167460
 167221
 167133
 166930
 166786
 166666
 166592
 166508
 166490
 166455
 166444
 166252
 166094
 166060
 165725
 165669
 165641
 165449
 165432
 165310
 165273
 165137
 165089
 164846
 164733
 164643
 164619
 164449
 164442
 164420
 164353
 164278
 164201
 164160
 163971
 163907
 163778
 163743
 163682
 163628
 163592
 163451
 163405
 163340
 163160
 162672
 162668
 162465
 162329
 161947
 161936
 161878
 161877
 161864
 161794
 161705
 161642
 161630
 161364
 161205
 161087
 160995
 160913
 160760
 160754
 160683
 160455
 160445
 160388
 160345
 160316
 160268
 160231
 160220
 160078
 160000
 159955
 159795
 159590
 159540
 159403
 159368
 159267
 159174
 159133
 159020
 158944
 158916
 158874
 158767
 158703
 158701
 158691
 158683
 158574
 158525
 158381
 158263
 158228
 158039
 157840
 157833
 157639
 157587
 157554
 157455
 157326
 157296
 157259
 157124
 157045
 156999
 156736
 156716
 156508
 156441
 156424
 156243
 156175
 156173
 155910
 155855
 155785
 155737
 155677
 155642
 155629
 155508
 155410
 155367
 155331
 155191
 155172
 155109
 154990
 154899
 154893
 154751
 154732
 154693
 154562
 154509
 154495
 154487
 154478
 154356
 154178
 154103
 154079
 154034
 154019
 153984
 153979
 153888
 153846
 153796
 153778
 153758
 153399
 153214
 153195
 153061
 153048
 152970
 152869
 152683
 152494
 152360
 152337
 152249
 152229
 152226
 152207
 152179
 152105
 152098
 152006
 151961
 151931
 151911
 151687
 151626
 151412
 151405
 151360
 151179
 151081
 151052
 151046
 150937
 150793
 150650
 150310
 150220
 150071
 149999
 149739
 149388
 149351
 149296
 149141
 149032
 149000
 148950
 148938
 148647
 148575
 148540
 148300
 148255
 147888
 147790
 147649
 147563
 147525
 147476
 147429
 147137
 147110
 147010
 146987
 146793
 146550
 146520
 146505
 146403
 145976
 145935
 145608
 145430
 145384
 145359
 145220
 145189
 144835
 144825
 144822
 144680
 144532
 144512
 144482
 144478
 144404
 144357
 144272
 144171
 144104
 143776
 143704
 143680
 143678
 143513
 143502
 143388
 143361
 143157
 143122
 143097
 142945
 142770
 142577
 142560
 142482
 142390
 142369
 142339
 142329
 142288
 142203
 142109
 142028
 141682
 141553
 141436
 141357
 141350
 141310
 141260
 141168
 141120
 141114
 141104
 141002
 140926
 140889
 140682
 139940
 139689
 139498
 139367
 139281
 139092
 139044
 138960
 138856
 138815
 138806
 138703
 138648
 138646
 138594
 138579
 138386
 138226
 138170
 138132
 138065
 137979
 137835
 137732
 137506
 137500
 137343
 137339
 137113
 136955
 136491
 136321
 136141
 136033
 135922
 135692
 135613
 135533
 135462
 135407
 135389
 135153
 135059
 134948
 134912
 134908
 134886
 134868
 134844
 134819
 134435
 134392
 134300
 134170
 134169
 133893
 133891
 133786
 133741
 133732
 133596
 133315
 133260
 133259
 133112
 133100
 133096
 133029
 132986
 132965
 132947
 132942
 132920
 132892
 132859
 132857
 132795
 132653
 132451
 132444
 132348
 132279
 132212
 132156
 132026
 132008
 131984
 131911
 131793
 131699
 131395
 131113
 131076
 131075
 130717
 130408
 130225
 130189
 130173
 130141
 130104
 130089
 130024
 130014
 130013
 129923
 129841
 129769
 129651
 129251
 128980
 128773
 128765
 128735
 128584
 128527
 128336
 128318
 128201
 128110
 128081
 127999
 127955
 127927
 127922
 127916
 127835
 127746
 127653
 127610
 127200
 127194
 127178
 127121
 127021
 126992
 126934
 126906
 126862
 126821
 126720
 126687
 126623
 125626
 125619
 125355
 125308
 125123
 125065
 125000
 124758
 124707
 124660
 124640
 124638
 124624
 124598
 124288
 124168
 124038
 123757
 123680
 123428
 123321
 123155
 123139
 123063
 122886
 122786
 122551
 122536
 122522
 122475
 122117
 122103
 121999
 121803
 121732
 121622
 121620
 121531
 121209
 121175
 121146
 120919
 120655
 120579
 120576
 120502
 120402
 120348
 120093
 120016
 120000
 119937
 119834
 119336
 119319
 119233
 119200
 119165
 119014
 118863
 118811
 118803
 118752
 118731
 118627
 118548
 118221
 118120
 117975
 117936
 117800
 117631
 117584
 117523
 117516
 117449
 117279
 117258
 117255
 117242
 117081
 117000
 116744
 116648
 116586
 116546
 116432
 116391
 116281
 116205
 116023
 115969
 115942
 115709
 115660
 115631
 115591
 115547
 115498
 115393
 115384
 115297
 115080
 115070
 114980
 114967
 114869
 114821
 114795
 114761
 114505
 114420
 114305
 114302
 114272
 114043
 113668
 113603
 113522
 113430
 113297
 112975
 112828
 112504
 112336
 112305
 112208
 112187
 112184
 112106
 112041
 111980
 111854
 111490
 111327
 111302
 111165
 111032
 111016
 110873
 110859
 110770
 110734
 110620
 110607
 110213
 110200
 110196
 110066
 110065
 109999
 109991
 109746
 109393
 109366
 109334
 109170
 109152
 109053
 108910
 108881
 108843
 108499
 108476
 108278
 108241
 107999
 107878
 107834
 107657
 107335
 107124
 107069
 106985
 106900
 106846
 106823
 106815
 106786
 106558
 106441
 106411
 106367
 106345
 106342
 106296
 106100
 105968
 105860
 105798
 105766
 105618
 105418
 105040
 104846
 104620
 104306
 104191
 104039
 103960
 103930
 103858
 103857
 103742
 103627
 103386
 103340
 103277
 103202
 103190
 103093
 103004
 102836
 102814
 102711
 102698
 102673
 102640
 102486
 102469
 102238
 102099
 102040
 101782
 101766
 101753
 101646
 101588
 101553
 101237
 101049
 100872
 100604
 100557
 100432
 100263
 100229
 99932
 99697
 99530
 99500
 98730
 98627
 98555
 98479
 98328
 98317
 98239
 98130
 98121
 98036
 98012
 97262
 97214
 97202
 97198
 97154
 97037
 96741
 96665
 96627
 96597
 96560
 96548
 96496
 96392
 96350
 96321
 96083
 96036
 96021
 96020
 95788
 95714
 95687
 95606
 95581
 95547
 95466
 95448
 95435
 95279
 95269
 95150
 95134
 94892
 94873
 94708
 94646
 94602
 94509
 94339
 94325
 94157
 94140
 94118
 94082
 93969
 93891
 93843
 93769
 93578
 93519
 93476
 93294
 93257
 93131
 93098
 92984
 92895
 92799
 92669
 92649
 92316
 92081
 92035
 91891
 91861
 91763
 91676
 91373
 91312
 91240
 91166
 91075
 91009
 90936
 90794
 90785
 90738
 90628
 90596
 90408
 90243
 90157
 90149
 89971
 89954
 89952
 89770
 89591
 89492
 89490
 89449
 89277
 89252
 89226
 89152
 89059
 89006
 88947
 88779
 88654
 88614
 88512
 88459
 88121
 88019
 87999
 87757
 87649
 87548
 87500
 87459
 87364
 87330
 87251
 87107
 86993
 86904
 86802
 86800
 86206
 86135
 86068
 86058
 85895
 85815
 85735
 85706
 85671
 85576
 85537
 85392
 85309
 85166
 85077
 85005
 84967
 84894
 84872
 84734
 84490
 84487
 84415
 84379
 84278
 84189
 84154
 84079
 84073
 83883
 83695
 83503
 83371
 83324
 83269
 83132
 83124
 82955
 82943
 82859
 82583
 82572
 82534
 82388
 81904
 81833
 81750
 81647
 81636
 81570
 81372
 81069
 81011
 81006
 80948
 80875
 80789
 80731
 80674
 80433
 80355
 80307
 80113
 80093
 79999
 79957
 79889
 79710
 79694
 79629
 79614
 79342
 79049
 78996
 78892
 78832
 78799
 78613
 78597
 78427
 78269
 78260
 78230
 78193
 78157
 78050
 78044
 78041
 77753
 77745
 77669
 77490
 77342
 77326
 77230
 77209
 76855
 76766
 76706
 76238
 76227
 76218
 76086
 75926
 75899
 75757
 75734
 75484
 75407
 75342
 75285
 75258
 75148
 75097
 75072
 74969
 74814
 74758
 74678
 74585
 74144
 73947
 73827
 73738
 73683
 73598
 73492
 73414
 73170
 73007
 72895
 72890
 72535
 72200
 72146
 71988
 71930
 71756
 71664
 71658
 71553
 71500
 71324
 71228
 71061
 70938
 70842
 70832
 70778
 70688
 70636
 70473
 70453
 70441
 70438
 70411
 70382
 70207
 70195
 70190
 69955
 69899
 69857
 69797
 69407
 69353
 69230
 68965
 68553
 68415
 68206
 68167
 67965
 67876
 67744
 67434
 67340
 67235
 67078
 66984
 66949
 66946
 66906
 66799
 66702
 66641
 66581
 66265
 66155
 66097
 66044
 65811
 65725
 65520
 65487
 65374
 65296
 65165
 65158
 65123
 65118
 65017
 64935
 64633
 64616
 64484
 64458
 64457
 64382
 64259
 64233
 64188
 64128
 64119
 63818
 63815
 63782
 63366
 63265
 63206
 63081
 63064
 62946
 62899
 62854
 62831
 62549
 62470
 62432
 62417
 62340
 62268
 62240
 61953
 61939
 61780
 61610
 61586
 61491
 61421
 61310
 61272
 61224
 61100
 61072
 60935
 60706
 60651
 60626
 60532
 60505
 60489
 60416
 60341
 59897
 59873
 59757
 59602
 59458
 59386
 59191
 59176
 59129
 58878
 58875
 58866
 58823
 58714
 58611
 58290
 58058
 58009
 57928
 57907
 57636
 57574
 57216
 57160
 57139
 56792
 56698
 56521
 56501
 56017
 55923
 55743
 55722
 55630
 55605
 55580
 55532
 55487
 55475
 55448
 55369
 55309
 55306
 55214
 55193
 55088
 54973
 54890
 54789
 54559
 54402
 54336
 54301
 54164
 54056
 53973
 53822
 53792
 53775
 53738
 53664
 53633
 53576
 53056
 52930
 52911
 52694
 52669
 52485
 52447
 52443
 52226
 52215
 52059
 52048
 51951
 51895
 51683
 51628
 51583
 51577
 51541
 51519
 51397
 51387
 51272
 51232
 51118
 51093
 51089
 51047
 51016
 50911
 50809
 50769
 50651
 50624
 50546
 50520
 50492
 50407
 50151
 50054
 49928
 49674
 49568
 49442
 49295
 49186
 49172
 49077
 48991
 48899
 48561
 48557
 48493
 48321
 48304
 48170
 48166
 48122
 48024
 47930
 47841
 47530
 47288
 47229
 47228
 47075
 46925
 46692
 46292
 46291
 46202
 46169
 46167
 46155
 46109
 46040
 45945
 45707
 45643
 45561
 45546
 45267
 45234
 44891
 44850
 44843
 44680
 44518
 44505
 44487
 44426
 44402
 44334
 44052
 43986
 43944
 43805
 43737
 43693
 43458
 43390
 43273
 43115
 43077
 43040
 43003
 42936
 42876
 42857
 42846
 42800
 42409
 42401
 42238
 42222
 42174
 42171
 42107
 42077
 42018
 41609
 41554
 41540
 41485
 41214
 41210
 41151
 41106
 41081
 40967
 40828
 40727
 40682
 40652
 40499
 40405
 40199
 39976
 39972
 39934
 39877
 39862
 39571
 39553
 39411
 39240
 39133
 39035
 38873
 38872
 38854
 38756
 38672
 38461
 38224
 38115
 38081
 38074
 37983
 37964
 37791
 37761
 37734
 37553
 37541
 37230
 37200
 37117
 37110
 37105
 37062
 37037
 37005
 36944
 36727
 36668
 36603
 36485
 36419
 36273
 36144
 35928
 35860
 35807
 35798
 35776
 35568
 35278
 35199
 35159
 35114
 35053
 34883
 34595
 34525
 34465
 34307
 33995
 33735
 33633
 33360
 33302
 33240
 33181
 33075
 32997
 32760
 32675
 32608
 32353
 32152
 32048
 31916
 31897
 31702
 31512
 31498
 31457
 31433
 31317
 31250
 31207
 31019
 31006
 30686
 30545
 30502
 30500
 30494
 30459
 30429
 30406
 30331
 30322
 30301
 30213
 30208
 30168
 29973
 29972
 29936
 29840
 29783
 29624
 29455
 29438
 29299
 29010
 29000
 28989
 28886
 28845
 28776
 28692
 28689
 28619
 28594
 27936
 27918
 27604
 27579
 27559
 27410
 27322
 27215
 27161
 26994
 26980
 26827
 26600
 26580
 26339
 26302
 26022
 25733
 25727
 25670
 25632
 25381
 25367
 25250
 25213
 25202
 25191
 25040
 24926
 24824
 24570
 24464
 24394
 24390
 24318
 24314
 24265
 24251
 24166
 24120
 24106
 24092
 24085
 23979
 23893
 23551
 23205
 23198
 23004
 22959
 22956
 22746
 22728
 22687
 22156
 22125
 21969
 21766
 21559
 21163
 21018
 20987
 20902
 20813
 20785
 20550
 20451
 20400
 20367
 20296
 20197
 20036
 19947
 19873
 19864
 19757
 19740
 19594
 19522
 19494
 19136
 18985
 18516
 18505
 18238
 18143
 18112
 18073
 18050
 17997
 17950
 17922
 17876
 17783
 17738
 17692
 17612
 17343
 17318
 17241
 17229
 17077
 17030
 16955
 16809
 16756
 16614
 16610
 16411
 16374
 16281
 15957
 15800
 15789
 15593
 15476
 15469
 15344
 15014
 14835
 14759
 14574
 14571
 14447
 14245
 14167
 13907
 13761
 13713
 13695
 13558
 13394
 13320
 13237
 12997
 12929
 12925
 12663
 12568
 12448
 12280
 12146
 12110
 12024
 11808
 11714
 11542
 11486
 11324
 11309
 11234
 11160
 11099
 11049
 10912
 10869
 10803
 10626
 10531
 10435
 10365
 10315
 10305
 10146
 10101
 9978
 9926
 9540
 9426
 9205
 9171
 9144
 8843
 8800
 8712
 8661
 8510
 8462
 8145
 8143
 7957
 7825
 7782
 7473
 7322
 7246
 6912
 6902
 6885
 6773
 6711
 6560
 6379
 6323
 6254
 6194
 6084
 5833
 5809
 5600
 5573
 5478
 5365
 5293
 5279
 5037
 4979
 4875
 4782
 4739
 4733
 4718
 4584
 4535
 4484
 4422
 4220
 4156
 4098
 3974
 3717
 3531
 3496
 3475
 3447
 3337
 3303
 3287
 3168
 2974
 2888
 2803
 2758
 2714
 2694
 2493
 2440
 2413
 2319
 2070
 2028
 1997
 1946
 1822
 1653
 1512
 1482
 1344
 1111
 1067
 1011
 898
 645
 392
 286
 228
 223
 212
 110
 0
 