9950
 9836
 9780
 9493
 9434
 9413
 9279
 9261
 9173
 9100
 9085
 9067
 9036
 8975
 8956
 8884
 8782
 8698
 8630
 8403
 8208
 8105
 7874
 7812
 7770
 7598
 7452
 7448
 7338
 7336
 7333
 7121
 6969
 6947
 6875
 6860
 6791
 6721
 6480
 6342
 6290
 6216
 6186
 6165
 6126
 6035
 5699
 5669
 5662
 5598
 5452
 5336
 4964
 4961
 4726
 4700
 4672
 4575
 4414
 4095
 3956
 3949
 3931
 3661
 3655
 3554
 3436
 3157
 2715
 2697
 2613
 2259
 2159
 2147
 2111
 1929
 1798
 1740
 1701
 1674
 1653
 1499
 1461
 1450
 1272
 1240
 1104
 821
 675
 604
 583
 551
 477
 350
 327
 224
 196
 183
 119
 95
 