9949
 9947
 9830
 9736
 9615
 9571
 9501
 9333
 9236
 9154
 9147
 9062
 8966
 8876
 8808
 8733
 8642
 8429
 8366
 8240
 7922
 7911
 7874
 7840
 7709
 7540
 7505
 7411
 7378
 7356
 7088
 6930
 6766
 6680
 6657
 6641
 6551
 6548
 6479
 6450
 6312
 6130
 5958
 5949
 5773
 5480
 5204
 5176
 5123
 5062
 5046
 4932
 4740
 4739
 4483
 4215
 4028
 3979
 3843
 3766
 3754
 3732
 3621
 3570
 3418
 3315
 3153
 3109
 3084
 3077
 3038
 3037
 3023
 2890
 2888
 2876
 2775
 2767
 2687
 2516
 2468
 2380
 2079
 2030
 1912
 1907
 1708
 1652
 1319
 1309
 939
 819
 749
 708
 621
 562
 390
 385
 147
 112
 