499847
 499813
 499702
 499697
 499582
 499261
 499246
 499125
 499083
 499056
 498979
 498862
 498793
 498678
 498594
 498358
 498345
 498194
 498190
 498162
 498088
 497874
 497807
 497676
 497619
 497601
 497562
 497470
 497065
 496850
 496758
 496640
 496577
 496539
 496523
 496502
 496355
 496209
 496171
 496161
 496078
 496037
 495903
 495838
 495616
 495597
 495531
 495402
 495328
 495230
 495226
 495209
 495145
 494845
 494746
 494647
 494315
 494196
 494131
 494076
 494029
 493949
 493813
 493637
 493349
 493121
 493112
 493057
 492890
 492822
 492742
 492627
 492539
 492492
 492457
 492455
 492425
 492343
 492326
 492157
 492058
 491987
 491961
 491782
 491678
 491667
 491642
 491572
 491483
 491428
 491219
 491107
 491076
 491037
 491022
 490946
 490909
 490861
 490848
 490774
 490771
 490694
 490319
 490274
 490147
 490136
 490089
 489974
 489940
 489927
 489911
 489680
 489431
 489404
 489402
 489365
 489264
 489222
 489051
 488818
 488488
 488449
 488402
 488203
 488101
 488081
 487995
 487981
 487561
 487467
 487444
 487370
 487369
 487350
 487304
 487235
 487197
 487101
 487024
 486737
 486657
 486298
 486296
 486199
 486148
 486051
 486031
 486000
 485995
 485793
 485776
 485740
 485700
 485688
 485686
 485594
 485422
 485391
 485237
 485178
 485157
 485017
 484946
 484818
 484811
 484455
 484368
 484345
 484126
 483848
 483324
 483276
 483261
 483021
 482919
 482895
 482702
 482686
 482659
 482652
 482611
 482523
 482213
 482154
 482149
 482071
 481926
 481649
 481615
 481612
 481605
 481455
 481255
 481245
 481010
 480990
 480919
 480859
 480819
 480810
 480654
 480489
 480281
 480217
 480149
 480022
 479874
 479769
 479706
 479638
 479599
 479576
 479395
 479350
 479197
 478909
 478860
 478789
 478757
 478631
 478502
 478420
 478388
 478260
 478122
 478034
 477994
 477946
 477945
 477908
 477857
 477852
 477803
 477798
 477644
 477602
 477514
 477513
 477454
 477443
 477440
 477280
 477024
 476990
 476914
 476851
 476847
 476826
 476550
 476433
 476411
 476358
 476300
 476232
 476196
 476190
 476073
 476066
 476003
 475946
 475467
 475374
 475364
 475244
 475070
 475038
 474983
 474940
 474545
 474428
 474198
 474142
 473954
 473733
 473610
 473596
 473552
 473341
 473312
 473292
 473278
 473254
 473162
 472925
 472835
 472684
 472592
 472416
 472314
 472207
 472063
 472018
 471993
 471957
 471771
 471769
 471620
 471542
 471525
 471488
 471458
 471258
 471218
 471164
 471153
 471094
 471014
 470900
 470724
 470461
 470342
 470316
 470309
 470298
 470210
 470149
 469871
 469698
 469536
 469390
 469213
 469143
 469097
 468998
 468824
 468723
 468722
 468683
 468659
 468614
 468601
 468527
 468431
 468421
 468281
 468193
 468170
 468110
 468107
 467976
 467837
 467654
 467420
 467223
 467075
 466995
 466941
 466842
 466803
 466797
 466639
 466422
 466404
 466402
 466185
 465975
 465927
 465917
 465876
 465849
 465824
 465809
 465750
 465665
 465595
 465591
 465522
 465217
 465184
 465172
 464381
 464303
 464237
 464191
 464086
 463988
 463867
 463834
 463824
 463718
 463674
 463423
 463420
 463372
 463330
 463232
 463231
 463176
 463124
 463120
 463087
 463074
 462996
 462734
 462720
 462705
 462673
 462631
 462557
 462212
 462151
 462041
 461930
 461869
 461860
 461806
 461667
 461605
 461473
 461468
 461232
 461230
 461089
 461006
 460829
 460644
 460615
 460451
 460352
 460340
 460180
 460150
 460000
 459807
 459641
 459623
 459524
 459521
 459183
 459147
 459110
 459093
 459021
 458666
 458656
 458598
 458530
 458506
 458499
 458456
 458384
 458374
 458237
 458236
 458185
 458135
 457907
 457709
 457692
 457377
 457191
 457086
 457045
 457037
 456824
 456815
 456594
 456573
 456478
 456382
 456355
 456322
 456106
 455938
 455936
 455908
 455805
 455788
 455597
 455507
 455445
 455428
 455366
 455292
 455289
 455205
 455091
 454993
 454812
 454604
 454428
 454402
 454400
 454347
 454320
 454240
 454209
 454159
 453992
 453834
 453662
 453624
 453485
 453457
 453274
 453079
 453057
 453056
 453034
 453025
 452983
 452893
 452889
 452814
 452808
 452758
 452690
 452644
 452485
 452408
 452279
 452213
 452196
 452173
 452145
 451916
 451735
 451696
 451469
 451380
 451346
 451312
 451247
 451173
 451059
 450963
 450786
 450762
 450655
 450600
 450577
 450435
 450433
 450417
 450369
 450357
 449839
 449504
 449449
 449439
 449258
 449233
 449223
 449124
 449025
 449019
 449006
 448913
 448837
 448629
 448542
 448488
 448461
 448453
 448363
 448299
 448240
 448212
 448193
 448136
 447871
 447791
 447703
 447636
 447629
 447476
 447402
 447400
 447375
 447314
 447137
 447124
 446980
 446817
 446789
 446481
 446362
 446331
 446109
 445971
 445935
 445779
 445656
 445596
 445550
 445418
 445392
 445378
 445311
 445251
 445102
 444990
 444732
 444568
 444538
 444444
 444330
 444253
 444158
 444099
 444044
 443905
 443891
 443853
 443758
 443621
 443505
 443421
 443342
 443174
 443122
 443081
 443024
 442988
 442765
 442738
 442730
 442683
 442552
 442394
 442179
 442093
 442091
 442079
 442018
 441957
 441824
 441788
 441770
 441605
 441558
 441511
 441430
 441343
 441298
 441176
 441148
 441147
 441075
 440822
 440451
 440206
 440059
 439990
 439759
 439443
 439322
 439216
 439184
 439176
 438969
 438955
 438751
 438709
 438439
 438356
 438340
 438298
 438292
 438247
 437976
 437378
 437293
 437096
 436857
 436676
 436599
 436593
 436577
 436289
 436246
 436218
 436150
 435938
 435861
 435806
 435786
 435610
 435468
 435438
 435361
 435211
 435140
 435012
 434762
 434746
 434650
 434482
 434421
 434405
 434265
 433955
 433947
 433870
 433853
 433795
 433788
 433718
 433619
 433554
 433455
 433411
 433301
 433119
 432741
 432736
 432720
 432700
 432542
 432369
 432361
 432351
 431978
 431824
 431821
 431801
 431799
 431609
 431586
 431445
 431393
 431094
 431002
 430921
 430920
 430728
 430643
 430639
 430518
 430498
 430308
 430300
 430280
 430126
 430017
 429846
 429833
 429775
 429725
 429707
 429588
 429323
 429003
 428981
 428961
 428892
 428880
 428798
 428785
 428282
 428271
 428142
 428050
 427868
 427849
 427775
 427703
 427653
 427551
 427511
 427393
 427335
 427308
 427306
 427110
 426860
 426770
 426620
 426577
 426548
 426323
 426239
 426143
 426131
 426099
 426008
 425894
 425854
 425713
 425502
 425460
 425405
 425307
 425298
 425215
 425046
 424998
 424882
 424712
 424357
 424352
 424231
 424191
 424164
 424136
 424112
 424035
 423931
 423923
 423888
 423884
 423875
 423687
 423611
 423301
 423260
 423213
 423148
 423099
 423076
 422997
 422946
 422861
 422779
 422611
 422482
 422480
 422475
 422448
 422327
 422259
 422185
 422110
 422088
 421996
 421827
 421782
 421765
 421694
 421524
 421469
 421368
 421299
 421284
 421280
 421236
 421208
 421124
 421010
 420946
 420669
 420615
 420379
 420368
 420231
 420173
 420149
 420126
 419999
 419830
 419572
 419571
 419400
 419387
 419354
 419305
 419079
 419028
 418938
 418936
 418922
 418812
 418719
 418689
 418590
 418556
 418371
 418288
 418131
 418093
 418060
 418024
 417910
 417891
 417795
 417782
 417021
 416924
 416798
 416395
 416225
 416211
 416143
 416108
 416038
 415798
 415757
 415626
 415517
 415512
 415483
 415384
 415280
 415262
 415004
 415003
 414893
 414718
 414708
 414663
 414385
 414289
 413871
 413686
 413661
 413463
 413060
 412659
 412658
 412551
 412490
 412303
 412243
 412201
 412159
 412158
 412125
 412054
 411993
 411990
 411544
 411381
 411371
 411345
 411338
 411241
 411117
 410952
 410911
 410882
 410680
 410596
 410527
 410498
 410423
 409993
 409862
 409768
 409748
 409740
 409502
 409325
 409305
 409236
 409127
 409016
 408899
 408866
 408852
 408758
 408735
 408680
 408655
 408598
 408592
 408340
 408271
 408170
 408060
 408048
 408045
 407799
 407759
 407688
 407666
 407639
 407631
 407563
 407499
 407426
 407356
 407121
 406999
 406810
 406692
 406655
 406615
 406614
 406487
 406390
 406344
 405931
 405658
 405619
 405571
 405405
 405199
 405108
 405044
 405025
 404952
 404893
 404846
 404786
 404665
 404531
 404241
 404206
 403846
 403840
 403809
 403792
 403723
 403674
 403642
 403617
 403493
 403450
 403388
 403377
 403157
 403032
 402850
 402692
 402636
 402616
 402534
 402433
 402269
 402204
 401528
 401468
 401291
 401270
 401163
 401152
 401087
 400992
 400927
 400918
 400820
 400744
 400683
 400671
 400668
 400587
 400561
 400501
 400378
 400329
 400150
 400078
 400000
 399988
 399478
 399451
 399403
 399258
 399235
 399221
 399187
 398930
 398804
 398730
 398720
 398673
 398365
 398276
 398265
 398262
 397753
 397742
 397054
 396963
 396900
 396860
 396804
 396700
 396683
 396551
 396434
 396328
 396296
 396271
 396131
 396091
 396018
 396017
 395893
 395892
 395842
 395600
 395450
 395202
 395189
 395017
 394884
 394842
 394822
 394736
 394608
 394574
 394571
 394498
 394492
 394367
 394182
 394111
 394103
 393923
 393915
 393860
 393808
 393738
 393709
 393693
 393515
 393414
 393261
 393166
 393079
 393039
 393007
 392940
 392797
 392791
 392688
 392418
 392417
 392350
 392314
 392249
 392233
 392166
 392156
 392121
 392017
 391963
 391772
 391651
 391618
 391535
 391449
 391133
 390926
 390902
 390828
 390767
 390487
 390266
 390258
 390052
 390010
 389891
 389711
 389649
 389473
 389414
 389369
 389242
 389218
 389186
 388975
 388916
 388888
 388699
 388560
 388390
 388292
 388288
 388247
 388178
 388003
 387981
 387672
 387521
 387393
 387347
 387270
 387191
 386685
 386659
 385914
 385853
 385766
 385678
 385616
 385372
 385284
 385251
 385049
 384993
 384940
 384816
 384808
 384806
 384784
 384726
 384705
 384558
 384503
 384243
 384114
 383908
 383872
 383803
 383450
 383095
 383091
 382858
 382704
 382647
 382439
 382397
 382226
 382217
 382216
 382196
 381945
 381700
 381590
 381540
 381236
 381112
 380887
 380875
 380847
 380834
 380764
 380763
 380694
 380665
 380587
 380582
 380496
 380461
 380333
 380067
 379854
 379730
 379557
 379548
 379329
 379219
 379120
 379064
 378995
 378883
 378789
 378763
 378682
 377902
 377842
 377716
 377314
 377125
 377073
 377069
 376997
 376990
 376980
 376896
 376717
 376606
 376569
 376530
 376461
 376306
 376279
 376003
 375759
 375640
 375524
 375488
 375264
 375222
 374949
 374937
 374844
 374812
 374734
 374700
 374570
 374541
 374399
 374356
 374342
 374315
 374313
 374297
 374296
 374267
 374261
 374145
 374107
 374080
 373812
 373807
 373801
 373172
 373169
 373150
 373049
 372937
 372802
 372800
 372713
 372586
 372453
 372294
 372055
 371965
 371754
 371675
 371610
 371564
 370903
 370869
 370646
 370516
 370453
 370288
 370182
 370146
 370085
 370053
 369942
 369771
 369712
 369691
 369629
 369628
 369525
 369482
 369295
 369257
 369243
 369124
 369119
 369028
 369026
 369024
 368878
 368679
 368421
 368255
 368175
 368109
 368088
 367951
 367905
 367899
 367658
 367632
 367514
 367501
 367483
 367423
 367238
 367183
 367148
 366896
 366751
 366633
 366597
 366563
 366388
 366304
 365852
 365839
 365709
 365554
 365440
 365321
 365227
 365099
 365035
 364954
 364803
 364430
 364257
 364217
 363773
 363636
 363605
 363416
 363247
 363050
 363042
 363001
 362596
 362004
 361902
 361826
 361802
 361777
 361752
 361666
 361607
 361554
 361395
 361341
 361069
 360816
 360469
 360463
 360426
 360232
 360065
 360039
 359981
 359976
 359790
 359710
 359676
 359560
 359473
 359373
 359368
 359321
 359225
 359223
 359210
 359123
 358955
 358929
 358880
 358555
 358493
 358407
 358374
 358075
 358007
 357977
 357965
 357881
 357830
 357576
 357468
 357382
 357290
 357174
 356718
 356392
 356283
 356053
 355932
 355906
 355896
 355855
 355806
 355547
 355502
 355430
 355400
 355266
 355183
 354936
 354686
 354631
 354464
 354318
 354191
 354140
 354025
 354002
 353978
 353788
 353592
 353496
 353368
 353360
 353269
 353130
 353036
 352951
 352448
 352444
 352339
 352248
 352235
 352168
 352044
 352017
 351986
 351982
 351891
 351816
 351726
 351648
 351515
 351380
 351327
 351314
 351282
 351171
 351161
 350923
 350892
 350877
 350865
 350787
 350689
 350669
 350546
 350465
 350371
 350364
 350204
 350141
 349931
 349752
 349586
 349553
 349532
 349242
 349143
 348937
 348899
 348878
 348238
 348201
 348089
 348056
 347862
 347741
 347735
 347541
 347304
 347284
 347235
 347218
 347064
 346916
 346743
 346647
 346499
 346410
 346229
 346153
 346136
 346127
 346099
 345848
 345764
 345710
 345701
 345638
 345588
 345572
 345556
 345468
 345467
 345397
 345348
 345264
 345238
 345118
 345093
 345027
 345024
 344979
 344853
 344842
 344838
 344816
 344451
 344404
 344125
 344102
 343869
 343629
 343464
 343309
 343193
 343174
 343131
 343011
 342995
 342855
 342819
 342789
 342735
 342668
 342640
 342575
 342572
 342523
 342498
 342485
 342442
 342419
 342366
 342158
 341960
 341959
 341918
 341908
 341816
 341789
 341730
 341723
 341712
 341658
 341545
 341519
 341481
 341419
 341175
 340879
 340867
 340796
 340624
 340565
 340564
 340472
 340452
 339734
 339680
 339477
 339300
 339154
 339150
 339068
 339037
 338806
 338704
 338698
 338625
 338615
 338595
 338565
 338510
 338395
 338302
 338081
 338077
 337714
 337686
 337572
 337313
 337182
 337164
 337038
 336798
 336783
 336702
 336682
 336633
 336600
 336399
 336395
 336363
 336334
 336263
 336208
 335730
 335716
 335683
 335556
 335355
 335342
 335013
 334869
 334846
 334841
 334833
 334811
 334587
 334478
 334379
 334377
 333810
 333793
 333746
 333333
 333222
 332895
 332770
 332642
 332627
 332403
 332109
 332082
 332016
 332007
 331985
 331730
 331712
 331602
 331327
 331315
 331304
 331269
 331263
 331107
 331024
 330895
 330746
 330570
 330567
 330557
 330391
 330306
 330226
 330033
 330027
 329952
 329770
 329729
 329659
 329546
 329450
 329334
 329277
 329243
 329226
 328968
 328686
 328661
 328497
 328267
 328140
 328119
 328082
 328064
 328062
 328046
 328023
 327989
 327744
 327650
 327551
 327068
 326979
 326947
 326902
 326726
 326659
 326605
 326581
 326304
 326265
 326071
 325884
 325816
 325776
 325662
 325620
 325517
 325231
 325115
 324947
 324905
 324847
 324712
 324636
 324453
 324137
 324125
 324022
 323595
 323545
 323480
 323476
 323282
 323257
 323127
 323070
 322845
 322736
 322573
 322558
 322553
 322360
 322105
 322053
 322051
 321904
 321885
 321751
 321697
 321497
 321485
 321339
 321308
 321236
 321170
 321128
 320956
 320432
 320317
 320224
 320143
 319943
 319750
 319689
 319485
 319324
 318950
 318880
 318862
 318785
 318772
 318660
 318313
 318226
 318181
 317781
 317776
 317707
 317692
 317581
 317524
 317394
 317333
 317144
 317095
 316979
 316962
 316813
 316702
 316621
 316463
 316455
 316326
 316051
 315878
 315816
 315729
 315714
 315704
 315542
 315407
 315236
 315180
 315135
 314948
 314819
 314809
 314801
 314709
 314564
 314414
 314340
 313988
 313839
 313762
 313691
 313575
 313551
 313530
 313519
 313507
 313333
 313248
 313219
 313132
 313061
 312998
 312870
 312605
 312297
 312266
 312242
 312184
 312056
 311861
 311749
 311637
 311599
 311500
 311421
 311414
 311406
 311337
 311326
 311320
 311220
 310843
 310656
 310632
 310593
 310559
 310514
 310324
 310193
 310192
 309874
 309859
 309756
 309611
 309514
 309308
 309290
 309261
 309260
 309243
 309201
 309167
 309042
 308881
 308866
 308823
 308668
 308653
 308582
 308510
 308439
 308381
 308373
 308351
 308080
 308064
 307997
 307489
 307488
 307277
 307272
 307212
 307090
 306954
 306918
 306913
 306904
 306879
 306786
 306702
 306596
 306510
 306420
 306149
 306063
 306010
 305952
 305750
 305720
 305685
 305678
 305677
 305548
 305416
 305280
 305277
 305179
 305111
 305110
 304815
 304763
 304739
 304706
 304446
 304348
 304347
 304263
 303977
 303551
 303449
 303402
 303330
 303229
 303180
 303130
 303054
 303020
 302865
 302771
 302740
 302520
 302483
 302482
 302282
 302189
 302186
 302139
 302073
 301989
 301893
 301681
 301653
 301332
 301202
 301180
 301174
 301112
 301010
 300952
 300931
 300854
 300852
 300802
 300708
 300454
 300375
 300298
 300180
 300161
 299875
 299853
 299769
 299651
 299501
 299412
 299157
 299014
 298514
 298475
 298404
 298201
 298163
 298141
 298114
 298057
 297886
 297820
 297738
 297732
 297709
 297707
 297698
 297559
 297494
 297435
 297411
 297352
 297323
 297309
 296891
 296827
 296308
 296255
 296212
 296153
 295928
 295895
 295726
 295697
 295570
 295498
 295460
 295411
 295319
 295136
 295081
 295032
 294977
 294922
 294860
 294829
 294800
 294786
 294690
 294442
 294423
 294363
 294336
 294281
 294145
 294031
 293897
 293837
 293738
 293645
 293619
 293519
 293434
 293248
 293162
 292971
 292899
 292875
 292863
 292702
 292665
 292649
 292526
 292324
 292284
 292104
 292005
 291881
 291671
 291528
 291497
 291450
 291125
 291018
 290985
 290909
 290709
 290660
 290656
 290621
 290448
 290362
 290321
 290251
 290217
 290120
 290103
 290080
 289933
 289707
 289500
 289308
 289261
 289090
 289006
 288969
 288910
 288877
 288781
 288604
 288374
 288174
 288144
 288083
 287905
 287884
 287761
 287708
 287700
 287652
 287534
 287395
 287263
 287177
 287164
 286934
 286916
 286863
 286715
 286589
 286584
 286531
 286446
 286427
 285910
 285891
 285831
 285763
 285746
 285669
 285477
 285460
 285444
 285423
 285340
 285310
 285276
 285269
 285112
 285039
 284998
 284994
 284799
 284682
 284665
 284654
 284596
 284565
 284502
 284324
 284294
 284235
 284203
 284006
 284004
 283983
 283951
 283941
 283915
 283841
 283739
 283737
 283357
 283306
 283208
 283095
 283048
 283018
 282608
 282280
 282235
 282193
 282169
 282158
 282141
 282075
 282034
 281725
 281658
 281562
 281338
 281194
 281112
 281069
 281035
 280858
 280811
 280801
 280786
 280568
 280346
 280301
 280207
 280168
 279939
 279794
 279788
 279654
 279607
 279234
 279205
 278967
 278929
 278877
 278675
 278612
 278591
 278551
 278523
 278488
 278436
 278255
 278039
 277978
 277901
 277785
 277568
 277543
 277370
 277351
 277346
 277333
 277212
 276826
 276773
 276739
 276623
 276450
 276439
 276433
 276415
 276303
 276233
 276119
 276062
 276049
 275997
 275750
 275712
 275577
 275530
 275477
 275445
 275433
 275424
 275377
 275307
 275136
 274961
 274853
 274671
 274031
 273797
 273736
 273726
 273677
 273650
 273643
 273440
 273394
 273345
 273338
 273096
 272957
 272806
 272631
 272474
 272351
 272241
 272213
 272183
 272153
 272018
 271859
 271701
 271694
 271666
 271581
 271563
 271540
 271517
 271440
 271423
 271368
 271135
 270985
 270959
 270899
 270881
 270758
 270746
 270563
 270456
 270442
 270440
 270430
 270166
 270138
 270124
 270042
 270016
 269945
 269883
 269765
 269732
 269668
 269598
 269580
 269359
 269300
 269254
 269240
 269145
 268945
 268872
 268666
 268619
 268500
 268466
 268459
 268324
 268228
 268207
 268203
 268194
 268069
 267885
 267743
 267559
 267551
 267543
 267352
 267311
 267305
 267263
 267187
 267171
 267139
 266951
 266931
 266925
 266921
 266861
 266816
 266692
 266661
 266541
 266474
 266395
 266331
 266262
 266067
 266029
 266008
 265818
 265687
 265434
 265357
 265260
 265248
 265106
 265009
 264940
 264900
 264666
 264643
 264576
 264503
 264356
 264325
 264150
 264098
 263636
 263414
 263378
 263286
 263281
 263232
 263204
 263183
 263051
 263031
 262980
 262778
 262736
 262711
 262601
 262498
 262486
 262466
 262412
 262322
 262189
 262141
 261831
 261709
 261645
 261365
 261336
 261174
 260894
 260890
 260802
 260646
 260612
 260480
 260375
 260369
 260322
 260227
 260152
 260110
 260022
 260000
 259917
 259835
 259740
 259705
 259704
 259578
 259571
 259547
 259512
 259493
 259430
 259235
 259144
 259127
 259104
 259074
 259049
 258980
 258826
 258728
 258641
 258232
 258187
 257925
 257919
 257701
 257568
 257498
 257380
 257266
 257250
 257054
 257052
 256953
 256924
 256686
 256450
 256419
 256390
 256375
 256250
 256139
 256006
 255870
 255783
 255608
 255467
 255362
 255331
 255292
 255227
 255148
 254968
 254957
 254925
 254737
 254463
 254454
 254310
 254233
 253898
 253616
 253476
 253368
 253294
 253086
 253068
 253028
 253021
 252727
 252492
 252466
 252447
 252388
 252338
 252290
 252284
 252220
 252194
 252143
 252127
 251865
 251832
 251798
 251777
 251724
 251702
 251315
 251296
 251198
 250987
 250742
 250523
 250414
 250147
 250085
 250039
 250000
 249869
 249757
 249679
 249489
 249462
 249441
 249153
 249127
 248965
 248945
 248874
 248817
 248749
 248706
 248687
 248623
 248622
 248606
 248467
 248170
 248036
 247991
 247929
 247861
 247772
 247488
 247396
 247308
 247261
 247086
 247034
 246907
 246845
 246778
 246594
 246527
 246466
 246354
 246096
 245820
 245717
 245520
 245465
 245383
 245012
 244970
 244916
 244651
 244622
 244580
 244387
 244325
 244181
 244141
 244139
 244010
 243956
 243861
 243648
 243509
 243402
 243243
 243231
 243184
 243153
 243052
 242994
 242726
 242597
 242491
 242395
 242369
 242358
 242347
 242172
 242142
 241895
 241823
 241691
 241471
 241443
 241378
 241336
 241322
 241285
 241183
 241175
 241116
 240795
 240732
 240678
 240157
 239670
 239660
 239644
 239614
 239531
 239501
 239439
 239271
 238682
 238571
 238518
 238444
 238363
 238238
 238016
 238010
 237956
 237929
 237881
 237795
 237618
 237563
 237558
 237550
 237541
 237540
 237412
 237385
 237383
 237377
 237291
 237255
 237190
 237075
 237070
 236842
 236617
 236571
 236555
 236421
 236379
 236364
 236275
 235990
 235726
 235719
 235689
 235643
 235534
 235464
 235366
 235301
 235294
 235061
 234984
 234944
 234797
 234748
 234741
 234725
 234720
 234655
 234587
 234492
 234313
 234292
 234034
 234002
 233804
 233741
 233644
 233641
 233410
 233370
 233326
 233098
 233090
 232914
 232805
 232793
 232777
 232757
 232738
 232686
 232616
 232329
 232319
 232302
 232251
 232234
 232231
 232128
 232024
 231897
 231887
 231884
 231871
 231788
 231769
 231645
 231538
 231451
 231420
 231405
 231183
 230929
 230875
 230861
 230814
 230658
 230584
 230581
 230477
 230453
 230406
 230380
 230326
 230242
 230222
 230135
 230008
 229998
 229900
 229858
 229851
 229841
 229715
 229703
 229645
 229642
 229527
 229471
 229435
 229046
 229003
 228985
 228808
 228765
 228713
 228630
 228614
 228435
 228356
 228346
 228183
 228077
 227835
 227813
 227537
 227493
 227412
 227324
 227298
 227272
 227020
 226913
 226784
 226780
 226729
 226719
 226673
 226601
 226145
 226087
 225994
 225970
 225750
 225744
 225725
 225720
 225681
 225656
 225577
 225460
 225435
 225402
 225390
 225274
 225224
 225202
 225189
 225136
 225055
 224950
 224876
 224660
 224472
 224458
 224428
 224362
 224343
 224108
 224086
 223981
 223918
 223732
 223645
 223497
 223171
 223092
 222917
 222825
 222813
 222765
 222674
 222473
 222391
 222099
 222096
 222043
 221972
 221884
 221723
 221569
 221537
 221152
 221144
 221120
 220808
 220776
 220720
 220288
 220028
 219937
 219839
 219817
 219790
 219745
 219670
 219651
 219577
 219552
 219512
 219318
 219042
 218837
 218809
 218777
 218441
 218422
 218340
 218238
 218135
 218067
 217983
 217967
 217780
 217442
 217414
 217382
 217229
 217169
 217034
 216909
 216749
 216678
 216647
 216538
 216533
 216421
 216339
 216271
 216270
 216260
 216243
 216089
 216076
 215942
 215821
 215727
 215725
 215583
 215366
 215254
 215136
 215060
 214957
 214793
 214677
 214564
 214285
 214137
 214004
 213790
 213706
 213321
 213264
 213120
 213073
 212899
 212845
 212791
 212643
 212561
 212555
 212501
 212270
 212230
 212170
 212115
 212013
 211798
 211749
 211603
 211594
 211537
 211536
 211454
 211363
 211333
 211262
 211198
 211040
 210975
 210919
 210766
 210605
 210575
 210514
 210508
 210294
 210179
 210097
 209969
 209949
 209924
 209681
 209542
 209400
 209399
 209393
 209273
 209027
 208855
 208638
 208597
 208255
 208014
 208011
 207824
 207801
 207723
 207689
 207656
 207241
 207220
 207181
 207038
 206976
 206972
 206935
 206739
 206735
 206707
 206662
 206469
 206370
 206260
 206081
 205807
 205793
 205769
 205748
 205717
 205703
 205341
 205132
 204992
 204949
 204750
 204403
 204142
 203886
 203694
 203690
 203656
 203626
 203479
 203433
 203270
 203218
 203216
 203181
 203155
 203138
 203135
 203072
 202889
 202875
 202850
 202830
 202780
 202725
 202702
 202661
 202654
 202607
 202516
 202505
 202484
 202469
 202304
 202198
 202072
 202063
 201825
 201732
 201561
 201538
 201265
 201181
 201138
 200840
 200787
 200628
 200579
 200313
 199884
 199853
 199717
 199596
 199558
 199312
 199224
 199145
 198956
 198699
 198611
 198557
 198552
 198506
 198501
 198430
 198261
 198257
 198251
 198250
 197879
 197738
 197734
 197682
 197674
 197519
 197285
 197091
 197033
 196987
 196940
 196903
 196863
 196626
 196602
 196501
 196497
 196202
 195986
 195815
 195506
 195396
 194946
 194894
 194838
 194826
 194762
 194449
 194434
 194331
 194143
 194137
 194068
 193940
 193858
 193798
 193681
 193509
 193488
 193361
 193247
 193194
 193159
 193152
 193018
 193001
 192857
 192723
 192637
 192602
 192531
 192488
 192410
 192404
 192379
 192360
 191957
 191780
 191635
 191624
 191350
 191323
 191303
 191285
 191111
 191033
 190918
 190771
 190769
 190560
 190510
 190451
 190226
 190176
 190110
 190078
 190012
 189625
 189606
 189413
 189242
 189161
 188989
 188911
 188870
 188369
 188233
 188210
 188017
 187951
 187646
 187518
 187385
 187379
 187289
 187162
 187161
 187108
 187012
 186991
 186990
 186838
 186746
 186696
 186418
 186360
 186090
 185950
 185944
 185924
 185840
 185820
 185794
 185792
 185698
 185679
 185654
 185643
 185501
 185082
 185062
 185056
 185050
 184769
 184766
 184684
 184614
 184461
 184412
 184377
 184239
 184231
 184178
 184137
 184095
 183954
 183902
 183632
 183544
 183447
 183285
 183221
 182709
 182692
 182617
 182616
 182300
 182208
 182110
 182063
 182020
 181975
 181956
 181818
 181715
 181444
 181409
 181304
 180931
 180832
 180643
 180640
 180589
 180449
 180375
 180289
 180257
 180218
 180043
 180016
 179543
 179452
 179260
 178602
 178461
 178199
 178146
 178126
 178013
 177832
 177642
 177596
 177544
 177492
 177199
 176951
 176880
 176818
 176661
 176632
 176593
 176499
 176470
 176308
 176123
 176070
 175869
 175634
 175504
 175348
 175316
 175308
 175301
 175279
 175226
 175095
 175087
 175062
 174765
 174709
 174589
 174579
 174493
 174072
 173978
 173470
 173386
 173328
 173311
 173276
 173218
 173214
 173151
 173148
 173091
 173051
 172895
 172826
 172786
 172747
 172674
 172615
 172546
 172450
 172322
 172307
 172230
 172144
 172031
 171970
 171868
 171834
 171700
 171667
 171641
 171621
 171252
 171090
 171049
 171027
 171024
 171003
 170947
 170849
 170699
 170587
 170445
 170440
 170428
 170400
 170353
 170266
 170114
 170103
 169829
 169771
 169750
 169702
 169634
 169631
 169457
 169366
 169348
 169286
 169057
 168980
 168954
 168512
 168449
 168288
 168264
 168018
 167942
 167644
 167581
 167490
 167398
 167360
 167295
 167213
 167160
 167097
 166921
 166827
 166648
 166624
 166415
 166287
 166236
 166084
 165959
 165572
 165406
 165372
 165267
 165162
 164921
 164886
 164856
 164331
 164294
 164155
 164009
 163962
 163780
 163682
 163612
 163480
 163455
 163346
 163336
 163290
 163105
 163071
 162953
 162928
 162773
 162592
 162470
 162436
 162361
 162225
 162203
 162097
 161990
 161904
 161813
 161361
 161276
 161265
 161186
 161157
 161141
 160889
 160679
 160439
 160378
 160200
 160165
 159866
 159852
 159639
 159541
 159531
 159370
 159329
 159284
 159259
 159184
 158892
 158890
 158803
 158738
 158735
 158730
 158675
 158594
 158446
 158445
 158440
 158234
 158203
 158149
 157945
 157915
 157343
 157273
 157233
 156862
 156678
 156453
 156246
 156205
 156191
 156188
 155822
 155756
 155451
 155405
 155294
 155290
 155284
 155248
 155224
 155144
 154837
 154753
 154675
 154586
 154547
 154297
 154286
 154166
 154088
 154071
 154034
 154024
 153995
 153866
 153793
 153718
 153569
 153546
 153536
 153437
 153162
 152978
 152968
 152770
 152514
 152441
 152331
 152309
 152190
 152124
 151946
 151918
 151916
 151695
 151367
 151363
 151209
 151170
 150990
 150900
 150797
 150793
 150786
 150778
 150759
 150547
 150503
 150375
 150290
 150099
 150027
 149792
 149676
 149570
 149332
 149272
 149211
 149196
 149153
 148905
 148648
 148545
 148523
 148332
 148291
 148213
 148113
 147961
 147924
 147808
 147758
 147684
 147653
 147210
 147199
 147189
 146994
 146946
 146786
 146766
 146596
 146382
 146207
 146153
 146012
 145998
 145978
 145966
 145785
 145603
 145551
 145543
 145533
 145496
 145490
 145423
 145380
 145372
 145335
 145326
 145281
 145128
 145011
 144760
 144701
 144637
 144622
 144569
 144482
 144393
 144370
 144362
 144259
 143640
 143575
 143550
 143458
 143289
 143177
 143127
 143020
 142857
 142806
 142784
 142622
 142360
 142000
 141885
 141501
 141460
 141381
 141216
 141176
 141132
 141124
 141059
 140774
 140718
 140682
 140657
 140649
 140528
 140350
 140263
 139918
 139749
 139745
 139542
 139371
 139290
 139273
 139175
 139047
 139028
 138726
 138680
 138647
 138638
 138337
 138294
 138085
 137996
 137978
 137837
 137815
 137768
 137668
 137657
 137087
 136972
 136885
 136600
 136558
 136517
 136249
 135916
 135623
 135595
 135342
 135191
 135135
 134889
 134831
 134657
 134605
 134411
 134393
 134221
 134176
 134167
 134106
 134030
 134004
 133971
 133887
 133884
 133864
 133701
 133611
 133585
 133449
 133246
 133132
 133081
 132973
 132971
 132911
 132879
 132848
 132816
 132603
 132264
 132217
 132116
 132098
 132057
 132048
 131945
 131810
 131782
 131773
 131749
 131707
 131658
 131539
 131423
 131333
 131304
 131285
 131262
 131113
 131056
 131035
 130810
 130673
 130562
 130133
 130108
 129989
 129985
 129950
 129928
 129836
 129782
 129604
 129426
 129413
 129357
 129206
 129037
 129032
 129020
 128913
 128866
 128464
 128448
 128380
 128175
 128040
 127773
 127698
 127659
 127335
 127332
 127229
 127189
 127115
 127077
 126775
 126661
 126643
 126466
 126359
 126293
 126259
 126107
 125933
 125747
 125620
 125479
 125429
 125383
 125218
 125133
 125035
 125000
 124994
 124926
 124891
 124880
 124711
 124672
 124525
 124445
 124138
 124025
 124017
 123940
 123859
 123848
 123630
 123555
 123513
 123458
 123384
 123345
 123087
 123044
 122993
 122975
 122961
 122853
 122813
 122700
 122651
 122590
 122380
 122377
 122077
 122054
 122000
 121982
 121840
 121778
 121742
 121248
 121177
 120912
 120905
 120779
 120753
 120591
 120553
 120359
 120195
 120164
 119775
 119727
 119704
 119652
 119627
 119615
 119412
 119295
 119165
 119157
 119154
 119105
 118957
 118838
 118755
 118639
 118306
 118143
 118133
 118078
 118066
 117848
 117783
 117542
 117516
 117514
 117481
 117055
 116981
 116888
 116866
 116754
 116719
 116710
 116632
 116592
 116230
 116213
 116193
 116143
 116066
 115992
 115942
 115917
 115647
 115591
 115569
 115356
 115275
 115250
 115226
 115067
 114974
 114973
 114659
 114632
 114396
 114388
 114262
 114202
 114173
 114061
 113950
 113903
 113739
 113682
 113629
 113403
 113378
 113312
 113272
 113195
 113128
 113029
 112881
 112872
 112750
 112578
 112375
 112222
 112128
 112041
 112010
 112000
 111994
 111967
 111810
 111772
 111718
 111700
 111570
 111510
 111320
 111244
 111190
 110974
 110860
 110799
 110624
 110436
 110356
 110326
 110311
 110272
 110108
 110065
 110062
 110055
 110053
 109959
 109958
 109502
 109396
 109170
 108940
 108861
 108808
 108800
 108770
 108737
 108260
 108253
 108178
 108161
 108137
 108004
 107972
 107744
 107699
 107608
 107572
 107257
 106938
 106867
 106846
 106824
 106821
 106766
 106646
 106526
 106382
 106314
 106279
 106216
 106123
 106101
 105946
 105945
 105858
 105802
 105799
 105792
 105760
 105468
 105454
 105406
 105326
 105225
 105192
 105112
 105009
 104957
 104920
 104915
 104905
 104884
 104791
 104751
 104509
 104262
 104239
 104193
 104166
 103949
 103737
 103525
 103512
 103314
 103167
 103126
 103035
 102887
 102699
 102687
 102594
 102567
 102415
 102367
 102217
 102142
 102141
 102040
 101819
 101740
 101673
 101488
 101332
 101274
 101076
 100865
 100695
 100632
 100495
 100340
 100333
 100251
 100209
 100184
 100164
 100067
 100000
 99933
 99893
 99872
 99862
 99784
 99770
 99355
 99223
 99179
 99108
 98734
 98726
 98716
 98627
 98559
 98530
 98515
 98481
 98425
 98361
 98321
 98229
 97912
 97873
 97691
 97461
 97263
 97080
 97032
 96826
 96708
 96467
 96220
 96212
 96193
 96123
 96008
 95879
 95787
 95652
 95641
 95585
 95559
 95373
 95364
 95329
 95076
 94781
 94710
 94709
 94704
 94546
 94497
 94422
 94393
 94292
 94243
 94216
 94193
 94150
 94125
 94105
 93903
 93795
 93616
 93602
 93512
 93482
 93323
 93297
 93265
 93249
 93092
 93072
 93025
 92875
 92848
 92752
 92553
 92536
 92453
 92432
 92312
 92291
 92164
 92065
 92042
 92014
 91913
 91904
 91836
 91800
 91406
 91274
 91252
 91182
 91104
 90669
 90589
 90371
 90289
 90265
 90233
 90153
 90014
 89903
 89898
 89868
 89793
 89783
 89775
 89708
 89677
 89396
 89356
 89277
 89058
 88995
 88978
 88894
 88824
 88808
 88785
 88754
 88502
 88455
 88350
 88305
 88157
 88015
 87878
 87873
 87822
 87641
 87520
 87451
 87434
 87428
 87278
 87140
 87100
 87096
 86997
 86956
 86939
 86801
 86741
 86717
 86664
 86355
 86334
 86286
 86266
 86119
 86097
 85889
 85756
 85741
 85703
 85694
 85657
 85562
 85507
 85490
 85465
 85455
 85350
 85349
 85297
 85296
 85266
 85035
 85008
 84944
 84810
 84742
 84716
 84588
 84452
 84362
 84245
 84015
 83941
 83932
 83903
 83882
 83473
 83471
 83378
 83203
 83156
 82983
 82953
 82751
 82532
 82373
 82353
 82292
 82175
 82163
 82095
 81967
 81911
 81854
 81789
 81596
 81321
 81227
 81192
 81092
 81001
 80960
 80766
 80681
 80442
 80437
 80403
 80290
 80148
 80015
 79761
 79715
 79701
 79645
 79561
 79535
 79496
 78914
 78745
 78570
 78416
 78361
 78348
 77770
 77765
 77419
 77297
 77117
 77106
 76870
 76829
 76774
 76763
 76672
 76640
 76559
 76546
 76532
 76476
 76461
 76371
 76358
 76155
 76104
 75942
 75443
 75396
 75370
 75313
 75237
 75210
 75071
 75031
 74993
 74976
 74815
 74668
 74609
 74533
 74462
 74262
 74257
 74095
 74074
 74048
 73391
 73313
 73167
 73014
 72983
 72974
 72752
 72557
 72450
 72305
 72299
 72272
 72214
 72169
 72152
 72049
 71913
 71612
 71604
 71262
 71011
 70959
 70951
 70939
 70880
 70725
 70668
 70505
 70489
 70321
 70114
 70002
 69688
 69584
 69215
 69143
 68965
 68682
 68534
 68527
 68387
 68273
 68144
 68129
 68052
 67911
 67893
 67860
 67782
 67702
 67394
 67103
 66987
 66967
 66948
 66915
 66795
 66710
 66666
 66586
 66384
 66121
 66014
 65978
 65956
 65688
 65679
 65660
 65610
 65520
 65326
 65315
 65305
 65263
 65161
 65104
 64992
 64982
 64981
 64954
 64871
 64707
 64606
 64467
 64195
 64146
 64044
 63940
 63823
 63815
 63713
 63495
 63483
 63456
 63447
 63304
 63259
 63251
 63231
 63155
 63068
 62894
 62783
 62652
 62648
 62647
 62637
 62624
 62525
 62500
 62418
 62396
 62290
 62283
 62200
 62165
 62153
 62107
 61946
 61916
 61895
 61740
 61710
 61688
 61586
 61506
 61497
 61313
 61004
 60997
 60995
 60943
 60935
 60894
 60845
 60680
 60427
 60422
 60405
 60375
 60374
 60341
 60203
 60047
 60035
 60014
 59960
 59948
 59845
 59835
 59785
 59622
 59553
 59477
 59407
 59216
 59159
 58997
 58793
 58771
 58575
 58501
 58477
 58461
 58448
 58221
 57968
 57917
 57426
 57409
 57329
 57289
 57264
 56867
 56724
 56713
 56460
 56430
 56383
 56318
 56245
 56158
 55798
 55771
 55625
 55604
 55528
 55318
 55297
 55282
 55257
 55115
 55106
 55104
 55058
 54906
 54893
 54871
 54828
 54811
 54717
 54691
 54618
 54554
 54521
 54428
 54426
 54413
 54024
 53829
 53758
 53610
 53548
 53366
 53247
 53200
 53192
 53184
 53173
 53097
 53065
 53033
 53007
 52801
 52670
 52442
 52270
 52220
 52216
 52210
 52176
 52130
 52069
 52030
 51963
 51877
 51852
 51840
 51585
 51487
 51465
 51463
 51327
 51057
 51002
 50793
 50724
 50460
 50359
 50312
 50183
 50156
 50087
 50041
 50025
 49981
 49736
 49644
 49631
 49536
 49261
 49255
 49126
 49099
 49048
 49046
 49025
 49021
 49002
 48829
 48590
 48518
 48434
 48336
 48299
 48214
 48150
 47941
 47804
 47743
 47472
 47451
 47399
 47244
 47239
 47154
 47125
 47087
 47064
 47045
 46581
 46511
 46478
 46334
 46275
 46111
 46101
 46087
 46039
 45967
 45900
 45745
 45703
 45608
 45607
 45428
 45341
 45242
 45054
 44953
 44937
 44916
 44642
 44596
 44588
 44486
 44452
 44401
 44294
 44257
 44188
 44176
 44165
 44162
 44079
 43974
 43754
 43700
 43539
 43437
 43362
 43189
 42960
 42889
 42821
 42670
 42587
 42538
 42427
 42412
 42381
 42108
 42059
 42053
 41955
 41716
 41514
 41411
 41297
 41204
 41179
 40909
 40781
 40690
 40653
 40566
 40473
 40452
 40442
 40419
 40193
 39949
 39921
 39898
 39769
 39677
 39670
 39372
 39294
 39025
 38981
 38825
 38550
 38461
 38124
 37974
 37957
 37791
 37778
 37714
 37579
 37569
 37461
 37349
 37122
 37053
 36971
 36926
 36581
 36485
 36347
 36319
 36219
 36138
 35952
 35864
 35269
 35171
 34991
 34815
 34724
 34701
 34655
 34634
 34551
 34515
 34340
 34321
 34199
 34132
 33898
 33880
 33771
 33703
 33599
 33598
 33545
 33490
 33336
 33265
 33099
 32977
 32831
 32808
 32805
 32723
 32682
 32553
 32540
 32351
 32160
 31914
 31788
 31573
 31557
 31500
 31482
 31340
 31250
 31145
 31026
 30852
 30741
 30706
 30644
 30633
 30456
 30374
 30336
 30227
 30137
 30120
 30030
 29999
 29943
 29849
 29751
 29490
 29439
 29362
 29247
 29190
 29147
 28833
 28800
 28666
 28660
 28580
 28547
 28514
 28487
 28368
 28290
 28032
 27998
 27926
 27735
 27578
 27562
 27556
 27450
 27329
 27292
 27152
 27148
 27147
 27118
 27098
 27027
 27018
 26988
 26886
 26851
 26780
 26673
 26645
 26635
 26599
 26509
 26302
 26060
 26046
 25991
 25895
 25794
 25736
 25519
 25300
 25291
 25285
 24980
 24946
 24863
 24844
 24564
 24467
 24337
 24325
 24168
 23928
 23777
 23719
 23656
 23650
 23547
 23534
 23398
 23335
 23220
 23059
 22920
 22753
 22665
 22262
 22163
 22138
 22093
 21974
 21899
 21891
 21876
 21862
 21797
 21779
 21612
 21393
 21355
 21192
 21171
 21077
 20983
 20833
 20790
 20640
 20391
 20352
 20348
 20200
 20055
 19920
 19842
 19660
 19655
 19584
 19521
 19357
 19185
 19114
 18939
 18816
 18789
 18761
 18112
 18071
 18038
 18030
 17718
 17673
 17541
 17356
 17322
 17150
 17105
 16969
 16811
 16752
 16748
 16683
 16677
 16615
 16533
 16333
 16265
 16117
 15918
 15659
 15368
 15336
 15294
 15280
 15260
 15198
 14973
 14862
 14821
 14727
 14659
 14492
 14437
 14427
 14419
 14408
 14384
 14275
 14077
 13937
 13754
 13699
 13528
 13473
 13271
 13145
 12805
 12729
 12716
 12596
 12571
 12453
 12418
 12371
 12363
 12327
 12267
 12178
 12019
 11926
 11921
 11880
 11878
 11804
 11637
 11283
 11263
 11168
 11161
 11154
 10976
 10881
 10475
 10316
 10299
 10298
 10106
 10098
 10049
 10041
 9599
 9586
 9406
 9225
 9209
 9189
 9181
 9144
 9093
 9026
 8928
 8818
 8799
 8724
 8548
 8390
 8385
 8383
 7895
 7889
 7848
 7841
 7822
 7642
 7499
 7395
 7086
 7047
 7033
 6944
 6880
 6872
 6384
 6327
 6260
 5941
 5865
 5839
 5755
 5713
 5519
 5491
 5387
 5346
 5038
 4855
 4769
 4709
 4664
 4627
 4610
 4325
 4239
 4187
 4078
 3904
 3870
 3843
 3529
 3252
 3198
 3024
 3022
 2857
 2765
 2545
 2481
 2402
 2194
 2171
 2007
 1930
 1872
 1768
 1760
 1609
 1115
 1054
 1050
 766
 321
 23
 0
 