499955
 499932
 499763
 499450
 499410
 499380
 499306
 499294
 499117
 498881
 498642
 498640
 498631
 498533
 498286
 498200
 498190
 498027
 498019
 497970
 497963
 497907
 497873
 497867
 497810
 497636
 497572
 497461
 497364
 497242
 497169
 496960
 496810
 496715
 496531
 496464
 496181
 495972
 495970
 495817
 495778
 495761
 495663
 495643
 495305
 495271
 494992
 494966
 494907
 494684
 494588
 494551
 494511
 494456
 494454
 494320
 494283
 494271
 494224
 494161
 494036
 493997
 493962
 493783
 493691
 493609
 493577
 493488
 493336
 493272
 493200
 493086
 493079
 493058
 492941
 492892
 492805
 492662
 492628
 492599
 492563
 492510
 492082
 491964
 491833
 491801
 491762
 491707
 491691
 491668
 491622
 491537
 491493
 491479
 491385
 491312
 491241
 490812
 490590
 490412
 490391
 490333
 490277
 490196
 490050
 489797
 489655
 489649
 489540
 489536
 489503
 489382
 489354
 489334
 489206
 489110
 489033
 488764
 488650
 488610
 488603
 487996
 487953
 487801
 487697
 487381
 487163
 487147
 487143
 487080
 486818
 486790
 486782
 486729
 486715
 486358
 486334
 486215
 486210
 486186
 485988
 485794
 485637
 485592
 485392
 485348
 485051
 485049
 484711
 484533
 484403
 484381
 484228
 484158
 484142
 484070
 483471
 483378
 483347
 483271
 482982
 482888
 482605
 482593
 482426
 482422
 482370
 482363
 482345
 482344
 482250
 482239
 482173
 482129
 482073
 482033
 482031
 482007
 481989
 481981
 481943
 481818
 481404
 481331
 480920
 480764
 480617
 480615
 480317
 480268
 480267
 480142
 480135
 480126
 479713
 479606
 479025
 479022
 478915
 478762
 478594
 478456
 478072
 478009
 477888
 477858
 477815
 477658
 477547
 477531
 477522
 477247
 477151
 476992
 476556
 476210
 476190
 476097
 476060
 475791
 475773
 475425
 475420
 475331
 475186
 475063
 475023
 474926
 474801
 474773
 474675
 474492
 474459
 474391
 474378
 474352
 474177
 474025
 473945
 473917
 473886
 473547
 473338
 473296
 473231
 473210
 472888
 472870
 472851
 472835
 472807
 472699
 472646
 472408
 472274
 472252
 472095
 471947
 471879
 471830
 471775
 471706
 471659
 471519
 471467
 471402
 471177
 471159
 470968
 470945
 470931
 470809
 470787
 470628
 470440
 470438
 470396
 470303
 470109
 469942
 469894
 469578
 469469
 469449
 469448
 468911
 468903
 468777
 468720
 468425
 468421
 468315
 468205
 468099
 468027
 468015
 468012
 467956
 467726
 467602
 467592
 467536
 467529
 467518
 467497
 467292
 467036
 467006
 466945
 466819
 466814
 466806
 466780
 466492
 466364
 466240
 466207
 466011
 465946
 465909
 465828
 465816
 465770
 465743
 465600
 465553
 465434
 465249
 464865
 464859
 464824
 464781
 464231
 464038
 463860
 463809
 463503
 463392
 463388
 463318
 463265
 463141
 463082
 463078
 463075
 462941
 462859
 462599
 462410
 462370
 462339
 462258
 462176
 462023
 461908
 461780
 461746
 461733
 461651
 461626
 461622
 461314
 461286
 460894
 460598
 460570
 460447
 460410
 460317
 460302
 460004
 459998
 459846
 459826
 459792
 459768
 459715
 459713
 459664
 459595
 459504
 459488
 459309
 459196
 459186
 459163
 459090
 459077
 459073
 459043
 459040
 459030
 458993
 458966
 458917
 458824
 458804
 458586
 458392
 458235
 458224
 458137
 458109
 458097
 458064
 458031
 457929
 457632
 457625
 457593
 457561
 457352
 457095
 456966
 456895
 456865
 456677
 456168
 456055
 455981
 455820
 455658
 455633
 455322
 455111
 454959
 454778
 454446
 454431
 454418
 454392
 454218
 453987
 453905
 453829
 453744
 453410
 453348
 453344
 453196
 452930
 452717
 452681
 452641
 452409
 452333
 452185
 452160
 452148
 452012
 452010
 452006
 451971
 451784
 451736
 451709
 451602
 451570
 451446
 451295
 451189
 450952
 450901
 450883
 450855
 450772
 450672
 450611
 450320
 450267
 450260
 450229
 450204
 450042
 449989
 449950
 449719
 449509
 449408
 449363
 449350
 449275
 449197
 449192
 449183
 449042
 448901
 448812
 448372
 448216
 448106
 448098
 448079
 447932
 447784
 447781
 447658
 447642
 447232
 447224
 447039
 447008
 447000
 446973
 446920
 446759
 446666
 446604
 446566
 446538
 446431
 446293
 446122
 446017
 445888
 445864
 445834
 445762
 445425
 445378
 445326
 445017
 444933
 444875
 444779
 444606
 444469
 444444
 444399
 444370
 444287
 444143
 444121
 444113
 443970
 443879
 443859
 443735
 443714
 443661
 443597
 443449
 443412
 443320
 443221
 443144
 443036
 443020
 442978
 442763
 442716
 442681
 442563
 442384
 442379
 442294
 442216
 442203
 442017
 442002
 441935
 441922
 441854
 441833
 441721
 441564
 441441
 441407
 441394
 441372
 441356
 441332
 440533
 440470
 440356
 440306
 440262
 440231
 440105
 440103
 439883
 439292
 439277
 439017
 438969
 438888
 438802
 438678
 438595
 438481
 438403
 438388
 438344
 438251
 438222
 438206
 437409
 437286
 437064
 436956
 436900
 436881
 436875
 436862
 436856
 436835
 436815
 436483
 436451
 436202
 436151
 436102
 436050
 436009
 435875
 435574
 435501
 435393
 435324
 435311
 435300
 435233
 435227
 434846
 434395
 434242
 434184
 434097
 433994
 433958
 433849
 433816
 433805
 433590
 433548
 433442
 433250
 433148
 433104
 432961
 432949
 432826
 432780
 432773
 432733
 432693
 432673
 432539
 432307
 432071
 432070
 431997
 431774
 431571
 431562
 431321
 431297
 431074
 431050
 430970
 430828
 430743
 430668
 430587
 430548
 430541
 430522
 430344
 430318
 430189
 430157
 430076
 430063
 430060
 429804
 429802
 429646
 429512
 429218
 429128
 428980
 428931
 428912
 428886
 428865
 428686
 428571
 428560
 428545
 428443
 428388
 428279
 428244
 428120
 427918
 427910
 427867
 427755
 427486
 427321
 427272
 427138
 427122
 427104
 426829
 426800
 426542
 426517
 426463
 426380
 426293
 426072
 425925
 425745
 425447
 425250
 425166
 425118
 424955
 424879
 424796
 424778
 424710
 424647
 424641
 424563
 424513
 424236
 424167
 423874
 423818
 423505
 423435
 423387
 423371
 423340
 423215
 423040
 422931
 422920
 422825
 422775
 422734
 422561
 422536
 422508
 422341
 422293
 422276
 422268
 422153
 422137
 422093
 422074
 422052
 421993
 421801
 421595
 421561
 421512
 421464
 421446
 421265
 421213
 421195
 421059
 421052
 421030
 421001
 420884
 420845
 420713
 420632
 420534
 420432
 420289
 420152
 420000
 419911
 419835
 419812
 419795
 419769
 419664
 419566
 419501
 419399
 419243
 419184
 419099
 418985
 418979
 418975
 418918
 418825
 418512
 418461
 418441
 418380
 418336
 418215
 418079
 418042
 418026
 417991
 417762
 417734
 417732
 417603
 417571
 417544
 417455
 417236
 417112
 417102
 417072
 417063
 417051
 417043
 417017
 416858
 416825
 416784
 416743
 416666
 416630
 416594
 416566
 416561
 416464
 416248
 416234
 416231
 416190
 415872
 415848
 415624
 415464
 415182
 415161
 415101
 415057
 415052
 415044
 414937
 414917
 414689
 414543
 414336
 414290
 414230
 414128
 414044
 413793
 413684
 413573
 413522
 413470
 413333
 413298
 413098
 413090
 413061
 413036
 413016
 412890
 412501
 412473
 412442
 412333
 412071
 412067
 411905
 411860
 411815
 411459
 411207
 411090
 411071
 410861
 410812
 410797
 410793
 410743
 410727
 410724
 410669
 410626
 410500
 410479
 410316
 410212
 410144
 410065
 409915
 409805
 409728
 409389
 409297
 409236
 408823
 408721
 408520
 408516
 408477
 408419
 408348
 408179
 408129
 408036
 408022
 407868
 407745
 407722
 407602
 407408
 407201
 407163
 407134
 406976
 406877
 406828
 406793
 406735
 406660
 406659
 406600
 406579
 406443
 406442
 406411
 406328
 406292
 406260
 406216
 406189
 406138
 406056
 405873
 405862
 405854
 405412
 405343
 405268
 405116
 405107
 404986
 404787
 404710
 404549
 404476
 404287
 404094
 403803
 403718
 403713
 403655
 403437
 403385
 403247
 403242
 403025
 402943
 402903
 402885
 402838
 402772
 402495
 402479
 402371
 402325
 402310
 402294
 402031
 402012
 401613
 401557
 401460
 401381
 401359
 401330
 401226
 401186
 401169
 401097
 400971
 400198
 400121
 400057
 400055
 399661
 399283
 399194
 399074
 398876
 398785
 398687
 398601
 398584
 398531
 398384
 398217
 398114
 397959
 397900
 397873
 397834
 397805
 397738
 397663
 397459
 397163
 396965
 396669
 396592
 396551
 396513
 396264
 396226
 396190
 396091
 395861
 395822
 395693
 395590
 395366
 395147
 395068
 395055
 394933
 394923
 394894
 394740
 394669
 394511
 394506
 394466
 394461
 394436
 394325
 394067
 393962
 393625
 393614
 393572
 393415
 393332
 393157
 393046
 392782
 392560
 392544
 392483
 392459
 392363
 391902
 391734
 391712
 391436
 391325
 391304
 391201
 391139
 391130
 390928
 390895
 390744
 390625
 390525
 390495
 390451
 390429
 390243
 389830
 389245
 389215
 388869
 388714
 388598
 388535
 388382
 388172
 388129
 388014
 388001
 387901
 387824
 387821
 387775
 387713
 387690
 387662
 387314
 387253
 387180
 387096
 386990
 386977
 386877
 386851
 386778
 386417
 386319
 386269
 386220
 386189
 386158
 386127
 385976
 385897
 385816
 385804
 385795
 385696
 385392
 385353
 385186
 385022
 385021
 384879
 384864
 384828
 384769
 384762
 384619
 384615
 384513
 384459
 384421
 384251
 384000
 383974
 383945
 383913
 383905
 383644
 383622
 383474
 383330
 383318
 383311
 383289
 383199
 383169
 383054
 382788
 382711
 382435
 382390
 382374
 382351
 382322
 382106
 381870
 381855
 381749
 381597
 381434
 381285
 381222
 381104
 381023
 380819
 380726
 380692
 380540
 380287
 380174
 380147
 380129
 380054
 380009
 379785
 379504
 379497
 379494
 379239
 379139
 379111
 379104
 378948
 378817
 378749
 378653
 378636
 378563
 378518
 378417
 378408
 378318
 378119
 378074
 378020
 377952
 377893
 377884
 377820
 377730
 377660
 377528
 377417
 377404
 377347
 377324
 377311
 377228
 377068
 376693
 376677
 376657
 376576
 376366
 376292
 376156
 376066
 375872
 375858
 375751
 375536
 375322
 375144
 375080
 374919
 374770
 374744
 374732
 374679
 374567
 374538
 374529
 374436
 374321
 374318
 374058
 374053
 373895
 373873
 373830
 373739
 373575
 373436
 373422
 373410
 373252
 373139
 373057
 373011
 372964
 372952
 372916
 372830
 372492
 372372
 372330
 372180
 371991
 371974
 371825
 371760
 371685
 371681
 371664
 371505
 371428
 371262
 371246
 371221
 371141
 371086
 371019
 370871
 370579
 370559
 370534
 370446
 370410
 370370
 370153
 370063
 369997
 369739
 369727
 369678
 369506
 369318
 369232
 369101
 369039
 368929
 368788
 368709
 368374
 368244
 368230
 368225
 368107
 368035
 367997
 367817
 367740
 367715
 367660
 367568
 367500
 367475
 367435
 367278
 367136
 367132
 367052
 367014
 367013
 366804
 366559
 366404
 366371
 366227
 366139
 366014
 365961
 365853
 365845
 365650
 365585
 365454
 365133
 364984
 364910
 364795
 364779
 364745
 364668
 364623
 364617
 364553
 364301
 364130
 364129
 364122
 364114
 364061
 363941
 363475
 363395
 363373
 363367
 363280
 363177
 363041
 363031
 362837
 362834
 362697
 362231
 362192
 362162
 362008
 361928
 361839
 361335
 361290
 361026
 360825
 360778
 360608
 360556
 360478
 360454
 360174
 360165
 360163
 360059
 359872
 359843
 359802
 359521
 359451
 359361
 359339
 359269
 359073
 358947
 358931
 358778
 358719
 358714
 358699
 358589
 358427
 358413
 358376
 358332
 358328
 358170
 358144
 358088
 357872
 357740
 357482
 357465
 357422
 357160
 357071
 357045
 356967
 356403
 356387
 356386
 356375
 355721
 355464
 355456
 355408
 355333
 355332
 355153
 355145
 355056
 354989
 354980
 354762
 354739
 354665
 354664
 354659
 354324
 354285
 354187
 354133
 354053
 353830
 353735
 353479
 353369
 353366
 353327
 352785
 352724
 352552
 352442
 352431
 352362
 352219
 352168
 352079
 352032
 351896
 351826
 351728
 351721
 351658
 351611
 351553
 351492
 351406
 351255
 351205
 350957
 350870
 350740
 350496
 350455
 350237
 350199
 350181
 350148
 350105
 350103
 349725
 349675
 349242
 349125
 349030
 348972
 348861
 348819
 348815
 348773
 348544
 348400
 348195
 348108
 348042
 347913
 347740
 347721
 347608
 347505
 347288
 347008
 346986
 346698
 346657
 346592
 346574
 346249
 345926
 345920
 345565
 345519
 345381
 345364
 345359
 345242
 345075
 345068
 345043
 344944
 344748
 344601
 344590
 344354
 344333
 344285
 344280
 344041
 343975
 343921
 343830
 343714
 343626
 343605
 343373
 343338
 343322
 343171
 342961
 342881
 342873
 342672
 342641
 342398
 341788
 341711
 341686
 341642
 341602
 341585
 341571
 341447
 341401
 341255
 341210
 341134
 341121
 341105
 341071
 341059
 340941
 340664
 340660
 340646
 340543
 340363
 340145
 339970
 339659
 339617
 339450
 339444
 339259
 339194
 338983
 338855
 338749
 338368
 338364
 338357
 338333
 338008
 337883
 337874
 337843
 336967
 336833
 336785
 336727
 336687
 336679
 336572
 336533
 336252
 336086
 335936
 335863
 335723
 335694
 335517
 335495
 335490
 335483
 335451
 335283
 335248
 335193
 335103
 335046
 335037
 335034
 335020
 334993
 334901
 334809
 334786
 334763
 334548
 334545
 334526
 334368
 334260
 334074
 333590
 333333
 333103
 333102
 333030
 332971
 332791
 332774
 332703
 332613
 332504
 331985
 331759
 331697
 331666
 331521
 331384
 331369
 331366
 331342
 331322
 331293
 331269
 330916
 330909
 330897
 330872
 330737
 330482
 330436
 330434
 330354
 330299
 330271
 330136
 330073
 330062
 330047
 329913
 329708
 329685
 329505
 329435
 329383
 329340
 329319
 329202
 329037
 329032
 328913
 328889
 328837
 328832
 328674
 328508
 328480
 328458
 328413
 328249
 328047
 328034
 327982
 327963
 327891
 327845
 327722
 327630
 327559
 327252
 327184
 326950
 326806
 326770
 326686
 326665
 326619
 326502
 326486
 326396
 326280
 326014
 325784
 325568
 325535
 325382
 325314
 325284
 325176
 325156
 325143
 325078
 325057
 325033
 325006
 324940
 324909
 324877
 324652
 324492
 324281
 324165
 324152
 324069
 324052
 324049
 323956
 323930
 323787
 323687
 323623
 323580
 323502
 323421
 323271
 322973
 322917
 322850
 322824
 322785
 322771
 322572
 322384
 322301
 322275
 322205
 322045
 322042
 321843
 321733
 321632
 321505
 321314
 321164
 320794
 320782
 320628
 320529
 320375
 320277
 320232
 320141
 320060
 319964
 319788
 319660
 319634
 319571
 319499
 319455
 319396
 319328
 319230
 319103
 318959
 318733
 318627
 318476
 318425
 318399
 318343
 318231
 318227
 318144
 318051
 318027
 318006
 317994
 317978
 317813
 317771
 317710
 317505
 317419
 317237
 316942
 316744
 316628
 316173
 316062
 316000
 315839
 315807
 315650
 315626
 315594
 315457
 315388
 315358
 315262
 315239
 315142
 315066
 315050
 314967
 314940
 314389
 314365
 314309
 314221
 314167
 314142
 314125
 313924
 313904
 313880
 313636
 313595
 313522
 313473
 313413
 313133
 313117
 313037
 312990
 312974
 312886
 312835
 312824
 312759
 312734
 312715
 312704
 312600
 312559
 312432
 312363
 312210
 312121
 312063
 311999
 311871
 311804
 311760
 311648
 311637
 311467
 311452
 311436
 311377
 311257
 311214
 311150
 311101
 311023
 310952
 310923
 310820
 310818
 310562
 310554
 310457
 310430
 310382
 310185
 310002
 309801
 309774
 309700
 309376
 309367
 309298
 309070
 309060
 308889
 308833
 308588
 308491
 308473
 308303
 308287
 308219
 308116
 308043
 308022
 307981
 307913
 307886
 307698
 307692
 307623
 307568
 307556
 307520
 307508
 307486
 307338
 307272
 307228
 307119
 307066
 307055
 307032
 306769
 306510
 306482
 306476
 306466
 306340
 306317
 305972
 305754
 305309
 305225
 305194
 305039
 305005
 304957
 304819
 304757
 304563
 304549
 304466
 304444
 304425
 304414
 304317
 304235
 304037
 304005
 303948
 303924
 303672
 303544
 303539
 303509
 303466
 303274
 303192
 303102
 303083
 302771
 302702
 302633
 302562
 302459
 302451
 302342
 302284
 302245
 302121
 302011
 302001
 301850
 301837
 301680
 301497
 301337
 301202
 301194
 300957
 300897
 300888
 300715
 300709
 300518
 300339
 300319
 300111
 299863
 299581
 299576
 299566
 299426
 299399
 299325
 299232
 299184
 299027
 298976
 298913
 298891
 298816
 298711
 298556
 298443
 298339
 298041
 298009
 297939
 297668
 297632
 297401
 297390
 297092
 296976
 296918
 296899
 296821
 296777
 296746
 296698
 296668
 296565
 296455
 296420
 296293
 296161
 295939
 295915
 295795
 295788
 295739
 295708
 295666
 295598
 295559
 295426
 295395
 295238
 294918
 294883
 294869
 294851
 294805
 294803
 294671
 294491
 294247
 294200
 294197
 293943
 293929
 293926
 293887
 293849
 293457
 293275
 293246
 293229
 293206
 293085
 293061
 293052
 293016
 292950
 292644
 292452
 292395
 292333
 292190
 292132
 292069
 291840
 291623
 291536
 291458
 291456
 291379
 290966
 290937
 290788
 290688
 290550
 290368
 290356
 290193
 290138
 290022
 289914
 289694
 289687
 289565
 289361
 289345
 289179
 289029
 288924
 288884
 288783
 288558
 288503
 288494
 288350
 288235
 288167
 288135
 288129
 288092
 288056
 287981
 287962
 287703
 287652
 287598
 287458
 287272
 286949
 286626
 286265
 286197
 286186
 285966
 285776
 285574
 285563
 285451
 285283
 285108
 285045
 284977
 284931
 284688
 284661
 284581
 284355
 284336
 284176
 284118
 284074
 284057
 284044
 284036
 283923
 283760
 283757
 283716
 283631
 283612
 283462
 283408
 283314
 283173
 283118
 282881
 282876
 282733
 282595
 282527
 282428
 282409
 282261
 282103
 282062
 281930
 281922
 281477
 281424
 281324
 281253
 281104
 280739
 280665
 280647
 280556
 280490
 280428
 280406
 280394
 280352
 280341
 280332
 280243
 280224
 280217
 280040
 280034
 279918
 279880
 279874
 279757
 279580
 279570
 279068
 279065
 279027
 278755
 278549
 278387
 278332
 278309
 278220
 278182
 278074
 278050
 278003
 277843
 277760
 277710
 277580
 277576
 277259
 277158
 277137
 277098
 277049
 277008
 276876
 276774
 276672
 276620
 276532
 276439
 276405
 276268
 276061
 276011
 276010
 275918
 275810
 275670
 275666
 275488
 275417
 275372
 275348
 275161
 275112
 275109
 275077
 274963
 274744
 274730
 274509
 274421
 274365
 274361
 274272
 274250
 274107
 273913
 273898
 273871
 273823
 273806
 273736
 273680
 273667
 273622
 273589
 273535
 273413
 273396
 273296
 273135
 273102
 273072
 272727
 272607
 272530
 272483
 272372
 272193
 272170
 272140
 271967
 271866
 271854
 271797
 271670
 271658
 271478
 271437
 271357
 271272
 271035
 270873
 270814
 270654
 270491
 270420
 270406
 270367
 270357
 270164
 269995
 269935
 269899
 269818
 269784
 269718
 269666
 269611
 269568
 269511
 269473
 269277
 269230
 269003
 268996
 268827
 268818
 268728
 268495
 268468
 268464
 268244
 268231
 268062
 267969
 267869
 267692
 267612
 267605
 267538
 267379
 267366
 267259
 267077
 266978
 266963
 266914
 266695
 266666
 266587
 266572
 266404
 266097
 266048
 265451
 265375
 265272
 265205
 265081
 265038
 264905
 264867
 264738
 264681
 264639
 264636
 264541
 264519
 264355
 264296
 264044
 263939
 263839
 263797
 263735
 263672
 263616
 263607
 263565
 263528
 263316
 263246
 263177
 263122
 263033
 262879
 262785
 262784
 262705
 262585
 262559
 262446
 262249
 262031
 261934
 261744
 261702
 261694
 261515
 261487
 261372
 261147
 261039
 261023
 260915
 260869
 260742
 260676
 260504
 260496
 260376
 260253
 260175
 260173
 260147
 260079
 260051
 259851
 259619
 259425
 259406
 259192
 259125
 259071
 258921
 258730
 258529
 258474
 258426
 258220
 258153
 258151
 257905
 257900
 257898
 257791
 257766
 257628
 257433
 257301
 257268
 257094
 256919
 256916
 256886
 256734
 256582
 256508
 256465
 256417
 256279
 255839
 255712
 255377
 255233
 255172
 255000
 254998
 254858
 254725
 254716
 254659
 254633
 254570
 254218
 254215
 254163
 254151
 253833
 253807
 253760
 253738
 253728
 253707
 253346
 253285
 253271
 253257
 253216
 253181
 252999
 252882
 252834
 252510
 252332
 252274
 252196
 252111
 252107
 252106
 251941
 251937
 251840
 251647
 251546
 251504
 251427
 251334
 251226
 251216
 250953
 250922
 250868
 250840
 250803
 250704
 250512
 250305
 250291
 250232
 250186
 250060
 249933
 249894
 249806
 249783
 249699
 249622
 249571
 249541
 249521
 249476
 249430
 249412
 249320
 249167
 249152
 249146
 249074
 249064
 249062
 248918
 248847
 248544
 248523
 248521
 248481
 248452
 248239
 248106
 248024
 247819
 247770
 247334
 247312
 247183
 247050
 246949
 246863
 246822
 246778
 246756
 246728
 246722
 246672
 246550
 246367
 246059
 245928
 245782
 245737
 245713
 245429
 245428
 245372
 245296
 245163
 244995
 244877
 244788
 244693
 244686
 244621
 244416
 244412
 244262
 244083
 244063
 244032
 243902
 243589
 243583
 243420
 243244
 243233
 243038
 242955
 242779
 242618
 242471
 242386
 242308
 242194
 242109
 241962
 241853
 241837
 241814
 241799
 241786
 241715
 241706
 241600
 241573
 241444
 241443
 241259
 241085
 240995
 240956
 240944
 240784
 240611
 240259
 240252
 240225
 240164
 240046
 239994
 239811
 239769
 239760
 239577
 239361
 239182
 239130
 238993
 238975
 238974
 238959
 238914
 238884
 238835
 238805
 238664
 238656
 238641
 238535
 238431
 238023
 237928
 237666
 237659
 237526
 237511
 237359
 237073
 236979
 236465
 236408
 236162
 236102
 235918
 235849
 235760
 235658
 235450
 235435
 235431
 235199
 235043
 234942
 234888
 234626
 234603
 234590
 234548
 234494
 234436
 234360
 234359
 234328
 234242
 234158
 234134
 234091
 234027
 234020
 233866
 233741
 233360
 233331
 233243
 233080
 233045
 233021
 232985
 232933
 232755
 232748
 232646
 232639
 232635
 232511
 232483
 232456
 232254
 232132
 232124
 232099
 232063
 231931
 231920
 231911
 231818
 231740
 231689
 231680
 231652
 231511
 231155
 231063
 231053
 230778
 230742
 230319
 230148
 230055
 230052
 230038
 229879
 229832
 229811
 229685
 229547
 229507
 229384
 229171
 229134
 228827
 228697
 228592
 228560
 228518
 228503
 228456
 228437
 228372
 228269
 228153
 228077
 228008
 227929
 227882
 227857
 227756
 227686
 227625
 227575
 227453
 227272
 227166
 227132
 226988
 226625
 226623
 226506
 226404
 226318
 226249
 226199
 226108
 226027
 226025
 226012
 226011
 226002
 225990
 225806
 225528
 225397
 225357
 225281
 225236
 225205
 225108
 224968
 224933
 224909
 224749
 224738
 224594
 224467
 224419
 224306
 224172
 223728
 223673
 223589
 223404
 223329
 223325
 223241
 223218
 223062
 223031
 222813
 222725
 222642
 222526
 222503
 222428
 222424
 222368
 222312
 222209
 222195
 221968
 221876
 221852
 221649
 221642
 221320
 221317
 221020
 220976
 220902
 220898
 220867
 220545
 220390
 220128
 219900
 219780
 219592
 219554
 219166
 219141
 218875
 218538
 218526
 218315
 218232
 218205
 218201
 217860
 217840
 217619
 217562
 217549
 217238
 217123
 217034
 217000
 216950
 216891
 216815
 216807
 216653
 216581
 216577
 216522
 216509
 216451
 216193
 216136
 216129
 215859
 215742
 215725
 215675
 215666
 215395
 215391
 215106
 215105
 215093
 215073
 215050
 214427
 214405
 214285
 214114
 214065
 213799
 213590
 213585
 213353
 213243
 213008
 212707
 212660
 212157
 212127
 211935
 211875
 211774
 211697
 211585
 211569
 211465
 211367
 211141
 211078
 210885
 210875
 210713
 210412
 210274
 210240
 210121
 209988
 209908
 209796
 209764
 209722
 209677
 209618
 209387
 209249
 209230
 209129
 208964
 208838
 208753
 208628
 208581
 208548
 208446
 208429
 208156
 207637
 207623
 207605
 207450
 207325
 207126
 207065
 206991
 206974
 206972
 206956
 206746
 206693
 206563
 206518
 206331
 206323
 206222
 206219
 206171
 205759
 205750
 205625
 205608
 205605
 205404
 205140
 205041
 204798
 204645
 204631
 204615
 204514
 204406
 204225
 204195
 204188
 204081
 203925
 203838
 203809
 203782
 203774
 203767
 203419
 203323
 203222
 203047
 203006
 202401
 202327
 202109
 202039
 201853
 201746
 201657
 201579
 201277
 201158
 201147
 201107
 201047
 201009
 200973
 200943
 200858
 200740
 200507
 200437
 200416
 200366
 200232
 200214
 200203
 200000
 199999
 199820
 199812
 199720
 199598
 199588
 199538
 199515
 199216
 199201
 199118
 199115
 199053
 198776
 198522
 198408
 198344
 198298
 198176
 198103
 198005
 197832
 197659
 197601
 197440
 197425
 197264
 197245
 197220
 197113
 196594
 196583
 196459
 196443
 196397
 196014
 195721
 195593
 195540
 195458
 195421
 195414
 195249
 195230
 195204
 195046
 194945
 194884
 194809
 194629
 194604
 194581
 194574
 194490
 194432
 193975
 193849
 193682
 193512
 193343
 193342
 193124
 193117
 193015
 192944
 192845
 192795
 192783
 192776
 192734
 192722
 192576
 192547
 192531
 192507
 192347
 192313
 192167
 192078
 191874
 191841
 191809
 191787
 191760
 191753
 191666
 191546
 191474
 191393
 191306
 191290
 191263
 190984
 190923
 190632
 190490
 190476
 190460
 190451
 190412
 190370
 190136
 190067
 189953
 189642
 189631
 189564
 189495
 189335
 189322
 189262
 189180
 189087
 188995
 188695
 188645
 188602
 188417
 188181
 188127
 188017
 188003
 187989
 187939
 187919
 187874
 187817
 187743
 187714
 187463
 187117
 187026
 186974
 186800
 186768
 186758
 186701
 186647
 186614
 186611
 186580
 186577
 186515
 186479
 185964
 185890
 185858
 185840
 185820
 185780
 185721
 185658
 185232
 185165
 185123
 185081
 184842
 184762
 184684
 184628
 184348
 184234
 184004
 183982
 183910
 183591
 183265
 183250
 183222
 183161
 183144
 183002
 182975
 182813
 182670
 182628
 182621
 182534
 182417
 182342
 182170
 181963
 181937
 181843
 181818
 181572
 181513
 181495
 181450
 181411
 181262
 181212
 181190
 181164
 180926
 180819
 180743
 180676
 180648
 180262
 180161
 180036
 180028
 179915
 179803
 179778
 179727
 179293
 178896
 178865
 178795
 178726
 178351
 177909
 177857
 177777
 177617
 177613
 177566
 177392
 177361
 177269
 177265
 177125
 176904
 176890
 176861
 176817
 176590
 176426
 176348
 176341
 176330
 176285
 176179
 176108
 176069
 176031
 175882
 175725
 175684
 175536
 175133
 175080
 174771
 174706
 174644
 174574
 174301
 174185
 174116
 174035
 173925
 173874
 173763
 173691
 173675
 173653
 173211
 173086
 172858
 172541
 172478
 172414
 172347
 172203
 172158
 172131
 172045
 172029
 171943
 171924
 171831
 171800
 171750
 171723
 171707
 171501
 171486
 171480
 171444
 171375
 171192
 170928
 170869
 170866
 170771
 170676
 170560
 170385
 170285
 170270
 170143
 170060
 170052
 169963
 169926
 169860
 169811
 169772
 169667
 169561
 169238
 169156
 168841
 168815
 168591
 168539
 168536
 168477
 168460
 168331
 168167
 167953
 167819
 167655
 167627
 167360
 167351
 167320
 167190
 167124
 167092
 166960
 166801
 166767
 166734
 166666
 166581
 166566
 166322
 166264
 166208
 166153
 166128
 166083
 166052
 166044
 166011
 165803
 165784
 165777
 165771
 165662
 165429
 165208
 165048
 164932
 164823
 164821
 164586
 164216
 164187
 164150
 164136
 164119
 164109
 163868
 163780
 163775
 163736
 163720
 163639
 163556
 163374
 163175
 163163
 163096
 163029
 162971
 162944
 162848
 162796
 162690
 162595
 162584
 162583
 162537
 162400
 162313
 162261
 162255
 161927
 161831
 161821
 161706
 161687
 161682
 161628
 161353
 161350
 161317
 161311
 161291
 161191
 161095
 160849
 160820
 160700
 160490
 160237
 160085
 160059
 159884
 159878
 159717
 159521
 159475
 159473
 159294
 159171
 159154
 159057
 158963
 158906
 158874
 158864
 158803
 158780
 158639
 158523
 158380
 158295
 158193
 158160
 158061
 158021
 157970
 157884
 157803
 157752
 157689
 157648
 157545
 157361
 157284
 157280
 156872
 156847
 156714
 156631
 156553
 156313
 156169
 156134
 156123
 156006
 155779
 155764
 155720
 155575
 155389
 155330
 155324
 155230
 155033
 155018
 155015
 154986
 154981
 154811
 154322
 154234
 154230
 154186
 154155
 154067
 154008
 153846
 153688
 153661
 153632
 153537
 153345
 153307
 153289
 153283
 153273
 153017
 152808
 152772
 152701
 152664
 152582
 152479
 152396
 151981
 151862
 151659
 151460
 151417
 151347
 151306
 150992
 150876
 150435
 150293
 150201
 150161
 150069
 150016
 149815
 149801
 149734
 149714
 149692
 149487
 149418
 149378
 149298
 149188
 149182
 149173
 149142
 149042
 148844
 148725
 148614
 148565
 148548
 148500
 148457
 148352
 148308
 148249
 147951
 147941
 147936
 147887
 147874
 147836
 147754
 147507
 147491
 147311
 147279
 147127
 147107
 147049
 147033
 146979
 146750
 146681
 146598
 146549
 146494
 146407
 146285
 146133
 146081
 145880
 145831
 145619
 145521
 145422
 145363
 145355
 145349
 145347
 145190
 145130
 145119
 145118
 145038
 144988
 144847
 144845
 144838
 144794
 144551
 144486
 144466
 144393
 144239
 144190
 144185
 144112
 144030
 144006
 143948
 143767
 143618
 143523
 143369
 143312
 143285
 143120
 143098
 143051
 142866
 142743
 142739
 142599
 142559
 142527
 142465
 142329
 142261
 141959
 141860
 141799
 141768
 141369
 141125
 140978
 140820
 140552
 140087
 140051
 139874
 139821
 139710
 139503
 139479
 139134
 139025
 138928
 138923
 138901
 138885
 138791
 138757
 138694
 138512
 138447
 138394
 138297
 138120
 138009
 137977
 137846
 137844
 137689
 137614
 137543
 137357
 137240
 136950
 136907
 136726
 136678
 136339
 136320
 136259
 136214
 136089
 136077
 135960
 135919
 135910
 135826
 135791
 135587
 135532
 135340
 135311
 135271
 135123
 134907
 134812
 134744
 134738
 134557
 134155
 133721
 133579
 133556
 133462
 133448
 133370
 133335
 133233
 133193
 133083
 132967
 132918
 132845
 132784
 132745
 132587
 132469
 132200
 132126
 132075
 132007
 131697
 131689
 131640
 131533
 131528
 131476
 131454
 131382
 131356
 131313
 131059
 131036
 130995
 130924
 130883
 130855
 130676
 130359
 130301
 130298
 130257
 130234
 130136
 130123
 130081
 129996
 129984
 129858
 129763
 129045
 129022
 128957
 128842
 128784
 128721
 128661
 128565
 128533
 128486
 128471
 128420
 128355
 128311
 128307
 127835
 127829
 127403
 127396
 127272
 127236
 127222
 127099
 127001
 126808
 126699
 126316
 126235
 126208
 126153
 126080
 126073
 126048
 126040
 125929
 125790
 125718
 125708
 125571
 125535
 125521
 125392
 125259
 125257
 125109
 125065
 125000
 124970
 124959
 124830
 124711
 124702
 124697
 124664
 124383
 124348
 124310
 124292
 124144
 124034
 124002
 123804
 123745
 123730
 123700
 123644
 123588
 123562
 123541
 123523
 123461
 123453
 123385
 123366
 123339
 123138
 123126
 123118
 123080
 123035
 123020
 122700
 122661
 122080
 121905
 121789
 121739
 121645
 121612
 121603
 121537
 121356
 121226
 121218
 121198
 121170
 121121
 121074
 121036
 121022
 120856
 120812
 120419
 120400
 120365
 120064
 119769
 119737
 119725
 119505
 119481
 119247
 119126
 119078
 119023
 118979
 118890
 118831
 118628
 118387
 118301
 118192
 117914
 117903
 117888
 117829
 117744
 117691
 117647
 117602
 117573
 117442
 117348
 117241
 117179
 117142
 117036
 117034
 116948
 116939
 116861
 116842
 116821
 116788
 116669
 116663
 116477
 116391
 116166
 116158
 115850
 115819
 115813
 115674
 115629
 115555
 115476
 115469
 115376
 115294
 114863
 114857
 114814
 114630
 114285
 114244
 114153
 114116
 114064
 113947
 113924
 113920
 113912
 113657
 113652
 113622
 113610
 113536
 113451
 113418
 113264
 113119
 113039
 112905
 112865
 112840
 112511
 112367
 112311
 112063
 112008
 111776
 111650
 111590
 111532
 111498
 111393
 111334
 111319
 111197
 111141
 110910
 110802
 110792
 110650
 110635
 110594
 110586
 110498
 110479
 110350
 110160
 110005
 109720
 109468
 109437
 109366
 109363
 109303
 109301
 109279
 109084
 108896
 108816
 108506
 108433
 108416
 108374
 108289
 108177
 108129
 108029
 107574
 107558
 107462
 107430
 107067
 106931
 106911
 106901
 106367
 106358
 106308
 105929
 105886
 105872
 105821
 105523
 105471
 105466
 105437
 105355
 104849
 104733
 104634
 104551
 104455
 104425
 104387
 104308
 104222
 104185
 103996
 103786
 103674
 103550
 103534
 103463
 103439
 103259
 103145
 103092
 103043
 103042
 103024
 102774
 102521
 102459
 102373
 102299
 102269
 102046
 101928
 101831
 101772
 101748
 101466
 101362
 101166
 101117
 101112
 101104
 101084
 101044
 101015
 100877
 100840
 100795
 100616
 100208
 99757
 99659
 99529
 99324
 99106
 99058
 99018
 98979
 98907
 98804
 98710
 98705
 98654
 98493
 98473
 98380
 98330
 98096
 98022
 97978
 97866
 97847
 97757
 97730
 97690
 97430
 97385
 97314
 97093
 97034
 96997
 96862
 96826
 96774
 96707
 96705
 96557
 96492
 96013
 95965
 95700
 95689
 95662
 95466
 95238
 94984
 94840
 94790
 94590
 94582
 94440
 94207
 94020
 93956
 93900
 93880
 93669
 93484
 93457
 93429
 93387
 93380
 93366
 93301
 93128
 93112
 93106
 93064
 93003
 92932
 92922
 92890
 92867
 92848
 92640
 92613
 92544
 92136
 92100
 91984
 91963
 91807
 91800
 91764
 91678
 91598
 91567
 91481
 91434
 91326
 91244
 90957
 90909
 90673
 90630
 90438
 90435
 90376
 89980
 89927
 89865
 89757
 89688
 89551
 89504
 89488
 89442
 89371
 89135
 89074
 88947
 88945
 88785
 88730
 88705
 88703
 88650
 88615
 88607
 88553
 88393
 88392
 88256
 87770
 87654
 87641
 87414
 87406
 87310
 87304
 87176
 87148
 87083
 86956
 86867
 86662
 86561
 86464
 85912
 85855
 85851
 85787
 85674
 85558
 85538
 85521
 85461
 85359
 85272
 85237
 85211
 85102
 85054
 84915
 84894
 84663
 84585
 84578
 84366
 84271
 84224
 84208
 84174
 84109
 84010
 83832
 83800
 83593
 83537
 83497
 83329
 83203
 82911
 82875
 82715
 82713
 82654
 82582
 82525
 82457
 82365
 82275
 82223
 82045
 81918
 81904
 81895
 81884
 81799
 81733
 81691
 81675
 81447
 81389
 81266
 81017
 80787
 80514
 79999
 79990
 79901
 79877
 79795
 79783
 79777
 79742
 79728
 79667
 79650
 79608
 79589
 79481
 79444
 79252
 79204
 79149
 79110
 79012
 78941
 78912
 78837
 78665
 78610
 78405
 78321
 78251
 78198
 77986
 77802
 77637
 77465
 77447
 77408
 77387
 77377
 77357
 77315
 77055
 76931
 76620
 76540
 76402
 76386
 76378
 76354
 76337
 76089
 75909
 75845
 75745
 75709
 75463
 75392
 75308
 75167
 75076
 74805
 74748
 74746
 74666
 74622
 74586
 74514
 74453
 74423
 74181
 74047
 74005
 73994
 73859
 73851
 73705
 73678
 73485
 73344
 73293
 73170
 73033
 73001
 72986
 72510
 72496
 72417
 72222
 72067
 72054
 71846
 71799
 71665
 71428
 71334
 71332
 71218
 71164
 71109
 71085
 71059
 71058
 70903
 70851
 70806
 70745
 70622
 70577
 70506
 70474
 70435
 70334
 70164
 69979
 69949
 69672
 69365
 69303
 69167
 69008
 68923
 68885
 68749
 68682
 68677
 68442
 68359
 68231
 68222
 68074
 67882
 67764
 67520
 67357
 67345
 67178
 66841
 66771
 66695
 66368
 66351
 66316
 66314
 66144
 65724
 65639
 65497
 65385
 65349
 65341
 65041
 64971
 64953
 64936
 64904
 64702
 64635
 64631
 64526
 64477
 64455
 64399
 64383
 64353
 64344
 64315
 64200
 64160
 63880
 63828
 63797
 63751
 63663
 63609
 63605
 63532
 63380
 63360
 63115
 63028
 62962
 62947
 62916
 62848
 62807
 62799
 62765
 62500
 62490
 62441
 62381
 62347
 62247
 62244
 62157
 62003
 61905
 61780
 61731
 61675
 61634
 61572
 61555
 61498
 61484
 61216
 61208
 61203
 61200
 61171
 61126
 61124
 61093
 61052
 61026
 61014
 60703
 60675
 60505
 60413
 60405
 60403
 60104
 59847
 59811
 59672
 59539
 59513
 59489
 59375
 59234
 59218
 59114
 59086
 58939
 58823
 58753
 58681
 58658
 58582
 58563
 58513
 58410
 58139
 57953
 57763
 57683
 57595
 57577
 57450
 57416
 57295
 57220
 57142
 57015
 56955
 56897
 56769
 56737
 56564
 56539
 56485
 56403
 56341
 56338
 56079
 56055
 56031
 55995
 55856
 55841
 55779
 55642
 55606
 55555
 55372
 55089
 55009
 55000
 54862
 54854
 54694
 54644
 54571
 54400
 54179
 54123
 54000
 53748
 53734
 53585
 53566
 53550
 53514
 53308
 53051
 53042
 52964
 52908
 52791
 52763
 52747
 52737
 52384
 52276
 52148
 52057
 51815
 51724
 51571
 51547
 51486
 51457
 51354
 51224
 51177
 51175
 51157
 51039
 51005
 50913
 50753
 50702
 50607
 50403
 50274
 50213
 49992
 49959
 49690
 49683
 49627
 49551
 49542
 49455
 49405
 49332
 49202
 49081
 48957
 48726
 48587
 48398
 48201
 47998
 47920
 47919
 47909
 47901
 47878
 47826
 47634
 47353
 47307
 47144
 47083
 47061
 47039
 46990
 46980
 46889
 46638
 46586
 46518
 46442
 46432
 46431
 46423
 46414
 46277
 45912
 45595
 45556
 45454
 45371
 45299
 45258
 45198
 45065
 44929
 44588
 44547
 44421
 44399
 44397
 44371
 44318
 44185
 44140
 44103
 44026
 43746
 43735
 43676
 43662
 43640
 43634
 43555
 43456
 43422
 43417
 43350
 42954
 42929
 42927
 42897
 42884
 42683
 42672
 42518
 42513
 42308
 42305
 42190
 42015
 41964
 41841
 41818
 41744
 41644
 41583
 41565
 41469
 41419
 41275
 41229
 41215
 41192
 40845
 40687
 40434
 40236
 40168
 40114
 40090
 40013
 39981
 39942
 39874
 39835
 39690
 39382
 39125
 38852
 38743
 38732
 38654
 38283
 38263
 38257
 38238
 38217
 38080
 38070
 38010
 37882
 37790
 37537
 37481
 37364
 37344
 37248
 37229
 37100
 36991
 36967
 36842
 36748
 36666
 36567
 36516
 36385
 36252
 36167
 36157
 36147
 36144
 36126
 36116
 35938
 35810
 35586
 35585
 35487
 35482
 35450
 35433
 35430
 35401
 35292
 35080
 34808
 34726
 34621
 34496
 34477
 34464
 34366
 34295
 34201
 34033
 33951
 33917
 33851
 33743
 33560
 33536
 33506
 33355
 33346
 33322
 33156
 33115
 32878
 32724
 32643
 32458
 32335
 32224
 32107
 31999
 31914
 31899
 31881
 31846
 31684
 31611
 31584
 31479
 31429
 31100
 31094
 31061
 30878
 30632
 30487
 30446
 30331
 30162
 29999
 29994
 29949
 29871
 29803
 29608
 29537
 29523
 29394
 29381
 29193
 29023
 28794
 28789
 28577
 28552
 28491
 28326
 28043
 27928
 27762
 27646
 27584
 27559
 27414
 27392
 27279
 27215
 27167
 26981
 26948
 26816
 26722
 26403
 26286
 26192
 26091
 26026
 25754
 25752
 25721
 25699
 25515
 25340
 25163
 25093
 25084
 24933
 24769
 24763
 24617
 24590
 24582
 24387
 24293
 24121
 23969
 23850
 23847
 23670
 23529
 23495
 23465
 23439
 23374
 22978
 22475
 22394
 22371
 22345
 22315
 22250
 22105
 22043
 21684
 21178
 21029
 20864
 20841
 20578
 20484
 20472
 20457
 20278
 20162
 20090
 20033
 19933
 19837
 19822
 19789
 19749
 19651
 19623
 19518
 19414
 19245
 19217
 19071
 18796
 18782
 18596
 18534
 18521
 18375
 18364
 18360
 18172
 18168
 17977
 17878
 17749
 17721
 17550
 17545
 17482
 17442
 17429
 17229
 17153
 16971
 16927
 16841
 16377
 16273
 16260
 16140
 15790
 15737
 15706
 15606
 15439
 15390
 15360
 15353
 15236
 15093
 15011
 14984
 14928
 14329
 14260
 14185
 14163
 14157
 14058
 13858
 13715
 13691
 13437
 13388
 13385
 13338
 13291
 13284
 13264
 13235
 13129
 13043
 12976
 12880
 12802
 12557
 12535
 12410
 12378
 12153
 12062
 12035
 11939
 11890
 11751
 11640
 11625
 11490
 11407
 11238
 11158
 11066
 10652
 10622
 10619
 10372
 10319
 10310
 10198
 10159
 10139
 10114
 10052
 9827
 9602
 9541
 9536
 9367
 9358
 9353
 9237
 9128
 9011
 8961
 8942
 8933
 8756
 8712
 8551
 8430
 8301
 8078
 7859
 7853
 7747
 7733
 7683
 7606
 7563
 7430
 7318
 7053
 6939
 6930
 6925
 6785
 6713
 6597
 6373
 6309
 6106
 6104
 6095
 5966
 5898
 5874
 5854
 5836
 5826
 5327
 5190
 5172
 5054
 5050
 5017
 4950
 4783
 4723
 4596
 4528
 4504
 4330
 4328
 4101
 4047
 3814
 3638
 3421
 3339
 3243
 3071
 3052
 2981
 2868
 2828
 2558
 2446
 2426
 2275
 2120
 2014
 1903
 1881
 1801
 1771
 1680
 1642
 1540
 1187
 1172
 1083
 1051
 871
 861
 672
 550
 465
 461
 354
 277
 102
 41
 0
 