99924
 99907
 99867
 99628
 99627
 99567
 99483
 99218
 98996
 98878
 98838
 98834
 98829
 98578
 98443
 98133
 98117
 98116
 98098
 98057
 97979
 97955
 97792
 97607
 97299
 97035
 96811
 96800
 96701
 96673
 96623
 96579
 96205
 96157
 96095
 96065
 95999
 95977
 95958
 95766
 95753
 95749
 95586
 95356
 95325
 95325
 95309
 95221
 95092
 95058
 94707
 94666
 94648
 94595
 94594
 94572
 94537
 94192
 93999
 93885
 93732
 93721
 93642
 93523
 93510
 93381
 92758
 92591
 92501
 92459
 92435
 92400
 92380
 92379
 92357
 92258
 92189
 92163
 92132
 91962
 91957
 91914
 91891
 91790
 91711
 91603
 91276
 91025
 90929
 90875
 90779
 90738
 90559
 90473
 90373
 90308
 90070
 90052
 89984
 89905
 89890
 89864
 89812
 89756
 89738
 89715
 89544
 89490
 89288
 89182
 89129
 89069
 89054
 88987
 88923
 88836
 88763
 88741
 88704
 88521
 88486
 88414
 88336
 88300
 88233
 88045
 87978
 87486
 87199
 87134
 86650
 86628
 86590
 86547
 86545
 86480
 86293
 86250
 86181
 86089
 86078
 85986
 85977
 85958
 85706
 85652
 85557
 85403
 85321
 84868
 84701
 84676
 84651
 84638
 84579
 84572
 84512
 84364
 84344
 84286
 84278
 84004
 83785
 83783
 83430
 83280
 83222
 83032
 82769
 82452
 82309
 82235
 82187
 82186
 82065
 81991
 81893
 81818
 81573
 81526
 81449
 81443
 81119
 80967
 80932
 80783
 80685
 80620
 80616
 80454
 80377
 80342
 80279
 80208
 80109
 80087
 80054
 80019
 80010
 79969
 79942
 79790
 79516
 79450
 79380
 79363
 79310
 79249
 79029
 79001
 78990
 78752
 78697
 78623
 78557
 78461
 78321
 78246
 78053
 78028
 78026
 77771
 77579
 77534
 77471
 77084
 76967
 76954
 76872
 76802
 76703
 76619
 76580
 76368
 76209
 76209
 75933
 75878
 75850
 75782
 75653
 75632
 75575
 75556
 75476
 75452
 75373
 75360
 75140
 75116
 74895
 74812
 74675
 74644
 74637
 74586
 74526
 74463
 74432
 74402
 74340
 74273
 74084
 74062
 73764
 73753
 73690
 73576
 73551
 73307
 73244
 73183
 73091
 73077
 73000
 72944
 72939
 72875
 72614
 72545
 72511
 72209
 72059
 71884
 71689
 71683
 71589
 71559
 71491
 71461
 71357
 71267
 71215
 71183
 71153
 70984
 70960
 70850
 70828
 70800
 70711
 70512
 70336
 70306
 70296
 70266
 69991
 69930
 69666
 69647
 69510
 69327
 69315
 69305
 69303
 68972
 68921
 68771
 68632
 68539
 68443
 68440
 68322
 68244
 68214
 68170
 67797
 67688
 67683
 67651
 67632
 67450
 67130
 67066
 66702
 66686
 66666
 66621
 66603
 66531
 66485
 66325
 66215
 66200
 65919
 65744
 65701
 65633
 65484
 65455
 65229
 65195
 65156
 65088
 65057
 64983
 64963
 64826
 64790
 64622
 64520
 64519
 64476
 64412
 64336
 64030
 63906
 63758
 63753
 63429
 63288
 63003
 62987
 62916
 62874
 62871
 62755
 62576
 62554
 62460
 62049
 61978
 61876
 61843
 61835
 61533
 61479
 61375
 61236
 61227
 61182
 60908
 60878
 60805
 60642
 60553
 60532
 60491
 60336
 60120
 60084
 59913
 59871
 59804
 59566
 59292
 59245
 59235
 59130
 59115
 59007
 58962
 58848
 58841
 58715
 58643
 58492
 58374
 58321
 58230
 58156
 58124
 58072
 58067
 57866
 57739
 57554
 57419
 57362
 57282
 57174
 57089
 56890
 56856
 56779
 56684
 56371
 56334
 56279
 56237
 56080
 56074
 56072
 56012
 55907
 55904
 55798
 55698
 55424
 55414
 55310
 55273
 55218
 55206
 55179
 55098
 55087
 55072
 54993
 54959
 54911
 54881
 54789
 54667
 54604
 54534
 54488
 54366
 54303
 54301
 54216
 54161
 53981
 53960
 53946
 53941
 53395
 53170
 53158
 53063
 53033
 52705
 52691
 52439
 52308
 52258
 52178
 52135
 52128
 52075
 52044
 51981
 51947
 51909
 51898
 51882
 51863
 51813
 51621
 51606
 51576
 51523
 51413
 51412
 51357
 51325
 51057
 50759
 50697
 50329
 50149
 50120
 50000
 49984
 49840
 49710
 49597
 49440
 49242
 49157
 49136
 49069
 49051
 48958
 48859
 48753
 48691
 48613
 48299
 48281
 48274
 48221
 48208
 48197
 47854
 47673
 47608
 47473
 47411
 47360
 47311
 47283
 47233
 47221
 46985
 46901
 46862
 46647
 46636
 46618
 46601
 46471
 46438
 46380
 46369
 46125
 46059
 46010
 45887
 45845
 45810
 45651
 45629
 45470
 45367
 45335
 44976
 44968
 44897
 44876
 44819
 44639
 44396
 44383
 44168
 44107
 43860
 43799
 43709
 43627
 43546
 43542
 43478
 43471
 43469
 43457
 43417
 43138
 43015
 42984
 42976
 42792
 42762
 42761
 42739
 42558
 42545
 42504
 41975
 41871
 41804
 41798
 41710
 41631
 41604
 41458
 41432
 41385
 41312
 41100
 40909
 40888
 40583
 40474
 40404
 40351
 40343
 40276
 40223
 40148
 40111
 40026
 39931
 39911
 39676
 39534
 39374
 39070
 38887
 38776
 38685
 38542
 38388
 38364
 38357
 37784
 37732
 37696
 37668
 37605
 37527
 37441
 37331
 37288
 36936
 36931
 36931
 36761
 36736
 36695
 36635
 36633
 36490
 36417
 36381
 36195
 36027
 35930
 35880
 35666
 35585
 35555
 35547
 35462
 35333
 35264
 35227
 35079
 34861
 34728
 34719
 34669
 34653
 34650
 34563
 34520
 34341
 34340
 34325
 34035
 33924
 33729
 33729
 33651
 33528
 33386
 33286
 33186
 33129
 33085
 33030
 32897
 32865
 32676
 32642
 32616
 32568
 32464
 32422
 32259
 32222
 32085
 31969
 31933
 31930
 31856
 31643
 31528
 31520
 31517
 31335
 31110
 31066
 31008
 30838
 30838
 30792
 30480
 30472
 30432
 30335
 29989
 29676
 29635
 29538
 29198
 29035
 28987
 28971
 28843
 28766
 28736
 28707
 28676
 28583
 28571
 28565
 28380
 28365
 28364
 28345
 28251
 28124
 28107
 27954
 27838
 27759
 27716
 27685
 27564
 27541
 27536
 27351
 27011
 27005
 26805
 26722
 26590
 26588
 26566
 26447
 26401
 26395
 26211
 26211
 26086
 26034
 25915
 25801
 25777
 25701
 25671
 25490
 25481
 25352
 25213
 25201
 25185
 25056
 24843
 24385
 24172
 24134
 24050
 23982
 23488
 23340
 23306
 23119
 23099
 23069
 23022
 22890
 22742
 22712
 22673
 22501
 22471
 22308
 22294
 22282
 22275
 21949
 21904
 21873
 21823
 21744
 21641
 21444
 21421
 21357
 21340
 21329
 21255
 20999
 20854
 20842
 20672
 20415
 20342
 20054
 20030
 19782
 19614
 19549
 19407
 19213
 19076
 19009
 18932
 18867
 18836
 18747
 18648
 18567
 18071
 18055
 18051
 17845
 17835
 17734
 17726
 17688
 17644
 17611
 17540
 17470
 17348
 17301
 17142
 17009
 17004
 16810
 16563
 16480
 16382
 16373
 16149
 15983
 15676
 15654
 15639
 15600
 15531
 15492
 15417
 15264
 14720
 14651
 14604
 14591
 14544
 13843
 13660
 13519
 13047
 13032
 13019
 12991
 12967
 12828
 12762
 12709
 12582
 12480
 12360
 12172
 11776
 11744
 11709
 11678
 11535
 11506
 11496
 11313
 11303
 11269
 11168
 11131
 10886
 10589
 10562
 10500
 10497
 10487
 10399
 10366
 10303
 10291
 10131
 10074
 10054
 9968
 9759
 9730
 9660
 9577
 9523
 9245
 9235
 9150
 9012
 8949
 8848
 8800
 8797
 8787
 8775
 8669
 8628
 8458
 8282
 8254
 8213
 8133
 7517
 7326
 7244
 7235
 7200
 7178
 7055
 6917
 6883
 6848
 6614
 6372
 5854
 5788
 5726
 5682
 5620
 5579
 5294
 5222
 5136
 4936
 4722
 4715
 4504
 4229
 4174
 4143
 4109
 4089
 4027
 3931
 3815
 3307
 3247
 3061
 2919
 2878
 2874
 2860
 2779
 2726
 2675
 2486
 2246
 2165
 2074
 1918
 1816
 1625
 1575
 1550
 1489
 1486
 1002
 972
 940
 843
 729
 704
 698
 528
 417
 161
 0
 