499891
 499877
 499864
 499768
 499376
 499179
 499172
 499136
 499071
 499071
 498734
 498615
 498562
 498548
 498531
 498514
 498360
 498259
 498083
 498078
 497975
 497967
 497698
 497627
 497402
 497250
 497208
 497105
 497012
 496934
 496546
 496386
 496381
 496215
 496162
 496127
 495878
 495697
 495460
 495392
 495309
 495134
 495088
 494973
 494968
 494909
 494755
 494604
 494505
 494382
 494194
 494074
 493884
 493809
 493594
 493562
 493555
 493168
 493107
 493049
 492992
 492963
 492782
 492755
 492741
 492680
 492611
 492471
 492394
 492311
 492168
 492137
 492126
 492001
 491978
 491793
 491775
 491770
 491571
 491498
 491448
 491426
 491362
 491321
 491259
 491223
 491216
 491206
 491193
 491153
 490863
 490802
 490801
 490752
 490697
 490663
 490567
 490558
 490462
 490399
 490335
 490215
 490149
 490107
 490066
 490002
 489984
 489972
 489945
 489728
 489544
 489453
 489409
 489384
 489304
 489288
 489216
 489198
 488945
 488825
 488712
 488667
 488665
 488651
 488648
 488523
 488479
 488294
 488279
 488267
 488181
 488167
 488166
 488130
 487883
 487846
 487577
 487577
 487571
 487508
 487343
 487214
 487057
 487040
 487016
 486941
 486842
 486839
 486833
 486798
 486769
 486705
 486294
 486187
 486055
 485910
 485890
 485742
 485509
 485480
 485318
 485204
 484693
 484635
 484630
 484615
 484554
 484471
 484391
 484279
 484180
 484179
 484171
 484106
 484072
 483710
 483668
 483346
 483200
 483193
 483191
 483106
 482533
 482499
 482376
 482300
 482189
 482173
 482168
 481981
 481955
 481910
 481861
 481860
 481809
 481809
 481788
 481699
 481588
 481574
 481544
 481481
 481329
 481312
 481277
 481268
 481029
 480893
 480874
 480823
 480589
 480585
 480400
 480052
 480007
 480007
 479916
 479844
 479647
 479644
 479426
 479366
 479310
 479103
 479073
 479050
 479038
 478895
 478809
 478582
 478410
 478354
 478160
 477950
 477472
 477463
 477429
 477223
 477193
 477008
 477003
 476800
 476612
 476395
 476007
 475767
 475716
 475681
 475645
 475606
 475564
 475524
 475329
 475208
 475162
 475124
 475061
 475053
 475030
 474549
 474518
 474420
 473958
 473386
 473212
 473068
 473043
 472968
 472967
 472711
 472429
 472291
 472058
 472004
 471983
 471920
 471901
 471875
 471433
 471354
 471346
 471225
 471169
 471043
 471042
 470997
 470877
 470860
 470849
 470791
 470777
 470657
 470631
 470570
 470470
 470070
 469906
 469851
 469494
 469234
 469090
 468873
 468860
 468832
 468311
 468259
 468168
 468139
 468067
 468062
 468057
 467900
 467883
 467818
 467816
 467808
 467741
 467565
 467532
 467474
 467345
 467315
 467015
 466893
 466827
 466782
 466604
 466475
 466402
 466173
 465945
 465765
 465748
 465718
 465601
 465424
 465213
 464998
 464656
 464641
 464565
 464445
 464383
 464179
 463848
 463829
 463749
 463744
 463735
 463588
 463570
 463436
 463407
 463344
 463305
 463297
 463289
 463266
 463050
 463010
 462962
 462871
 462624
 462621
 462483
 462476
 462429
 462399
 462394
 462008
 462001
 461777
 461678
 461417
 460796
 460616
 460582
 460381
 460241
 460127
 460110
 460106
 460059
 459928
 459878
 459723
 459577
 459576
 459574
 459536
 459472
 459383
 459379
 459363
 459311
 459278
 459131
 459032
 458992
 458749
 458557
 458494
 458479
 458422
 458368
 458198
 458176
 458044
 457989
 457950
 457788
 456656
 456571
 456480
 456249
 456182
 456149
 456113
 456109
 456073
 455828
 455710
 455523
 455415
 455313
 455294
 455251
 455205
 455190
 455174
 455069
 454918
 454872
 454677
 454018
 453885
 453871
 453796
 453717
 453706
 453698
 453378
 453336
 453260
 453014
 452963
 452921
 452873
 452853
 452809
 452639
 452637
 452613
 452599
 452566
 452459
 452403
 452219
 452113
 452060
 452020
 452003
 451851
 451848
 451633
 451364
 451327
 451251
 451242
 451004
 450812
 450759
 450549
 450381
 450377
 450377
 450118
 450094
 450027
 449930
 449840
 449753
 449652
 449601
 449575
 449523
 449515
 449260
 449143
 449012
 449010
 448998
 448954
 448928
 448772
 448634
 448598
 448525
 448493
 448418
 448406
 448366
 448146
 448101
 448041
 448027
 447978
 447718
 447599
 447552
 447508
 447471
 447463
 447368
 447342
 447278
 447235
 447226
 447166
 447158
 447044
 447037
 446938
 446927
 446821
 446740
 446639
 446610
 446457
 446377
 446177
 446160
 446104
 446021
 445947
 445863
 445813
 445644
 445621
 445474
 445431
 445394
 445319
 445319
 445217
 445201
 445145
 444933
 444816
 444815
 444345
 444237
 444182
 444001
 443974
 443968
 443954
 443924
 443801
 443484
 443396
 443321
 443319
 443245
 443178
 443063
 442995
 442990
 442698
 442415
 442315
 442126
 442046
 441980
 441955
 441794
 441710
 441519
 441318
 441235
 441032
 440891
 440839
 440793
 440747
 440738
 440308
 440306
 440253
 439953
 439849
 439748
 439541
 439496
 439433
 439426
 439402
 439123
 438953
 438902
 438327
 438168
 438034
 437805
 437779
 437721
 437684
 437648
 437624
 437399
 437272
 437244
 436876
 436855
 436716
 436660
 436647
 436645
 436520
 436363
 436329
 436317
 436158
 436136
 436085
 436050
 436032
 435850
 435834
 435727
 435663
 435557
 434892
 434853
 434668
 434634
 434620
 434579
 434390
 434327
 434322
 434023
 434017
 433884
 433433
 433385
 433363
 433333
 433333
 433310
 433278
 433204
 433000
 432768
 432675
 432608
 432322
 432047
 432017
 431518
 431491
 431429
 431212
 431118
 431024
 430988
 430841
 430731
 430682
 430173
 430133
 429824
 429381
 429328
 429304
 429220
 429085
 428951
 428762
 428746
 428681
 428643
 428634
 428409
 428076
 428038
 427751
 427470
 427462
 427408
 427317
 427230
 427157
 427028
 426969
 426947
 426829
 426605
 426524
 426382
 426346
 426174
 426110
 426081
 425800
 425719
 425381
 425325
 425187
 425069
 424933
 424775
 424551
 424536
 424526
 424500
 424453
 424089
 423925
 423897
 423712
 423604
 423598
 423590
 423501
 423495
 423424
 423423
 423387
 423298
 423297
 423072
 422980
 422954
 422846
 422791
 422742
 422694
 422565
 422535
 422483
 422297
 422282
 422206
 422171
 422012
 421912
 421832
 421696
 421551
 421534
 421454
 421113
 420862
 420815
 420687
 420639
 420602
 420529
 420460
 420374
 420142
 420142
 420017
 419999
 419891
 419745
 419710
 419702
 419560
 419550
 419505
 419463
 418911
 418872
 418814
 418616
 418592
 418334
 418266
 418227
 417956
 417912
 417814
 417677
 417664
 417579
 417525
 417425
 417384
 417368
 417324
 417302
 417271
 417199
 417112
 417085
 416845
 416776
 416385
 416317
 416126
 416113
 416083
 415917
 415871
 415781
 415438
 415391
 415255
 415254
 415204
 415094
 415025
 414999
 414941
 414663
 414648
 414415
 414396
 414302
 414175
 414160
 414081
 413996
 413793
 413635
 413630
 413617
 413606
 413603
 413559
 413501
 413311
 413281
 412988
 412944
 412641
 412638
 412479
 412444
 412336
 412249
 412113
 412022
 411779
 411681
 411652
 411605
 411335
 411308
 411281
 411250
 411237
 411213
 411185
 411111
 411004
 410856
 410838
 410800
 410771
 410590
 410523
 410466
 410286
 410277
 410254
 410251
 410049
 410002
 409850
 409834
 409726
 409696
 409688
 409586
 409531
 409319
 409235
 409125
 408965
 408952
 408874
 408870
 408661
 408574
 408548
 408426
 408334
 408163
 408126
 408082
 407608
 407467
 407445
 407219
 407168
 407031
 407006
 406890
 406739
 406702
 406653
 406576
 406482
 406474
 406436
 406402
 406378
 406321
 406116
 406005
 405972
 405970
 405925
 405736
 405646
 405631
 405503
 405475
 405453
 405434
 405249
 405196
 405194
 404957
 404890
 404790
 404773
 404643
 404441
 404426
 404296
 404150
 404054
 403999
 403796
 403725
 403661
 403656
 403581
 403468
 403382
 403225
 403060
 402958
 402869
 402734
 402555
 402549
 402527
 402450
 402425
 402299
 402238
 402224
 402123
 402039
 401900
 401878
 401853
 401687
 401312
 401234
 401177
 401122
 401023
 400983
 400973
 400960
 400870
 400712
 400489
 400444
 400437
 400411
 400369
 400369
 400273
 400238
 400187
 400156
 399999
 399711
 399685
 399585
 399427
 399193
 399070
 399007
 398878
 398782
 398781
 398665
 398611
 398385
 398366
 398342
 398327
 398089
 398058
 397952
 397909
 397899
 397783
 397496
 397352
 397331
 397312
 396908
 396872
 396804
 396764
 396689
 396662
 396521
 396373
 396280
 396136
 396086
 396073
 395852
 395391
 395169
 395163
 395156
 395051
 395028
 394988
 394951
 394927
 394907
 394696
 394693
 394691
 394574
 394419
 394271
 394197
 394184
 393865
 393862
 393812
 393777
 393725
 393637
 393562
 393313
 393272
 393158
 392913
 392857
 392669
 392607
 392483
 392449
 392444
 391993
 391863
 391841
 391793
 391762
 391724
 391709
 391579
 391572
 391515
 391442
 391273
 391089
 391064
 390996
 390396
 390380
 390243
 390163
 389908
 389838
 389760
 389734
 389530
 389499
 389497
 389443
 389438
 388969
 388740
 388589
 388558
 388500
 388292
 388280
 388249
 388166
 388125
 388102
 387957
 387843
 387697
 387476
 387447
 387172
 386884
 386878
 386824
 386817
 386567
 386567
 386447
 386298
 386221
 386098
 385974
 385894
 385782
 385721
 385712
 385687
 385676
 385465
 385214
 385140
 385111
 385086
 384944
 384659
 384615
 384428
 384322
 384248
 384178
 384044
 383544
 383249
 383246
 383091
 382713
 382653
 382653
 382617
 382427
 382373
 382303
 382188
 382121
 382113
 382031
 381978
 381695
 381611
 381587
 381478
 381477
 381250
 380754
 380687
 380497
 380304
 380213
 380100
 380070
 379967
 379867
 379732
 379662
 379641
 379534
 379351
 379163
 379080
 378962
 378697
 378658
 378562
 378396
 378340
 378322
 378229
 378210
 378125
 378101
 377940
 377927
 377892
 377877
 377751
 377604
 377579
 377400
 377387
 377358
 377278
 377195
 377113
 377057
 377034
 376782
 376777
 376760
 376712
 376638
 376617
 376574
 376471
 376438
 376432
 375974
 375878
 375674
 375599
 375556
 375530
 375523
 375368
 375263
 375142
 375077
 375019
 374745
 374598
 374431
 374364
 374334
 374183
 374117
 373935
 373928
 373884
 373688
 373669
 373638
 373557
 373502
 373307
 373127
 373092
 372992
 372749
 372653
 372623
 372513
 372365
 372220
 372116
 372084
 372008
 371968
 371546
 371544
 371433
 371428
 371428
 371410
 371155
 370988
 370709
 370581
 370533
 370400
 370353
 370187
 370026
 369894
 369713
 369672
 369565
 369411
 369198
 368998
 368951
 368927
 368920
 368844
 368750
 368628
 367987
 367863
 367808
 367783
 367762
 367701
 367497
 367485
 367034
 367021
 366743
 366738
 366574
 366503
 366064
 366004
 365965
 365921
 365808
 365761
 365714
 365564
 365552
 365443
 365259
 365233
 365212
 365145
 365065
 365040
 364963
 364948
 364806
 364722
 364656
 364557
 364406
 364400
 364372
 364265
 364223
 364130
 363993
 363960
 363928
 363817
 363636
 363610
 363319
 363108
 363013
 362989
 362944
 362869
 362830
 362816
 362595
 362322
 362250
 362244
 362184
 361865
 361794
 361493
 361463
 361209
 361169
 361137
 361136
 360960
 360781
 360723
 360568
 360567
 360295
 360259
 360257
 360071
 360058
 359919
 359892
 359719
 359712
 359641
 359473
 359449
 359427
 359304
 359122
 359101
 359090
 358779
 358749
 358639
 358420
 358177
 358148
 358044
 357996
 357953
 357881
 357823
 357626
 357577
 357530
 357429
 357412
 357285
 357276
 357242
 357142
 357142
 357115
 356772
 356615
 356578
 356568
 356536
 356478
 356464
 356436
 356358
 356321
 356166
 356151
 356061
 355925
 355875
 355786
 355582
 355410
 355242
 355163
 355144
 354847
 354814
 354791
 354767
 354691
 354674
 354368
 354112
 354054
 353884
 353814
 353673
 353658
 353639
 353487
 353295
 353166
 353061
 352908
 352827
 352826
 352783
 352497
 352291
 352234
 352201
 352122
 352103
 352103
 352002
 351892
 351851
 351724
 351673
 351590
 351545
 351530
 351529
 351526
 351504
 351468
 351366
 351243
 351231
 351208
 351162
 351084
 351008
 350591
 350567
 350518
 350443
 350396
 350215
 350174
 349935
 349618
 349397
 349338
 349325
 349008
 348837
 348819
 348752
 348690
 348604
 348599
 348489
 348479
 348381
 348270
 348142
 348056
 347851
 347802
 347795
 347715
 347686
 347684
 347547
 347525
 347463
 347308
 347250
 347225
 347213
 347174
 347166
 347006
 346968
 346934
 346817
 346673
 346529
 346470
 346462
 346153
 346115
 345618
 345486
 345402
 345345
 345192
 345171
 345135
 344949
 344796
 344644
 344607
 344272
 344076
 344038
 343906
 343804
 343787
 343730
 343728
 343478
 343434
 343301
 343287
 343214
 343155
 342945
 342751
 342656
 342625
 342516
 342369
 342222
 341935
 341790
 341637
 341463
 341434
 341306
 341285
 341197
 341150
 341008
 340840
 340807
 340653
 340589
 340405
 340352
 340143
 339969
 339949
 339796
 339702
 339696
 339681
 339675
 339663
 339411
 339388
 339166
 339143
 339041
 338983
 338912
 338841
 338776
 338650
 338422
 338416
 338365
 338231
 338202
 338143
 338122
 338006
 337903
 337873
 337856
 337841
 337840
 337825
 337759
 337663
 337631
 337535
 337534
 337509
 337313
 337113
 337060
 336957
 336948
 336901
 336898
 336891
 336652
 336641
 336621
 336542
 336473
 336412
 336263
 336220
 336065
 335947
 335897
 335823
 335800
 335754
 335526
 335446
 335417
 335362
 335259
 335149
 334915
 334843
 334500
 334442
 334254
 334003
 333859
 333842
 333807
 333647
 333557
 333333
 333333
 333333
 333097
 333052
 332961
 332654
 332571
 332392
 332373
 332358
 332238
 332116
 331965
 331837
 331804
 331789
 331786
 331757
 331690
 331599
 331578
 331549
 331491
 331477
 331303
 331105
 331076
 331003
 331000
 330957
 330823
 330769
 330750
 330542
 330525
 330508
 330406
 329975
 329735
 329622
 329467
 329460
 329424
 329381
 329380
 329333
 329141
 329013
 328987
 328915
 328910
 328836
 328730
 328649
 328582
 328522
 328506
 328433
 328419
 328296
 328246
 328215
 328179
 328122
 328116
 327990
 327882
 327773
 327759
 327402
 327369
 327343
 327292
 327211
 327199
 327045
 326891
 326850
 326795
 326738
 326633
 326626
 326600
 326541
 326414
 326242
 326233
 326222
 326153
 326075
 325790
 325787
 324999
 324991
 324912
 324788
 324786
 324579
 324530
 324466
 324444
 324419
 324384
 324351
 324271
 324223
 324212
 324084
 324005
 323901
 323816
 323748
 323655
 323603
 323312
 323166
 323162
 323076
 323019
 322996
 322845
 322824
 322542
 322504
 322462
 322439
 322374
 322266
 322237
 322231
 322192
 322031
 321791
 321609
 321579
 321467
 321425
 321276
 320850
 320794
 320554
 320374
 320023
 320000
 319939
 319921
 319866
 319762
 319758
 319556
 319456
 319393
 319251
 319173
 318871
 318681
 318665
 318654
 318595
 318315
 318181
 317980
 317958
 317872
 317796
 317343
 317135
 317073
 316906
 316716
 316710
 316691
 316624
 316309
 316237
 316199
 316052
 316007
 315816
 315789
 315766
 315695
 315669
 315642
 315519
 315454
 315272
 315268
 315212
 315075
 314851
 314766
 314692
 314573
 314401
 314112
 314109
 313993
 313988
 313949
 313934
 313839
 313763
 313748
 313583
 313416
 313321
 313253
 313089
 313085
 313061
 313054
 313049
 313034
 313004
 312949
 312816
 312413
 312279
 312162
 312157
 312060
 312058
 312046
 311987
 311951
 311787
 311723
 311640
 311407
 311366
 311273
 311052
 311034
 310995
 310951
 310872
 310790
 310728
 310260
 310236
 309952
 309759
 309689
 309563
 309523
 309278
 309160
 309129
 309093
 308971
 308830
 308179
 308170
 308126
 308094
 307920
 307909
 307847
 307616
 307418
 307216
 307097
 307062
 306930
 306909
 306899
 306827
 306206
 305883
 305852
 305842
 305762
 305688
 305661
 305599
 305439
 305414
 305187
 305181
 305088
 305001
 304894
 304785
 304684
 304577
 304549
 304492
 304271
 304160
 304125
 304107
 304081
 304071
 304058
 303926
 303901
 303767
 303675
 303630
 303582
 303520
 303432
 303405
 303294
 302841
 302579
 302412
 302384
 302310
 302281
 302226
 302177
 302124
 302030
 302002
 301958
 301895
 301877
 301837
 301816
 301773
 301761
 301642
 301519
 301418
 301222
 301089
 300930
 300821
 300797
 300693
 300523
 300408
 300129
 300034
 300006
 299807
 299764
 299762
 299708
 299583
 299566
 299417
 299293
 298938
 298795
 298665
 298283
 298261
 298133
 297864
 297804
 297787
 297772
 297701
 297676
 297643
 297639
 297618
 297546
 297411
 297327
 297071
 296923
 296906
 296891
 296829
 296801
 296788
 296760
 296620
 296425
 296148
 296049
 295999
 295865
 295794
 295749
 295739
 295688
 295532
 295197
 295074
 295073
 294906
 294784
 294761
 294757
 294454
 294436
 294305
 294233
 293900
 293879
 293744
 293743
 293474
 293398
 293245
 293078
 293050
 293034
 292602
 292499
 292433
 292431
 292366
 292234
 292232
 292092
 292079
 292048
 291924
 291851
 291814
 291735
 291687
 291609
 291592
 291580
 291134
 290780
 290777
 290742
 290660
 290657
 290617
 290575
 290574
 290566
 290525
 290473
 290466
 290322
 290262
 290039
 290012
 289936
 289882
 289652
 289430
 289347
 289181
 289077
 288790
 288668
 288590
 288407
 288317
 288315
 288267
 288210
 288138
 288087
 287968
 287847
 287634
 287613
 287504
 287453
 287425
 287258
 287187
 287035
 286919
 286675
 286195
 286189
 286135
 286072
 285986
 285887
 285612
 285538
 285138
 285135
 285045
 284932
 284872
 284774
 284747
 284710
 284570
 284554
 284520
 284485
 284435
 284382
 284372
 284310
 283985
 283851
 283665
 283537
 283497
 283374
 283338
 283335
 283314
 283281
 283251
 283057
 282936
 282713
 282687
 282608
 282481
 282379
 282355
 282019
 281977
 281907
 281851
 281555
 281499
 281391
 281283
 281181
 281161
 281143
 281065
 280977
 280894
 280840
 280795
 280766
 280575
 280575
 280386
 280349
 280260
 280103
 280084
 280076
 279805
 279785
 279771
 279755
 279651
 279263
 279183
 279170
 279069
 279049
 278941
 278832
 278799
 278583
 278393
 278383
 278283
 278144
 278048
 277901
 277701
 277360
 277352
 277347
 277021
 276699
 276683
 276557
 276520
 276500
 276499
 276299
 276205
 276143
 276095
 276078
 276063
 275849
 275832
 275811
 275773
 275769
 275684
 275628
 275541
 275470
 275394
 275315
 275190
 274927
 274871
 274870
 274790
 274725
 274582
 274522
 274363
 274299
 274239
 274234
 274187
 274164
 273402
 273392
 273376
 273349
 273242
 273031
 272887
 272809
 272599
 272549
 272425
 272303
 272236
 272011
 271889
 271790
 271745
 271649
 271602
 271523
 271311
 271231
 270961
 270866
 270533
 270473
 270318
 270013
 269973
 269971
 269866
 269834
 269811
 269761
 269743
 269664
 269423
 269329
 269324
 269265
 269240
 269230
 269230
 269209
 269121
 269117
 269090
 269077
 269074
 269071
 269060
 268955
 268825
 268704
 268472
 268378
 268368
 268144
 268093
 267843
 267756
 267736
 267508
 267374
 267290
 267280
 267277
 267174
 267077
 267017
 266869
 266690
 266666
 266640
 266619
 266614
 266429
 266407
 266272
 266081
 265823
 265707
 265705
 265464
 265414
 265373
 265370
 265272
 265229
 265015
 264970
 264847
 264713
 264618
 264594
 264492
 264475
 264441
 264254
 264156
 263999
 263979
 263966
 263964
 263626
 263603
 263492
 263442
 263406
 263400
 263326
 263285
 263276
 263066
 262939
 262811
 262801
 262760
 262753
 262651
 262515
 262465
 262308
 262212
 262180
 262097
 261950
 261938
 261899
 261848
 261811
 261788
 261769
 261585
 261568
 261498
 261227
 261190
 261147
 261027
 261001
 260898
 260860
 260678
 260553
 260486
 260273
 260115
 260039
 260008
 259912
 259901
 259885
 259858
 259689
 259609
 259294
 259174
 259071
 259045
 259032
 258840
 258808
 258758
 258532
 258494
 258299
 258250
 258246
 258221
 258190
 257846
 257706
 257667
 257585
 257563
 257142
 257023
 256987
 256972
 256604
 256449
 256410
 256379
 256320
 256308
 255882
 255644
 255440
 255409
 255360
 255319
 255136
 255111
 255084
 255041
 254906
 254852
 254775
 254774
 254758
 254736
 254693
 254685
 254382
 254371
 254105
 254074
 254061
 254037
 253916
 253768
 253636
 253491
 253463
 253435
 253404
 253339
 253260
 253256
 253209
 253068
 252936
 252517
 252399
 252097
 252031
 251967
 251832
 251792
 251626
 251480
 251389
 251299
 251266
 251232
 251196
 251179
 251085
 251065
 251018
 250231
 250183
 250000
 249849
 249804
 249803
 249796
 249683
 249495
 249400
 249060
 248981
 248892
 248785
 248715
 248643
 248373
 247906
 247771
 247762
 247529
 247441
 247386
 247308
 247100
 247082
 246967
 246944
 246780
 246582
 246405
 246344
 246318
 246211
 246141
 246122
 245923
 245916
 245873
 245868
 245856
 245747
 245647
 245614
 245513
 245464
 245418
 245408
 245332
 245246
 245217
 245014
 245000
 244897
 244868
 244848
 244677
 244594
 244394
 244239
 244137
 244105
 244080
 244049
 243996
 243987
 243756
 243753
 243638
 243501
 243489
 243458
 243438
 243412
 243003
 242971
 242802
 242785
 242779
 242619
 242548
 242506
 242441
 242237
 241957
 241816
 241588
 241514
 241421
 241409
 241350
 241160
 241133
 241037
 240989
 240869
 240820
 240804
 240625
 240383
 239993
 239896
 239892
 239829
 239446
 239417
 239371
 239294
 239259
 239218
 239114
 238926
 238852
 238841
 238600
 238482
 238329
 238062
 237958
 237929
 237881
 237810
 237665
 237572
 237438
 237425
 237278
 237253
 237154
 236945
 236940
 236881
 236790
 236757
 236732
 236566
 236413
 236349
 236287
 236263
 236151
 235961
 235943
 235909
 235866
 235811
 235603
 235565
 235379
 235363
 235230
 235056
 234997
 234924
 234608
 234601
 234564
 234554
 234465
 234300
 234254
 234127
 233812
 233745
 233558
 233550
 233423
 233278
 233264
 233133
 233082
 233040
 232969
 232867
 232770
 232743
 232654
 232640
 232635
 232502
 232423
 232301
 232234
 232125
 231873
 231863
 231762
 231445
 231417
 231375
 231347
 231246
 231130
 231005
 230961
 230909
 230864
 230787
 230769
 230769
 230757
 230645
 230554
 230510
 230253
 230253
 230020
 229811
 229736
 229706
 229629
 228906
 228906
 228791
 228718
 228713
 228600
 228532
 228502
 228496
 228408
 228379
 228231
 228175
 227978
 227961
 227940
 227663
 227620
 227532
 227520
 227321
 227249
 227243
 227145
 227130
 227076
 227035
 226941
 226816
 226642
 226324
 226042
 225776
 225477
 225361
 225190
 225063
 224909
 224899
 224893
 224533
 224527
 224421
 224403
 224367
 224362
 224215
 224121
 224036
 224027
 224014
 223961
 223850
 223390
 223187
 223117
 223073
 223001
 222977
 222817
 222639
 222526
 222477
 222376
 222371
 222337
 222323
 222143
 221965
 221952
 221879
 221851
 221782
 221619
 221600
 221370
 221236
 220930
 220899
 220727
 220611
 220602
 220535
 220278
 220251
 220154
 220047
 219800
 219790
 219659
 219603
 219436
 219391
 219286
 219242
 219219
 219064
 218955
 218913
 218616
 218594
 218562
 218485
 218481
 218345
 218331
 218327
 218314
 218274
 218041
 217993
 217731
 217709
 217647
 217563
 217355
 217193
 216865
 216853
 216832
 216562
 216500
 216451
 216449
 216406
 216261
 215987
 215960
 215896
 215854
 215712
 215709
 215133
 214905
 214900
 214852
 214809
 214769
 214761
 214701
 214694
 214492
 214225
 214191
 214099
 214089
 214077
 213646
 213629
 213470
 213398
 213260
 213114
 213106
 212879
 212760
 212706
 212605
 212595
 212574
 212574
 212568
 212204
 212082
 212015
 211978
 211868
 211857
 211515
 211452
 211397
 211319
 211297
 211171
 211042
 210922
 210420
 210376
 210314
 210272
 210247
 210241
 209921
 209846
 209832
 209631
 209419
 209418
 209382
 209359
 209131
 209054
 208872
 208872
 208868
 208827
 208672
 208567
 208240
 208237
 208107
 208023
 208008
 207938
 207871
 207774
 207774
 207620
 207600
 207584
 207500
 207270
 207207
 206739
 206508
 206448
 206418
 206318
 206219
 206142
 206136
 206098
 206000
 205844
 205802
 205768
 205728
 205603
 205521
 205418
 205368
 205128
 205017
 204925
 204622
 204596
 204477
 203920
 203753
 203752
 203691
 203614
 203545
 203542
 203378
 203003
 202948
 202903
 202714
 202666
 202623
 202518
 202467
 202448
 202213
 201990
 201883
 201826
 201743
 201735
 201633
 201478
 201241
 201157
 201047
 201028
 200998
 200907
 200872
 200724
 200704
 200677
 200486
 200483
 200428
 200157
 199942
 199633
 199592
 199508
 199494
 199363
 199136
 198937
 198817
 198774
 198715
 198674
 198633
 198516
 198447
 198431
 198113
 197679
 197637
 197588
 197507
 197454
 197051
 197036
 196982
 196978
 196900
 196841
 196760
 196746
 196661
 196385
 196380
 196099
 196043
 195978
 195964
 195908
 195884
 195733
 195721
 195524
 195449
 195402
 194884
 194678
 194624
 194598
 194432
 194185
 193712
 193692
 193675
 193592
 193454
 193307
 193265
 193233
 193030
 192942
 192889
 192878
 192758
 192673
 192633
 192622
 192590
 192475
 192278
 192215
 192192
 192083
 192038
 192034
 191731
 191638
 191587
 191424
 191397
 191369
 191303
 191258
 190956
 190919
 190910
 190785
 190547
 190544
 190363
 190217
 190131
 190038
 189855
 189786
 189661
 189659
 189624
 189492
 189441
 189399
 189392
 189244
 189091
 189086
 189083
 189071
 189028
 189003
 188951
 188814
 188556
 188521
 188405
 188295
 188264
 188245
 187903
 187846
 187815
 187671
 187358
 187106
 186905
 186849
 186749
 186590
 186101
 186054
 185784
 185708
 185546
 185329
 185144
 185056
 184836
 184714
 184626
 184590
 184448
 184285
 184104
 183919
 183909
 183754
 183647
 183621
 183569
 183416
 183062
 183061
 183057
 183052
 183007
 182956
 182951
 182936
 182767
 182714
 182449
 182291
 182160
 182020
 182012
 181993
 181964
 181949
 181738
 181692
 181652
 181642
 181614
 181508
 181428
 181400
 181300
 181142
 180968
 180794
 180722
 180612
 180593
 180442
 180416
 180379
 180327
 180289
 180272
 179889
 179851
 179759
 179727
 179443
 179396
 179081
 178999
 178916
 178806
 178634
 178579
 178501
 178432
 178224
 178137
 178103
 177942
 177917
 177740
 177715
 177545
 177503
 177276
 177231
 177166
 177080
 176883
 176649
 176610
 176294
 176220
 175787
 175421
 175370
 175327
 175281
 175000
 174999
 174761
 174432
 174347
 174319
 174313
 174188
 174184
 174070
 174033
 173934
 173794
 173560
 173518
 173468
 173441
 173431
 173278
 172896
 172795
 172780
 172765
 172742
 172624
 172601
 172589
 172504
 172322
 172316
 172297
 172290
 172060
 172044
 172021
 171798
 171769
 171708
 171556
 171538
 171416
 171219
 171030
 171007
 170831
 170633
 170515
 170435
 170418
 170124
 170120
 170110
 169977
 169911
 169862
 169849
 169612
 169581
 169522
 169479
 169460
 169129
 169079
 168926
 168732
 168651
 168648
 168623
 168549
 168535
 168383
 168360
 168336
 168327
 168326
 168267
 168178
 168137
 167995
 167994
 167957
 167953
 167935
 167684
 167638
 167579
 167459
 167446
 167414
 167294
 167074
 167048
 167024
 166977
 166976
 166683
 166666
 166666
 166666
 166645
 166446
 166348
 166257
 166253
 166221
 166132
 166103
 166030
 165882
 165737
 165706
 165413
 165188
 165148
 164971
 164857
 164595
 164581
 164535
 164495
 164441
 164418
 164387
 164352
 164307
 164089
 163948
 163848
 163780
 163772
 163728
 163638
 163544
 163511
 163483
 163472
 163446
 163276
 163107
 162995
 162910
 162829
 162753
 162721
 162715
 162691
 162676
 162646
 162528
 162352
 162345
 162083
 162030
 161799
 161763
 161697
 161463
 161290
 161179
 161168
 161138
 160904
 160886
 160775
 160720
 160561
 160459
 160405
 160196
 159941
 159938
 159800
 159772
 159555
 159439
 159311
 159082
 159021
 158877
 158617
 158551
 158550
 158411
 158325
 158292
 158273
 158178
 158168
 158119
 157654
 157534
 157503
 157133
 157093
 157043
 157015
 157014
 156739
 156679
 156571
 156552
 156513
 156503
 156272
 156094
 156054
 156031
 156008
 156007
 155876
 155825
 155639
 155539
 155507
 155460
 155396
 155256
 155227
 154969
 154961
 154938
 154803
 154648
 154618
 154525
 154446
 154415
 154250
 154244
 154168
 154116
 154047
 154024
 153853
 153504
 153498
 153301
 152920
 152821
 152427
 152422
 152396
 152331
 152329
 152310
 152126
 151955
 151649
 151612
 151516
 151495
 151494
 151438
 151364
 151170
 151138
 151123
 150912
 150733
 150580
 150561
 150492
 150438
 150434
 150205
 149933
 149922
 149771
 149726
 149697
 149613
 149593
 149558
 149461
 149269
 149228
 149176
 149025
 148948
 148913
 148877
 148813
 148768
 148631
 148449
 148397
 148211
 148148
 148074
 148053
 147933
 147918
 147769
 147735
 147580
 146970
 146904
 146784
 146742
 146712
 146682
 146527
 146451
 146436
 146227
 146059
 146020
 146017
 145962
 145916
 145855
 145855
 145518
 145484
 145447
 145442
 145433
 145316
 145291
 145221
 145161
 145138
 145103
 145061
 144711
 144618
 144543
 144533
 144520
 144379
 144225
 144134
 144128
 143957
 143941
 143896
 143737
 143542
 143529
 143402
 143330
 143279
 143267
 143087
 143079
 143042
 143006
 142954
 142872
 142700
 142631
 142602
 142534
 142452
 142264
 142225
 142145
 142032
 141922
 141804
 141453
 141276
 141253
 141150
 141019
 140940
 140721
 140560
 140354
 140287
 140281
 140133
 140096
 140059
 140037
 139771
 139697
 139534
 139534
 139518
 139470
 139438
 139354
 139354
 139332
 139097
 139038
 138933
 138851
 138803
 138682
 138462
 138401
 138322
 138311
 138278
 138257
 138247
 138079
 137840
 137822
 137804
 137668
 137597
 137589
 137522
 137498
 137438
 137403
 137388
 136828
 136812
 136770
 136691
 136608
 136479
 136464
 136070
 136000
 135960
 135787
 135686
 135535
 135488
 135317
 135309
 135182
 135143
 135023
 135023
 134943
 134903
 134866
 134775
 134581
 134574
 134518
 134482
 134462
 134361
 134227
 134190
 134146
 133987
 133964
 133846
 133836
 133803
 133720
 133613
 133571
 133444
 133380
 133290
 133159
 133092
 133018
 132968
 132947
 132894
 132788
 132692
 132655
 132598
 132370
 132366
 132204
 132079
 132032
 131909
 131903
 131797
 131730
 131641
 131459
 131416
 131270
 130986
 130982
 130758
 130718
 130540
 130503
 130500
 130319
 130313
 130081
 130069
 130013
 130002
 129950
 129687
 129623
 129530
 129492
 129378
 129325
 128892
 128465
 128183
 128135
 128077
 127962
 127772
 127722
 127667
 127649
 127626
 127561
 127524
 127294
 127194
 127139
 127022
 126947
 126818
 126817
 126756
 126623
 126572
 126434
 126415
 126345
 126214
 126213
 126168
 126145
 126009
 125904
 125861
 125771
 125502
 125303
 125284
 125250
 125180
 125045
 124992
 124972
 124970
 124810
 124782
 124774
 124611
 124558
 124416
 124263
 124189
 124156
 124121
 123731
 123674
 123649
 123561
 123528
 123273
 123206
 123009
 122697
 122631
 122598
 122296
 122127
 122088
 121894
 121754
 121734
 121640
 121602
 121539
 121422
 121400
 121243
 121231
 121059
 120747
 120639
 120450
 120333
 120323
 120292
 120235
 120098
 120017
 119730
 119675
 119651
 119493
 119469
 119402
 119367
 119338
 119323
 119086
 118981
 118877
 118775
 118694
 118433
 118375
 118342
 118340
 118210
 118152
 118025
 117974
 117949
 117834
 117664
 117635
 117566
 117552
 117478
 117312
 117263
 116909
 116706
 116690
 116198
 116104
 116074
 115876
 115788
 115786
 115696
 115680
 115361
 115139
 115069
 114930
 114888
 114854
 114704
 114561
 114383
 114359
 114346
 114190
 114092
 113917
 113846
 113819
 113805
 113793
 113788
 113525
 113496
 113122
 113076
 112917
 112679
 112649
 112397
 112069
 112038
 111954
 111950
 111893
 111835
 111735
 111668
 111511
 111384
 111180
 111171
 111111
 111018
 110957
 110630
 110606
 110591
 110570
 110551
 110462
 110460
 110440
 110398
 110389
 110338
 110304
 110086
 110052
 109981
 109890
 109682
 109552
 109446
 109393
 109386
 109323
 109151
 108964
 108909
 108882
 108866
 108851
 108787
 108708
 108547
 108512
 108454
 108314
 108235
 108192
 108018
 107941
 107922
 107843
 107828
 107725
 107712
 107557
 107331
 107296
 107138
 106904
 106757
 106626
 106489
 106413
 106383
 106237
 106202
 106092
 105976
 105942
 105845
 105827
 105585
 105548
 105490
 105489
 105405
 105309
 105302
 105283
 104984
 104823
 104813
 104807
 104764
 104716
 104618
 104456
 104366
 104351
 104294
 104289
 104234
 104206
 104173
 104088
 103949
 103721
 103696
 103387
 103331
 103276
 103265
 103245
 103188
 103117
 103072
 103033
 103028
 102969
 102605
 102482
 102480
 102345
 102325
 102298
 102272
 102169
 101953
 101864
 101820
 101741
 101488
 101400
 101382
 101335
 101261
 101234
 101180
 101157
 101056
 100994
 100982
 100966
 100917
 100894
 100850
 100842
 100659
 100495
 100209
 100066
 99999
 99907
 99784
 99699
 99615
 99562
 99496
 99467
 99201
 99117
 98981
 98943
 98829
 98484
 98422
 98232
 98000
 97817
 97715
 97569
 97443
 97411
 97049
 97026
 96900
 96841
 96612
 96577
 96566
 96421
 96334
 96330
 96210
 96080
 96076
 96039
 95955
 95932
 95846
 95792
 95774
 95772
 95440
 95390
 95388
 95330
 95283
 95134
 95061
 94991
 94788
 94359
 94304
 94249
 94186
 94051
 94048
 93729
 93668
 93575
 93432
 93274
 93258
 92992
 92982
 92895
 92856
 92674
 92521
 92445
 92203
 91993
 91977
 91959
 91919
 91861
 91854
 91848
 91668
 91642
 91577
 91490
 91244
 91143
 90983
 90948
 90897
 90879
 90824
 90736
 90623
 90217
 90163
 90073
 90053
 89988
 89931
 89923
 89853
 89814
 89709
 89706
 89667
 89356
 89260
 89232
 89226
 89195
 89193
 89175
 89144
 89066
 89061
 88835
 88567
 88488
 88428
 87959
 87835
 87824
 87632
 87628
 87491
 87407
 87012
 86963
 86800
 86759
 86720
 86528
 86488
 86432
 86412
 86030
 85946
 85799
 85520
 85399
 85342
 85335
 85318
 85314
 85307
 85286
 85178
 85142
 85106
 85092
 84955
 84786
 84779
 84740
 84732
 84625
 84569
 84464
 84397
 84348
 84078
 84003
 83992
 83817
 83445
 83419
 83327
 83150
 83145
 83029
 83018
 82840
 82776
 82756
 82670
 82571
 82546
 82389
 82368
 82365
 82247
 82191
 82151
 82114
 82035
 81389
 81334
 81199
 81198
 81081
 81028
 80894
 80698
 80459
 80304
 80301
 80110
 80008
 79950
 79945
 79842
 79705
 79700
 79640
 79310
 79165
 79082
 79020
 79003
 78960
 78909
 78836
 78807
 78745
 78629
 78612
 78603
 78569
 78508
 78435
 78251
 78034
 77992
 77859
 77748
 77742
 77592
 77517
 77464
 77352
 77294
 77178
 77145
 77086
 76976
 76967
 76720
 76607
 76388
 76276
 76265
 75828
 75488
 75379
 75116
 75058
 74918
 74881
 74783
 74699
 74697
 74618
 74566
 74558
 74265
 74219
 74196
 74183
 74155
 73625
 73396
 73384
 73288
 73196
 73175
 73156
 72949
 72922
 72697
 72588
 72539
 72524
 72457
 72451
 72346
 72338
 72308
 72294
 72284
 72162
 72156
 72155
 72079
 72054
 72009
 71938
 71928
 71794
 71763
 71428
 71377
 71350
 71312
 71291
 71233
 71197
 71178
 71064
 70965
 70914
 70812
 70784
 70755
 70706
 70449
 70391
 70290
 69986
 69978
 69948
 69934
 69699
 69612
 69580
 69575
 69425
 69343
 69284
 69189
 69160
 69124
 69095
 68997
 68893
 68868
 68847
 68839
 68816
 68409
 68377
 68369
 68358
 68143
 68109
 68047
 67901
 67872
 67841
 67796
 67787
 67767
 67697
 67678
 67502
 67502
 67461
 67304
 67292
 67274
 67251
 67233
 67007
 66929
 66919
 66688
 66666
 66491
 66265
 66251
 66095
 65969
 65934
 65837
 65795
 65774
 65694
 65676
 65629
 65492
 65081
 64939
 64904
 64787
 64784
 64783
 64729
 64691
 64652
 64646
 64612
 64569
 64529
 64467
 64376
 64209
 64102
 64024
 64000
 63913
 63872
 63490
 63476
 63254
 63241
 63199
 62992
 62889
 62816
 62755
 62705
 62646
 62622
 62621
 62406
 62400
 62310
 62135
 62118
 62079
 62043
 61824
 61798
 61745
 61672
 61629
 61187
 61076
 61059
 61029
 60975
 60811
 60769
 60752
 60606
 60528
 60527
 60329
 60311
 60303
 60069
 59985
 59912
 59907
 59905
 59633
 59364
 59308
 59141
 59114
 59112
 58848
 58823
 58719
 58383
 58139
 57810
 57777
 57500
 57347
 57331
 57306
 57254
 57195
 57153
 56858
 56768
 56606
 56603
 56496
 56363
 56311
 56202
 56169
 55956
 55947
 55726
 55697
 55578
 55555
 55541
 55358
 55328
 55310
 55188
 55178
 54862
 54810
 54693
 54512
 54193
 54179
 54168
 54131
 53978
 53894
 53461
 53338
 53331
 53312
 53260
 53252
 53191
 53080
 52631
 52605
 52356
 52351
 52251
 52144
 52047
 51993
 51939
 51550
 51542
 51487
 51223
 51182
 51155
 51145
 51129
 51072
 50909
 50904
 50836
 50825
 50816
 50686
 50679
 50647
 50625
 50562
 50390
 50383
 50325
 50229
 50209
 50196
 50177
 50077
 50020
 50008
 49969
 49876
 49805
 49501
 49467
 49343
 49341
 49144
 49084
 48948
 48677
 48572
 48217
 47873
 47865
 47861
 47749
 47695
 47489
 47416
 47273
 47084
 47020
 47013
 46879
 46812
 46762
 46511
 46511
 46463
 46286
 46270
 46194
 45863
 45820
 45687
 45645
 45613
 45512
 45454
 45201
 45073
 44845
 44621
 44608
 44276
 44245
 43910
 43652
 43567
 43375
 43307
 43243
 43033
 43021
 42981
 42901
 42600
 42575
 42470
 42403
 42397
 42340
 42340
 42245
 42231
 42172
 42046
 42036
 41946
 41851
 41724
 41650
 41407
 41155
 41139
 41007
 40997
 40895
 40798
 40740
 40676
 40445
 40367
 40349
 40325
 40307
 40264
 40174
 39776
 39735
 39703
 39577
 39456
 39382
 39275
 39227
 39115
 39089
 39046
 38961
 38901
 38859
 38767
 38676
 38500
 38492
 38309
 38114
 38107
 38084
 37931
 37922
 37872
 37810
 37744
 37733
 37495
 37354
 37163
 37053
 37037
 36913
 36789
 36403
 36377
 36339
 36288
 36264
 36236
 36127
 36093
 35928
 35875
 35824
 35714
 35658
 35630
 35514
 35460
 35396
 35369
 35290
 35280
 35207
 34915
 34854
 34782
 34700
 34523
 34278
 34246
 34139
 34116
 33898
 33790
 33769
 33700
 33681
 33557
 33384
 33207
 33057
 32803
 32802
 32684
 32600
 32595
 32244
 32104
 32057
 31830
 31815
 31758
 31725
 31696
 31570
 31414
 31397
 31296
 31279
 31250
 31100
 30751
 30459
 30294
 30267
 30101
 29953
 29899
 29882
 29751
 29697
 29646
 29563
 29336
 29287
 29218
 29156
 29066
 29055
 29013
 28999
 28920
 28873
 28770
 28680
 28675
 28426
 28409
 28315
 28314
 28071
 27907
 27679
 27617
 27592
 27588
 27568
 27485
 27049
 27027
 26772
 26750
 26711
 26533
 26354
 26058
 26044
 25730
 25558
 25491
 25453
 25443
 25311
 25063
 25041
 24947
 24838
 24820
 24794
 24785
 24713
 24584
 24198
 24098
 24038
 23774
 23696
 23678
 23633
 23620
 23614
 23532
 23432
 23286
 23127
 23088
 22811
 22791
 22761
 22482
 22420
 22402
 22270
 22226
 22221
 22185
 22147
 22138
 22121
 22114
 21927
 21864
 21743
 21571
 21562
 21528
 21517
 21481
 21477
 21298
 21179
 21132
 21104
 20944
 20451
 20425
 20286
 20199
 20138
 20066
 19835
 19793
 19739
 19697
 19679
 19575
 19442
 19336
 19333
 19321
 19316
 19199
 19135
 18936
 18834
 18771
 18603
 18329
 18324
 18318
 18275
 18216
 18021
 17872
 17796
 17773
 17730
 17619
 17396
 17391
 17352
 17275
 17155
 16949
 16926
 16840
 16739
 16622
 16509
 16456
 16344
 16169
 15754
 15603
 15562
 15319
 15139
 15132
 15038
 15036
 14926
 14771
 14676
 14658
 14570
 14555
 14349
 14184
 13899
 13850
 13848
 13704
 13657
 13494
 13398
 13327
 13275
 13263
 13190
 13003
 12838
 12616
 12462
 12356
 12279
 12276
 12235
 12168
 12103
 12083
 12050
 12027
 11779
 11629
 11461
 11422
 11365
 11347
 11271
 11270
 11259
 11247
 11097
 10972
 10723
 10201
 10074
 10041
 9939
 9797
 9688
 9641
 9445
 9430
 9355
 9214
 9149
 9123
 9096
 8933
 8920
 8910
 8736
 8410
 8346
 8231
 8222
 8184
 8061
 7526
 7346
 7231
 7073
 6985
 6926
 6906
 6867
 6854
 6790
 6726
 6661
 6629
 6338
 6311
 5996
 5991
 5848
 5835
 5818
 5677
 5647
 5361
 5342
 5267
 5120
 4975
 4973
 4767
 4632
 4623
 4622
 4558
 4518
 4504
 4466
 4268
 4264
 3960
 3755
 3628
 3594
 3524
 3291
 3189
 3091
 3065
 3003
 2879
 2767
 2358
 2323
 2317
 2173
 2136
 2113
 1965
 1299
 1283
 1062
 986
 914
 870
 786
 718
 548
 287
 241
 138
 0
 0
 0
 0
 0
 0
 0
 0
 0
 