499960
 499700
 499443
 499154
 499121
 499118
 499063
 498996
 498910
 498863
 498783
 498769
 498692
 498666
 498602
 498540
 498477
 498417
 498403
 498357
 497974
 497791
 497771
 497760
 497683
 497555
 497480
 497403
 497400
 497379
 497368
 497344
 497295
 497167
 497133
 497079
 496995
 496947
 496748
 496717
 496543
 496317
 496006
 495931
 495880
 495722
 495649
 495622
 495475
 495415
 495309
 495175
 495153
 495106
 494964
 494785
 494621
 494612
 494606
 494556
 494555
 494369
 494128
 493972
 493754
 493712
 493701
 493655
 493632
 493561
 493537
 493470
 493310
 493212
 493181
 493177
 493041
 492837
 492737
 492721
 492712
 492651
 492564
 492428
 491888
 491782
 491683
 491576
 491490
 491418
 491128
 491116
 490933
 490926
 490846
 490645
 490564
 490448
 490196
 490141
 489997
 489973
 489814
 489690
 489647
 489547
 489407
 489241
 488966
 488962
 488886
 488843
 488721
 488667
 488637
 488561
 488549
 488478
 488473
 488447
 488371
 488240
 488188
 488173
 488140
 487727
 487674
 487658
 487639
 487529
 487487
 487341
 487336
 487269
 487126
 486853
 486675
 486549
 486285
 486232
 486033
 485966
 485940
 485924
 485852
 485781
 485702
 485638
 485588
 485415
 485233
 485209
 484838
 484837
 484784
 484743
 484642
 484632
 484622
 484198
 484166
 484154
 484140
 484105
 483930
 483500
 483466
 483446
 483421
 483398
 483290
 483100
 482905
 482876
 482822
 482758
 482745
 482641
 482588
 482551
 482514
 482421
 482177
 482142
 482124
 482038
 482011
 481680
 481663
 481565
 481526
 481481
 481443
 481268
 480805
 480671
 480348
 480328
 480233
 479999
 479851
 479652
 479597
 479586
 479480
 479475
 479362
 479329
 479128
 479014
 478986
 478980
 478919
 478828
 478741
 478637
 478386
 478342
 478328
 478243
 478233
 478151
 477998
 477986
 477978
 477892
 477797
 477792
 477769
 477626
 477582
 477419
 477368
 477311
 477283
 477252
 477232
 477083
 477035
 477000
 476979
 476804
 476648
 476630
 476322
 476135
 476054
 476047
 476017
 475896
 475882
 475848
 475838
 475641
 475518
 475504
 475435
 475393
 475374
 475206
 474964
 474943
 474924
 474863
 474822
 474810
 474792
 474789
 474748
 474537
 474507
 474452
 474449
 474414
 474349
 474248
 474152
 474141
 474064
 473969
 473968
 473907
 473888
 473841
 473692
 473244
 473236
 473214
 473120
 473000
 472902
 472894
 472871
 472813
 472794
 472645
 472628
 472521
 472492
 472458
 472415
 472306
 472297
 472237
 471999
 471975
 471649
 471568
 471565
 471460
 471444
 471322
 471294
 471086
 471068
 471030
 470836
 470756
 470671
 470491
 470478
 470425
 470381
 470370
 470177
 469887
 469884
 469676
 469392
 469372
 469230
 469100
 469000
 468929
 468784
 468432
 468268
 468226
 468127
 468028
 467862
 467801
 467749
 467578
 467492
 467394
 467284
 467199
 467027
 466863
 466854
 466774
 466303
 466208
 466156
 465973
 465953
 465948
 465648
 465577
 465517
 465136
 464915
 464836
 464834
 464720
 464688
 464646
 464542
 464534
 464478
 464434
 464366
 464147
 463962
 463951
 463906
 463860
 463859
 463821
 463768
 463571
 463558
 463556
 463482
 463306
 463276
 463239
 463235
 463194
 463123
 463076
 463059
 463014
 462952
 462937
 462894
 462699
 462686
 462629
 462298
 462246
 462127
 461932
 461698
 461624
 461575
 461396
 461259
 461182
 460869
 460773
 460608
 460591
 460370
 460303
 460294
 460260
 460176
 460142
 460102
 459992
 459953
 459851
 459785
 459773
 459611
 459546
 459324
 459105
 459051
 459035
 458805
 458517
 458250
 458185
 458120
 457906
 457782
 457706
 457666
 457465
 457380
 457233
 457142
 457116
 456967
 456874
 456706
 456492
 456224
 456140
 456063
 456039
 455849
 455706
 455702
 455595
 455532
 455514
 455177
 454992
 454857
 454661
 454555
 454342
 453900
 453833
 453582
 453397
 453395
 453295
 453221
 452913
 452890
 452813
 452803
 452785
 452751
 452690
 452584
 452553
 452506
 452475
 452434
 452233
 452231
 452185
 452024
 452000
 451869
 451505
 451397
 451390
 451366
 451206
 451176
 451166
 451068
 450940
 450882
 450680
 450544
 450499
 450433
 450414
 450274
 450255
 449824
 449683
 449443
 449327
 449323
 449296
 448869
 448866
 448636
 448578
 448498
 448450
 448448
 448428
 448402
 448272
 448171
 448022
 447999
 447943
 447917
 447877
 447750
 447726
 447689
 447676
 447624
 447611
 447526
 447222
 447151
 447016
 446808
 446743
 446711
 446628
 446503
 446372
 446193
 446022
 445945
 445626
 445541
 445225
 445112
 445016
 445008
 444991
 444989
 444823
 444701
 444665
 444622
 444580
 444561
 444557
 444478
 444475
 444417
 444148
 444093
 444049
 444041
 443946
 443806
 443547
 443518
 443449
 443436
 443415
 443386
 443125
 443039
 442969
 442760
 442748
 442680
 442632
 442504
 442499
 442498
 442376
 442220
 442192
 442184
 442027
 442021
 442018
 441754
 441681
 441651
 441650
 441616
 441399
 441360
 441316
 441207
 441020
 440993
 440485
 440455
 440188
 440019
 439881
 439861
 439560
 439457
 439331
 439291
 439230
 439220
 439200
 439124
 439077
 438837
 438726
 438650
 438489
 438486
 438457
 438390
 438310
 438273
 438107
 438054
 438019
 437804
 437784
 437741
 437736
 437642
 437433
 437420
 437414
 437413
 437305
 437288
 437166
 437105
 436947
 436839
 436811
 436646
 436551
 436268
 436201
 436064
 435847
 435810
 435731
 435703
 435630
 435574
 435557
 435549
 435482
 435423
 435369
 435153
 434810
 434780
 434503
 434377
 434368
 434343
 434188
 434159
 434124
 434103
 434048
 433981
 433903
 433686
 433680
 433421
 433410
 433275
 433215
 433210
 433106
 432701
 431986
 431946
 431911
 431867
 431825
 431779
 431646
 431451
 431372
 431318
 431168
 430910
 430879
 430875
 430776
 430733
 430696
 430692
 430532
 430379
 430329
 430305
 430151
 430146
 430128
 430107
 430042
 429909
 429906
 429795
 429758
 429697
 429350
 429212
 429120
 429118
 428978
 428970
 428946
 428886
 428853
 428802
 428575
 428348
 428213
 428185
 427962
 427856
 427755
 427628
 427624
 427550
 427450
 427420
 427176
 427138
 426873
 426726
 426529
 426375
 426367
 426362
 426266
 425965
 425811
 425810
 425778
 425745
 425720
 425672
 425369
 425261
 424999
 424989
 424794
 424663
 424506
 424335
 424305
 424267
 423852
 423829
 423782
 423776
 423651
 423596
 423580
 423423
 423093
 423030
 423000
 422793
 422754
 422745
 422306
 422293
 422278
 422272
 422013
 421894
 421849
 421805
 421792
 421740
 421737
 421663
 421610
 421595
 421579
 421568
 421538
 421465
 421373
 421299
 421184
 421169
 421097
 420846
 420826
 420792
 420774
 420405
 420260
 420242
 420171
 419999
 419753
 419696
 419632
 419468
 419445
 419377
 419019
 418947
 418132
 417525
 417511
 417458
 417455
 417189
 416955
 416910
 416783
 416691
 416511
 416334
 416290
 416211
 416182
 416146
 416024
 415952
 415927
 415846
 415783
 415736
 415628
 415603
 415577
 415492
 415300
 415241
 415024
 414955
 414786
 414777
 414707
 414638
 414560
 414513
 414481
 414336
 414296
 414238
 414197
 414161
 414157
 414081
 414048
 413868
 413781
 413776
 413749
 413704
 413385
 413264
 413244
 413195
 413102
 412950
 412892
 412720
 412681
 412464
 412417
 412365
 412107
 412079
 412054
 412020
 411861
 411565
 411345
 410920
 410903
 410901
 410865
 410793
 410731
 410728
 410694
 410597
 410435
 410392
 410221
 410169
 410151
 410100
 410026
 409869
 409862
 409789
 409767
 409478
 409453
 408845
 408339
 408136
 408125
 408062
 408048
 408040
 408022
 407909
 407868
 407854
 407526
 407438
 407363
 407334
 406923
 406895
 406870
 406746
 406722
 406648
 406600
 406584
 406578
 406483
 406392
 406330
 406297
 406265
 406258
 406257
 406148
 406004
 405960
 405628
 405561
 405513
 405418
 405385
 405292
 405249
 405074
 404961
 404900
 404779
 404663
 404591
 404445
 404434
 404309
 404275
 404239
 404202
 403648
 403580
 403558
 403456
 403410
 403150
 403132
 403112
 402934
 402809
 402528
 402430
 402310
 402133
 402092
 402041
 401996
 401973
 401739
 401662
 401656
 401638
 401587
 401517
 401405
 401287
 401275
 401265
 401208
 401123
 400985
 400939
 400912
 400856
 400814
 400803
 400788
 400697
 400696
 400641
 400616
 400562
 400521
 400480
 400251
 400114
 400069
 400033
 399975
 399797
 399566
 399252
 399251
 399244
 399238
 399188
 399174
 399139
 398896
 398694
 398347
 398298
 398102
 398086
 398038
 397988
 397900
 397804
 397765
 397740
 397708
 397508
 397297
 397287
 397286
 397268
 397205
 397127
 397077
 396856
 396722
 396410
 396333
 396321
 396274
 396218
 396004
 395751
 395703
 395661
 395658
 395620
 395509
 395491
 395466
 395284
 394914
 394890
 394674
 394659
 394457
 394418
 394371
 394350
 394347
 394288
 394242
 394167
 394165
 394084
 393895
 393683
 393681
 393668
 393541
 393506
 393477
 393465
 393402
 393308
 393298
 393267
 393157
 393152
 393139
 393009
 392817
 392665
 392648
 392627
 392523
 392398
 392343
 391959
 391943
 391920
 391916
 391875
 391868
 391859
 391756
 391537
 391511
 391452
 391447
 391387
 391368
 391365
 391339
 391234
 391191
 390994
 390975
 390957
 390808
 390806
 390792
 390610
 390608
 390513
 390390
 390379
 390312
 390216
 390172
 390037
 389996
 389923
 389851
 389791
 389482
 389296
 389236
 389224
 389172
 389170
 388639
 388626
 388523
 388476
 388274
 388238
 388231
 388194
 388071
 388062
 388024
 387923
 387906
 387812
 387715
 387554
 387445
 387235
 387105
 386854
 386850
 386685
 386262
 386103
 386098
 386060
 386020
 386009
 385997
 385977
 385951
 385915
 385869
 385444
 385419
 385408
 385316
 385281
 385146
 385044
 385008
 385006
 384674
 384564
 384551
 384542
 384531
 384441
 384264
 384037
 383895
 383841
 383840
 383730
 383357
 383331
 383310
 383264
 383195
 383178
 383132
 383107
 383102
 382990
 382982
 382862
 382834
 382786
 382740
 382611
 382470
 382269
 382178
 382156
 381896
 381857
 381804
 381676
 381303
 381044
 380804
 380746
 380742
 380713
 380534
 380435
 380358
 380170
 379869
 379647
 379585
 379562
 379446
 379358
 379320
 379222
 379194
 378954
 378901
 378854
 378810
 378723
 378548
 378359
 378231
 378179
 378065
 377926
 377893
 377788
 377756
 377727
 377630
 377511
 377371
 377369
 377323
 377274
 377214
 377188
 377139
 377131
 377094
 376786
 376616
 376531
 376512
 376126
 376059
 376055
 376034
 376027
 376022
 375891
 375792
 375560
 375517
 375452
 375439
 375399
 375127
 375000
 374965
 374914
 374837
 374793
 374771
 374704
 374693
 374648
 374249
 374175
 373906
 373742
 373612
 373607
 373577
 373415
 373350
 373200
 373021
 372974
 372953
 372875
 372790
 372784
 372764
 372736
 372699
 372611
 372440
 372311
 372228
 372115
 372104
 372093
 372087
 372069
 371940
 371923
 371803
 371662
 371504
 371429
 371206
 371007
 371005
 370991
 370876
 370835
 370761
 370384
 370374
 370134
 369887
 369850
 369678
 369657
 369372
 369273
 369163
 369093
 368979
 368841
 368782
 368486
 368472
 368458
 368296
 368223
 368120
 368023
 367828
 367787
 367721
 367473
 367417
 367236
 367224
 367192
 367138
 367097
 366955
 366758
 366597
 366430
 366357
 366334
 366330
 366043
 365853
 365611
 365543
 365529
 365443
 365328
 365319
 365179
 364706
 364649
 364469
 364323
 364199
 364077
 364019
 363810
 363703
 363650
 363588
 363514
 363385
 363323
 363138
 363134
 363098
 362963
 362907
 362867
 362864
 362814
 362696
 362678
 362555
 362221
 362144
 361898
 361717
 361665
 361657
 361349
 361281
 361046
 360992
 360823
 360777
 360738
 360706
 360562
 360227
 360099
 359926
 359792
 359743
 359700
 359658
 359643
 359556
 359380
 359349
 359322
 359247
 359199
 359143
 359098
 359097
 358899
 358676
 358618
 358526
 358510
 358500
 358379
 358368
 358361
 358322
 358318
 358208
 357877
 357793
 357747
 357696
 357654
 357589
 357443
 357334
 357272
 357230
 357142
 357101
 357018
 356934
 356749
 356747
 356701
 356687
 356630
 356567
 356564
 356552
 356498
 356409
 356384
 355952
 355949
 355894
 355879
 355868
 355852
 355624
 355411
 355232
 355148
 354964
 354818
 354545
 354422
 354270
 354255
 354188
 354000
 353952
 353842
 353800
 353698
 353667
 353643
 353363
 353290
 353054
 352910
 352875
 352851
 352760
 352555
 352526
 352461
 352307
 352193
 352192
 352172
 352162
 352113
 352030
 352025
 352020
 351991
 351435
 351198
 351145
 351038
 351014
 350994
 350936
 350901
 350898
 350897
 350692
 350569
 350296
 350197
 350115
 350105
 350101
 349989
 349923
 349908
 349850
 349809
 349708
 349588
 349583
 349555
 349532
 349465
 349404
 349353
 349329
 349288
 349114
 349056
 349048
 348857
 348839
 348763
 348721
 348484
 348441
 348439
 348421
 348278
 348242
 348237
 348065
 348014
 347996
 347921
 347833
 347804
 347803
 347464
 347246
 347212
 347077
 347076
 347008
 346938
 346936
 346890
 346840
 346796
 346751
 346721
 346673
 346654
 346488
 346485
 346418
 346340
 346132
 346129
 345973
 345924
 345911
 345864
 345829
 345779
 345653
 345525
 345328
 345073
 345043
 345020
 344943
 344498
 344218
 344015
 343999
 343987
 343634
 343568
 343551
 343269
 343215
 343212
 343113
 343093
 342986
 342882
 342867
 342862
 342725
 342640
 342553
 342548
 342476
 342394
 342277
 342157
 342130
 342105
 342078
 341929
 341814
 341737
 341693
 341556
 341552
 341485
 341463
 341304
 341288
 341121
 340906
 340764
 340481
 340259
 340252
 340188
 340064
 340014
 339974
 339934
 339907
 339841
 339644
 339613
 339562
 339365
 339312
 339249
 339184
 339115
 339068
 338896
 338889
 338870
 338636
 338618
 338587
 338433
 338332
 338330
 338324
 338216
 338171
 338091
 338088
 338039
 337920
 337789
 337632
 337569
 337558
 337357
 337333
 337331
 337165
 336960
 336909
 336572
 336554
 336526
 336334
 336237
 336236
 335855
 335843
 335829
 335671
 335377
 335255
 335150
 335085
 334842
 334803
 334715
 334523
 334432
 334388
 334387
 334323
 334313
 334173
 333986
 333904
 333743
 333674
 333557
 333550
 333506
 333333
 333299
 333148
 333052
 332977
 332840
 332820
 332783
 332713
 332650
 332511
 332431
 332018
 331974
 331906
 331660
 331621
 331555
 331055
 330845
 330680
 330615
 330606
 330584
 330543
 330531
 330492
 330449
 330298
 330212
 330188
 330097
 330040
 330025
 329662
 329650
 329247
 329223
 329178
 329114
 329011
 328919
 328383
 328379
 328232
 328063
 327868
 327604
 327150
 327137
 327119
 326967
 326965
 326904
 326808
 326739
 326732
 326543
 326452
 326401
 326399
 326156
 325330
 325145
 325104
 324719
 324375
 324372
 324252
 324160
 324050
 324022
 323997
 323976
 323953
 323951
 323899
 323650
 323606
 323604
 323598
 323524
 323232
 323218
 323076
 323009
 322972
 322912
 322907
 322761
 322683
 322656
 322454
 322429
 322294
 322285
 322203
 322163
 322160
 322034
 322016
 321997
 321917
 321782
 321749
 321571
 321533
 321252
 321245
 321244
 321218
 321086
 321032
 320925
 320792
 320603
 320519
 320165
 320156
 320102
 320100
 319913
 319716
 319670
 319363
 318957
 318927
 318866
 318815
 318800
 318622
 318401
 318352
 318308
 318286
 318282
 318249
 318160
 318090
 317774
 317742
 317350
 317263
 317063
 316804
 316731
 316419
 316279
 316113
 315949
 315844
 315736
 315699
 315572
 315520
 315501
 315030
 315021
 315009
 314962
 314939
 314814
 314778
 314631
 314627
 314207
 314186
 314178
 314046
 313979
 313924
 313859
 313641
 313582
 313549
 313474
 313327
 313325
 313232
 312963
 312925
 312858
 312807
 312783
 312729
 312673
 312639
 312612
 312552
 312540
 312464
 312146
 312096
 312085
 312064
 312051
 311877
 311782
 311590
 311563
 311521
 311511
 311332
 311271
 311234
 311164
 311156
 311123
 310936
 310850
 310728
 310722
 310654
 310646
 310481
 310355
 310108
 309886
 309871
 309826
 309776
 309673
 309660
 309645
 309512
 309469
 309465
 309459
 309407
 309387
 309369
 309262
 309254
 308979
 308835
 308770
 308724
 308470
 308363
 308274
 308247
 307915
 307881
 307786
 307768
 307672
 307630
 307179
 307173
 307170
 307102
 307040
 306940
 306585
 306573
 306564
 305976
 305720
 305464
 305445
 305394
 305228
 305026
 304964
 304916
 304912
 304911
 304634
 304554
 304491
 304356
 304113
 304064
 304030
 304012
 303917
 303867
 303651
 303495
 303456
 303330
 303276
 303163
 303129
 303106
 303012
 302876
 302738
 302493
 302477
 302469
 302325
 302248
 302247
 302127
 302082
 302069
 301847
 301682
 301625
 301509
 301359
 300769
 300666
 300355
 300352
 300288
 300244
 300186
 300101
 299901
 299737
 299628
 299605
 299424
 299354
 299308
 299251
 299034
 298977
 298790
 298748
 298608
 298586
 298568
 298507
 298493
 298482
 298443
 298301
 298259
 298191
 298099
 297923
 297912
 297898
 297802
 297646
 297642
 297255
 297177
 297087
 297030
 296732
 296513
 296403
 296295
 296272
 296102
 296020
 295955
 295935
 295774
 295732
 295612
 295597
 295587
 295556
 295490
 295442
 295261
 295205
 295199
 295174
 295156
 295005
 294898
 294840
 294836
 294762
 294736
 294733
 294721
 294612
 294520
 294515
 294514
 294485
 294407
 294360
 294131
 294058
 293854
 293828
 293818
 293808
 293745
 293519
 293467
 293466
 293441
 292982
 292748
 292728
 292719
 292689
 292664
 292457
 292447
 292433
 292264
 292177
 291983
 291795
 291687
 291641
 291486
 291477
 291448
 291403
 291327
 291321
 291279
 291200
 291091
 290502
 290423
 290387
 290322
 290235
 290049
 289964
 289933
 289931
 289923
 289850
 289516
 289494
 289388
 289362
 289312
 289208
 289207
 289203
 289146
 289137
 289007
 288743
 288708
 288533
 288342
 288294
 288044
 287878
 287845
 287656
 287485
 287444
 287427
 287337
 287244
 287190
 287048
 286812
 286763
 286735
 286732
 286658
 286575
 286367
 286084
 286058
 285923
 285879
 285828
 285714
 285477
 285364
 285183
 285101
 284990
 284817
 284726
 284681
 284539
 284365
 284210
 284150
 284138
 284097
 283957
 283746
 283710
 283604
 283511
 283224
 283005
 282969
 282939
 282574
 282469
 282437
 282149
 281834
 281788
 281672
 281571
 281556
 281528
 281448
 281404
 281350
 281006
 280961
 280860
 280837
 280821
 280766
 280677
 280567
 280559
 280510
 280504
 280266
 279959
 279835
 279777
 279756
 279742
 279494
 279265
 279231
 279148
 279132
 279009
 278969
 278963
 278886
 278877
 278770
 278613
 278601
 278539
 278396
 278388
 278326
 278009
 277878
 277777
 277744
 277683
 277658
 277529
 277451
 277405
 277372
 277233
 277182
 276773
 276761
 276642
 276587
 276459
 276363
 276257
 276202
 276165
 276112
 276066
 275965
 275823
 275716
 275499
 275477
 275223
 275157
 275108
 275018
 275010
 274956
 274824
 274810
 274718
 274598
 274580
 274373
 274311
 274193
 274079
 274010
 273885
 273839
 273783
 273707
 273671
 273585
 273483
 273237
 273175
 272883
 272876
 272708
 272649
 272156
 271920
 271783
 271729
 271676
 271632
 271592
 271528
 271430
 271421
 271371
 271331
 271197
 270942
 270885
 270842
 270642
 270630
 270584
 269757
 269753
 269713
 269681
 269574
 269457
 269417
 269340
 269024
 269020
 268921
 268756
 268656
 268425
 268302
 268267
 268101
 268094
 268015
 267924
 267888
 267797
 267788
 267706
 267634
 267609
 267213
 267158
 267144
 266958
 266777
 266764
 266743
 266640
 266353
 266284
 266178
 266020
 265998
 265907
 265754
 265556
 265471
 265426
 265389
 265360
 265286
 265224
 265064
 265031
 264770
 264603
 264522
 264450
 264383
 264266
 264250
 264139
 264124
 264010
 263882
 263782
 263726
 263655
 263357
 263338
 263157
 262934
 262866
 262857
 262733
 262727
 262635
 262523
 262482
 262389
 262327
 262128
 262083
 261904
 261660
 261653
 261592
 261565
 261467
 261376
 261336
 261308
 261240
 260841
 260837
 260797
 260607
 260563
 260477
 260413
 260407
 260218
 260000
 259900
 259843
 259834
 259728
 259689
 259669
 259633
 259629
 259302
 259191
 259101
 258979
 258775
 258762
 258593
 258583
 258577
 258521
 258470
 258465
 258353
 258344
 258165
 258036
 258013
 257981
 257979
 257934
 257876
 257736
 257690
 257524
 257478
 257472
 257045
 257030
 256988
 256962
 256929
 256756
 256645
 256494
 256427
 256365
 256153
 256102
 256005
 255995
 255897
 255878
 255692
 255643
 255633
 255623
 255471
 255336
 255324
 255139
 255107
 254938
 254931
 254897
 254780
 254768
 254740
 254604
 254583
 254556
 254428
 254407
 254145
 253945
 253928
 253804
 253794
 253705
 253462
 253409
 253301
 253010
 252925
 252792
 252677
 252647
 252437
 252145
 252136
 252029
 252019
 251798
 251778
 251707
 251612
 251594
 251428
 251135
 251084
 250810
 250766
 250659
 250544
 250464
 250424
 250401
 250389
 250378
 250172
 250071
 250000
 249955
 249604
 249414
 249374
 249235
 249103
 248907
 248872
 248868
 248854
 248743
 248725
 248686
 248522
 248405
 248357
 248190
 248127
 247929
 247904
 247861
 247771
 247634
 247555
 247467
 247364
 247093
 246742
 246718
 246634
 246522
 246502
 246295
 246289
 246268
 246152
 246132
 246077
 246071
 245929
 245896
 245881
 245770
 245766
 245492
 245454
 245410
 245387
 245318
 245185
 245107
 245076
 245049
 244702
 244576
 244561
 244336
 244288
 243964
 243890
 243692
 243549
 243499
 243373
 243356
 243301
 243243
 243101
 242995
 242988
 242935
 242883
 242430
 242327
 242038
 242032
 241907
 241895
 241804
 241765
 241672
 241590
 241517
 241467
 240763
 240667
 240362
 240153
 239835
 239813
 239699
 239647
 239607
 239483
 239315
 239082
 238995
 238964
 238841
 238701
 238674
 238590
 238535
 238449
 238336
 238310
 238267
 238191
 238068
 237918
 237831
 237813
 237804
 237398
 237388
 237323
 236886
 236862
 236702
 236632
 236165
 236137
 235942
 235815
 235686
 235542
 235527
 235474
 235413
 235087
 234962
 234799
 234523
 234397
 234263
 234078
 233990
 233986
 233875
 233850
 233676
 233644
 233580
 233504
 233446
 233305
 233265
 233149
 232963
 232847
 232788
 232718
 232667
 232644
 232463
 232378
 232343
 232342
 232290
 232273
 232263
 232261
 232075
 231907
 231868
 231715
 231608
 231560
 231463
 231372
 231031
 231005
 230826
 230696
 230663
 230626
 230544
 230543
 230541
 230459
 230428
 230425
 230413
 230366
 230234
 230188
 230130
 229933
 229792
 229625
 229211
 228978
 228971
 228776
 228465
 228444
 228441
 228313
 228223
 228155
 227832
 227818
 227738
 227653
 227496
 227494
 227314
 227283
 227198
 227056
 227038
 227005
 226919
 226545
 226439
 226302
 226198
 226047
 225925
 225921
 225816
 225788
 225671
 225593
 225475
 225255
 225143
 224776
 224583
 224498
 224372
 224304
 224238
 224231
 224110
 224012
 224007
 223571
 223429
 223050
 222867
 222831
 222675
 222640
 222616
 222580
 222513
 222439
 222296
 222288
 222258
 221910
 221905
 221872
 221738
 221473
 221318
 221085
 221064
 220821
 220755
 220621
 220620
 220607
 220577
 220515
 220470
 220334
 220201
 220075
 220056
 220010
 219993
 219865
 219855
 219750
 219678
 219672
 219657
 219546
 219524
 219495
 219430
 219266
 219178
 219141
 219115
 218917
 218867
 218778
 218753
 218600
 218581
 218556
 218428
 218330
 218217
 217779
 217772
 217739
 217703
 217690
 217480
 217459
 217371
 217280
 217242
 217183
 217129
 217030
 216936
 216735
 216634
 216587
 216529
 216443
 216403
 216355
 216204
 216162
 215763
 215686
 215574
 215537
 215526
 215511
 215451
 215327
 215224
 215134
 215029
 215008
 214363
 214332
 214285
 213989
 213847
 213835
 213800
 213667
 213616
 213521
 213468
 213286
 213086
 212984
 212643
 212618
 212579
 212508
 212327
 212232
 212198
 212182
 212103
 211860
 211724
 211680
 211480
 211428
 211363
 211075
 211062
 210968
 210875
 210870
 210823
 210441
 210043
 209436
 209309
 209254
 209185
 208970
 208901
 208860
 208708
 208550
 208441
 208351
 208273
 208107
 208028
 207955
 207829
 207826
 207774
 207763
 207667
 207616
 207508
 207465
 207426
 207309
 207254
 207155
 207107
 207042
 207014
 206959
 206943
 206687
 206635
 206541
 206409
 206363
 206177
 206164
 206082
 205932
 205882
 205830
 205681
 205639
 205617
 205532
 205521
 205470
 205407
 205405
 205339
 205324
 205169
 205061
 204988
 204973
 204875
 204649
 204495
 204263
 204119
 203988
 203385
 203360
 203316
 203294
 203276
 203110
 202944
 202908
 202841
 202804
 202791
 202760
 202555
 202554
 202541
 202385
 202222
 201912
 201820
 201546
 201524
 201467
 201460
 201388
 201357
 201308
 201269
 201189
 201179
 201167
 201149
 200771
 200636
 200623
 200568
 200522
 200281
 200157
 200041
 200040
 199937
 199848
 199836
 199812
 199772
 199676
 199400
 199390
 199335
 199275
 199250
 198978
 198805
 198800
 198628
 198572
 198256
 198239
 198173
 198160
 198142
 198060
 198036
 197882
 197835
 197658
 197560
 197502
 197079
 197049
 197040
 197039
 196887
 196729
 196682
 196665
 196640
 196636
 196486
 196308
 196243
 196223
 196101
 196085
 196011
 195630
 195213
 195113
 194983
 194846
 194827
 194569
 194538
 194461
 194451
 194425
 194372
 194358
 194323
 194317
 194291
 194237
 194225
 194199
 194192
 194170
 194123
 193812
 193800
 193430
 193380
 193372
 193286
 193194
 193135
 192717
 192615
 192458
 192364
 192307
 192298
 192108
 192093
 191973
 191900
 191873
 191811
 191787
 191727
 191575
 191548
 191449
 191258
 191226
 191217
 191078
 191032
 190938
 190917
 190899
 190861
 190852
 190763
 190757
 190735
 190663
 190456
 190285
 190283
 190230
 190045
 190016
 189906
 189301
 188995
 188890
 188748
 188507
 188367
 188264
 188052
 188035
 187797
 187676
 187596
 187590
 187584
 187566
 187564
 187529
 187517
 187456
 187431
 187415
 187214
 187150
 186990
 186575
 186490
 186463
 186215
 185915
 185571
 185396
 185338
 185312
 185189
 185077
 184987
 184851
 184714
 184633
 184513
 184377
 184305
 184115
 184043
 183846
 183710
 183698
 183509
 183466
 183144
 183086
 182799
 182619
 182595
 182592
 182330
 182280
 182119
 181813
 181752
 181564
 181521
 181513
 181458
 181360
 181223
 180971
 180868
 180714
 180639
 180385
 180269
 180216
 180156
 179963
 179888
 179879
 179863
 179856
 179723
 179696
 179599
 179536
 179353
 179298
 179285
 178832
 178645
 178614
 178511
 178466
 178150
 178138
 178019
 177984
 177943
 177857
 177793
 177777
 177539
 177279
 177230
 177137
 177053
 176924
 176910
 176897
 176881
 176873
 176691
 176633
 176607
 176241
 176161
 176118
 175947
 175789
 175762
 175624
 175586
 175472
 175422
 175183
 175129
 174978
 174914
 174674
 174639
 174616
 174612
 174589
 174536
 174500
 174321
 174123
 174007
 173972
 173931
 173915
 173906
 173890
 173856
 173817
 173803
 173789
 173767
 173674
 173652
 173616
 173604
 173364
 173319
 173122
 172920
 172878
 172737
 172736
 172619
 172500
 172492
 172415
 172377
 172354
 172294
 172261
 172175
 171923
 171834
 171814
 171806
 171718
 171561
 171457
 171397
 171300
 171210
 171187
 171114
 171107
 170893
 170886
 170832
 170745
 170624
 170531
 170476
 170358
 170280
 170219
 170183
 170028
 169999
 169698
 169595
 169529
 169487
 169285
 169275
 169227
 169180
 169003
 168990
 168801
 168758
 168705
 168316
 168315
 168314
 168130
 167992
 167950
 167911
 167879
 167534
 167522
 167422
 167396
 167329
 167303
 167281
 166908
 166793
 166347
 166282
 166197
 166196
 165712
 165693
 165677
 165606
 165594
 165587
 165502
 165467
 165462
 165366
 165162
 165109
 165066
 164970
 164948
 164886
 164871
 164829
 164791
 164659
 164613
 164514
 164348
 164030
 163793
 163568
 163496
 163451
 163439
 163387
 163374
 163252
 163187
 163164
 163128
 162849
 162844
 162755
 162751
 162711
 162580
 162532
 162266
 162089
 162080
 162068
 162050
 162030
 161956
 161910
 161780
 161778
 161777
 161636
 161620
 161592
 161355
 161342
 161211
 161174
 161119
 161118
 160949
 160612
 160334
 160332
 160329
 160231
 159863
 159835
 159830
 159825
 159821
 159710
 159611
 159369
 159349
 158994
 158963
 158694
 158609
 158446
 158370
 158024
 157865
 157662
 157635
 157569
 157544
 157498
 157496
 157490
 157474
 157324
 157181
 157156
 157010
 156634
 156590
 156444
 156332
 156331
 156281
 156265
 156203
 156174
 155955
 155918
 155768
 155688
 155629
 155602
 155548
 155543
 155461
 155352
 155339
 155215
 155109
 155075
 155065
 154973
 154888
 154846
 154834
 154801
 154496
 154437
 154417
 154056
 153846
 153596
 153276
 153082
 153034
 152829
 152380
 152357
 152353
 152266
 152249
 152237
 152073
 152037
 151970
 151927
 151761
 151624
 151555
 151435
 151307
 151282
 151192
 151032
 150602
 150384
 150363
 150042
 150023
 150000
 149955
 149933
 149924
 149883
 149815
 149761
 149608
 149542
 149189
 149083
 149027
 148934
 148818
 148657
 148563
 148546
 148473
 148440
 148148
 148132
 147952
 147927
 147783
 147714
 147585
 147574
 147492
 147348
 147292
 147157
 147138
 147107
 147074
 147067
 147058
 147007
 146963
 146905
 146763
 146719
 146520
 145852
 145729
 145727
 145652
 145648
 145506
 145409
 145384
 145157
 145084
 144866
 144660
 144584
 144356
 144300
 144295
 144027
 144022
 143999
 143995
 143967
 143950
 143939
 143874
 143600
 143552
 143517
 143495
 143475
 143413
 143402
 143355
 143315
 143173
 143062
 142986
 142971
 142951
 142857
 142731
 142699
 142487
 142307
 142185
 142178
 142165
 142048
 141860
 141749
 141741
 141574
 141542
 141508
 141328
 141259
 141093
 141068
 140863
 140719
 140501
 140247
 139921
 139879
 139817
 139418
 139392
 139323
 139090
 139001
 138471
 138457
 138186
 138050
 137931
 137698
 137608
 137543
 137512
 137458
 137140
 136993
 136992
 136936
 136832
 136690
 136663
 136552
 136444
 136363
 136320
 136126
 136060
 135905
 135837
 135766
 135755
 135738
 135626
 135375
 135299
 135281
 135183
 135149
 135059
 134752
 134721
 134617
 134603
 134430
 134397
 134340
 134251
 134042
 133962
 133898
 133867
 133831
 133819
 133760
 133753
 133748
 133648
 133473
 133333
 133142
 133016
 132996
 132961
 132885
 132821
 132799
 132729
 132447
 132398
 132345
 132296
 132245
 132124
 131578
 131540
 131534
 131506
 131489
 131223
 130657
 130508
 130434
 130424
 130219
 130054
 129995
 129956
 129788
 129629
 129570
 129420
 129356
 129283
 129178
 129135
 129113
 129025
 129018
 128991
 128856
 128745
 128454
 128256
 128188
 128128
 128125
 128121
 127918
 127874
 127802
 127791
 127773
 127632
 127554
 127254
 127221
 127081
 126980
 126968
 126863
 126838
 126824
 126637
 126175
 126097
 126083
 126040
 125883
 125813
 125806
 125697
 125632
 125481
 125477
 125433
 125419
 125369
 125053
 124986
 124863
 124703
 124540
 124524
 124376
 124340
 124336
 123970
 123925
 123885
 123789
 123709
 123616
 123610
 123582
 123506
 123479
 123409
 123328
 122867
 122416
 122388
 122218
 122185
 122078
 121992
 121944
 121943
 121730
 121574
 121521
 121433
 121387
 121331
 121152
 121079
 121020
 120985
 120814
 120767
 120723
 120688
 120589
 120567
 120518
 120513
 120413
 120302
 120265
 120225
 120192
 120104
 119870
 119684
 119581
 119570
 119547
 119523
 119506
 119433
 119374
 119229
 119207
 118890
 118842
 118688
 118661
 118552
 118544
 118433
 118135
 118076
 118073
 117478
 117263
 117204
 117190
 117133
 117093
 117058
 117000
 116991
 116802
 116786
 116714
 116701
 116540
 116288
 116144
 116075
 115930
 115752
 115740
 115711
 115343
 115279
 115241
 115162
 115035
 115021
 114823
 114792
 114758
 114591
 114325
 114213
 113948
 113793
 113762
 113750
 113722
 113564
 113505
 113214
 113114
 112794
 112582
 112566
 112398
 112384
 112329
 112268
 112204
 112004
 111993
 111929
 111898
 111896
 111836
 111778
 111718
 111638
 111291
 111033
 110977
 110948
 110940
 110848
 110835
 110824
 110661
 110644
 110426
 110372
 110340
 110307
 110054
 110030
 109900
 109837
 109764
 109761
 109607
 109045
 108797
 108713
 108535
 108523
 108497
 108456
 108345
 108318
 108097
 108055
 108016
 107998
 107952
 107911
 107863
 107846
 107791
 107773
 107620
 107614
 107589
 107367
 107361
 106888
 106883
 106837
 106619
 106507
 106403
 106358
 106275
 106272
 106253
 106228
 105711
 105706
 105641
 105633
 105565
 105516
 105477
 105474
 105308
 105300
 105289
 105207
 105140
 105003
 104946
 104890
 104861
 104743
 104721
 104710
 104695
 104623
 104577
 104499
 104408
 104361
 104295
 104282
 104262
 104192
 104080
 103423
 103179
 102831
 102672
 102627
 102611
 102387
 102365
 102289
 102224
 102013
 101713
 101408
 101282
 101265
 101193
 101151
 101140
 101118
 100674
 100528
 100307
 100259
 100066
 100062
 100000
 99920
 99547
 99515
 99133
 99033
 99030
 98856
 98630
 98582
 98538
 98511
 98456
 98367
 97736
 97654
 97645
 97596
 97457
 97134
 97116
 97087
 96949
 96903
 96842
 96774
 96769
 96691
 96680
 96594
 96507
 96385
 96378
 96244
 96191
 96178
 96165
 96106
 96010
 95971
 95859
 95850
 95366
 95193
 94923
 94873
 94815
 94791
 94781
 94771
 94769
 94506
 94451
 94364
 94359
 94278
 94265
 94192
 94093
 94019
 93699
 93538
 93526
 93424
 93423
 93417
 93333
 93285
 93222
 93086
 92769
 92617
 92592
 92480
 92478
 92353
 92238
 92162
 92137
 92097
 92057
 92033
 91998
 91997
 91865
 91800
 91625
 91397
 91346
 91278
 91233
 91219
 91216
 91108
 90825
 90662
 90417
 90411
 89817
 89794
 89743
 89578
 89298
 89126
 88841
 88748
 88512
 88313
 88137
 88115
 87903
 87793
 87780
 87778
 87753
 87688
 87660
 87613
 87367
 87137
 87103
 87064
 86956
 86913
 86797
 86774
 86550
 86416
 86326
 86305
 86200
 86019
 85991
 85895
 85623
 85591
 85580
 85533
 85488
 85273
 85071
 84950
 84919
 84780
 84434
 84413
 84391
 84298
 84222
 84188
 84042
 83955
 83912
 83765
 83696
 83570
 83406
 83264
 83217
 83163
 83107
 82891
 82844
 82834
 82702
 82668
 82660
 82491
 81842
 81830
 81654
 81389
 81251
 81145
 80866
 80844
 80765
 80719
 80555
 79873
 79505
 79478
 79257
 79064
 79000
 78861
 78838
 78818
 78793
 78733
 78554
 78492
 78161
 78078
 77902
 77755
 77753
 77652
 77590
 77561
 77521
 77435
 77347
 77162
 77103
 76976
 76948
 76855
 76840
 76712
 76643
 76512
 76246
 76164
 76142
 75864
 75814
 75757
 75753
 75746
 75743
 75696
 75665
 75656
 75614
 75551
 75101
 74849
 74661
 74511
 74462
 74445
 74363
 74190
 74163
 74162
 73946
 73944
 73791
 73276
 73136
 73103
 73043
 72946
 72879
 72847
 72835
 72755
 72732
 72642
 72552
 72319
 72289
 72260
 72216
 72051
 72050
 72028
 71803
 71736
 71710
 71428
 71250
 70970
 70665
 70661
 70593
 70531
 70405
 70231
 69892
 69828
 69752
 69712
 69301
 69198
 69097
 69018
 69013
 68915
 68447
 68436
 68376
 68303
 68288
 68251
 68213
 68147
 68106
 68026
 67997
 67945
 67936
 67847
 67819
 67811
 67726
 67516
 67317
 67284
 67076
 66937
 66827
 66608
 66574
 66544
 66492
 66285
 66208
 65889
 65766
 65703
 65633
 65525
 65496
 65459
 65414
 65310
 65047
 65030
 64971
 64184
 64171
 64025
 63653
 63632
 63585
 63416
 63222
 63163
 63162
 63083
 62787
 62751
 62681
 62516
 62510
 62494
 62327
 62325
 62215
 62190
 62182
 62176
 62082
 62072
 62041
 61893
 61728
 61591
 61539
 61499
 61483
 61408
 61372
 61339
 61197
 61170
 60886
 60841
 60664
 60571
 60385
 60353
 60336
 60235
 60232
 60089
 60013
 59995
 59988
 59912
 59724
 59662
 59601
 59369
 59278
 59046
 58988
 58733
 58589
 58453
 58219
 58206
 58188
 57992
 57906
 57856
 57837
 57834
 57792
 57716
 57233
 56940
 56922
 56775
 56761
 56525
 56499
 56455
 56381
 56285
 56251
 56082
 55830
 55765
 55629
 55499
 55481
 55461
 55402
 55399
 55315
 55181
 55161
 55012
 54976
 54836
 54719
 54703
 54632
 54621
 54442
 54431
 54280
 54263
 54234
 54146
 53821
 53763
 53579
 53487
 53372
 53280
 53273
 53260
 53225
 53191
 53095
 53043
 52896
 52742
 52416
 52390
 52372
 52303
 51949
 51638
 51560
 51549
 51411
 51409
 51298
 51246
 51219
 51191
 51141
 51125
 51068
 50882
 50847
 50718
 50715
 50645
 50514
 50472
 50455
 50119
 50023
 49819
 49709
 49621
 49544
 49416
 49376
 49250
 49228
 49153
 49062
 48937
 48914
 48805
 48688
 48651
 48304
 48294
 48292
 48281
 48077
 47973
 47966
 47958
 47870
 47841
 47805
 47746
 47619
 47600
 47501
 47459
 47365
 47274
 47174
 47151
 47131
 47107
 46981
 46696
 46457
 46201
 46190
 45935
 45889
 45834
 45720
 45695
 45646
 45568
 45485
 45454
 45380
 45288
 45098
 44982
 44940
 44881
 44838
 44659
 44567
 44549
 44464
 44339
 44289
 44246
 44217
 44202
 44184
 44167
 44104
 44063
 44005
 43784
 43771
 43683
 43647
 43438
 43156
 43084
 42995
 42982
 42971
 42750
 42722
 42600
 42537
 42223
 42067
 41946
 41941
 41760
 41524
 41443
 41385
 41151
 41128
 41095
 41092
 41005
 40967
 40870
 40801
 40719
 40540
 40511
 40509
 40176
 40060
 40021
 39865
 39726
 39682
 39636
 39562
 39424
 39379
 39363
 39360
 39225
 39126
 39026
 38997
 38910
 38844
 38782
 38645
 38515
 38479
 38461
 38196
 38108
 37975
 37939
 37759
 37728
 37623
 37524
 37466
 37450
 37405
 37329
 37313
 37267
 37167
 37156
 37045
 37035
 36973
 36972
 36892
 36842
 36824
 36713
 36407
 36332
 36322
 36193
 35984
 35848
 35211
 35179
 35038
 34792
 34693
 34632
 34541
 34510
 34447
 34013
 33983
 33915
 33913
 33819
 33786
 33776
 33687
 33648
 33626
 33613
 33545
 33516
 33223
 33210
 32986
 32753
 32713
 32682
 32662
 32589
 32331
 32310
 32258
 32090
 32065
 32005
 31984
 31899
 31764
 31720
 31717
 31573
 31461
 31274
 31250
 30999
 30856
 30612
 30279
 30251
 30225
 30173
 30157
 30140
 30087
 30009
 29969
 29961
 29807
 29797
 29669
 29513
 29271
 29218
 28859
 28579
 28568
 28500
 28474
 28400
 28281
 28276
 28167
 27968
 27810
 27711
 27660
 27614
 27472
 27441
 27397
 26682
 26516
 26478
 26443
 26431
 26172
 25432
 25313
 25237
 25136
 24960
 24929
 24684
 24636
 24371
 24327
 24287
 24126
 24094
 24046
 23951
 23809
 23665
 23564
 23556
 23524
 23339
 23337
 23330
 23278
 23086
 23049
 23037
 22967
 22930
 22920
 22909
 22891
 22853
 22751
 22581
 22522
 22520
 22358
 22338
 22126
 22107
 22093
 22058
 22023
 21895
 21828
 21722
 21585
 21359
 21276
 21203
 20811
 20585
 20434
 20253
 20084
 20036
 19992
 19977
 19864
 19863
 19862
 19792
 19702
 19645
 19345
 19304
 19215
 18994
 18974
 18771
 18770
 18690
 18676
 18552
 18476
 18433
 18323
 18291
 18253
 18198
 18102
 18060
 17975
 17928
 17923
 17864
 17794
 17688
 17629
 17568
 17497
 17446
 17431
 17377
 17366
 17271
 17215
 17189
 17186
 17125
 17105
 17094
 17001
 17000
 16763
 16545
 16541
 16521
 16125
 16055
 15964
 15960
 15937
 15710
 15663
 15509
 15448
 15364
 15361
 14993
 14941
 14910
 14897
 14839
 14821
 14622
 14611
 14539
 14379
 14365
 14346
 14279
 14260
 14195
 14120
 14115
 14027
 13909
 13843
 13619
 13604
 13513
 13353
 13253
 13097
 13089
 12953
 12837
 12789
 12679
 12635
 12459
 12427
 12323
 12277
 12216
 11995
 11890
 11745
 11741
 11616
 11448
 11270
 11238
 11228
 11145
 11097
 10819
 10574
 10480
 10445
 10273
 10257
 10204
 10156
 10108
 10084
 9872
 9737
 9512
 9511
 9509
 9305
 9241
 9173
 9150
 9022
 8841
 8744
 8493
 8391
 8377
 8314
 7991
 7944
 7872
 7655
 7609
 7381
 7042
 7040
 6940
 6867
 6790
 6779
 6628
 6579
 6554
 6547
 6545
 6538
 6479
 6395
 6372
 6329
 6240
 6157
 5996
 5944
 5717
 5669
 5649
 5369
 5333
 5204
 5096
 5094
 5009
 4958
 4878
 4756
 4578
 4503
 4464
 4214
 4205
 4182
 4173
 3844
 3731
 3560
 3523
 3464
 3443
 3298
 3152
 3064
 3055
 3034
 2929
 2879
 2874
 2786
 2743
 2596
 2437
 2280
 2223
 2159
 2151
 1958
 1945
 1831
 1824
 1799
 1511
 1505
 1475
 1356
 1234
 1193
 995
 909
 704
 701
 699
 480
 382
 188
 72
 0
 