999913
 999853
 999610
 999455
 999305
 999242
 999240
 999205
 999202
 999116
 999056
 998945
 998902
 998813
 998788
 998712
 998686
 998577
 998357
 998310
 998207
 998173
 998153
 998132
 998114
 997964
 997870
 997736
 997565
 997376
 997284
 997233
 997179
 997176
 997011
 996815
 996701
 996608
 996591
 996472
 996262
 996192
 996150
 995941
 995859
 995841
 995834
 995786
 995744
 995737
 995451
 995433
 995381
 995072
 995043
 995000
 994982
 994911
 994894
 994387
 994338
 994298
 994236
 994226
 994133
 993973
 993685
 993488
 993469
 993399
 993309
 993204
 993019
 992887
 992848
 992772
 992756
 992686
 992642
 992457
 992240
 992231
 992189
 992125
 991933
 991816
 991724
 991596
 991461
 991452
 991359
 991348
 991341
 991320
 991166
 991089
 991031
 991029
 990646
 990627
 990582
 990555
 990503
 990424
 990369
 990306
 989873
 989371
 989071
 989069
 988968
 988912
 988738
 988638
 988625
 988487
 988351
 988336
 988257
 988140
 988137
 988091
 987975
 987851
 987491
 987464
 987396
 987350
 987321
 987234
 987193
 986889
 986636
 986290
 986248
 986086
 986005
 985801
 985778
 985696
 985692
 985581
 985545
 985480
 985443
 984942
 984879
 984753
 984659
 984639
 984552
 984550
 984520
 984474
 984120
 983914
 983847
 983535
 983294
 983269
 983231
 983085
 983067
 982990
 982792
 982547
 982364
 982345
 982279
 982209
 982208
 982208
 981538
 981354
 981170
 981085
 981051
 980943
 980850
 980781
 980751
 980729
 980716
 980613
 980601
 980512
 980230
 980127
 979998
 979852
 979676
 979591
 979441
 979414
 979264
 979208
 979178
 979172
 979149
 979127
 979081
 979081
 979072
 979070
 978851
 978638
 978578
 978567
 978376
 978300
 978257
 978195
 978180
 977934
 977917
 977890
 977392
 977254
 977241
 977137
 976778
 976750
 976553
 976529
 976454
 976406
 976399
 976279
 976143
 976065
 975958
 975888
 975733
 975691
 975661
 975604
 975492
 975233
 975229
 975229
 974961
 974951
 974842
 974817
 974741
 974729
 974574
 974425
 974399
 974347
 974327
 974302
 974264
 973567
 973493
 973451
 973333
 973289
 973120
 972934
 972906
 972789
 972780
 972762
 972685
 972274
 972136
 972007
 971990
 971918
 971886
 971823
 971769
 971526
 971188
 971114
 971085
 971063
 971021
 971014
 971014
 970992
 970833
 970661
 970595
 970394
 970373
 970218
 970091
 969736
 969339
 969107
 969072
 969019
 969018
 968998
 968950
 968816
 968782
 968773
 968713
 968702
 968610
 968599
 968596
 968346
 968325
 968296
 968257
 968080
 968066
 968063
 967907
 967854
 967829
 967525
 967457
 967435
 967352
 967294
 967123
 966729
 966584
 966402
 966386
 966270
 966184
 966067
 966003
 965767
 965556
 965536
 965480
 965172
 965130
 965119
 965099
 965079
 965043
 964912
 964899
 964750
 964661
 964570
 964523
 964433
 964304
 964168
 963993
 963937
 963829
 963811
 963749
 963476
 963324
 963032
 963002
 962643
 962591
 962580
 962507
 962482
 962389
 962027
 961994
 961926
 961849
 961783
 961761
 961743
 961592
 961590
 961533
 961334
 961182
 961047
 960991
 960784
 960664
 960414
 960217
 960183
 960153
 960071
 959925
 959914
 959866
 959660
 959610
 959561
 959501
 959197
 959072
 959047
 959038
 958978
 958963
 958958
 958804
 958642
 958631
 958601
 958368
 958245
 958144
 958074
 957955
 957950
 957876
 957834
 957746
 957694
 957598
 957489
 957446
 957420
 957407
 957363
 957334
 957289
 957109
 957012
 956834
 956701
 956684
 956677
 956662
 956474
 956304
 956282
 956087
 956030
 955990
 955925
 955879
 955629
 955468
 955412
 955182
 955116
 955046
 955041
 955041
 954861
 954841
 954825
 954784
 954779
 954703
 954684
 954489
 954382
 954343
 954271
 954180
 954127
 953985
 953909
 953899
 953726
 953711
 953678
 953515
 953488
 953488
 953480
 953442
 953316
 953236
 952618
 952618
 952586
 952540
 952419
 952399
 952376
 952283
 952058
 952027
 952016
 952013
 951875
 951670
 951585
 951522
 951417
 951319
 951293
 951060
 951048
 950971
 950838
 950748
 950516
 950402
 950000
 949920
 949874
 949755
 949723
 949691
 949640
 949494
 949484
 949436
 949338
 949313
 949268
 949266
 949215
 949203
 949103
 948967
 948831
 948197
 948164
 948095
 947980
 947780
 947598
 947552
 947368
 947267
 947242
 946990
 946902
 946882
 946876
 946326
 946138
 946122
 946064
 946034
 945994
 945945
 945931
 945912
 945864
 945611
 945610
 945607
 945566
 945489
 945348
 945271
 944873
 944804
 944769
 944713
 944572
 944424
 944421
 944321
 944304
 944207
 944110
 944099
 944010
 943836
 943782
 943740
 943689
 943556
 943517
 943457
 943434
 943343
 943298
 943224
 943209
 943163
 943100
 942885
 942770
 942730
 942509
 942468
 942372
 942345
 942307
 942116
 941984
 941954
 941895
 941775
 941700
 941688
 941618
 941373
 941114
 940868
 940706
 940653
 940478
 940425
 940293
 940228
 939949
 939804
 939738
 939711
 939670
 939656
 939491
 939442
 939388
 939362
 939305
 939187
 939092
 939050
 939027
 938968
 938920
 938872
 938806
 938716
 938669
 938612
 938567
 938419
 938403
 938403
 938380
 938288
 938219
 938113
 938006
 937984
 937982
 937905
 937905
 937887
 937848
 937768
 937507
 937412
 937400
 937385
 937280
 937271
 937171
 937124
 936918
 936819
 936804
 936744
 936671
 936449
 936074
 936062
 935983
 935979
 935933
 935836
 935798
 935798
 935766
 935725
 935695
 935494
 935418
 935375
 935218
 935194
 935131
 935119
 934848
 934761
 934760
 934744
 934659
 934544
 934439
 933866
 933747
 933656
 933477
 933458
 933359
 933277
 933267
 933210
 933051
 932885
 932847
 932633
 932610
 932541
 932491
 932461
 932035
 932019
 932005
 931961
 931863
 931730
 931644
 931586
 931503
 931259
 931203
 931164
 930902
 930863
 930857
 930568
 930566
 930513
 930326
 930267
 930086
 930048
 930022
 929964
 929875
 929762
 929760
 929739
 929617
 929502
 929442
 929391
 929262
 929141
 929129
 928975
 928854
 928702
 928647
 928615
 928170
 928025
 927987
 927937
 927877
 927868
 927664
 927579
 927245
 927210
 926980
 926748
 926583
 926568
 926515
 926176
 926175
 926120
 926083
 926064
 925868
 925786
 925634
 925607
 925342
 925297
 925280
 925248
 925233
 925123
 925114
 925091
 925035
 924921
 924819
 924759
 924750
 924698
 924586
 924429
 924342
 924168
 924162
 924088
 924073
 924050
 924026
 923913
 923819
 923778
 923632
 923612
 923506
 923066
 923061
 922935
 922823
 922806
 922635
 922615
 922538
 922421
 922402
 922262
 922231
 922207
 922142
 922074
 922040
 921887
 921850
 921596
 921467
 921465
 921376
 921280
 921270
 921203
 921095
 920731
 920704
 920651
 920594
 920517
 920460
 920331
 920262
 920247
 920148
 920127
 920109
 920019
 919985
 919837
 919768
 919748
 919744
 919490
 919443
 919346
 919188
 919136
 919119
 919057
 919040
 918987
 918918
 918901
 918867
 918793
 918781
 918765
 917867
 917634
 917616
 917589
 917544
 917523
 917513
 917470
 917211
 917129
 916932
 916761
 916611
 916530
 916417
 916371
 916298
 916163
 916136
 916088
 916030
 915956
 915933
 915915
 915740
 915602
 915433
 915270
 915264
 915226
 915099
 915083
 914975
 914770
 914742
 914707
 914695
 914601
 914561
 914457
 914297
 914283
 914215
 914191
 914178
 914168
 914126
 914076
 913976
 913663
 913544
 913508
 913492
 913402
 913402
 913388
 913372
 913140
 913110
 913063
 913043
 912993
 912927
 912760
 912742
 912686
 912672
 912650
 912560
 912371
 912243
 912208
 912148
 912048
 911787
 911778
 911748
 911719
 911468
 911158
 911063
 910960
 910891
 910832
 910793
 910550
 910223
 910152
 910014
 909972
 909755
 909693
 909623
 909598
 909537
 909414
 909324
 909246
 909090
 909090
 909035
 908988
 908985
 908813
 908660
 908467
 908236
 907865
 907654
 907486
 907346
 907309
 907139
 907110
 907097
 906885
 906872
 906787
 906646
 906530
 906480
 906394
 906303
 906247
 906178
 906033
 905694
 905525
 905521
 905476
 905198
 905193
 905003
 904934
 904817
 904752
 904721
 904686
 904646
 904589
 904409
 904244
 904186
 904109
 904006
 903657
 903649
 903547
 903330
 903262
 903225
 903216
 903160
 902999
 902900
 902740
 902735
 902711
 902612
 902455
 902439
 902367
 902288
 902087
 901960
 901879
 901846
 901779
 901611
 901530
 901525
 901470
 901098
 901086
 901009
 900990
 900900
 900790
 900763
 900385
 900287
 900240
 900180
 899965
 899901
 899882
 899797
 899761
 899595
 899420
 899300
 899246
 899154
 899108
 898987
 898985
 898864
 898734
 898704
 898698
 898661
 898484
 898466
 898358
 898288
 898282
 898263
 898229
 897810
 897755
 897725
 897689
 897659
 897652
 897458
 897229
 897180
 897033
 897024
 897003
 896956
 896885
 896860
 896844
 896841
 896794
 896665
 896657
 896656
 896653
 896637
 896565
 896530
 896482
 896480
 896421
 896228
 896104
 896057
 895749
 895727
 895679
 895673
 895636
 895591
 895510
 895470
 895334
 895177
 895085
 894974
 894941
 894910
 894842
 894736
 894287
 894237
 894179
 894157
 894074
 893924
 893754
 893736
 893692
 893635
 893371
 893369
 893333
 893235
 893176
 892845
 892831
 892746
 892740
 892730
 892699
 892626
 892544
 892530
 892427
 892317
 892211
 892192
 892116
 891956
 891898
 891891
 891808
 891615
 891611
 891490
 891468
 891411
 891383
 891381
 891250
 890974
 890885
 890841
 890838
 890831
 890799
 890579
 890301
 890000
 889872
 889816
 889755
 889602
 889443
 889434
 889391
 889366
 889319
 889140
 889135
 889122
 889061
 888888
 888888
 888623
 888489
 888336
 888289
 888111
 887911
 887902
 887843
 887730
 887591
 887578
 887565
 887488
 887474
 887467
 887428
 887422
 887401
 887386
 887378
 887279
 887206
 887120
 887112
 886878
 886609
 886581
 886275
 886147
 885995
 885950
 885943
 885936
 885793
 885635
 885300
 885221
 885087
 884855
 884761
 884711
 884677
 884640
 884533
 884524
 884490
 884444
 884240
 884111
 884063
 883976
 883875
 883760
 883713
 883619
 883564
 883509
 883422
 882924
 882778
 882759
 882716
 882541
 882505
 882438
 882151
 882096
 882064
 881991
 881506
 881418
 881328
 881319
 881167
 881155
 881045
 880991
 880933
 880910
 880866
 880843
 880841
 880826
 880724
 880713
 880613
 880277
 880265
 880260
 880202
 880122
 880082
 880034
 879972
 879969
 879966
 879748
 879705
 879702
 879558
 879402
 879333
 878966
 878899
 878889
 878766
 878598
 878593
 878490
 878465
 878304
 878216
 878211
 878070
 878053
 878008
 877941
 877811
 877795
 877789
 877700
 877531
 877349
 877348
 877340
 877192
 877175
 877128
 877126
 877062
 876848
 876699
 876595
 876381
 876274
 876015
 875939
 875891
 875835
 875834
 875518
 875275
 875176
 874972
 874666
 874647
 874551
 874285
 874015
 873888
 873873
 873817
 873740
 873687
 873589
 873369
 873139
 873096
 872933
 872806
 872792
 872767
 872653
 872591
 872458
 872410
 872409
 872383
 872340
 872314
 871730
 871664
 871626
 871111
 871014
 870823
 870789
 870787
 870683
 870640
 870571
 870564
 870450
 870421
 870418
 870247
 869948
 869840
 869718
 869681
 869619
 869565
 869483
 869428
 869413
 869336
 869298
 869065
 869047
 868937
 868933
 868881
 868756
 868685
 868672
 868555
 868349
 868330
 868314
 868309
 868230
 868161
 868133
 867924
 867573
 867558
 867314
 867115
 866845
 866804
 866755
 866683
 866666
 866439
 866306
 866249
 866221
 866180
 865976
 865948
 865771
 865742
 865654
 865628
 865536
 865191
 865161
 865035
 864924
 864864
 864864
 864818
 864609
 864487
 864454
 864436
 864367
 864357
 864274
 864022
 863965
 863873
 863650
 863602
 863417
 863338
 863177
 863135
 863034
 863033
 862978
 862827
 862675
 862638
 862271
 862204
 862114
 862044
 861825
 861808
 861775
 861574
 861521
 861470
 861386
 861329
 861271
 861146
 861138
 861133
 861117
 860931
 860911
 860778
 860738
 860706
 860666
 860529
 860422
 859884
 859787
 859453
 859049
 858659
 858625
 858485
 858245
 858073
 857968
 857929
 857851
 857821
 857732
 857711
 857689
 857525
 857516
 857417
 857406
 857370
 857350
 857348
 857263
 857142
 857142
 857048
 856931
 856783
 856709
 856459
 856338
 856336
 856286
 856232
 856205
 856185
 856058
 855841
 855838
 855820
 855727
 855555
 855387
 855305
 855202
 855082
 855056
 855052
 855029
 854947
 854870
 854852
 854811
 854584
 854555
 854545
 854515
 854492
 854258
 854158
 853896
 853817
 853791
 853658
 853576
 853520
 853450
 853261
 853209
 853179
 852925
 852652
 852524
 852501
 852435
 852355
 852173
 852173
 851867
 851717
 851639
 851528
 851443
 851439
 851392
 851329
 851240
 851211
 850914
 850777
 850746
 850720
 850476
 850470
 850447
 850432
 850327
 850327
 850267
 850007
 849745
 849661
 849659
 849523
 849480
 849389
 849286
 849090
 849070
 848758
 848554
 848389
 848389
 848349
 848336
 848182
 848124
 848046
 847937
 847886
 847855
 847658
 847642
 847539
 847150
 847122
 847068
 846666
 846608
 846591
 846553
 846536
 846458
 846365
 846355
 846310
 846291
 846259
 846201
 846153
 846153
 845927
 845863
 845831
 845712
 845688
 845602
 845373
 845324
 844901
 844798
 844676
 844619
 844593
 844578
 844230
 844169
 844143
 844127
 844094
 844024
 843975
 843914
 843780
 843750
 843555
 843138
 843047
 843041
 842975
 842915
 842815
 842529
 842513
 842372
 842290
 842238
 842131
 841899
 841872
 841842
 841729
 841194
 841126
 840974
 840590
 840568
 840492
 840278
 840251
 840236
 840047
 840043
 840008
 839983
 839545
 839541
 839501
 839287
 839236
 839160
 839092
 838967
 838862
 838824
 838802
 838770
 838644
 838401
 838351
 838323
 838100
 837974
 837972
 837913
 837837
 837812
 837747
 837649
 837551
 837365
 837255
 837248
 837135
 836967
 836966
 836927
 836890
 836766
 836707
 836694
 836641
 836618
 836383
 836198
 836110
 836103
 835963
 835704
 835595
 835277
 835110
 835037
 834606
 834586
 834536
 834354
 834292
 834160
 834144
 834144
 834004
 833941
 833918
 833882
 833540
 833414
 833333
 833299
 833175
 833145
 833062
 832756
 832695
 832562
 832556
 832443
 832402
 832359
 832313
 832310
 831873
 831824
 831474
 831403
 831359
 831255
 831207
 831173
 831156
 830334
 830191
 830157
 830134
 830074
 830006
 829947
 829937
 829789
 829647
 829614
 829472
 829420
 829388
 829166
 828991
 828889
 828877
 828473
 828433
 828382
 828351
 828337
 828318
 828184
 827991
 827911
 827898
 827868
 827857
 827537
 827531
 827498
 827492
 827420
 827339
 827136
 827126
 827018
 826993
 826990
 826765
 826651
 826637
 826587
 826484
 826350
 826003
 825960
 825889
 825784
 825638
 825521
 825425
 825369
 825285
 825219
 825199
 825174
 825039
 824965
 824957
 824791
 824737
 824561
 824466
 824406
 824350
 824267
 823971
 823906
 823799
 823698
 823641
 823616
 823590
 823431
 823376
 823325
 823303
 823264
 823219
 822947
 822715
 822641
 822574
 822556
 822505
 822321
 822299
 822298
 822264
 821910
 821837
 821786
 821780
 821724
 821719
 821656
 821615
 821584
 821565
 821538
 821532
 821473
 821405
 821305
 821102
 821089
 820757
 820684
 820589
 820512
 820432
 820265
 820135
 820019
 820014
 819884
 819695
 819558
 819523
 819514
 819509
 819433
 819404
 819383
 819360
 819357
 819338
 819327
 819189
 819177
 819133
 819023
 819003
 818833
 818790
 818783
 818662
 818571
 818488
 818477
 818475
 818181
 818129
 818096
 818051
 818020
 818001
 817989
 817985
 817960
 817784
 817779
 817750
 817629
 817578
 817554
 817430
 817221
 817144
 817124
 817119
 817044
 816956
 816901
 816554
 816389
 816306
 816182
 816075
 816058
 816023
 816018
 815870
 815825
 815445
 815418
 815417
 815326
 815314
 815170
 815157
 814958
 814888
 814843
 814808
 814717
 814668
 814621
 814547
 814546
 814321
 814252
 814150
 814070
 814064
 814045
 813986
 813896
 813892
 813767
 813641
 813602
 813494
 813374
 813289
 813147
 812904
 812762
 812743
 812725
 812629
 812613
 812549
 812519
 812481
 812480
 812472
 812400
 812135
 812061
 812015
 811903
 811881
 811681
 811680
 811628
 811511
 811272
 811113
 811098
 810990
 810916
 810902
 810650
 810647
 810643
 810558
 810506
 810337
 810126
 810120
 809977
 809940
 809815
 809782
 809585
 809550
 809303
 809286
 809185
 809157
 809016
 808845
 808835
 808703
 808664
 808663
 808559
 808555
 808535
 807943
 807909
 807616
 807587
 807438
 807412
 807350
 807337
 807123
 807100
 806988
 806984
 806941
 806919
 806870
 806711
 806709
 806596
 806560
 806467
 806451
 806412
 806386
 806313
 806231
 806222
 806171
 805885
 805784
 805562
 805517
 805453
 805384
 805248
 805168
 805130
 805128
 805005
 804606
 804594
 804594
 804532
 804481
 804437
 804384
 804226
 804179
 803937
 803781
 803688
 803536
 803522
 803288
 803258
 803108
 803018
 802989
 802913
 802675
 802502
 802441
 802371
 802348
 802225
 802207
 802188
 802167
 801991
 801963
 801936
 801750
 801718
 801669
 801598
 801587
 801530
 801415
 801314
 801109
 801009
 800966
 800927
 800899
 800869
 800747
 800384
 800322
 800187
 800091
 800054
 799999
 799946
 799897
 799572
 799425
 799410
 799397
 799371
 799273
 799013
 798918
 798822
 798813
 798748
 798525
 798360
 798252
 798210
 798074
 797912
 797910
 797751
 797342
 796823
 796724
 796376
 796325
 796189
 796163
 796054
 795884
 795826
 795695
 795472
 795403
 795391
 795334
 795189
 795164
 795160
 795125
 794987
 794979
 794917
 794801
 794701
 794627
 794405
 794369
 794352
 794346
 794298
 794213
 794117
 794085
 793783
 793782
 793763
 793748
 793554
 793383
 793364
 793298
 792973
 792945
 792771
 792606
 792549
 792457
 792386
 792200
 792112
 792026
 792023
 791939
 791877
 791832
 791720
 791710
 791268
 791171
 791061
 790886
 790669
 790668
 790613
 790594
 790484
 790417
 790298
 790291
 790273
 790258
 790220
 789973
 789959
 789812
 789751
 789335
 789242
 789109
 788871
 788680
 788386
 788365
 788306
 788235
 788171
 788163
 788156
 787924
 787889
 787881
 787805
 787752
 787684
 787625
 787575
 786866
 786567
 786547
 786469
 786423
 786377
 786351
 786311
 786294
 785973
 785959
 785837
 785817
 785686
 785617
 785529
 785365
 785265
 785066
 784872
 784764
 784603
 784588
 784517
 784357
 784229
 784205
 784142
 783998
 783992
 783981
 783613
 783437
 783410
 783285
 783244
 783040
 782879
 782804
 782779
 782731
 782608
 782608
 782602
 782546
 782242
 782158
 782096
 782061
 782056
 782027
 781988
 781902
 781860
 781799
 781726
 781717
 781616
 781250
 781147
 781033
 780577
 780568
 780511
 780510
 780477
 780415
 780409
 780403
 780398
 780363
 780332
 780229
 780176
 779921
 779552
 779516
 779236
 779224
 779220
 779204
 778978
 778887
 778697
 778664
 778625
 778570
 778534
 778443
 778437
 778315
 778309
 778296
 778195
 778057
 778052
 777895
 777716
 777576
 777313
 777163
 776982
 776961
 776834
 776820
 776536
 776445
 776377
 776362
 776361
 776356
 776146
 776034
 776028
 775952
 775884
 775817
 775483
 775466
 775322
 775206
 775129
 775043
 774974
 774967
 774892
 774832
 774783
 774418
 774351
 774340
 774213
 774073
 773988
 773831
 773827
 773826
 773728
 773651
 773584
 773534
 773517
 773349
 773346
 773314
 773312
 773226
 773179
 773142
 773058
 773004
 772897
 772771
 772507
 772427
 772357
 772347
 772325
 772243
 772158
 772079
 771906
 771653
 771340
 771324
 771030
 771028
 770881
 770868
 770808
 770751
 770732
 770697
 770645
 770515
 770477
 770461
 770338
 770223
 770220
 770129
 770083
 769997
 769828
 769778
 769746
 769741
 769710
 769509
 769330
 769301
 769202
 768828
 768807
 768613
 768548
 768472
 768010
 767877
 767809
 767645
 767611
 767533
 767523
 767431
 767317
 767249
 767225
 767137
 767051
 766938
 766848
 766608
 766539
 766519
 766438
 766408
 766323
 766293
 766275
 766234
 766145
 765976
 765957
 765884
 765843
 765638
 765619
 765602
 765541
 765443
 765286
 765253
 765131
 765109
 765108
 765018
 765001
 764968
 764959
 764914
 764864
 764647
 764524
 764385
 764275
 764076
 763996
 763940
 763768
 763733
 763704
 763659
 763501
 763225
 763002
 762835
 762803
 762730
 762725
 762471
 762437
 762419
 762415
 762394
 762366
 762205
 762205
 762161
 761768
 761767
 761758
 761659
 761627
 761483
 761365
 761209
 761059
 761037
 760930
 760821
 760794
 760533
 760436
 760400
 760386
 760345
 760302
 760276
 760185
 760157
 760010
 759947
 759879
 759857
 759651
 759639
 759624
 759541
 759513
 758957
 758941
 758847
 758813
 758652
 758581
 758335
 758169
 758166
 758103
 758096
 758034
 757872
 757827
 757710
 757678
 757635
 757224
 757168
 757092
 756887
 756756
 756499
 756345
 756321
 756277
 756232
 756222
 756219
 756062
 756060
 756028
 756024
 755696
 755608
 755287
 755259
 755062
 755060
 754858
 754851
 754620
 754276
 754140
 754054
 753985
 753984
 753923
 753810
 753692
 753623
 753546
 753394
 753309
 753206
 753120
 753044
 753031
 753012
 752768
 752550
 752475
 752462
 752341
 752196
 752136
 751999
 751948
 751941
 751926
 751896
 751868
 751806
 751803
 751754
 751712
 751673
 751653
 751462
 751461
 751430
 751412
 751308
 751129
 750929
 750546
 750538
 750516
 750467
 750428
 750416
 750114
 750113
 750106
 750087
 750080
 749856
 749718
 749358
 749227
 749142
 748996
 748927
 748823
 748822
 748768
 748712
 748629
 748430
 748148
 748082
 747731
 747474
 747456
 747443
 747401
 747336
 747068
 747043
 746794
 746599
 746549
 746499
 746364
 746360
 746325
 746171
 745918
 745910
 745885
 745818
 745667
 745618
 745222
 745101
 745003
 744940
 744811
 744697
 744678
 744549
 744270
 744060
 743940
 743903
 743718
 743694
 743684
 743061
 742994
 742857
 742768
 742765
 742722
 742701
 742645
 742625
 742233
 742221
 741625
 741527
 741513
 741512
 741436
 741210
 741072
 740628
 740540
 740488
 740442
 740226
 740211
 740203
 740090
 740021
 739900
 739789
 739549
 739249
 739029
 738934
 738912
 738901
 738840
 738564
 738393
 738375
 738148
 738069
 738058
 738022
 737870
 737426
 737044
 736972
 736866
 736768
 736728
 736673
 736559
 736448
 736304
 736263
 736082
 736005
 735893
 735867
 735675
 735595
 735403
 735342
 735288
 735260
 734126
 734042
 734015
 733944
 733852
 733565
 733370
 733333
 733316
 733134
 733116
 733084
 732917
 732865
 732848
 732773
 732537
 732455
 732318
 732187
 732158
 732058
 731977
 731969
 731746
 731526
 731472
 731307
 731236
 731182
 731178
 731062
 730921
 730887
 730838
 730806
 730718
 730630
 730559
 730531
 730519
 730278
 730202
 730200
 729912
 729867
 729784
 729759
 729686
 729636
 729596
 729539
 729477
 729419
 729009
 728987
 728938
 728916
 728896
 728872
 728837
 728836
 728812
 728609
 728604
 728416
 728160
 728089
 728054
 728050
 727824
 727525
 727520
 727491
 727272
 727224
 727107
 726987
 726917
 726777
 726587
 726554
 726507
 726484
 726439
 726190
 726132
 726017
 725973
 725545
 725230
 725173
 725166
 725132
 724883
 724793
 724672
 724603
 724514
 724503
 724472
 724409
 724355
 724180
 724137
 724137
 724002
 723997
 723982
 723965
 723620
 723329
 723306
 723093
 723056
 722936
 722911
 722878
 722843
 722842
 722696
 722687
 722605
 722347
 722229
 721869
 721809
 721791
 721711
 721689
 721555
 721533
 721477
 721467
 721393
 721351
 721285
 721212
 721127
 721043
 721035
 721033
 720711
 720595
 720574
 720435
 720408
 720384
 720242
 720203
 720091
 720058
 719911
 719720
 719649
 719599
 719597
 719592
 719581
 719179
 718828
 718717
 718671
 718444
 718269
 718044
 718042
 717870
 717801
 717643
 717523
 717423
 717405
 717281
 717063
 717051
 717026
 717001
 716889
 716823
 716502
 716470
 716357
 716136
 715938
 715662
 715565
 715551
 715515
 715289
 714966
 714832
 714771
 714631
 714479
 714460
 714410
 714316
 714285
 714168
 714030
 713965
 713961
 713757
 713567
 713508
 713473
 713441
 713424
 713376
 713375
 713344
 713328
 713322
 713268
 713193
 713086
 712896
 712818
 712790
 712562
 711947
 711864
 711852
 711808
 711439
 711403
 711353
 711350
 711311
 711173
 711093
 710982
 710891
 710871
 710861
 710775
 710650
 710636
 710514
 710465
 710441
 710426
 710410
 710388
 710215
 710170
 710087
 709677
 709416
 709217
 709191
 709159
 709051
 708897
 708879
 708825
 708800
 708644
 708566
 708498
 708434
 708086
 707782
 707670
 707647
 707462
 707228
 707070
 706996
 706976
 706948
 706753
 706615
 706561
 706468
 706440
 706374
 706289
 706233
 706160
 706115
 706036
 706027
 705921
 705814
 705516
 705514
 705509
 705324
 705310
 705219
 705160
 704933
 704604
 704548
 704530
 704477
 704266
 704188
 703935
 703929
 703919
 703910
 703862
 703756
 703661
 703656
 703459
 703391
 703327
 703247
 703065
 703051
 702919
 702908
 702875
 702754
 702683
 702532
 702457
 702324
 701940
 701924
 701916
 701786
 701754
 701634
 701589
 701514
 701464
 701393
 701356
 701143
 700909
 700904
 700874
 700829
 700800
 700744
 700606
 700498
 700429
 700421
 700401
 700385
 700211
 700200
 699859
 699842
 699808
 699800
 699707
 699696
 699624
 699589
 699554
 699546
 699237
 699154
 698992
 698814
 698747
 698668
 698666
 698641
 698617
 698596
 698412
 698300
 698259
 697955
 697910
 697877
 697868
 697787
 697722
 697600
 697430
 697320
 697214
 697211
 697097
 697056
 697029
 696813
 696727
 696649
 696435
 696313
 696192
 696093
 695984
 695912
 695871
 695835
 695819
 695447
 695364
 695188
 695031
 694915
 694829
 694772
 694749
 694744
 694628
 694563
 694508
 694460
 694346
 693983
 693875
 693874
 693867
 693467
 693430
 693412
 693333
 693102
 692995
 692838
 692811
 692808
 692762
 692688
 692497
 692474
 692307
 692277
 692266
 692225
 692197
 692094
 691684
 691411
 691297
 691124
 691099
 691066
 690955
 690915
 690909
 690909
 690617
 690418
 690353
 690339
 690326
 690248
 690095
 689956
 689909
 689891
 689837
 689620
 689251
 689221
 689212
 689094
 689043
 688996
 688961
 688927
 688892
 688876
 688781
 688589
 688486
 688327
 688307
 688209
 688155
 688063
 687933
 687735
 687517
 687381
 686933
 686908
 686896
 686687
 686677
 686583
 686541
 686460
 686241
 686099
 685989
 685750
 685619
 685461
 685204
 685203
 685002
 684982
 684931
 684791
 684785
 684765
 684388
 684381
 684380
 684300
 684002
 683870
 683848
 683799
 683797
 683754
 683724
 683640
 683489
 683456
 683393
 683333
 683332
 683081
 682994
 682842
 682503
 682405
 682398
 682283
 682269
 682101
 681955
 681826
 681542
 681520
 681399
 681358
 681356
 681197
 681133
 681079
 680878
 680816
 680800
 680745
 680604
 680472
 680387
 680239
 680145
 680083
 680070
 679820
 679586
 679501
 679362
 679357
 679102
 678847
 678592
 678549
 678263
 678247
 678210
 677893
 677590
 677486
 677411
 677318
 677291
 677168
 677095
 677047
 677028
 676997
 676739
 676695
 676655
 676526
 676286
 676276
 676235
 676129
 676104
 676086
 675944
 675916
 675834
 675789
 675752
 675663
 675612
 675487
 675414
 675409
 675391
 675213
 675196
 675194
 675170
 675064
 674945
 674782
 674487
 674475
 674315
 674072
 674056
 674039
 673953
 673806
 673716
 673585
 673525
 673469
 673354
 673267
 673176
 673173
 673121
 673003
 672936
 672507
 672417
 672404
 672290
 672053
 671929
 671896
 671865
 671575
 671546
 671532
 671397
 671342
 671316
 671168
 670937
 670921
 670756
 670597
 670564
 670445
 670346
 670339
 670032
 669930
 669525
 669462
 669259
 669257
 669148
 669052
 668965
 668728
 668689
 668494
 668457
 668334
 668274
 668179
 668110
 668041
 667906
 667694
 667681
 667643
 667477
 667339
 667132
 667025
 666861
 666799
 666747
 666689
 666666
 666666
 666666
 666630
 666515
 666291
 666108
 666058
 665847
 665730
 665660
 665455
 665399
 665279
 665273
 664846
 664777
 664626
 664598
 664480
 664449
 664299
 664007
 663903
 663886
 663648
 663644
 663437
 663372
 663282
 663231
 663004
 662998
 662921
 662869
 662863
 662815
 662753
 662713
 662672
 662504
 662180
 662082
 662057
 662006
 661983
 661911
 661879
 661832
 661709
 661682
 661670
 661661
 661417
 661279
 661184
 660942
 660861
 660702
 660690
 660638
 660445
 660228
 660183
 659972
 659838
 659791
 659757
 659754
 659574
 659220
 659192
 659095
 659027
 659017
 658826
 658630
 658457
 658034
 657926
 657776
 657623
 657620
 657487
 657182
 657142
 657109
 656973
 656953
 656947
 656885
 656710
 656626
 656616
 656597
 656571
 656505
 656454
 656451
 656441
 656379
 656364
 656265
 656203
 656059
 655900
 655899
 655848
 655833
 655727
 655560
 655492
 655474
 655445
 655205
 655152
 655093
 655076
 654982
 654887
 654812
 654755
 654679
 654603
 654555
 654454
 654283
 654094
 653915
 653847
 653696
 653682
 653625
 653579
 653512
 653433
 653231
 652937
 652859
 652779
 652738
 652711
 652694
 652680
 652553
 652544
 652520
 652173
 652134
 651956
 651822
 651770
 651578
 651483
 651176
 651107
 651085
 651016
 650963
 650864
 650579
 650471
 650418
 650375
 650125
 650124
 650016
 649895
 649863
 649837
 649799
 649764
 649686
 649681
 649573
 649529
 649512
 649472
 649414
 649408
 649344
 649276
 648926
 648622
 648611
 648596
 648581
 648291
 648014
 647945
 647944
 647908
 647850
 647743
 647697
 647685
 647661
 647566
 647188
 647169
 647089
 646962
 646918
 646848
 646739
 646369
 646209
 646004
 646001
 645998
 645754
 645547
 645429
 645374
 645331
 645290
 645203
 644984
 644859
 644848
 644597
 644221
 644086
 644035
 644022
 643853
 643841
 643746
 643716
 643693
 643675
 643598
 643564
 643314
 643137
 643083
 643062
 643049
 642967
 642758
 642665
 642619
 642599
 642479
 642469
 642460
 642193
 642021
 641998
 641861
 641779
 641749
 641715
 641554
 641546
 641395
 641342
 641284
 641269
 641201
 641200
 641148
 641098
 641029
 641019
 640910
 640797
 640729
 640597
 640585
 640561
 640490
 640444
 640378
 640240
 640086
 640046
 639930
 639910
 639844
 639803
 639800
 639503
 639400
 639238
 639191
 639066
 639002
 638913
 638788
 638762
 638571
 638513
 638503
 638472
 638340
 638279
 638233
 638191
 638121
 638018
 637879
 637831
 637795
 637777
 637770
 637747
 637559
 637445
 637352
 637321
 637251
 637104
 637050
 636916
 636890
 636884
 636819
 636553
 636520
 636514
 636363
 636158
 636064
 635953
 635891
 635712
 635603
 635549
 635260
 635260
 634867
 634854
 634850
 634841
 634710
 634501
 634448
 634233
 634223
 634046
 633885
 633788
 633650
 633617
 633412
 633395
 633190
 633014
 632858
 632807
 632506
 632427
 632357
 632341
 632204
 632156
 632144
 632124
 632044
 631918
 631867
 631744
 631732
 631725
 631641
 631580
 631578
 631578
 631458
 631431
 631374
 631370
 631337
 631323
 631300
 631257
 631224
 631221
 631158
 630925
 630756
 630652
 630264
 630085
 630050
 629942
 629940
 629681
 629629
 629609
 629503
 629474
 629474
 629276
 629179
 629174
 629142
 628977
 628937
 628893
 628491
 628425
 628290
 628211
 628173
 627873
 627623
 627520
 627069
 627041
 627029
 626968
 626937
 626832
 626814
 626780
 626723
 626652
 626533
 626523
 626521
 626487
 626321
 626297
 626181
 626072
 625959
 625827
 625797
 625777
 625634
 625485
 625469
 625439
 625004
 624570
 624431
 624391
 624209
 624185
 623838
 623682
 623470
 623468
 623411
 623318
 623307
 623117
 623106
 623100
 623070
 622857
 622828
 622722
 622638
 622618
 622504
 622206
 622163
 622161
 622080
 621967
 621826
 621706
 621692
 621613
 621581
 621397
 621391
 621246
 621245
 621230
 621227
 621174
 621109
 621101
 620928
 620854
 620668
 620048
 620002
 619745
 619703
 619673
 619671
 619499
 619348
 619266
 619252
 619238
 618919
 618774
 618556
 618341
 618327
 618307
 618249
 618219
 618210
 618208
 618187
 618019
 618004
 617980
 617883
 617760
 617712
 617623
 617139
 617084
 616929
 616928
 616696
 616631
 616532
 615588
 615384
 615343
 615331
 615322
 615311
 615275
 615259
 615138
 614816
 614725
 614718
 614671
 614601
 614588
 614503
 614449
 614365
 614135
 614083
 614070
 614057
 614038
 613928
 613796
 613138
 613130
 612978
 612957
 612776
 612716
 612707
 612650
 612628
 612604
 612594
 612512
 612509
 612471
 612149
 612103
 612005
 611983
 611961
 611954
 611924
 611812
 611692
 611517
 611458
 611296
 611286
 611272
 611197
 611175
 611015
 610722
 610501
 610458
 610370
 610345
 609871
 609756
 609695
 609674
 609609
 609447
 609387
 609335
 609274
 608611
 608575
 608479
 608469
 608334
 608241
 608177
 608133
 608050
 607626
 607569
 607528
 607061
 606841
 606793
 606741
 606727
 606657
 606542
 606484
 606392
 606153
 605744
 605744
 605734
 605590
 605435
 605349
 605270
 605201
 605067
 604826
 604821
 604781
 604704
 604479
 604466
 604455
 604446
 604368
 604346
 604210
 604187
 604166
 604134
 603937
 603875
 603773
 603759
 603732
 603371
 603044
 603036
 603022
 603001
 602666
 602633
 602494
 602393
 602157
 602094
 602033
 601989
 601853
 601711
 601709
 601637
 601379
 601220
 600987
 600905
 600873
 600797
 600792
 600737
 600446
 600425
 600411
 600283
 600265
 600254
 600135
 600089
 600083
 599897
 599807
 599710
 599539
 599408
 599162
 599060
 598967
 598957
 598838
 598786
 598562
 598158
 598155
 598030
 597889
 597810
 597768
 597690
 597518
 597473
 597322
 597315
 597173
 597164
 597134
 597025
 596997
 596680
 596645
 596505
 596440
 596379
 596336
 596182
 596092
 595850
 595662
 595555
 595152
 595090
 595067
 595015
 594939
 594865
 594769
 594728
 594558
 594501
 594489
 594044
 594041
 593947
 593618
 593616
 593575
 593436
 593346
 593301
 593197
 593056
 593035
 593027
 592885
 592757
 592757
 592711
 592553
 592534
 591930
 591436
 591416
 591402
 591397
 591125
 590990
 590978
 590929
 590865
 590715
 590537
 590299
 590237
 590147
 590130
 590036
 589812
 589743
 589449
 589407
 589225
 589208
 589173
 589090
 588700
 588670
 588427
 588334
 588253
 588173
 588040
 587979
 587810
 587650
 587575
 587562
 587523
 587480
 587056
 587045
 586945
 586776
 586750
 586573
 586511
 586464
 586325
 586153
 585983
 585697
 585657
 585643
 585641
 585425
 585424
 585417
 585342
 585245
 585228
 585185
 584968
 584909
 584859
 584703
 584692
 584666
 584615
 584484
 584456
 584442
 584439
 584305
 584261
 584209
 583934
 583906
 583854
 583666
 583486
 583324
 583214
 583059
 583037
 582570
 582423
 582368
 582159
 582133
 581944
 581937
 581809
 581699
 581677
 581600
 581586
 581391
 581238
 581088
 580854
 580828
 580824
 580666
 580562
 580555
 580513
 580501
 580375
 580375
 580372
 580303
 580229
 580072
 580072
 579964
 579791
 579615
 579569
 579445
 579363
 579352
 579228
 579187
 579171
 579171
 579152
 578935
 578905
 578727
 578724
 578087
 578046
 577918
 577882
 577786
 577728
 577679
 577562
 577299
 577285
 577229
 577132
 576874
 576822
 576740
 576718
 576626
 576536
 576499
 576441
 576323
 575999
 575998
 575967
 575820
 575797
 575734
 575709
 575550
 575539
 575485
 575445
 575374
 575213
 575210
 575171
 575171
 575128
 575070
 574945
 574871
 574830
 574744
 574660
 574413
 574257
 574044
 574013
 573938
 573759
 573718
 573689
 573684
 573655
 573444
 573440
 573333
 573333
 573281
 573093
 573002
 572927
 572775
 572164
 572052
 571984
 571878
 571830
 571807
 571807
 571759
 571692
 571680
 571658
 571469
 571428
 571229
 571143
 571106
 571101
 570964
 570938
 570877
 570851
 570797
 570670
 570525
 570469
 570469
 570391
 570093
 570091
 570077
 569920
 569815
 569732
 569642
 569625
 569503
 569492
 569414
 569377
 569272
 569170
 569126
 569012
 568939
 568871
 568793
 568788
 568765
 568673
 568664
 568662
 568537
 568496
 568447
 568102
 567765
 567632
 567443
 567303
 567223
 567133
 566918
 566871
 566811
 566617
 566563
 566556
 566447
 566293
 566188
 566042
 566023
 566000
 565880
 565785
 565780
 565682
 565634
 565499
 565491
 565335
 565240
 565145
 565121
 564724
 564635
 564601
 564575
 564467
 564364
 564233
 564077
 563876
 563808
 563753
 563605
 563517
 563392
 563311
 562984
 562983
 562903
 562761
 562705
 562582
 562553
 562470
 562425
 562383
 562370
 562107
 562008
 561870
 561834
 561830
 561822
 561752
 561656
 561642
 561524
 561455
 561420
 561403
 561381
 561249
 561248
 561227
 561122
 561111
 561108
 561085
 560836
 560767
 560747
 560700
 560553
 560449
 560427
 560279
 560132
 560121
 559968
 559906
 559865
 559816
 559758
 559717
 559612
 559570
 559562
 559555
 559517
 559497
 559231
 559225
 558929
 558840
 558757
 558529
 558282
 558157
 558028
 557690
 557476
 557456
 557399
 557364
 557251
 557124
 556958
 556830
 556705
 556650
 556451
 556339
 556255
 556222
 556219
 556162
 556159
 556104
 556081
 555922
 555764
 555706
 555689
 555647
 555555
 555111
 554923
 554865
 554677
 554655
 554396
 554216
 554121
 554103
 554079
 554067
 553931
 553789
 553719
 553633
 553605
 553497
 553459
 553459
 553457
 553296
 553189
 553098
 552985
 552934
 552828
 552763
 552623
 552595
 552528
 552519
 552475
 552174
 552026
 551991
 551724
 551709
 551698
 551507
 551234
 551176
 550954
 550766
 550659
 550599
 550451
 550085
 549893
 549886
 549824
 549682
 549542
 549509
 549308
 549109
 548988
 548924
 548827
 548783
 548737
 548609
 548571
 548458
 548456
 548423
 548255
 548162
 548117
 547948
 547910
 547788
 547328
 547213
 547174
 547123
 547023
 546983
 546948
 546762
 546715
 546482
 546333
 546177
 546075
 545983
 545977
 545869
 545844
 545795
 545439
 545423
 545375
 545294
 545226
 544871
 544714
 544713
 544674
 544408
 544245
 544171
 544102
 544067
 543940
 543906
 543897
 543874
 543868
 543855
 543831
 543772
 543520
 543408
 543387
 543244
 543243
 542867
 542857
 542792
 542787
 542667
 542475
 542386
 542312
 542267
 542051
 541982
 541763
 541619
 541493
 541391
 541303
 541023
 541008
 540970
 540945
 540716
 540540
 540303
 540178
 540116
 539799
 539625
 539360
 539344
 539312
 539146
 539092
 538915
 538873
 538750
 538697
 538539
 538391
 538327
 538315
 538282
 537945
 537931
 537645
 537437
 537352
 537016
 536988
 536978
 536907
 536831
 536802
 536764
 536649
 536585
 536585
 536549
 536358
 536253
 536242
 535932
 535919
 535875
 535625
 535564
 535432
 535333
 535162
 535161
 535108
 534936
 534653
 534567
 534178
 534138
 534123
 534064
 534045
 533947
 533902
 533878
 533779
 533724
 533612
 533576
 533401
 533333
 533318
 533253
 533110
 532967
 532797
 532688
 532521
 532347
 532269
 532263
 531994
 531805
 531722
 531342
 531333
 531333
 530964
 530859
 530654
 530559
 530095
 530063
 529969
 529960
 529953
 529889
 529764
 529391
 529046
 528805
 528648
 528582
 528579
 528414
 528232
 528135
 528135
 528014
 528005
 527997
 527844
 527777
 527624
 527559
 527441
 527412
 527398
 527339
 527163
 527046
 526938
 526869
 526810
 526770
 526638
 526616
 526484
 526410
 526321
 526057
 526038
 526036
 525984
 525806
 525773
 525626
 525481
 525455
 525423
 525208
 525110
 525005
 524945
 524647
 524637
 524544
 524492
 524429
 524137
 524035
 523979
 523954
 523927
 523771
 523690
 523395
 523311
 523186
 523162
 523129
 523073
 523008
 522973
 522903
 522882
 522673
 522552
 522382
 522167
 521893
 521753
 521741
 521722
 521379
 521294
 521129
 521126
 521113
 521049
 521042
 520930
 520623
 520602
 520566
 520377
 520334
 520241
 520233
 520167
 519669
 519447
 519445
 519443
 519116
 519055
 519050
 518972
 518953
 518936
 518852
 518839
 518737
 518717
 518650
 518631
 518384
 518323
 518207
 518115
 518054
 518050
 517985
 517852
 517733
 517230
 517176
 517137
 517118
 517107
 517017
 517016
 517011
 516984
 516921
 516871
 516870
 516646
 516581
 516367
 516126
 516106
 516059
 516054
 515969
 515789
 515735
 515524
 515314
 514938
 514879
 514802
 514770
 514735
 514694
 514685
 514588
 514578
 514506
 514116
 514045
 513951
 513938
 513866
 513816
 513790
 513642
 513596
 513387
 513341
 513200
 513184
 513172
 513141
 512922
 512890
 512761
 512748
 512575
 512546
 512476
 512427
 512318
 512294
 512227
 512225
 512133
 512000
 511997
 511949
 511941
 511833
 511813
 511694
 511592
 511509
 511197
 511021
 510952
 510897
 510860
 510828
 510823
 510660
 510648
 510561
 510487
 510437
 510381
 510366
 510352
 510103
 509803
 509586
 509580
 509420
 509420
 509417
 509361
 509332
 509096
 508861
 508749
 508728
 508629
 508535
 508527
 508517
 508488
 508445
 508438
 508292
 508272
 508081
 507982
 507977
 507836
 507809
 507713
 507660
 507659
 507641
 507593
 507570
 507344
 507106
 507054
 506818
 506677
 506493
 506374
 506209
 506121
 506107
 505814
 505665
 505606
 505523
 505365
 505271
 505103
 505023
 504900
 504875
 504854
 504822
 504778
 504717
 504533
 504436
 504412
 504305
 504189
 504145
 503988
 503868
 503601
 503506
 503452
 503271
 503180
 503122
 502936
 502923
 502874
 502797
 502704
 502645
 502622
 502470
 502468
 502439
 502361
 502316
 502125
 502023
 501669
 501624
 501515
 501359
 501338
 501270
 501256
 501240
 501204
 500897
 500892
 500786
 500714
 500643
 500573
 500562
 500484
 500431
 500385
 500366
 500280
 500157
 500000
 500000
 499638
 499377
 499316
 498953
 498904
 498869
 498850
 498798
 498763
 498661
 498602
 498550
 498252
 498229
 498189
 498149
 497943
 497834
 497798
 497797
 497670
 497565
 497373
 497343
 497290
 497290
 497289
 497125
 497083
 497003
 496904
 496868
 496846
 496752
 496485
 496447
 496408
 496388
 496378
 496191
 496032
 495915
 495911
 495867
 495808
 495611
 495481
 495428
 495369
 495250
 495248
 495167
 495126
 495062
 495051
 494983
 494761
 494744
 494488
 494469
 494439
 494377
 494351
 494291
 494204
 493881
 493873
 493868
 493852
 493794
 493631
 493313
 493268
 493113
 493101
 492957
 492908
 492890
 492662
 492657
 492635
 492497
 492451
 492284
 492184
 492029
 491933
 491894
 491867
 491280
 491191
 491174
 491054
 490984
 490941
 490909
 490711
 490699
 490497
 490375
 490332
 490254
 490164
 489913
 489903
 489795
 489668
 488977
 488940
 488913
 488800
 488607
 488423
 488390
 488328
 488287
 488249
 488217
 487895
 487860
 487849
 487848
 487822
 487650
 487588
 487421
 487407
 487036
 486986
 486915
 486573
 486488
 486466
 486449
 486376
 486357
 486267
 485979
 485917
 485838
 485825
 485788
 485714
 485714
 485598
 485561
 485463
 485368
 485356
 485314
 484978
 484957
 484926
 484887
 484791
 484740
 484714
 484692
 484541
 484536
 484530
 484431
 484416
 484410
 484384
 484361
 484276
 484190
 484183
 484087
 483777
 483726
 483692
 483648
 483230
 483171
 483115
 482942
 482904
 482854
 482832
 482701
 482349
 482216
 481980
 481967
 481879
 481858
 481568
 481543
 481502
 481420
 481233
 481107
 481077
 481002
 480937
 480786
 480668
 480615
 480415
 480385
 480292
 480235
 479985
 479877
 479876
 479803
 479800
 479720
 479686
 479580
 479441
 479383
 479251
 479226
 479189
 479185
 478843
 478832
 478807
 478751
 478611
 478601
 478601
 478549
 478520
 478493
 478478
 478432
 478424
 478399
 478341
 478340
 478320
 478187
 478078
 477947
 477927
 477767
 477761
 477760
 477723
 477663
 477397
 477248
 477078
 476777
 476654
 476593
 476591
 476446
 476392
 476276
 476116
 476105
 475822
 475756
 475675
 475529
 475433
 475294
 475279
 475261
 475256
 475246
 475134
 475109
 475079
 474844
 474828
 474763
 474683
 474662
 474523
 474499
 474483
 474461
 474378
 474349
 474314
 474308
 474253
 474209
 474188
 474161
 474074
 474004
 473983
 473971
 473878
 473294
 473282
 473053
 473035
 472991
 472738
 472596
 472562
 472527
 472429
 472353
 472335
 472249
 472117
 472071
 471835
 471763
 471759
 471705
 471705
 471698
 471658
 471482
 471409
 471397
 471335
 471294
 470839
 470717
 470514
 470510
 470392
 470313
 470312
 470251
 469879
 469857
 469764
 469586
 469482
 469308
 469286
 469273
 469128
 469091
 469058
 468993
 468502
 468479
 468353
 468232
 468175
 468016
 467680
 467595
 467561
 467483
 467479
 467370
 467153
 467108
 467007
 466981
 466889
 466582
 466467
 466370
 466334
 466229
 466098
 466088
 465977
 465631
 465578
 465559
 465488
 465467
 465422
 465335
 465296
 464871
 464833
 464668
 464646
 464606
 464574
 464555
 464325
 464312
 464299
 464285
 464251
 464239
 463992
 463744
 463484
 463424
 463082
 463022
 462875
 462805
 462782
 462709
 462708
 462269
 462174
 462124
 462039
 461505
 461456
 461432
 461366
 461354
 461353
 461232
 461158
 461038
 461036
 460972
 460961
 460886
 460866
 460857
 460766
 460725
 460717
 460714
 460627
 460592
 460541
 460475
 460376
 460284
 460253
 460198
 460147
 460017
 459763
 459627
 459439
 459426
 459417
 459299
 459284
 459259
 459232
 459166
 459096
 458919
 458889
 458831
 458612
 458461
 458390
 458380
 458344
 458333
 458278
 458278
 458186
 458027
 457880
 457787
 457782
 457659
 457337
 457297
 457260
 457230
 457103
 457008
 456996
 456796
 456767
 456398
 456038
 455998
 455961
 455822
 455770
 455742
 455639
 455600
 455565
 455552
 455406
 455405
 455077
 455044
 454976
 454745
 454428
 454341
 454317
 454253
 454160
 454154
 454019
 453987
 453910
 453906
 453855
 453842
 453803
 453741
 453687
 453676
 453673
 453560
 453512
 453504
 453445
 453356
 453307
 453287
 453250
 453173
 453109
 452703
 452580
 452410
 452359
 452326
 452172
 452069
 451994
 451596
 451544
 451519
 451473
 451268
 451188
 451187
 450853
 450614
 450593
 450566
 450495
 450456
 450437
 450307
 450251
 450249
 450172
 450018
 449884
 449804
 449781
 449725
 449653
 449642
 449476
 449117
 449083
 449007
 448910
 448903
 448486
 448318
 448309
 448275
 447953
 447811
 447743
 447655
 447579
 447566
 447513
 447432
 447299
 447111
 446783
 446707
 446381
 446255
 446250
 445926
 445695
 445662
 445578
 444970
 444766
 444673
 444606
 444590
 444539
 444536
 444512
 444494
 444444
 444238
 444024
 444006
 443860
 443661
 443564
 443526
 443478
 443316
 443232
 443076
 443030
 442845
 442806
 442742
 442724
 442612
 442304
 442266
 442237
 442211
 441998
 441986
 441832
 441738
 441726
 441558
 441436
 441278
 441035
 440934
 440818
 440731
 440520
 440476
 440214
 440165
 440070
 440032
 440028
 440000
 439913
 439823
 439670
 439567
 439560
 439331
 439311
 439192
 439128
 438935
 438686
 438583
 438583
 438474
 438321
 438302
 438188
 438108
 437992
 437696
 437614
 437607
 437527
 437500
 437205
 437106
 436974
 436901
 436733
 436593
 436456
 436399
 436376
 436254
 435903
 435728
 435590
 435575
 435510
 435444
 435134
 435092
 435021
 434883
 434727
 434726
 434711
 434701
 434632
 434599
 434397
 434385
 434379
 434189
 434170
 434131
 434125
 433851
 433798
 433789
 433773
 433745
 433536
 433487
 433307
 433184
 433102
 432870
 432706
 432697
 432575
 432525
 432521
 432450
 432380
 432341
 432312
 432204
 432128
 432128
 431760
 431744
 431578
 431532
 431461
 431441
 431372
 431339
 431239
 431203
 431018
 430986
 430779
 430728
 430695
 430592
 430363
 430306
 430282
 430269
 429979
 429772
 429747
 429687
 429532
 429489
 429334
 429167
 429161
 429017
 428984
 428924
 428434
 428387
 427963
 427941
 427735
 427671
 427284
 427189
 427181
 427136
 427055
 426933
 426800
 426342
 426325
 426142
 426065
 425835
 425802
 425782
 425597
 425560
 425413
 425406
 425381
 425343
 425326
 425151
 425128
 425039
 424951
 424947
 424810
 424762
 424746
 424647
 424577
 424563
 424539
 424514
 424258
 424074
 423946
 423897
 423789
 423487
 423455
 423369
 423310
 423152
 422782
 422687
 422610
 422576
 422570
 422365
 422362
 422343
 422104
 422066
 422025
 421999
 421926
 421875
 421854
 421486
 421478
 421418
 421342
 421331
 421108
 421091
 421058
 421052
 420794
 420587
 420448
 420429
 420361
 420140
 420121
 420108
 420023
 419946
 419942
 419889
 419808
 419703
 419662
 419588
 419370
 419116
 418970
 418808
 418790
 418738
 418604
 418554
 418522
 418375
 418374
 418244
 418160
 418031
 418025
 418016
 417929
 417910
 417864
 417582
 417520
 417510
 417459
 417457
 417303
 417285
 417122
 417005
 416970
 416904
 416864
 416815
 416706
 416495
 416487
 416373
 416244
 416114
 416063
 416038
 415940
 415718
 415697
 415472
 415437
 415380
 415075
 415064
 415062
 414965
 414947
 414863
 414852
 414723
 414687
 414634
 414473
 414248
 414223
 413892
 413660
 413657
 413644
 413611
 413587
 413305
 413064
 413034
 412798
 412684
 412677
 412655
 412556
 412376
 412360
 412197
 412135
 412125
 412089
 411851
 411764
 411743
 411704
 411663
 411641
 411635
 411499
 411233
 411221
 411210
 411187
 411149
 411141
 411107
 411050
 410994
 410623
 410620
 410431
 410272
 410265
 410166
 410047
 409965
 409921
 409907
 409844
 409569
 409448
 409398
 409258
 409224
 409221
 409112
 408945
 408881
 408833
 408752
 408712
 408623
 408588
 408540
 408118
 407970
 407709
 407393
 407364
 407098
 407035
 406995
 406842
 406805
 406549
 406466
 406276
 406054
 405962
 405959
 405940
 405854
 405748
 405495
 405405
 405269
 405201
 405034
 404927
 404630
 404593
 404212
 404172
 404021
 404014
 403996
 403991
 403986
 403828
 403595
 403526
 403454
 403425
 403294
 403035
 402807
 402800
 402588
 402476
 402134
 402060
 402032
 402008
 401869
 401679
 401665
 401645
 401615
 401535
 401383
 401326
 401299
 401253
 401110
 401016
 401015
 400906
 400875
 400868
 400730
 400625
 400460
 400429
 400262
 400228
 400049
 399999
 399934
 399912
 399865
 399798
 399773
 399649
 399506
 399482
 399463
 399401
 399305
 399036
 398977
 398914
 398822
 398773
 398535
 398212
 398138
 397674
 397533
 397515
 397457
 397391
 397166
 397038
 396820
 396804
 396795
 396702
 396644
 396605
 396575
 396565
 396474
 396226
 396144
 396072
 396020
 395978
 395815
 395749
 395557
 395197
 394904
 394879
 394597
 394419
 394224
 394211
 394185
 394126
 393971
 393920
 393893
 393700
 393487
 393442
 393291
 393277
 393189
 393150
 392988
 392941
 392887
 392864
 392858
 392771
 392721
 392697
 392578
 392564
 392521
 392468
 392442
 392405
 392388
 392273
 392214
 392143
 392081
 391967
 391912
 391849
 391753
 391664
 391622
 391601
 391575
 391566
 391366
 391312
 391275
 391222
 391194
 391193
 391159
 391049
 390950
 390929
 390476
 390444
 390371
 390346
 390331
 390243
 390156
 390143
 390029
 389783
 389770
 389628
 389608
 389503
 389312
 389233
 388944
 388942
 388787
 388549
 388466
 388283
 388024
 387836
 387822
 387811
 387574
 387460
 387161
 387128
 387096
 386989
 386985
 386963
 386495
 386287
 386195
 386162
 385884
 385818
 385607
 385542
 385488
 385341
 385294
 385277
 385255
 385005
 384991
 384853
 384793
 384789
 384769
 384736
 384615
 384607
 384565
 384441
 384136
 384055
 383997
 383947
 383933
 383685
 383675
 383619
 383564
 383512
 383468
 383408
 383198
 383173
 383105
 382196
 382132
 381894
 381748
 381733
 381691
 381443
 381329
 381311
 381258
 381128
 381018
 380837
 380590
 380361
 380354
 380295
 380136
 379722
 379620
 379442
 379310
 379291
 379224
 379120
 379014
 378992
 378947
 378942
 378869
 378799
 378746
 378607
 378427
 378421
 378347
 378308
 378280
 378131
 377599
 377562
 377505
 377300
 377230
 377218
 377114
 377093
 377031
 376924
 376913
 376807
 376743
 376599
 376596
 376492
 376290
 376226
 376217
 376183
 376025
 375924
 375772
 375713
 375607
 375454
 375451
 375432
 375414
 375339
 375269
 375265
 375179
 375121
 375046
 375010
 374936
 374877
 374816
 374741
 374642
 374581
 374554
 374507
 374421
 374273
 374262
 374040
 374015
 373902
 373630
 373574
 373554
 373540
 373411
 373297
 373292
 373255
 373158
 373115
 372959
 372854
 372572
 372479
 372226
 372190
 371720
 371517
 371383
 371267
 371202
 370815
 370800
 370750
 370706
 370485
 370349
 370027
 370024
 369967
 369863
 369715
 369478
 369376
 369269
 369262
 369117
 369087
 368974
 368866
 368625
 368529
 368521
 368464
 368404
 368357
 368322
 368260
 368196
 368186
 368045
 367978
 367862
 367539
 367405
 367379
 367364
 367272
 367201
 367088
 367069
 366948
 366539
 366530
 366259
 365938
 365883
 365853
 365692
 365577
 365512
 365289
 365222
 365121
 365051
 364792
 364527
 364452
 364429
 363889
 363851
 363785
 363745
 363654
 363639
 363636
 363521
 363481
 363209
 362997
 362778
 362765
 362560
 362384
 362330
 362324
 362285
 362075
 362043
 361792
 361723
 361676
 361613
 361491
 361445
 361445
 361443
 361294
 361223
 361093
 361013
 360975
 360922
 360864
 360620
 360523
 360221
 360097
 360094
 360085
 360058
 359874
 359870
 359774
 359687
 359492
 359442
 359334
 359329
 359073
 359057
 358991
 358974
 358951
 358928
 358720
 358688
 358685
 358685
 358615
 358571
 358568
 358466
 358113
 358107
 358107
 358096
 357826
 357735
 357728
 357716
 357710
 357632
 357626
 357375
 357262
 357259
 357227
 356660
 356616
 356521
 356506
 356501
 356357
 356354
 356315
 356229
 355832
 355778
 355649
 355555
 355149
 355048
 355008
 354618
 354480
 354309
 354134
 353842
 353766
 353762
 353594
 353593
 353587
 353559
 353325
 353293
 353276
 353276
 353152
 353122
 352964
 352868
 352845
 352716
 352650
 352566
 352451
 352376
 352289
 352186
 352139
 351955
 351564
 351506
 351484
 351321
 351274
 351192
 351101
 351083
 351023
 350985
 350916
 350794
 350786
 350597
 350584
 350478
 350150
 350026
 349910
 349844
 349809
 349789
 349693
 349660
 349643
 349618
 349614
 349602
 349388
 349136
 349074
 349019
 348867
 348700
 348634
 348632
 348392
 348379
 348360
 348109
 348017
 347993
 347947
 347675
 347571
 347566
 347435
 347320
 347312
 347256
 347230
 347200
 347123
 346973
 346959
 346946
 346878
 346673
 346627
 346515
 346358
 346335
 346110
 346108
 345915
 345915
 345806
 345700
 345686
 345420
 345379
 345271
 345109
 345039
 345002
 344837
 344796
 344787
 344549
 344307
 344262
 344123
 344069
 344061
 343963
 343952
 343818
 343657
 343598
 343536
 343432
 343095
 343081
 343055
 343048
 343045
 343003
 342806
 342744
 342735
 342707
 342657
 342655
 342614
 342583
 342571
 342563
 342479
 342455
 342284
 342195
 342022
 342010
 341894
 341860
 341775
 341695
 341510
 341485
 341448
 341392
 341372
 341210
 341204
 341152
 341013
 341010
 340982
 340725
 340718
 340665
 340495
 340458
 340344
 340298
 340231
 340156
 340128
 340035
 340012
 339979
 339913
 339740
 339674
 339610
 339449
 339446
 339364
 339347
 339261
 339054
 338624
 338598
 338381
 338366
 338165
 337948
 337903
 337778
 337698
 337487
 336971
 336966
 336829
 336686
 336593
 336585
 336487
 336409
 336396
 336372
 336297
 336283
 336210
 336077
 336000
 335931
 335852
 335654
 335329
 335187
 335159
 335119
 335111
 335091
 334787
 334770
 334322
 334318
 334225
 334173
 334077
 333801
 333333
 333333
 333333
 333116
 333098
 332807
 332447
 332382
 332381
 332345
 332197
 332051
 331518
 331500
 331463
 331385
 331323
 331011
 330935
 330838
 330808
 330745
 330719
 330515
 330483
 330143
 330004
 329982
 329902
 329886
 329801
 329739
 329664
 329562
 329442
 329411
 329218
 329217
 329073
 329070
 329038
 328976
 328781
 328643
 328555
 328523
 328523
 328346
 328311
 328099
 328067
 328031
 327846
 327697
 327675
 327627
 327512
 327268
 327258
 327169
 327024
 326889
 326599
 326587
 326319
 326282
 326216
 326154
 325775
 325768
 325747
 325543
 325322
 325198
 325130
 324826
 324658
 324434
 324339
 324253
 324147
 324116
 323992
 323913
 323712
 323691
 323534
 323450
 323395
 323297
 323294
 323275
 323211
 323162
 323107
 322953
 322947
 322941
 322865
 322805
 322721
 322652
 322648
 322600
 322557
 322283
 321656
 321590
 321169
 321100
 320579
 320546
 320433
 320220
 320097
 319963
 319938
 319532
 319482
 319448
 319448
 319407
 319321
 319243
 319160
 319148
 319117
 319084
 319042
 319039
 318743
 318610
 318587
 318509
 318475
 318345
 318304
 318181
 318168
 318038
 317991
 317929
 317914
 317703
 317679
 317478
 317439
 317404
 317351
 317275
 317145
 316907
 316883
 316777
 316756
 316368
 316360
 316328
 316275
 316192
 316134
 316093
 316027
 315734
 315667
 315608
 315485
 315397
 315200
 315089
 315059
 314917
 314882
 314836
 314834
 314652
 314446
 314049
 313957
 313924
 313698
 313618
 313477
 313459
 313188
 313168
 313104
 313050
 312937
 312775
 312772
 312642
 312626
 312538
 312457
 312199
 312184
 311984
 311935
 311827
 311750
 311727
 311647
 311428
 311328
 311300
 311222
 311218
 311059
 310815
 310761
 310539
 310437
 310297
 310271
 310080
 309963
 309782
 309697
 309678
 309584
 309433
 309267
 309192
 309190
 309190
 309122
 308855
 308720
 308637
 308620
 308614
 308607
 308418
 308373
 308242
 308203
 308098
 307942
 307574
 307245
 307061
 307058
 306954
 306790
 306741
 306623
 306623
 306532
 306500
 306141
 306122
 306095
 305954
 305950
 305619
 305556
 305351
 305163
 305025
 304692
 304653
 304600
 304464
 304461
 304431
 304418
 304388
 304383
 304375
 304317
 304294
 304250
 304247
 304237
 303939
 303939
 303926
 303867
 303727
 303622
 303508
 303314
 303225
 303178
 303128
 303055
 302924
 302738
 302635
 302518
 302507
 301909
 301897
 301874
 301818
 301707
 301630
 301476
 301408
 301207
 301177
 301071
 301023
 300917
 300569
 300540
 300529
 300503
 300492
 300429
 300180
 300177
 300047
 299913
 299912
 299838
 299837
 299686
 299669
 299641
 299487
 299173
 298969
 298712
 298522
 298157
 298122
 298034
 298026
 298020
 297639
 297575
 297392
 297279
 297123
 297079
 296803
 296637
 296619
 296449
 296383
 296342
 296196
 296175
 296108
 296056
 295867
 295837
 295525
 295479
 295416
 295373
 295316
 295180
 295164
 295063
 295045
 295015
 294824
 294398
 294386
 294335
 294290
 294238
 294214
 294171
 294117
 294085
 293773
 293695
 293588
 293384
 293183
 293135
 293027
 292993
 292937
 292908
 292723
 292682
 292446
 292376
 292332
 292191
 292124
 292085
 292055
 292032
 291890
 291828
 291623
 291564
 291410
 291200
 291079
 290932
 290843
 290771
 290590
 290502
 290388
 290179
 289971
 289889
 289855
 289800
 289680
 289584
 289539
 289340
 289299
 289270
 289258
 289237
 289139
 289110
 288761
 288695
 288624
 288392
 288146
 288074
 287959
 287935
 287780
 287734
 287669
 287659
 287571
 287444
 287440
 286977
 286938
 286875
 286851
 286825
 286758
 286751
 286717
 286676
 286658
 286463
 286436
 286178
 285984
 285949
 285849
 285737
 285714
 285714
 285398
 285184
 285082
 285044
 284942
 284883
 284746
 284729
 284606
 284582
 284413
 284336
 284296
 284255
 284217
 284205
 284130
 283895
 283882
 283732
 283446
 283328
 283248
 283147
 283027
 282957
 282852
 282696
 282454
 282361
 281997
 281656
 281647
 281611
 281294
 281293
 281236
 281210
 281089
 281031
 280886
 280865
 280802
 280769
 280708
 280471
 280437
 280427
 280263
 280229
 280193
 280177
 280175
 279999
 279325
 279295
 279278
 279010
 278988
 278820
 278787
 278532
 278531
 278386
 277981
 277777
 277742
 277736
 277725
 277680
 277644
 277533
 277473
 277248
 277108
 277107
 277056
 277053
 277032
 277020
 276720
 276597
 276493
 276161
 276075
 276057
 275923
 275885
 275535
 275413
 275399
 275334
 275229
 275148
 275120
 275077
 274942
 274941
 274745
 274688
 274655
 274637
 274591
 274527
 274446
 274302
 274245
 274191
 274123
 274014
 273916
 273631
 273594
 273560
 273422
 273386
 273378
 273254
 273215
 273137
 273014
 272925
 272849
 272737
 272476
 272223
 272195
 272133
 272053
 271895
 271769
 271765
 271604
 271560
 271553
 271466
 271444
 271423
 271413
 271366
 271256
 271084
 271039
 271030
 270865
 270784
 270557
 270531
 270522
 270463
 270358
 270313
 270270
 270181
 270116
 270088
 270076
 270072
 269988
 269908
 269901
 269900
 269896
 269801
 269769
 269752
 269728
 269495
 269451
 269395
 269315
 269115
 269036
 268760
 268668
 268656
 268656
 268644
 268395
 268334
 268292
 268170
 268048
 267836
 267710
 267698
 267668
 267426
 267387
 267269
 267115
 267082
 266900
 266716
 266607
 266296
 266141
 266044
 266013
 265987
 265919
 265885
 265726
 265609
 265330
 265192
 264836
 264728
 264570
 264550
 264291
 264289
 264114
 264107
 264100
 264063
 263926
 263816
 263755
 263660
 263660
 263639
 263565
 263565
 263545
 263467
 262826
 262630
 262413
 262380
 262375
 262203
 261920
 261765
 261764
 261747
 261538
 261447
 261044
 261031
 261004
 261003
 260957
 260869
 260550
 260479
 260215
 260202
 260017
 259882
 259857
 259530
 259501
 259259
 259068
 259050
 258946
 258938
 258864
 258853
 258550
 258488
 258241
 258153
 257969
 257776
 257654
 257543
 257396
 257375
 257343
 257199
 257126
 256958
 256931
 256851
 256683
 256548
 256490
 256487
 256049
 255936
 255785
 255782
 255700
 255570
 255478
 255396
 255355
 255208
 255173
 255038
 254881
 254850
 254519
 254226
 254052
 253719
 253647
 253602
 253545
 253543
 253542
 253504
 253425
 253381
 253327
 253263
 253113
 253081
 252962
 252768
 252734
 252662
 252614
 252452
 252432
 252351
 252200
 252192
 252054
 251861
 251612
 251598
 251529
 251519
 250983
 250904
 250837
 250618
 250577
 250470
 250348
 250027
 250000
 250000
 249957
 249920
 249893
 249791
 249665
 249451
 249376
 249084
 249079
 249054
 248960
 248856
 248704
 248586
 248578
 248466
 248377
 248280
 248261
 248226
 248050
 247932
 247891
 247843
 247734
 247603
 247538
 247484
 247482
 247271
 247177
 247127
 247038
 247021
 247004
 246995
 246780
 246638
 246387
 246307
 245933
 245660
 245540
 245517
 245446
 245431
 245343
 245217
 245134
 244820
 244761
 244680
 244679
 244527
 244501
 244475
 244456
 244454
 244273
 244217
 244217
 244083
 244038
 243874
 243603
 243549
 243453
 243400
 243279
 243243
 243212
 243186
 243173
 243161
 243055
 242964
 242879
 242720
 242606
 242552
 242538
 242490
 242361
 242339
 242269
 241791
 241715
 241622
 241608
 241573
 241554
 241171
 241117
 241111
 241035
 240965
 240916
 240846
 240846
 240831
 240704
 240574
 240530
 240499
 240455
 240171
 240136
 239928
 239861
 239615
 239451
 239436
 239369
 239354
 239353
 239223
 239209
 239207
 239056
 239005
 238965
 238901
 238759
 238731
 238672
 238401
 238387
 238270
 238251
 238153
 238128
 238043
 237796
 237507
 237449
 237337
 237288
 237138
 237126
 237075
 236957
 236828
 236728
 236352
 236276
 236122
 235937
 235702
 235679
 235602
 235481
 235409
 235404
 235294
 235232
 234920
 234887
 234879
 234805
 234440
 234347
 234099
 234063
 233997
 233962
 233959
 233918
 233868
 233832
 233546
 233379
 233362
 233352
 233039
 232786
 232722
 232638
 232607
 232543
 232530
 232465
 232130
 232068
 231939
 231895
 231719
 231685
 231327
 231041
 231033
 230859
 230769
 230671
 230641
 230624
 230592
 230556
 230509
 230394
 230329
 230184
 230158
 230073
 230044
 229830
 229654
 229464
 229395
 229135
 228738
 228558
 228373
 228302
 228239
 227989
 227945
 227893
 227794
 227789
 227675
 227633
 227633
 227458
 227291
 227115
 226732
 226672
 226649
 226494
 226490
 226470
 226304
 226110
 225979
 225884
 225615
 225539
 225352
 225297
 225198
 225183
 225032
 224962
 224917
 224880
 224848
 224792
 224560
 224451
 224412
 224260
 224235
 223880
 223849
 223734
 223687
 223533
 223523
 223408
 223376
 223337
 223155
 222828
 222809
 222791
 222650
 222520
 222255
 222166
 222093
 222062
 221998
 221878
 221831
 221800
 221755
 221719
 221507
 221459
 221312
 221295
 221167
 221120
 220918
 220885
 220868
 220858
 220850
 220835
 220737
 220679
 220639
 220533
 220422
 220310
 220168
 220011
 219947
 219942
 219860
 219810
 219770
 219750
 219744
 219687
 219651
 219591
 219505
 219314
 219158
 218801
 218790
 218760
 218528
 218390
 218306
 218181
 217994
 217954
 217582
 217496
 217353
 217223
 217207
 217127
 217090
 217075
 217062
 217013
 216979
 216901
 216807
 216776
 216628
 216578
 216558
 216494
 216490
 216396
 216140
 215875
 215723
 215512
 215411
 215404
 215016
 214949
 214629
 214173
 214172
 214059
 214010
 213962
 213651
 213598
 213542
 213464
 213406
 213316
 213265
 213148
 213137
 213108
 213089
 213043
 213019
 212938
 212792
 212507
 212368
 212324
 212230
 212227
 212159
 212121
 211995
 211922
 211685
 211634
 211613
 211489
 211454
 211443
 211424
 211315
 211290
 211214
 211153
 211062
 210985
 210574
 210461
 210167
 210071
 209972
 209902
 209730
 209700
 209567
 209444
 209373
 209293
 209241
 209206
 209001
 208705
 208691
 208593
 208192
 208130
 207977
 207845
 207834
 207806
 207646
 207516
 207493
 207369
 207360
 207298
 207289
 207217
 207213
 207152
 206981
 206926
 206802
 206718
 206703
 206655
 206653
 206581
 206559
 206536
 206477
 206475
 206210
 206169
 206114
 205941
 205837
 205821
 205674
 205486
 205485
 205375
 205314
 205248
 205233
 205183
 205128
 204717
 204678
 204616
 204532
 204081
 203721
 203645
 203564
 203532
 203522
 203501
 203316
 203190
 203187
 203073
 203007
 202918
 202882
 202552
 202533
 202416
 202352
 202308
 202170
 202072
 201976
 201590
 201565
 201550
 201450
 201310
 201114
 200821
 200671
 200658
 200582
 200385
 200339
 200317
 200000
 200000
 200000
 199999
 199886
 199714
 199701
 199639
 199501
 199395
 199313
 199194
 198979
 198949
 198924
 198862
 198837
 198449
 198359
 198263
 198116
 198051
 198019
 197994
 197981
 197972
 197948
 197785
 197710
 197441
 197365
 197362
 197313
 197307
 197171
 197017
 197003
 196930
 196898
 196689
 196528
 196418
 196370
 196235
 196204
 196164
 196111
 196094
 196076
 196064
 196050
 195910
 195866
 195564
 195466
 195447
 195322
 195178
 195164
 195133
 195085
 195075
 195067
 195000
 194875
 194848
 194634
 194589
 194498
 194453
 194353
 194232
 194224
 194181
 194113
 194100
 194075
 193984
 193956
 193892
 193796
 193767
 193762
 193712
 193665
 193560
 193495
 193356
 193345
 193307
 193195
 193091
 192982
 192853
 192820
 192796
 192557
 192537
 192481
 192474
 192462
 192425
 192326
 192304
 192181
 192170
 192082
 191831
 191697
 191392
 191228
 191137
 190737
 190583
 190454
 190395
 190206
 190205
 190192
 190133
 189914
 189843
 189828
 189748
 189602
 189289
 189162
 188968
 188841
 188770
 188652
 188598
 188271
 188186
 188177
 188142
 188118
 188079
 187851
 187737
 187699
 187613
 187155
 187079
 187002
 186874
 186846
 186835
 186807
 186758
 186746
 186615
 186574
 186216
 186046
 186017
 185942
 185732
 185682
 185634
 185526
 185399
 185356
 185301
 185255
 185243
 185140
 184955
 184951
 184615
 184611
 184537
 184511
 184507
 184339
 184234
 184216
 184089
 184082
 184043
 183973
 183970
 183911
 183819
 183776
 183673
 183619
 183516
 183495
 182547
 182446
 182372
 182371
 182334
 182203
 182184
 181988
 181947
 181869
 181851
 181716
 181599
 181597
 181592
 181470
 181396
 181250
 180932
 180904
 180874
 180789
 180775
 180751
 180359
 180191
 179894
 179676
 179610
 179289
 179286
 179172
 179050
 178890
 178809
 178734
 178663
 178651
 178573
 178533
 178415
 178403
 178399
 178190
 178154
 178071
 178057
 178024
 178016
 178009
 177685
 177661
 177372
 177367
 177261
 177080
 177008
 176928
 176913
 176893
 176839
 176807
 176515
 176470
 176435
 176328
 176194
 176168
 176165
 176088
 175974
 175812
 175804
 175665
 175647
 175637
 175429
 175356
 175300
 175270
 175000
 174999
 174923
 174683
 174679
 174627
 174434
 174271
 174216
 174089
 174081
 174039
 174017
 173996
 173942
 173913
 173655
 173483
 173157
 173072
 173046
 173039
 172780
 172482
 172417
 172241
 172064
 171943
 171930
 171587
 171537
 171415
 171380
 171274
 171131
 171067
 170953
 170804
 170775
 170760
 170578
 170549
 170537
 170463
 170415
 170082
 170052
 170028
 170016
 169878
 169816
 169726
 169704
 169675
 169663
 169469
 169458
 169410
 169298
 169259
 169236
 169225
 169188
 169012
 168923
 168718
 168348
 168185
 168185
 167894
 167874
 167741
 167416
 167384
 167312
 167011
 166919
 166916
 166856
 166697
 166666
 166555
 166384
 166275
 166179
 166156
 166118
 165960
 165556
 165367
 165358
 165340
 165232
 164783
 164755
 164606
 164382
 164382
 164305
 164027
 164005
 163949
 163624
 163622
 163575
 163558
 163518
 163468
 163464
 163412
 163296
 163029
 162751
 162659
 162616
 162551
 162544
 162537
 162507
 162459
 162136
 162082
 162060
 161923
 161920
 161801
 161776
 161667
 161633
 161506
 161484
 161468
 161286
 161273
 161137
 161031
 160990
 160783
 160728
 160589
 160566
 160548
 160458
 160393
 160387
 160387
 160127
 159999
 159863
 159849
 159843
 159827
 159618
 159552
 159496
 159486
 159322
 159259
 159223
 159011
 158887
 158812
 158730
 158630
 158528
 158341
 158135
 158003
 157894
 157877
 157721
 157608
 157536
 157495
 157483
 157459
 157429
 157380
 157232
 157184
 157056
 156917
 156901
 156896
 156834
 156766
 156765
 156623
 156495
 156474
 155536
 155490
 155480
 155259
 155080
 155071
 155022
 154667
 154378
 154311
 154185
 154167
 154145
 153952
 153606
 153572
 153496
 153461
 153453
 153294
 153153
 153147
 153008
 152924
 152909
 152770
 152572
 152493
 152463
 152443
 152436
 152412
 152259
 152223
 152137
 152003
 151909
 151633
 151595
 151355
 151291
 151231
 150984
 150853
 150747
 150579
 150439
 150395
 150261
 150196
 150163
 149974
 149947
 149854
 149844
 149687
 149675
 149635
 149606
 149574
 149196
 149058
 149018
 149004
 148936
 148657
 148641
 148634
 148559
 148558
 148514
 148499
 148480
 148453
 148417
 148212
 148183
 147924
 147862
 147400
 147189
 147161
 147041
 146993
 146913
 146777
 146715
 146587
 146312
 146272
 146146
 145993
 145993
 145712
 145634
 145478
 145262
 145212
 145049
 144729
 144531
 144379
 144338
 144241
 144094
 143928
 143865
 143804
 143721
 143671
 143433
 143357
 143186
 142958
 142919
 142904
 142746
 142671
 142372
 142329
 142280
 142135
 142121
 142064
 141925
 141855
 141848
 141783
 141725
 141646
 141640
 141449
 141395
 141256
 141230
 141145
 141099
 141085
 141077
 141011
 140919
 140792
 140771
 140741
 140480
 140284
 139669
 139534
 139438
 139338
 139293
 139012
 139009
 138882
 138851
 138739
 138544
 138461
 138344
 138299
 138273
 138013
 137971
 137847
 137772
 137671
 137404
 137060
 136986
 136915
 136909
 136842
 136834
 136772
 136701
 136608
 136522
 136521
 136459
 136439
 136307
 136242
 136111
 136082
 136012
 135974
 135839
 135818
 135694
 135593
 135539
 135365
 135112
 134890
 134872
 134861
 134853
 134802
 134786
 134643
 134636
 134502
 134470
 134419
 134138
 134015
 133994
 133978
 133762
 133750
 133727
 133724
 133657
 133651
 133333
 133178
 133010
 132952
 132943
 132688
 132660
 132622
 132228
 131982
 131846
 131826
 131402
 131172
 130957
 130913
 130913
 130797
 130790
 130735
 130574
 130568
 130434
 130174
 129868
 129825
 129485
 129326
 129094
 129047
 128678
 128604
 128577
 128551
 128445
 128374
 128366
 128324
 128275
 128247
 128230
 128221
 128166
 128102
 128060
 127968
 127910
 127888
 127649
 127545
 127518
 127423
 127107
 127053
 126980
 126941
 126678
 126672
 126523
 126383
 126322
 126257
 125910
 125564
 125408
 125341
 125328
 125259
 125057
 124820
 124764
 124735
 124421
 124176
 124075
 123870
 123853
 123378
 123095
 123060
 122779
 122686
 122644
 122449
 122443
 122342
 122244
 122162
 122053
 122049
 122033
 121996
 121760
 121753
 121072
 121032
 120838
 120792
 120739
 120704
 120684
 120533
 120422
 120413
 120129
 120108
 119865
 119812
 119736
 119658
 119429
 119332
 119226
 119221
 119190
 119141
 119059
 119040
 118985
 118843
 118808
 118713
 118597
 118459
 118457
 118187
 118145
 118092
 118078
 117922
 117872
 117733
 117672
 117544
 117478
 117263
 117230
 117192
 117185
 116895
 116881
 116702
 116532
 116504
 116461
 116395
 116279
 116276
 116275
 116169
 116166
 116011
 115894
 115879
 115876
 115840
 115720
 115637
 115620
 115566
 115514
 115512
 115453
 115411
 115400
 115381
 115373
 115304
 115080
 114943
 114941
 114611
 114433
 114186
 113449
 113402
 113298
 113279
 113224
 113181
 113170
 112988
 112884
 112863
 112855
 112762
 112742
 112697
 112676
 112484
 112469
 112205
 112031
 111979
 111965
 111352
 111264
 111223
 111199
 110972
 110858
 110473
 110407
 110375
 110225
 110149
 110097
 110021
 109798
 109776
 109677
 109608
 109538
 109422
 109373
 109333
 109315
 109279
 109268
 109252
 109210
 109072
 108946
 108605
 108573
 108486
 108415
 108276
 108108
 108048
 108000
 107708
 107692
 107649
 107540
 107322
 107308
 107290
 107258
 107219
 107079
 107041
 106947
 106933
 106921
 106878
 106877
 106811
 106740
 106504
 106362
 106286
 106264
 106250
 106138
 106108
 106048
 105930
 105894
 105816
 105813
 105500
 105478
 105419
 105038
 105009
 104844
 104761
 104722
 104611
 104610
 104472
 104345
 103956
 103906
 103734
 103585
 103512
 103506
 103362
 103155
 103147
 103126
 102950
 102834
 102675
 102631
 102629
 102262
 102069
 102043
 101744
 101736
 101703
 101629
 101403
 101240
 101209
 100772
 100673
 100425
 100379
 100369
 100341
 100201
 100175
 100151
 100061
 99833
 99688
 99646
 99560
 99398
 99360
 99290
 99253
 99173
 99127
 98885
 98856
 98838
 98737
 98663
 98647
 98570
 98274
 98191
 98187
 98169
 98005
 97941
 97792
 97762
 97698
 97680
 97658
 97626
 97521
 97498
 97478
 97465
 97462
 97312
 97261
 97246
 97236
 97165
 97017
 96951
 96935
 96927
 96786
 96768
 96696
 96670
 96632
 96481
 96339
 96224
 95831
 95769
 95466
 95280
 95261
 95238
 95105
 95020
 94913
 94890
 94803
 94537
 94422
 94393
 94263
 94074
 93908
 93903
 93398
 93378
 93333
 92977
 92782
 92751
 92619
 92507
 92415
 92398
 92353
 92297
 92271
 92253
 92229
 92111
 92003
 91988
 91757
 91503
 91249
 91206
 91169
 90909
 90762
 90704
 90698
 90540
 90447
 90370
 90322
 90317
 90151
 89875
 89635
 89407
 89290
 89096
 89056
 89025
 88862
 88815
 88769
 88740
 88685
 88363
 88299
 88269
 88186
 88050
 87870
 87809
 87763
 87248
 87198
 87170
 86956
 86956
 86898
 86893
 86844
 86793
 86612
 86575
 86472
 86234
 86205
 86048
 85910
 85863
 85839
 85826
 85790
 85755
 85754
 85621
 85617
 85573
 85470
 85223
 84860
 84579
 84528
 84489
 84337
 84309
 84175
 84093
 83980
 83943
 83936
 83916
 83743
 83561
 83536
 83412
 83393
 83271
 82895
 82811
 82800
 82764
 82691
 82687
 82578
 82506
 82474
 82445
 82382
 82296
 82228
 82150
 82124
 82119
 82036
 82021
 81992
 81951
 81900
 81756
 81731
 81728
 81600
 81520
 81418
 81409
 81190
 81178
 80957
 80848
 80717
 80702
 80676
 80673
 80649
 80595
 80469
 80447
 80118
 79989
 79900
 79751
 79722
 79581
 79561
 79394
 79355
 79306
 79238
 79151
 79040
 78717
 78706
 78596
 78537
 78506
 78431
 78322
 78112
 78110
 77646
 77511
 77465
 77420
 77269
 77257
 77238
 77121
 76923
 76891
 76867
 76834
 76811
 76630
 76610
 76371
 76319
 76279
 76275
 76162
 75980
 75961
 75850
 75846
 75758
 75723
 75630
 75427
 75417
 75321
 75187
 74862
 74839
 74803
 74800
 74449
 74402
 74074
 73979
 73960
 73822
 73806
 73803
 73728
 73721
 73705
 73273
 73147
 73100
 72979
 72874
 72696
 72576
 72566
 72543
 72511
 72398
 72361
 72339
 72233
 72220
 72026
 71890
 71770
 71737
 71726
 71596
 71467
 71424
 71407
 71348
 71101
 71074
 71072
 71047
 71042
 70815
 70758
 70588
 70588
 70537
 70484
 70446
 70336
 70220
 70217
 70206
 70201
 69987
 69823
 69755
 69693
 69656
 69550
 69547
 69382
 69364
 69347
 69344
 69323
 69289
 69246
 69056
 68903
 68862
 68846
 68846
 68836
 68662
 68648
 68626
 68560
 68310
 68182
 68167
 67971
 67727
 67546
 67508
 67398
 67380
 67315
 67273
 67202
 67163
 67148
 66774
 66773
 66760
 66728
 66650
 66575
 66376
 66330
 66262
 66207
 66115
 66087
 65955
 65803
 65793
 65643
 65581
 65442
 65382
 65293
 65224
 64846
 64671
 64497
 64467
 64415
 64386
 63949
 63834
 63829
 63828
 63636
 63586
 63409
 63211
 63154
 63136
 63129
 63092
 63063
 62912
 62691
 62690
 62508
 62496
 62418
 62377
 62171
 62113
 62092
 62049
 61981
 61627
 61505
 61479
 61360
 61175
 61039
 61027
 60961
 60869
 60626
 60606
 60514
 60482
 60440
 60327
 60285
 60225
 60203
 60160
 60141
 60030
 59979
 59829
 59574
 59307
 59170
 59141
 59052
 59044
 58823
 58823
 58745
 58716
 58589
 58430
 58144
 58057
 57851
 57837
 57799
 57771
 57719
 57607
 57566
 57565
 57471
 57460
 57350
 57247
 57147
 57021
 56912
 56782
 56665
 56644
 56543
 56538
 56485
 56127
 55900
 55865
 55749
 55642
 55376
 55045
 54573
 54494
 54491
 54380
 54378
 54358
 54298
 54257
 54221
 54195
 54112
 54072
 53983
 53883
 53883
 53857
 53756
 53652
 53636
 53622
 53589
 53492
 53475
 53330
 53183
 52877
 52814
 52810
 52664
 52631
 52468
 52386
 52369
 52125
 52061
 51655
 51484
 51458
 51417
 51263
 51213
 51055
 50845
 50814
 50717
 50716
 50628
 50268
 50261
 50108
 50077
 50033
 49982
 49935
 49815
 49789
 49763
 49741
 49660
 49642
 49567
 49462
 49429
 49346
 49282
 49006
 48988
 48768
 48644
 48618
 48588
 48545
 48526
 48438
 48095
 47866
 47763
 47679
 47626
 47588
 47581
 47490
 47382
 47352
 47323
 47295
 47201
 47119
 47058
 46990
 46979
 46957
 46944
 46913
 46781
 46335
 46269
 46259
 46195
 45726
 45436
 45332
 45328
 45094
 44991
 44967
 44902
 44619
 44595
 44383
 44340
 44167
 44041
 43952
 43926
 43871
 43686
 43588
 43534
 43478
 43429
 43395
 43285
 43255
 43212
 43143
 43059
 42886
 42680
 42562
 42377
 42319
 42208
 42176
 42166
 42153
 41983
 41806
 41686
 41641
 41606
 41602
 41576
 41570
 41357
 41308
 41209
 41107
 41033
 40933
 40905
 40837
 40764
 40623
 40559
 40510
 40499
 40427
 40333
 39974
 39950
 39920
 39486
 39464
 39291
 39264
 39153
 39122
 38892
 38874
 38826
 38753
 38610
 38316
 38152
 38147
 38139
 38022
 37814
 37551
 37499
 37465
 37130
 37104
 36908
 36599
 36541
 36446
 36351
 36199
 36196
 36036
 36009
 35936
 35915
 35874
 35616
 35489
 35448
 35327
 35269
 35145
 34958
 34920
 34907
 34868
 34863
 34843
 34810
 34745
 34559
 34548
 34504
 34404
 34356
 34254
 34245
 34240
 34159
 34129
 33910
 33902
 33799
 33649
 33641
 33475
 33220
 33212
 33092
 33005
 32949
 32882
 32642
 32540
 32386
 32256
 32256
 32197
 32177
 32131
 32108
 31960
 31945
 31800
 31698
 31673
 31641
 31578
 31524
 31341
 31072
 31055
 31038
 30796
 30564
 30390
 30132
 30118
 29890
 29789
 29698
 29562
 29486
 29320
 29301
 29153
 28998
 28914
 28825
 28796
 28644
 28623
 28574
 28571
 28535
 28526
 28466
 28239
 28229
 28189
 28169
 28064
 27978
 27953
 27854
 27838
 27802
 27780
 27741
 27250
 27088
 26948
 26787
 26781
 26757
 26715
 26691
 26539
 26490
 26255
 26235
 26114
 26109
 25696
 25694
 25553
 25171
 24999
 24984
 24936
 24474
 24379
 24336
 24302
 24066
 24021
 23981
 23872
 23774
 23746
 23597
 23506
 23462
 23441
 23255
 23075
 23071
 23059
 23011
 22767
 22603
 22589
 22524
 22353
 22329
 22268
 21907
 21755
 21357
 21162
 21022
 20937
 20839
 20642
 20597
 20517
 20397
 20321
 20206
 20055
 19886
 19859
 19792
 19684
 19490
 19246
 19082
 18887
 18788
 18609
 18417
 18136
 18038
 17948
 17859
 17775
 17718
 17456
 17317
 17264
 17075
 16947
 16934
 16711
 16703
 16637
 16614
 16251
 16228
 16200
 16141
 16114
 16070
 15982
 15971
 15950
 15945
 15746
 15746
 15657
 15638
 15497
 15382
 15129
 15129
 15027
 14990
 14883
 14856
 14718
 14653
 14582
 14433
 14378
 13967
 13925
 13892
 13879
 13866
 13833
 13774
 13629
 13403
 13382
 13378
 13083
 12875
 12751
 12373
 12291
 12164
 12093
 11923
 11866
 11805
 11715
 11638
 11626
 11560
 11479
 11413
 11367
 11246
 11137
 11045
 10893
 10589
 10032
 9852
 9720
 9631
 9518
 9479
 9317
 9257
 9177
 9067
 9029
 8955
 8915
 8902
 8857
 8841
 8508
 8434
 8363
 8181
 8114
 8104
 7671
 7592
 7351
 7276
 7165
 6955
 6954
 6850
 6835
 6742
 6650
 6624
 6418
 6214
 5976
 5881
 5689
 5649
 5613
 5587
 5572
 5371
 5370
 5302
 5228
 5109
 5075
 5071
 4747
 4744
 4710
 4623
 4549
 4524
 4446
 4409
 4310
 4090
 4013
 3731
 3503
 3490
 3413
 2963
 2943
 2626
 2570
 2566
 2405
 2385
 2350
 2228
 2144
 2097
 1941
 1917
 1832
 1815
 1769
 1620
 1461
 1372
 1242
 1064
 987
 873
 680
 677
 583
 469
 427
 394
 0
 0
 0
 0
 0
 0
 0
 0
 0
 0
 0
 0
 0
 