99935
 99889
 99836
 99221
 99154
 99100
 99080
 98970
 98944
 98917
 98692
 98649
 98628
 98595
 98463
 98226
 98220
 97971
 97955
 97828
 97735
 97717
 97676
 97668
 97560
 97496
 97488
 97457
 97324
 97198
 97180
 97169
 97083
 97057
 96905
 96829
 96687
 96511
 96232
 96087
 96021
 95978
 95930
 95844
 95819
 95773
 95625
 95402
 95202
 95184
 95180
 95159
 95106
 95105
 94946
 94922
 94915
 94805
 94533
 94466
 94443
 94090
 93976
 93905
 93832
 93694
 93628
 93600
 93597
 93586
 93497
 93408
 93408
 93376
 93330
 93143
 92967
 92815
 92680
 92524
 92381
 92336
 92012
 91942
 91868
 91864
 91747
 91537
 91452
 91395
 91340
 91136
 91061
 90942
 90800
 90784
 90544
 90471
 90438
 90400
 90381
 90092
 90084
 90020
 89982
 89952
 89887
 89802
 89700
 89655
 89603
 89573
 89466
 89402
 89273
 88782
 88691
 88626
 88590
 88571
 88553
 88524
 88271
 88228
 88037
 88036
 88025
 87984
 87942
 87682
 87672
 87611
 87242
 87215
 87210
 87073
 87047
 87036
 87000
 86974
 86875
 86756
 86733
 86636
 86562
 86160
 85788
 85778
 85714
 85568
 85554
 85520
 85264
 85211
 85208
 85207
 85160
 85156
 85004
 84962
 84929
 84849
 84740
 84630
 84568
 84563
 84511
 84413
 84301
 84119
 84040
 83988
 83869
 83589
 83335
 83185
 83174
 83141
 83035
 83035
 82949
 82926
 82831
 82691
 82687
 82638
 82623
 82607
 82584
 82441
 82335
 82273
 82206
 82204
 82182
 82108
 82057
 81888
 81790
 81527
 81407
 81373
 81125
 81114
 80836
 80722
 80555
 80407
 80393
 80287
 80235
 80124
 79926
 79863
 79822
 79731
 79672
 79617
 79594
 79581
 79486
 79362
 79277
 79245
 78991
 78937
 78899
 78890
 78812
 78732
 78595
 78247
 78029
 77903
 77820
 77717
 77492
 77478
 77471
 77288
 77273
 77219
 77219
 77169
 77072
 77030
 76960
 76819
 76683
 76584
 76084
 76041
 75949
 75941
 75778
 75685
 75625
 75557
 75538
 75534
 75300
 75275
 75119
 75096
 75030
 74882
 74638
 74567
 74542
 74505
 74386
 74307
 74272
 74217
 74129
 73934
 73857
 73846
 73820
 73660
 73624
 73624
 73617
 73184
 73183
 73171
 73152
 72920
 72588
 72587
 72375
 72222
 72193
 72068
 71820
 71800
 71799
 71501
 71494
 71368
 71250
 71231
 71147
 71129
 70984
 70641
 70613
 70321
 70194
 70157
 70058
 69994
 69994
 69972
 69967
 69878
 69871
 69724
 69694
 69673
 69560
 69463
 69454
 69362
 69338
 69201
 69185
 69138
 69122
 68947
 68900
 68842
 68812
 68537
 68461
 68424
 68326
 68192
 68179
 67988
 67916
 67834
 67669
 67322
 67277
 67088
 66979
 66961
 66873
 66794
 66689
 66567
 66401
 66091
 65871
 65797
 65791
 65693
 65549
 65373
 65341
 65280
 65259
 65123
 65029
 64999
 64988
 64923
 64901
 64779
 64775
 64775
 64677
 64428
 64313
 64309
 64199
 64180
 64176
 64162
 64033
 63811
 63799
 63731
 63667
 63524
 63349
 63338
 63309
 63159
 63046
 62958
 62932
 62900
 62844
 62788
 62759
 62662
 62646
 62527
 62304
 62219
 62054
 62053
 61850
 61335
 61302
 60863
 60672
 60640
 60544
 60464
 60303
 60125
 60063
 59971
 59971
 59480
 59406
 59387
 59319
 59259
 58978
 58965
 58950
 58940
 58847
 58830
 58823
 58798
 58754
 58639
 58604
 57978
 57800
 57777
 57685
 57675
 57353
 57243
 57086
 56813
 56775
 56511
 56487
 56300
 55889
 55652
 55643
 55616
 55327
 55083
 54793
 54723
 54573
 54348
 54312
 54121
 54068
 54045
 53869
 53846
 53734
 53650
 53422
 53328
 53313
 53072
 52843
 52841
 52653
 52480
 52451
 52450
 52446
 52432
 52199
 52034
 51983
 51975
 51829
 51808
 51509
 51477
 51437
 50984
 50943
 50921
 50909
 50773
 50725
 50672
 50582
 50560
 50531
 50481
 50206
 50126
 49893
 49862
 49837
 49784
 49269
 49228
 49218
 49188
 48850
 48827
 48795
 48466
 48416
 48319
 47984
 47916
 47611
 47462
 47272
 47013
 46963
 46790
 46769
 46592
 46542
 46487
 46478
 46371
 46310
 46266
 46215
 46208
 46177
 46047
 45994
 45914
 45775
 45755
 45711
 45538
 45391
 45370
 45210
 45076
 44511
 44404
 44326
 44305
 44219
 44151
 44070
 44037
 43874
 43867
 43799
 43618
 43610
 43559
 43526
 43415
 43372
 43268
 43259
 43083
 43015
 42709
 42698
 42673
 42603
 42491
 42447
 42436
 42403
 42349
 42319
 42173
 42119
 42094
 42046
 41970
 41856
 41740
 41638
 41622
 41597
 41596
 41562
 41499
 41393
 41333
 41257
 41125
 40907
 40437
 40305
 40250
 40157
 40145
 40111
 40080
 40078
 40017
 39978
 39868
 39400
 39215
 39146
 38870
 38795
 38793
 38559
 38387
 38312
 38255
 38255
 38120
 38082
 38057
 38041
 38032
 37947
 37869
 37781
 37686
 37447
 37409
 37340
 37330
 37288
 37240
 37138
 37052
 36830
 36786
 36713
 36697
 36600
 36578
 36438
 36271
 36236
 36194
 35650
 35573
 35473
 35447
 35196
 35186
 34995
 34921
 34889
 34875
 34792
 34743
 34735
 34678
 34593
 34579
 34333
 34332
 34214
 34163
 34032
 33920
 33851
 33672
 33571
 33446
 33385
 33333
 33215
 32915
 32714
 32708
 32602
 32526
 32520
 32512
 32508
 32080
 32064
 32001
 31790
 31762
 31700
 31509
 31431
 31343
 31319
 31228
 31209
 31207
 31205
 31193
 31176
 31130
 31047
 31010
 30949
 30939
 30882
 30745
 30211
 30145
 30111
 29984
 29916
 29873
 29850
 29694
 29672
 29668
 29479
 29243
 29023
 28896
 28833
 28832
 28719
 28687
 28555
 28533
 28399
 28330
 28287
 28194
 28174
 28141
 28051
 28023
 27939
 27876
 27826
 27767
 27749
 27725
 27710
 27613
 27468
 27397
 27303
 27197
 27071
 27067
 27012
 26895
 26734
 26115
 26007
 25954
 25732
 25634
 25614
 25383
 25325
 25249
 25098
 24841
 24743
 24669
 24559
 24422
 24405
 24336
 24038
 23825
 23805
 23719
 23572
 23323
 23251
 23210
 23101
 23013
 22806
 22695
 22609
 22605
 22338
 22313
 22200
 22068
 21910
 21741
 21658
 21523
 21520
 21505
 21465
 21370
 21311
 21295
 21293
 21283
 21159
 20932
 20768
 20694
 20600
 20543
 20495
 20194
 20048
 20040
 19929
 19626
 19620
 19550
 19492
 19489
 19058
 19024
 19009
 18847
 18834
 18711
 18598
 18561
 18475
 18045
 17904
 17774
 17659
 17441
 17216
 17037
 17014
 16983
 16497
 16425
 16264
 16263
 16218
 16208
 16198
 16155
 16142
 16093
 16072
 16013
 15927
 15873
 15804
 15788
 15535
 15452
 15363
 15350
 15328
 15199
 14814
 14674
 14663
 14605
 14564
 14561
 14245
 14236
 14004
 13974
 13936
 13760
 13754
 13725
 13663
 13530
 13120
 13116
 13026
 12996
 12975
 12918
 12859
 12816
 12691
 12305
 12291
 12244
 12215
 11934
 11815
 11655
 11502
 11376
 11350
 10994
 10937
 10904
 10803
 10774
 10209
 10144
 10143
 10133
 10069
 9951
 9941
 9459
 9353
 9327
 9289
 9065
 8863
 8782
 8716
 8706
 8683
 8625
 8542
 8259
 8205
 8044
 8033
 7947
 7929
 7786
 7712
 7706
 7689
 7685
 7616
 7601
 7496
 7490
 7446
 7166
 7126
 7091
 6847
 6763
 6753
 6736
 6676
 6542
 6535
 6453
 6388
 6384
 6309
 6268
 6201
 6064
 5642
 5603
 5551
 5386
 5129
 5047
 5000
 4777
 4635
 4594
 4504
 4422
 4383
 4278
 4163
 4112
 4096
 4084
 3976
 3954
 3480
 3426
 3342
 3340
 3205
 3060
 2958
 2722
 2670
 2444
 2435
 2100
 1943
 1849
 1845
 1686
 1680
 1607
 1577
 1569
 1557
 1539
 1536
 1512
 1462
 1345
 1336
 1131
 955
 902
 742
 634
 597
 573
 515
 401
 293
 87
 0
 0
 