9601
 9440
 9029
 8997
 8904
 8841
 8675
 8565
 8511
 8485
 8483
 8312
 8292
 8291
 8059
 7852
 7797
 7183
 7147
 6941
 6839
 6831
 6761
 6548
 6410
 6308
 6236
 6190
 6142
 5998
 5931
 5930
 5853
 5735
 5718
 5505
 5436
 5381
 5321
 5294
 5155
 4856
 4854
 4797
 4687
 4667
 4419
 4220
 4202
 4074
 3974
 3970
 3849
 3800
 3745
 3731
 3674
 3637
 3450
 3436
 3251
 3203
 3045
 3042
 2955
 2847
 2802
 2429
 2365
 2359
 2244
 2238
 2095
 1980
 1929
 1816
 1708
 1692
 1618
 1613
 1562
 1546
 1502
 1464
 1397
 1322
 1213
 1197
 1129
 1043
 940
 909
 869
 858
 854
 815
 507
 415
 373
 86
 