49921
 49873
 49828
 49815
 49712
 49484
 49414
 49240
 49183
 48981
 48841
 48769
 48679
 48617
 48484
 48337
 48285
 48214
 48110
 48089
 48016
 47946
 47838
 47826
 47759
 47585
 47491
 47466
 47445
 47353
 47188
 47049
 46794
 46689
 46529
 46526
 46468
 46438
 46402
 46357
 46132
 46068
 45920
 45916
 45872
 45577
 45526
 45500
 45284
 45172
 45019
 44864
 44846
 44784
 44779
 44621
 44594
 44324
 44178
 44160
 44112
 43899
 43806
 43760
 43676
 43570
 43431
 43412
 43369
 43199
 43157
 42857
 42827
 42734
 42656
 42598
 42563
 42547
 42502
 42485
 42484
 42481
 42385
 42239
 42234
 42185
 41699
 41680
 41345
 41310
 41287
 41101
 41003
 40928
 40904
 40789
 40707
 40685
 40618
 40607
 40270
 40006
 39771
 39745
 39728
 39611
 39462
 39294
 39033
 38950
 38834
 38769
 38622
 38461
 38426
 38283
 38045
 37995
 37889
 37788
 37756
 37751
 37571
 37561
 37527
 37383
 37295
 37066
 36984
 36871
 36849
 36788
 36686
 36567
 36557
 36334
 36027
 36018
 35890
 35804
 35794
 35542
 35478
 35400
 35305
 35199
 35188
 35052
 34950
 34826
 34792
 34772
 34711
 34650
 34624
 34608
 34543
 34532
 34462
 34398
 34122
 33793
 33730
 33641
 33568
 33363
 33344
 33336
 33326
 33280
 33044
 33037
 33014
 32997
 32991
 32977
 32528
 32414
 32408
 32362
 32300
 32299
 32289
 32191
 32006
 31961
 31935
 31790
 31718
 31523
 31390
 31377
 30908
 30897
 30814
 30775
 30749
 30617
 30130
 30093
 30039
 29983
 29946
 29679
 29523
 29486
 29421
 29192
 29174
 29146
 29090
 29068
 28903
 28755
 28652
 28429
 28362
 28333
 28319
 28194
 28121
 27905
 27761
 27670
 27655
 27645
 27549
 27546
 27488
 27260
 27207
 26539
 26507
 26501
 26482
 26387
 26297
 26173
 25901
 25890
 25885
 25684
 25593
 25495
 25312
 25035
 24904
 24888
 24880
 24458
 24280
 24186
 24180
 23628
 23528
 23464
 23446
 23367
 23354
 23344
 23272
 23019
 22903
 22849
 22823
 22601
 22591
 22576
 22510
 22437
 22307
 22263
 22240
 22232
 21916
 21773
 21710
 21683
 21619
 21425
 21424
 21274
 21216
 21195
 21193
 21186
 21100
 20981
 20940
 20918
 20799
 20632
 20573
 20547
 20524
 20437
 20404
 20306
 20261
 20015
 19778
 19710
 19676
 19499
 19465
 19432
 19382
 19338
 19177
 19166
 18739
 18557
 18472
 18441
 18418
 18316
 18082
 17504
 17211
 17181
 17075
 17005
 16799
 16746
 16611
 16569
 16551
 16443
 16359
 16347
 16154
 16093
 15969
 15816
 15722
 15581
 15558
 15447
 15360
 15355
 15131
 14890
 14731
 14660
 14613
 14608
 14229
 14220
 14211
 14122
 13829
 13526
 13518
 13505
 13333
 13312
 13099
 12995
 12869
 12851
 12789
 12639
 12540
 12421
 12375
 12172
 12066
 12016
 11996
 11966
 11860
 11776
 11746
 11536
 11347
 11217
 11194
 11152
 11107
 11103
 11024
 10924
 10909
 10883
 10637
 10628
 10566
 10495
 10344
 10307
 10294
 10229
 10214
 10189
 10176
 10155
 10133
 10082
 9951
 9932
 9920
 9822
 9806
 9635
 9401
 9361
 9351
 9345
 9204
 9177
 9135
 8819
 8814
 8716
 8695
 8434
 8410
 8247
 8218
 8165
 8120
 8100
 8003
 7734
 7690
 7675
 7557
 7499
 7369
 7307
 7045
 7042
 6931
 6856
 6800
 6688
 6597
 6485
 6461
 6278
 6264
 6083
 5750
 5460
 5427
 5416
 5356
 5313
 5290
 5046
 5042
 4959
 4935
 4825
 4774
 4714
 4534
 4522
 4440
 4429
 4190
 4146
 4012
 4001
 3949
 3812
 3677
 3406
 3373
 3351
 3274
 3070
 2905
 2842
 2657
 2648
 2570
 2486
 2169
 2084
 2009
 1986
 1595
 1369
 1336
 1298
 1261
 1203
 957
 930
 693
 648
 643
 612
 553
 487
 451
 269
 253
 0
 