499960
 499879
 499783
 499767
 499526
 499428
 499310
 499084
 499007
 498996
 498802
 498730
 498626
 498577
 498503
 498498
 498458
 498408
 498370
 498359
 498249
 498197
 498122
 498062
 497887
 497799
 497749
 497608
 497520
 497403
 497263
 497188
 497102
 497095
 497054
 497014
 497009
 496827
 496811
 496732
 496707
 496592
 496539
 496525
 496243
 496233
 496085
 496039
 495985
 495678
 495441
 495383
 495327
 495278
 495042
 494949
 494941
 494917
 494899
 494866
 494508
 494414
 494213
 493974
 493974
 493952
 493854
 493816
 493803
 493705
 493684
 493655
 493621
 493567
 493445
 493423
 493190
 493134
 493061
 493054
 492889
 492851
 492787
 492765
 492741
 492707
 492415
 492237
 492216
 492033
 491902
 491879
 491772
 491752
 491708
 491656
 491173
 491053
 490934
 490872
 490821
 490541
 490280
 490272
 490197
 490184
 490159
 490157
 490108
 490058
 490034
 489859
 489567
 489517
 488849
 488833
 488699
 488574
 488560
 488126
 488070
 488017
 487961
 487860
 487813
 487777
 487592
 487492
 487404
 487289
 487239
 487175
 487128
 486893
 486850
 486815
 486728
 486572
 486531
 486501
 486496
 486465
 486019
 486016
 485656
 485607
 485474
 485362
 485276
 485186
 485141
 485120
 484927
 484894
 484741
 484681
 484537
 484462
 484395
 484172
 484149
 484147
 484076
 483977
 483964
 483957
 483872
 483831
 483652
 483622
 483581
 483547
 483524
 483197
 483188
 483110
 482995
 482778
 482613
 482421
 482366
 482198
 482140
 482119
 481996
 481981
 481851
 481763
 481560
 481545
 481366
 481294
 481190
 481132
 480868
 480665
 480593
 480552
 480472
 480380
 480216
 480202
 480174
 480114
 479986
 479853
 479703
 479634
 479537
 478798
 478753
 478664
 478619
 478565
 478393
 478170
 478109
 477975
 477971
 477955
 477656
 477477
 477169
 477120
 477052
 477043
 477007
 476988
 476834
 476789
 476702
 476640
 476463
 476386
 476208
 476205
 475857
 475444
 475427
 475383
 475372
 475353
 475285
 475155
 474972
 474907
 474797
 474775
 474619
 474521
 474452
 474360
 474319
 474274
 474258
 474231
 474061
 474017
 473861
 473719
 473718
 473658
 473523
 473362
 473338
 473307
 473204
 473126
 473118
 472751
 472605
 472442
 472387
 472382
 472178
 472110
 471956
 471815
 471735
 471539
 471467
 471428
 471192
 471172
 471156
 471115
 470993
 470708
 470694
 470447
 470329
 470300
 470167
 470003
 469930
 469914
 469730
 469318
 469301
 469263
 469259
 469129
 469119
 468926
 468871
 468436
 468327
 468259
 468206
 468076
 468047
 468035
 467930
 467900
 467787
 467633
 467625
 467295
 467253
 467241
 467125
 467000
 466815
 466602
 466517
 466513
 466316
 466289
 466282
 465922
 465814
 465796
 465722
 465628
 465623
 465279
 465089
 464912
 464890
 464869
 464768
 464767
 464728
 464268
 464253
 464167
 463886
 463783
 463704
 463658
 463614
 463324
 463192
 463175
 463057
 463056
 463000
 462970
 462911
 462867
 462378
 462378
 462341
 462264
 462229
 462187
 462147
 462068
 461926
 461835
 461788
 461760
 461569
 461538
 461473
 461145
 461054
 461039
 461027
 460987
 460958
 460952
 460816
 460696
 460674
 460543
 460518
 460473
 460372
 460188
 460163
 460127
 460009
 459890
 459775
 459758
 459705
 459563
 459440
 459420
 459398
 459396
 459352
 459260
 459257
 459208
 458897
 458893
 458725
 458695
 458608
 458576
 458541
 458419
 458356
 458188
 458156
 458045
 458037
 457839
 457774
 457696
 457437
 457365
 457341
 457337
 457208
 456994
 456828
 456815
 456400
 456375
 456371
 456346
 456243
 456243
 455972
 455957
 455696
 455671
 455656
 455569
 455500
 455452
 455422
 455375
 454980
 454953
 454901
 454816
 454722
 454638
 454248
 454206
 454035
 453982
 453889
 453858
 453831
 453797
 453618
 453616
 453565
 453475
 453375
 453340
 453292
 453211
 453129
 453042
 452978
 452838
 452691
 452671
 452660
 452605
 452191
 452191
 451989
 451948
 451809
 451672
 451556
 451393
 451271
 451044
 450954
 450943
 450824
 450754
 450655
 450600
 450595
 450534
 450527
 450328
 450275
 450253
 450168
 450155
 449718
 449704
 449589
 449419
 449337
 449213
 448951
 448881
 448799
 448795
 448751
 448607
 448547
 448526
 448429
 448364
 448322
 448141
 448116
 448064
 447943
 447871
 447826
 447784
 447171
 447128
 446990
 446940
 446930
 446742
 446709
 446636
 446583
 446553
 446520
 446341
 446310
 446037
 445976
 445868
 445730
 445367
 445294
 445226
 445181
 445095
 445073
 445073
 444941
 444874
 444817
 444744
 444743
 444681
 444617
 444553
 444444
 444444
 444389
 444382
 444332
 444216
 444113
 443874
 443813
 443689
 443352
 443278
 443174
 443131
 443087
 443083
 443022
 442942
 442725
 442433
 442428
 442408
 442397
 442327
 442292
 442276
 442256
 442150
 442131
 442078
 441808
 441668
 441491
 441295
 441292
 441172
 441117
 440941
 440905
 440845
 440834
 440812
 440514
 440449
 440407
 440353
 440329
 440298
 440064
 439999
 439929
 439927
 439733
 439698
 439678
 439583
 439557
 439352
 439247
 439203
 439011
 439002
 438952
 438949
 438888
 438873
 438863
 438800
 438431
 438326
 438255
 438158
 438127
 437972
 437922
 437783
 437566
 437552
 437170
 437083
 437029
 436969
 436925
 436856
 436789
 436669
 436595
 436474
 436351
 436289
 436198
 436182
 436137
 436003
 435970
 435729
 435625
 435527
 435515
 435483
 435335
 435266
 435242
 435224
 435183
 434994
 434526
 434525
 434515
 434505
 434469
 434437
 434407
 434238
 433993
 433578
 433299
 433248
 433060
 432931
 432656
 432655
 432641
 432432
 432432
 432386
 432353
 432176
 432126
 432098
 431999
 431962
 431957
 431796
 431754
 431718
 431515
 431493
 431413
 431339
 431250
 431229
 431171
 431135
 431034
 430723
 430711
 430544
 430408
 430252
 429970
 429865
 429841
 429718
 429593
 429544
 429493
 429430
 429410
 429369
 429357
 429332
 429074
 428938
 428891
 428746
 428713
 428702
 428646
 428593
 428571
 428493
 428460
 428267
 428235
 428125
 428089
 427880
 427410
 427408
 427383
 427315
 427239
 427216
 427010
 426926
 426770
 426747
 426715
 426506
 426450
 426441
 426324
 426299
 426268
 426229
 426109
 426080
 426011
 425981
 425925
 425850
 425837
 425828
 425753
 425702
 425677
 425641
 425036
 424990
 424943
 424869
 424754
 424668
 424554
 424491
 424438
 424408
 424242
 424103
 424102
 423973
 423958
 423920
 423754
 423440
 423395
 423269
 423253
 423205
 423150
 423070
 423055
 422765
 422689
 422686
 422632
 422279
 422249
 422245
 422209
 422168
 421936
 421907
 421802
 421731
 421686
 421587
 421415
 421103
 420890
 420863
 420851
 420740
 420730
 420463
 420461
 420314
 420073
 420064
 419883
 419639
 419601
 419020
 418895
 418599
 418584
 418578
 418452
 418412
 418312
 418243
 418106
 417951
 417664
 417307
 417236
 417191
 417165
 417078
 417075
 417070
 417015
 416996
 416964
 416932
 416633
 416606
 416555
 416535
 416531
 416531
 416486
 416376
 416326
 416296
 416289
 416215
 416165
 415984
 415966
 415862
 415790
 415666
 415499
 415315
 415248
 415030
 414897
 414835
 414826
 414804
 414604
 414536
 414497
 414415
 413937
 413880
 413825
 413564
 413463
 413370
 413355
 413348
 413320
 413223
 413110
 412931
 412840
 412608
 412394
 412275
 411980
 411966
 411743
 411701
 411441
 411425
 411254
 411218
 411214
 411200
 411102
 410687
 410602
 410386
 410365
 410256
 410127
 410106
 410104
 409982
 409920
 409766
 409742
 409719
 409525
 409174
 408803
 408795
 408707
 408499
 408387
 408321
 408298
 408084
 407919
 407882
 407751
 407651
 407594
 407441
 407438
 407324
 407272
 406984
 406903
 406867
 406850
 406814
 406754
 406629
 406508
 406453
 406436
 406346
 406080
 405810
 405749
 405703
 405630
 405589
 405347
 405212
 405130
 405020
 404647
 404404
 404313
 404286
 404052
 403747
 403686
 403632
 403537
 403360
 403080
 402953
 402908
 402821
 402654
 402635
 402532
 402387
 402335
 402324
 402273
 402199
 402166
 401966
 401960
 401944
 401878
 401792
 401749
 401592
 401434
 401426
 401344
 401300
 401205
 401150
 401122
 401077
 401000
 400991
 400983
 400811
 400770
 400704
 400673
 400631
 400497
 400456
 400452
 400438
 400300
 400161
 400015
 399999
 399979
 399820
 399625
 399398
 399344
 399176
 398925
 398859
 398857
 398812
 398795
 398656
 398462
 398252
 398131
 398040
 397932
 397925
 397882
 397863
 397834
 397789
 397693
 397674
 397606
 397593
 397543
 397467
 397461
 397307
 397306
 397211
 397142
 397074
 396778
 396389
 396353
 396298
 396240
 396232
 396208
 395915
 395543
 395518
 395516
 395493
 395371
 395118
 394949
 394657
 394608
 394039
 393905
 393819
 393787
 393755
 393632
 393462
 393442
 393226
 393157
 393116
 393073
 392838
 392770
 392738
 392528
 392499
 392376
 392160
 391999
 391895
 391812
 391176
 391087
 390676
 390410
 390408
 390405
 390308
 390217
 389986
 389898
 389871
 389801
 389765
 389741
 389645
 389643
 389637
 389601
 389528
 389405
 389328
 389251
 389137
 389014
 388956
 388950
 388947
 388888
 388867
 388819
 388783
 388741
 388741
 388672
 388492
 388473
 388431
 388304
 388198
 388191
 388159
 388127
 388114
 388063
 388000
 387921
 387848
 387784
 387363
 387339
 387079
 387057
 386901
 386859
 386834
 386680
 386666
 386405
 386283
 386244
 386230
 386085
 385828
 385791
 385645
 385589
 385236
 385108
 385071
 385024
 384774
 384770
 384741
 384662
 384638
 384615
 384577
 384526
 384463
 384302
 384236
 384180
 384170
 384134
 384006
 383883
 383842
 383656
 383549
 383357
 383329
 383195
 383088
 383023
 382978
 382956
 382772
 382677
 382610
 382607
 382336
 382096
 381841
 381700
 381416
 381414
 381380
 381370
 381179
 381105
 380983
 380717
 380489
 380461
 380343
 380203
 380173
 380165
 380131
 379967
 379813
 379735
 379697
 379662
 379460
 379394
 379345
 379279
 379126
 379120
 379056
 379035
 378946
 378879
 378787
 378526
 378518
 378361
 378104
 377965
 377897
 377851
 377807
 377773
 377753
 377623
 377157
 376800
 376768
 376759
 376722
 376706
 376660
 376512
 376441
 376406
 376386
 376364
 376328
 376295
 375883
 375758
 375752
 375647
 375640
 375630
 375571
 375403
 375385
 375149
 375126
 374731
 374508
 374499
 374399
 374350
 374303
 374206
 374093
 373925
 373769
 373762
 373708
 373631
 373396
 373333
 373188
 373160
 373153
 373130
 373091
 372916
 372430
 372250
 372222
 372209
 372197
 372110
 371832
 371785
 371740
 371680
 371559
 371433
 371266
 371202
 371177
 371099
 370882
 370761
 370719
 370640
 370624
 370606
 370526
 370320
 370159
 370091
 370069
 369913
 369762
 369752
 369705
 369549
 369547
 369419
 369399
 369364
 369087
 368918
 368877
 368770
 368675
 368481
 368475
 368036
 367922
 367905
 367828
 367769
 367762
 367621
 367594
 367403
 367357
 367298
 367246
 367244
 367217
 367198
 367023
 367021
 367018
 366997
 366981
 366916
 366778
 366750
 366636
 366632
 366514
 366045
 366024
 366000
 365985
 365957
 365828
 365817
 365746
 365707
 365380
 365138
 365013
 364953
 364642
 364546
 364505
 364454
 364316
 364285
 364147
 364048
 364011
 363992
 363988
 363978
 363972
 363743
 363636
 363565
 363325
 363298
 363260
 362908
 362870
 362772
 362746
 362725
 362529
 362448
 362385
 362070
 361839
 361780
 361722
 361722
 361653
 361562
 361528
 361521
 361332
 361324
 361091
 361067
 360702
 360490
 360487
 360477
 360412
 360387
 360384
 360238
 360233
 360212
 360071
 360043
 359816
 359800
 359737
 359681
 359446
 359366
 359284
 359171
 358985
 358924
 358905
 358708
 358655
 358536
 358230
 358157
 357817
 357694
 357617
 357615
 357607
 357142
 356733
 356504
 356448
 356329
 356283
 356281
 356195
 356190
 356126
 356006
 355913
 355911
 355822
 355578
 355433
 355358
 355231
 355163
 355054
 355029
 355029
 354945
 354877
 354712
 354290
 354256
 354202
 354183
 354141
 354097
 354071
 353607
 353456
 353420
 353146
 353106
 352756
 352385
 352360
 352295
 352294
 352160
 352110
 352074
 351961
 351771
 351697
 351661
 351628
 351622
 351512
 351270
 351225
 351065
 351044
 350915
 350899
 350826
 350768
 350721
 350653
 350498
 350439
 350287
 350267
 350094
 350044
 349966
 349767
 349662
 349642
 349593
 349551
 349551
 349255
 349219
 349217
 349133
 348935
 348858
 348713
 348690
 348637
 348611
 348530
 348479
 348458
 348286
 348046
 348034
 347969
 347856
 347725
 347627
 347421
 347398
 347337
 347068
 346846
 346741
 346528
 346501
 346253
 346202
 346182
 346145
 346049
 346009
 345665
 345517
 345032
 345010
 345000
 344487
 344431
 344415
 344307
 344236
 344094
 344062
 344006
 343953
 343933
 343851
 343766
 343763
 343750
 343568
 343339
 343146
 343053
 342916
 342604
 342401
 342351
 342333
 342333
 342130
 342116
 342098
 342063
 341933
 341851
 341803
 341740
 341723
 341526
 341509
 341502
 341478
 341332
 341306
 341296
 341033
 340872
 340869
 340758
 340480
 340317
 340100
 340069
 339819
 339661
 339592
 339585
 339115
 338624
 338446
 338374
 338190
 338077
 338017
 337997
 337837
 337822
 337696
 337358
 337135
 336902
 336750
 336572
 336545
 336479
 336438
 336298
 336210
 336195
 335862
 335848
 335720
 335691
 335528
 335196
 335087
 334415
 334410
 334367
 334245
 334026
 333856
 333847
 333812
 333361
 333333
 333333
 333333
 333213
 333099
 333038
 333037
 332835
 332835
 332814
 332794
 332658
 332448
 332369
 332209
 332189
 332181
 331942
 331830
 331777
 331550
 331403
 331374
 331284
 331120
 331115
 331042
 330890
 330812
 330804
 330411
 330406
 330291
 330279
 330214
 330094
 329963
 329818
 329527
 329425
 329259
 328921
 328900
 328761
 328638
 328476
 328454
 328406
 328153
 327970
 327935
 327704
 327530
 327439
 327272
 327239
 327201
 326945
 326779
 326770
 326674
 326347
 326289
 326236
 326208
 326044
 325966
 325887
 325804
 325704
 325238
 325173
 325155
 325113
 324739
 324684
 324616
 324335
 324318
 323879
 323876
 323855
 323734
 323597
 323343
 323288
 323262
 323037
 322976
 322958
 322710
 322676
 322585
 322551
 322548
 322542
 322245
 322008
 321950
 321853
 321844
 321782
 321562
 321545
 321467
 321428
 321367
 321209
 320924
 320895
 320526
 320444
 320407
 320325
 320234
 320230
 320199
 320163
 320023
 319959
 319951
 319832
 319653
 319373
 319167
 318849
 318816
 318739
 318608
 318517
 318352
 318249
 318111
 317921
 317889
 317873
 317832
 317683
 317470
 317453
 317341
 317337
 317238
 317204
 317153
 317106
 317079
 316780
 316770
 316742
 316537
 316532
 316348
 316239
 316053
 315856
 315762
 315596
 315394
 315276
 314959
 314928
 314742
 314694
 314628
 314483
 314476
 314472
 314444
 314394
 314191
 314181
 314156
 314000
 313933
 313880
 313879
 313826
 313812
 313791
 313710
 313684
 313390
 313384
 313153
 313149
 313089
 313042
 313034
 313031
 312984
 312888
 312834
 312772
 312753
 312709
 312664
 312655
 312626
 312542
 312460
 312170
 312133
 312060
 312029
 311858
 311793
 311611
 311570
 311568
 311473
 311355
 311158
 311041
 311003
 310799
 310750
 310718
 310693
 310609
 310594
 310547
 310505
 310408
 310138
 309813
 309674
 309523
 309523
 309445
 309288
 309250
 309211
 309048
 308910
 308823
 308766
 308675
 308674
 308638
 308579
 308571
 308427
 307943
 307831
 307578
 307569
 307547
 307516
 307510
 307509
 307433
 307283
 307249
 307227
 307167
 307041
 307032
 306936
 306784
 306735
 306709
 306656
 306525
 306274
 306008
 305951
 305931
 305924
 305827
 305732
 305677
 305595
 305466
 305450
 305332
 305292
 304994
 304938
 304896
 304782
 304746
 304426
 304347
 304320
 304259
 304246
 304156
 304059
 304005
 303898
 303847
 303823
 303751
 303510
 303347
 303281
 303219
 303104
 302768
 302735
 302698
 302521
 302495
 302404
 302344
 302335
 302268
 302236
 301921
 301850
 301775
 301721
 301694
 301684
 301598
 301479
 301475
 301393
 301347
 301209
 301106
 301016
 300972
 300884
 300752
 300743
 300383
 300375
 300271
 300199
 299975
 299922
 299890
 299750
 299688
 299666
 299554
 299449
 299318
 299300
 299258
 299147
 299112
 298977
 298833
 298731
 298701
 298625
 298615
 298561
 298543
 298292
 298166
 298144
 298093
 298044
 297895
 297871
 297841
 297382
 297362
 297142
 296928
 296735
 296642
 296592
 296486
 296448
 296392
 296344
 296336
 296317
 296107
 296044
 296010
 295986
 295940
 295845
 295821
 295655
 295648
 295507
 295417
 295385
 295315
 295256
 295087
 294967
 294930
 294800
 294628
 294575
 294444
 294415
 294361
 294352
 294287
 294270
 293945
 293930
 293745
 293656
 293617
 293558
 293369
 293304
 293286
 293235
 293210
 292852
 292812
 292534
 292364
 292355
 292221
 292207
 291931
 291907
 291881
 291749
 291687
 291618
 291386
 291176
 291157
 291107
 290928
 290891
 290663
 290512
 290452
 290386
 290372
 290194
 290194
 290087
 290083
 289995
 289905
 289855
 289843
 289806
 289771
 289603
 289478
 289473
 289449
 289363
 289333
 289256
 289078
 288868
 288842
 288725
 288605
 288407
 288321
 288288
 288247
 288203
 288195
 288166
 288071
 287822
 287752
 287502
 287489
 287469
 287446
 287407
 287343
 287267
 287249
 287128
 286892
 286733
 286689
 286656
 286645
 286486
 286384
 286279
 286005
 285983
 285958
 285956
 285854
 285714
 285690
 285429
 285325
 285322
 285216
 285132
 285056
 285030
 284966
 284922
 284807
 284793
 284696
 284489
 284444
 284335
 284250
 284184
 284029
 283999
 283768
 283623
 283496
 283396
 283350
 283245
 282899
 282781
 282753
 282746
 282687
 282608
 282461
 282350
 282303
 282287
 282170
 282146
 281990
 281856
 281629
 281402
 281379
 281301
 281208
 281205
 281178
 281079
 280979
 280971
 280925
 280756
 280726
 280708
 280607
 280549
 280459
 280357
 280347
 280298
 280221
 280148
 280132
 280070
 279900
 279710
 279622
 279376
 279309
 279001
 278918
 278707
 278685
 278651
 278633
 278550
 278406
 278349
 278349
 278196
 278121
 277999
 277985
 277878
 277867
 277726
 277679
 277652
 277634
 277595
 277394
 277289
 277251
 277243
 277020
 276957
 276640
 276595
 276463
 276459
 276453
 276349
 276292
 276186
 276119
 276062
 276032
 275823
 275809
 275790
 275729
 275695
 275571
 275567
 275543
 275408
 275277
 275141
 275123
 275114
 274832
 274693
 274658
 274541
 274504
 274498
 274446
 274390
 274319
 274271
 274193
 274170
 273989
 273603
 273521
 273430
 273215
 273133
 273090
 272859
 272826
 272748
 272727
 272727
 272727
 272659
 272648
 272549
 272515
 272310
 272194
 272165
 272074
 272056
 271884
 271871
 271794
 271741
 271512
 271491
 271442
 271067
 270935
 270904
 270773
 270743
 270665
 270585
 270350
 270224
 270033
 269951
 269568
 269505
 269494
 269456
 269455
 269357
 269347
 269253
 269230
 269230
 269227
 269160
 269060
 269012
 268659
 268519
 268329
 268325
 268256
 268178
 268078
 268039
 268032
 267943
 267196
 267094
 267057
 267031
 266986
 266971
 266886
 266817
 266706
 266699
 266603
 266583
 266558
 266276
 266198
 265941
 265884
 265823
 265818
 265700
 265486
 265325
 265295
 265193
 265166
 265131
 265125
 265029
 264956
 264819
 264803
 264705
 264525
 264155
 264105
 264016
 264009
 263997
 263971
 263957
 263892
 263698
 263615
 263597
 263583
 263526
 263353
 263229
 262914
 262907
 262794
 262694
 262676
 262638
 262437
 262336
 262166
 261932
 261929
 261798
 261762
 261745
 261701
 261443
 261421
 261361
 261349
 261039
 261020
 260968
 260958
 260933
 260826
 260795
 260752
 260728
 260717
 260660
 260652
 260594
 260575
 260419
 260375
 260264
 260043
 260021
 259951
 259520
 259417
 259147
 259124
 258980
 258842
 258546
 258424
 258248
 258175
 258021
 258000
 257939
 257878
 257871
 257782
 257751
 257719
 257577
 257252
 256845
 256646
 256576
 256476
 256452
 256410
 256376
 256259
 256206
 255977
 255961
 255957
 255865
 255765
 255677
 255379
 255300
 255284
 255267
 255187
 255107
 254968
 254708
 254603
 254545
 254371
 254032
 253839
 253759
 253731
 253636
 253626
 253617
 253557
 253509
 253333
 252997
 252926
 252845
 252763
 252760
 252710
 252706
 252551
 252452
 252321
 252248
 252226
 252058
 251979
 251861
 251861
 251829
 251794
 251786
 251751
 251622
 251564
 251556
 251528
 251482
 251473
 251435
 251418
 251273
 251167
 251104
 251015
 250752
 250721
 250700
 250489
 250477
 250325
 250075
 250028
 249968
 249754
 249606
 249599
 249267
 249262
 249043
 248905
 248844
 248837
 248549
 248548
 248495
 248334
 248265
 248259
 247970
 247893
 247867
 247680
 247663
 247631
 247583
 247444
 247435
 247429
 246947
 246937
 246796
 246777
 246749
 246478
 246409
 246391
 246341
 246309
 246106
 246073
 245917
 245735
 245729
 245725
 245646
 245560
 245544
 245413
 245354
 245250
 245239
 245088
 245026
 244827
 244743
 244630
 244421
 244343
 244340
 244297
 244239
 244210
 244173
 244167
 244165
 244047
 244019
 244007
 243953
 243882
 243877
 243827
 243738
 243575
 243480
 243417
 243139
 243101
 243081
 243058
 242934
 242871
 242751
 242641
 242626
 242620
 242590
 242568
 242512
 242250
 242187
 242140
 241981
 241913
 241910
 241713
 241395
 241214
 241056
 241032
 240883
 240735
 240621
 240546
 240474
 240462
 240256
 240204
 240198
 240183
 240124
 239916
 239821
 239597
 239497
 239484
 239428
 239409
 239284
 239210
 239199
 238900
 238893
 238869
 238711
 238563
 238530
 238414
 237981
 237761
 237752
 237616
 237582
 237500
 237240
 237067
 237051
 236983
 236939
 236842
 236713
 236668
 236591
 236503
 236492
 236370
 236245
 236196
 236196
 236076
 236027
 236014
 236000
 235852
 235807
 235682
 235660
 235609
 235523
 235482
 235441
 235404
 235294
 235121
 235008
 234944
 234778
 234700
 234290
 234228
 234164
 234075
 234052
 233930
 233615
 233430
 233300
 233290
 233221
 233187
 233085
 232915
 232852
 232765
 232458
 232341
 232119
 232075
 231986
 231897
 231833
 231828
 231703
 231652
 231649
 231600
 231537
 231466
 231058
 231044
 230947
 230902
 230883
 230877
 230827
 230464
 230275
 230232
 230181
 230166
 229729
 229555
 229546
 229537
 229518
 229209
 229191
 229067
 229011
 228991
 228871
 228721
 228677
 228571
 228493
 228450
 228396
 228374
 228085
 227908
 227844
 227752
 227612
 227609
 227574
 227183
 227151
 227056
 226965
 226906
 226841
 226774
 226759
 226572
 226485
 226438
 226383
 226365
 226321
 226144
 226130
 226076
 226029
 225948
 225864
 225747
 225718
 225627
 225594
 225481
 225463
 225420
 225274
 225215
 225203
 225100
 224976
 224625
 224429
 224306
 224267
 224216
 224073
 223696
 223642
 223431
 223317
 223195
 223036
 223014
 222990
 222983
 222829
 222664
 222518
 222446
 222342
 222209
 222165
 222053
 221910
 221837
 221786
 221702
 221611
 221569
 221423
 221398
 221386
 220896
 220889
 220700
 220697
 220544
 220183
 219949
 219858
 219845
 219819
 219772
 219714
 219178
 219176
 219046
 218925
 218785
 218724
 218620
 218235
 218149
 218048
 217848
 217784
 217561
 217536
 217507
 217487
 217422
 217409
 217318
 216857
 216752
 216648
 216620
 216362
 216257
 216122
 215984
 215919
 215897
 215731
 215565
 215544
 215449
 215445
 215369
 215294
 214959
 214915
 214840
 214583
 214549
 214523
 214404
 214345
 214344
 214285
 214285
 214235
 214209
 214115
 214083
 214055
 213854
 213788
 213724
 213724
 213598
 213549
 213538
 213520
 213488
 213388
 213292
 213237
 213136
 212898
 212892
 212841
 212784
 212708
 212509
 212351
 212006
 211999
 211985
 211872
 211856
 211796
 211778
 211710
 211644
 211542
 211534
 211465
 211400
 211317
 211243
 211047
 210893
 210543
 210526
 210468
 210462
 210301
 210265
 210259
 210224
 210170
 210138
 209993
 209969
 209916
 209416
 209329
 209315
 209218
 209193
 209095
 209081
 208939
 208815
 208797
 208721
 208686
 208511
 208456
 208416
 208284
 208244
 208221
 208084
 207715
 207635
 207495
 207470
 207317
 207308
 207200
 207132
 206953
 206944
 206834
 206831
 206624
 206605
 206565
 206529
 206392
 206378
 206374
 206289
 206197
 206135
 205953
 205919
 205692
 205618
 205458
 205415
 205410
 205370
 205330
 205268
 204918
 204689
 204560
 204350
 204257
 204171
 204101
 204061
 204016
 203917
 203838
 203786
 203775
 203728
 203727
 203712
 203576
 203485
 203154
 203088
 203049
 202998
 202872
 202841
 202791
 202424
 202402
 202221
 202168
 202131
 201993
 201980
 201763
 201754
 201569
 201562
 201525
 201238
 201225
 200913
 200351
 200051
 200041
 199999
 199979
 199843
 199800
 199635
 199602
 199023
 198663
 198648
 198589
 198403
 198282
 198224
 198191
 198120
 198019
 197968
 197921
 197822
 197753
 197383
 197338
 197306
 197157
 197121
 197046
 196788
 196694
 196476
 196275
 196253
 196226
 195976
 195805
 195796
 195708
 195600
 195541
 195303
 195260
 195048
 195041
 195035
 194987
 194982
 194942
 194751
 194454
 194439
 194384
 194258
 194215
 194041
 193778
 193411
 193356
 192972
 192949
 192881
 192783
 192708
 192209
 192189
 192054
 191969
 191867
 191846
 191749
 191713
 191455
 191391
 191292
 191139
 191046
 190776
 190718
 190499
 190476
 190439
 190050
 190041
 189972
 189918
 189823
 189822
 189655
 189655
 189600
 189594
 189544
 189375
 189347
 189309
 189309
 189293
 189286
 189263
 189050
 188758
 188742
 188638
 188462
 188362
 188158
 187967
 187846
 187766
 187736
 187701
 187612
 187576
 187538
 187500
 187314
 187259
 187199
 187193
 186826
 186678
 186662
 186637
 186474
 186467
 186452
 186414
 186274
 186184
 186096
 185989
 185980
 185852
 185840
 185760
 185755
 185676
 185582
 185421
 185379
 185344
 185258
 185198
 185126
 184984
 184837
 184818
 184752
 184716
 184604
 184577
 184566
 184399
 184364
 184158
 183822
 183462
 183300
 183108
 183076
 182923
 182574
 182507
 182430
 182296
 182295
 182292
 182193
 182188
 182157
 181921
 181900
 181818
 181690
 181378
 181236
 181230
 181102
 180968
 180947
 180722
 180718
 180477
 180257
 180244
 180080
 179844
 179762
 179745
 179527
 179476
 179457
 179426
 179349
 179325
 179282
 179149
 179148
 178634
 178493
 178463
 178317
 178304
 178217
 178173
 178114
 177919
 177833
 177796
 177718
 177706
 177700
 177669
 177627
 177625
 177537
 177370
 177313
 177176
 177113
 177071
 177031
 176995
 176967
 176830
 176759
 176736
 176727
 176641
 176501
 176468
 176285
 176193
 176163
 175723
 175682
 175669
 175513
 175467
 175424
 175416
 175294
 175271
 175249
 175248
 175115
 174904
 174835
 174605
 174469
 174358
 174273
 174212
 173956
 173953
 173874
 173832
 173743
 173609
 173539
 173415
 173188
 172941
 172941
 172793
 172673
 172645
 172583
 172570
 172566
 172543
 172527
 172455
 172449
 172413
 172396
 171976
 171869
 171742
 171667
 171474
 171412
 171364
 170993
 170849
 170842
 170807
 170779
 170731
 170478
 170370
 170258
 170166
 170138
 169846
 169811
 169686
 169682
 169543
 169524
 169366
 169087
 169031
 168981
 168929
 168881
 168859
 168778
 168711
 168478
 168393
 168391
 168247
 168145
 168064
 167634
 167254
 167186
 167035
 167002
 166953
 166896
 166872
 166708
 166666
 166666
 166450
 166414
 166398
 166329
 166234
 166207
 166005
 165960
 165767
 165736
 165726
 165659
 165625
 165278
 165238
 165212
 165185
 165049
 165024
 165004
 164990
 164989
 164949
 164809
 164620
 164576
 164555
 164336
 164269
 164237
 164151
 163533
 163421
 163338
 163201
 162965
 162961
 162889
 162888
 162782
 162744
 162539
 162506
 162387
 162348
 162325
 162144
 162132
 162102
 162062
 161945
 161669
 161657
 161332
 161137
 161130
 161057
 160981
 160965
 160574
 160447
 160298
 160263
 160233
 160171
 159785
 159732
 159648
 159445
 159428
 159395
 159166
 159115
 158670
 158592
 158424
 158413
 158366
 158322
 158179
 157986
 157948
 157894
 157737
 157728
 157720
 157657
 157394
 157303
 157298
 157188
 157142
 157109
 157102
 156390
 156336
 156225
 156179
 156137
 156125
 155844
 155825
 155333
 155146
 155016
 154874
 154874
 154872
 154860
 154839
 154647
 154637
 154627
 154042
 154030
 154016
 154008
 153846
 153697
 153670
 153606
 153578
 153338
 153293
 153291
 153271
 153176
 153061
 152882
 152845
 152820
 152523
 152477
 152404
 152157
 152133
 152035
 152027
 151771
 151693
 151610
 151439
 151395
 151391
 151342
 151149
 151054
 150721
 150515
 150501
 150185
 150163
 149967
 149825
 149700
 149579
 149425
 149419
 149367
 149337
 149166
 149159
 149003
 148990
 148864
 148835
 148825
 148748
 148710
 148690
 148682
 148581
 148466
 148424
 148337
 148276
 148178
 148112
 148099
 148075
 148053
 147939
 147932
 147617
 147505
 147085
 146989
 146943
 146929
 146895
 146790
 146790
 146703
 146683
 146400
 146362
 146157
 146134
 146001
 145854
 145782
 145769
 145643
 145506
 145489
 145433
 145300
 145283
 145231
 145191
 145098
 145098
 145077
 145006
 144863
 144847
 144777
 144717
 144699
 144696
 144651
 144484
 144459
 144422
 144273
 144236
 144215
 144160
 144132
 144013
 143878
 143849
 143545
 143363
 143176
 143160
 143072
 143035
 142971
 142857
 142828
 142788
 142751
 142741
 142741
 142616
 142551
 142526
 142438
 142397
 142311
 142255
 142233
 142170
 142067
 142051
 141958
 141908
 141832
 141701
 141651
 141630
 141540
 141445
 141368
 141315
 141147
 141147
 141090
 140778
 140749
 140747
 140649
 140351
 140257
 140129
 140000
 139990
 139968
 139876
 139864
 139851
 139718
 139672
 139602
 139428
 139209
 138727
 138640
 138540
 138023
 137970
 137805
 137719
 137706
 137700
 137612
 137530
 137443
 137421
 137354
 137162
 137012
 136970
 136834
 136713
 136588
 136576
 136119
 136012
 135985
 135972
 135945
 135759
 135749
 135705
 135650
 135611
 135475
 135445
 135399
 135135
 135076
 134928
 134857
 134802
 134338
 134215
 134185
 133945
 133931
 133814
 133703
 133625
 133467
 133417
 133416
 133412
 133204
 132958
 132958
 132846
 132829
 132822
 132672
 132170
 132071
 131960
 131578
 131490
 131431
 131233
 131101
 130943
 130903
 130719
 130619
 130576
 130573
 130382
 130349
 130330
 130183
 130061
 130042
 129939
 129901
 129716
 129603
 129200
 129053
 128973
 128938
 128785
 128596
 128536
 128526
 128524
 128246
 127953
 127920
 127820
 127447
 127131
 126976
 126912
 126802
 126732
 126673
 126667
 126588
 126271
 126204
 125969
 125887
 125690
 125554
 125543
 125445
 125287
 125198
 124985
 124892
 124881
 124804
 124772
 124736
 124603
 124569
 124306
 124016
 123998
 123920
 123785
 123718
 123709
 123520
 123454
 123419
 123310
 123305
 123275
 123158
 123034
 123011
 122950
 122794
 122793
 122726
 122560
 122337
 121962
 121951
 121782
 121709
 121566
 121388
 121172
 121054
 120999
 120945
 120931
 120743
 120704
 120695
 120649
 120549
 120358
 120251
 120116
 120098
 119999
 119924
 119904
 119883
 119866
 119750
 119719
 119565
 119402
 119360
 119298
 119126
 119066
 118949
 118916
 118642
 118386
 118382
 118302
 118184
 118091
 118025
 117964
 117400
 117378
 117357
 117294
 117219
 117062
 117056
 117021
 117002
 116995
 116982
 116928
 116684
 116666
 116600
 116468
 116310
 116041
 115931
 115864
 115814
 115761
 115754
 115595
 115547
 115512
 115259
 115151
 115037
 115012
 114913
 114830
 114695
 114334
 114258
 114119
 114053
 113961
 113867
 113797
 113682
 113574
 113563
 113553
 113531
 113475
 113387
 113304
 113064
 112802
 112787
 112654
 112626
 112585
 112514
 112495
 112359
 112307
 112306
 112258
 112107
 112050
 112005
 111940
 111857
 111770
 111710
 111371
 111344
 111275
 111249
 111241
 111155
 111100
 111092
 111009
 110977
 110841
 110765
 110758
 110683
 110664
 110661
 110573
 110507
 110367
 110286
 110169
 110149
 110119
 110070
 110065
 109979
 109950
 109889
 109694
 109673
 109656
 109613
 109519
 109500
 109424
 109421
 109254
 109196
 109191
 109081
 109067
 108581
 108484
 108386
 108301
 108207
 107962
 107886
 107811
 107685
 107402
 107370
 107259
 107199
 107160
 107058
 106936
 106648
 106614
 106498
 106370
 106278
 106190
 106050
 105928
 105846
 105793
 105709
 105676
 105432
 105088
 105072
 104955
 104855
 104761
 104741
 104550
 104417
 104042
 103937
 103909
 103718
 103680
 103538
 102727
 102713
 102680
 102656
 102498
 102451
 102443
 102441
 102425
 102358
 102293
 102143
 102108
 102025
 101683
 101465
 101462
 101426
 101413
 101408
 101304
 101220
 101062
 101060
 100850
 100847
 100779
 100480
 100467
 100412
 100370
 99793
 99543
 99522
 99332
 99257
 99223
 99209
 99168
 99097
 99018
 98994
 98907
 98898
 98806
 98568
 98519
 98499
 98373
 98291
 98241
 98214
 98130
 98113
 98036
 98021
 97879
 97703
 97176
 97101
 97048
 97025
 96841
 96835
 96765
 96263
 96249
 96010
 95941
 95900
 95882
 95840
 95810
 95588
 95582
 95571
 95557
 95488
 95460
 95394
 95371
 95367
 95362
 94927
 94830
 94803
 94717
 94592
 94525
 94507
 94415
 94324
 94238
 94198
 94012
 93813
 93805
 93750
 93744
 93462
 93278
 93272
 93223
 92982
 92807
 92761
 92590
 92521
 92468
 92309
 92250
 92170
 92128
 92088
 91807
 91442
 91358
 91345
 91031
 91029
 90961
 90947
 90798
 90595
 90530
 90398
 90255
 90200
 89909
 89883
 89622
 89560
 89485
 89074
 89026
 88993
 88697
 88637
 88345
 88183
 88007
 87990
 87958
 87937
 87765
 87753
 87673
 87566
 87553
 87439
 87425
 87383
 87269
 87054
 86720
 86585
 86567
 86376
 86256
 86242
 86100
 86000
 85913
 85857
 85727
 85649
 85648
 85373
 85271
 85223
 85201
 85122
 85044
 84887
 84610
 84605
 84501
 84397
 83916
 83907
 83907
 83877
 83709
 83590
 83465
 83381
 83103
 83091
 83044
 82957
 82770
 82647
 82582
 82477
 82279
 81933
 81885
 81789
 81705
 81365
 81300
 80799
 80647
 80450
 80332
 80329
 80323
 80311
 80236
 80000
 79979
 79926
 79847
 79813
 79767
 79760
 79721
 79640
 79573
 79451
 79335
 79312
 79113
 78784
 78612
 78587
 78440
 78415
 78361
 78257
 78231
 78042
 77968
 77820
 77765
 77586
 77500
 77480
 77400
 77377
 77341
 77297
 77164
 77010
 76717
 76462
 76402
 76400
 76359
 76354
 76337
 76251
 76025
 76003
 75973
 75933
 75881
 75659
 75580
 75512
 75498
 75477
 75450
 75318
 75302
 75250
 75126
 74779
 74714
 74701
 74602
 74522
 74506
 74498
 74422
 74403
 74235
 74148
 74022
 73970
 73944
 73883
 73809
 73560
 73394
 73376
 73203
 73176
 73084
 73015
 72859
 72795
 72792
 72739
 72730
 72662
 72582
 72542
 72366
 72252
 72164
 72116
 72049
 71893
 71884
 71745
 71630
 71627
 71428
 71234
 71170
 71125
 71082
 71082
 71030
 71018
 70985
 70856
 70837
 70771
 70707
 70690
 70559
 70534
 70533
 70362
 70324
 70283
 70270
 70243
 70173
 70169
 69904
 69842
 69833
 69755
 69642
 69511
 69453
 69326
 69247
 69091
 69070
 69052
 68965
 68690
 68475
 68443
 68152
 68104
 67916
 67819
 67784
 67778
 67719
 67493
 67473
 67427
 67374
 67360
 67143
 67080
 66924
 66853
 66752
 66373
 66367
 66348
 66032
 65929
 65739
 65659
 65593
 65585
 65406
 65388
 65359
 65190
 65082
 65047
 64966
 64840
 64813
 64480
 64461
 64382
 64373
 64277
 64254
 64159
 64110
 64093
 64057
 64017
 63998
 63977
 63946
 63850
 63795
 63734
 63718
 63545
 63515
 63495
 63320
 63192
 63122
 63035
 62964
 62948
 62851
 62773
 62759
 62680
 62647
 62500
 62473
 62318
 62229
 62205
 62200
 62200
 62143
 62045
 61982
 61923
 61873
 61868
 61765
 61736
 61717
 61664
 61575
 61573
 61474
 61436
 61415
 61373
 61282
 61264
 61234
 61164
 60817
 60791
 60683
 60679
 60471
 60377
 60292
 60146
 60114
 60106
 60074
 60016
 59967
 59926
 59868
 59352
 59336
 59162
 59102
 59074
 59062
 59050
 58982
 58891
 58877
 58615
 58376
 58287
 58114
 58058
 58055
 57979
 57864
 57791
 57783
 57727
 57725
 57575
 57490
 57483
 57392
 57312
 57231
 57171
 56962
 56805
 56548
 56519
 56486
 56457
 56360
 56255
 56005
 55991
 55871
 55658
 55591
 55449
 55335
 55308
 55254
 55133
 55133
 54918
 54908
 54897
 54888
 54838
 54687
 54336
 54151
 54136
 54010
 53930
 53827
 53741
 53699
 53654
 53559
 53410
 53408
 53365
 53273
 53108
 53037
 52919
 52621
 52492
 52382
 52289
 52168
 52120
 52115
 52096
 52045
 52020
 51984
 51924
 51748
 51731
 51611
 51546
 51519
 51374
 51312
 51298
 51277
 51005
 50923
 50909
 50861
 50854
 50840
 50747
 50678
 50587
 50516
 50451
 50439
 50422
 50377
 50370
 50243
 50237
 50209
 49993
 49531
 49394
 49330
 49175
 49132
 49064
 49022
 48725
 48500
 48489
 48408
 48000
 47952
 47823
 47798
 47729
 47643
 47391
 47352
 47315
 46941
 46581
 46442
 46409
 46395
 46290
 46270
 46167
 46157
 46004
 45989
 45930
 45666
 45494
 45333
 45319
 45117
 45082
 44916
 44871
 44782
 44678
 44384
 44196
 44057
 43966
 43933
 43435
 43389
 43321
 43307
 43105
 43034
 42876
 42759
 42695
 42482
 42465
 42413
 42083
 42062
 42041
 41891
 41849
 41528
 41453
 41312
 41258
 41099
 40909
 40808
 40766
 40593
 40573
 40555
 40502
 40489
 40464
 40365
 40305
 40169
 40153
 40090
 40034
 39999
 39806
 39710
 39697
 39459
 39455
 39325
 39094
 39078
 38945
 38936
 38886
 38863
 38789
 38735
 38666
 38623
 38518
 38446
 38396
 38301
 38292
 38154
 38103
 38075
 38047
 37997
 37867
 37715
 37531
 37489
 37469
 37395
 37347
 37221
 37200
 37070
 36901
 36879
 36873
 36768
 36709
 36618
 36518
 36490
 36065
 35714
 35714
 35670
 35640
 35623
 35398
 35361
 35346
 35323
 35294
 35011
 34916
 34876
 34782
 34495
 34381
 34366
 34285
 34207
 33935
 33847
 33772
 33714
 33629
 33601
 33529
 33520
 33500
 33368
 33367
 33333
 33305
 33017
 32974
 32921
 32897
 32738
 32673
 32550
 32446
 32416
 32393
 32015
 31940
 31920
 31851
 31754
 31642
 31616
 31609
 31343
 31323
 31290
 30988
 30800
 30721
 30699
 30612
 30552
 30458
 30413
 30281
 30180
 30033
 29892
 29775
 29680
 29671
 29603
 29390
 29357
 29250
 28920
 28572
 28496
 28033
 27916
 27879
 27871
 27627
 27450
 27069
 27020
 26975
 26859
 26825
 26737
 26730
 26696
 26696
 26647
 26608
 26595
 26515
 26434
 26315
 26288
 26192
 26175
 25950
 25923
 25818
 25731
 25474
 25157
 25103
 25102
 25051
 24989
 24879
 24593
 24489
 24347
 24187
 23996
 23984
 23879
 23850
 23828
 23728
 23664
 23631
 23446
 23336
 23221
 23169
 23157
 23102
 22982
 22957
 22787
 22779
 22767
 22738
 22715
 22520
 22501
 22465
 22463
 22442
 22343
 22307
 22292
 22288
 22261
 22002
 21916
 21623
 21513
 21472
 21451
 21427
 21400
 21352
 21303
 21263
 21138
 20950
 20893
 20886
 20860
 20855
 20665
 20472
 20454
 20259
 20111
 19999
 19936
 19900
 19820
 19747
 19646
 19469
 19337
 19292
 19184
 19159
 19029
 18921
 18724
 18376
 18320
 18266
 18200
 18166
 18086
 18080
 18010
 17946
 17922
 17904
 17675
 17471
 17381
 17183
 17063
 17042
 16919
 16875
 16744
 16696
 16672
 16454
 16413
 16306
 16286
 16270
 16129
 16129
 16111
 15993
 15896
 15384
 15118
 14902
 14834
 14656
 14591
 14541
 14403
 14370
 14149
 13954
 13769
 13739
 13694
 13559
 13527
 13370
 13347
 13106
 13105
 13065
 12875
 12823
 12804
 12579
 12573
 12516
 12305
 12252
 12182
 12177
 12044
 12015
 11970
 11884
 11877
 11876
 10992
 10762
 10688
 10656
 10508
 10473
 10471
 10250
 10199
 10010
 9907
 9634
 9595
 9572
 9469
 9136
 9116
 9051
 8765
 8756
 8572
 8422
 8230
 8082
 7689
 7651
 7637
 7632
 7628
 7548
 7492
 7348
 7278
 7263
 7256
 7088
 6850
 6818
 6765
 6640
 6630
 6596
 6570
 6167
 6137
 6117
 6084
 6012
 5928
 5825
 5763
 5562
 5548
 5420
 5416
 5308
 5286
 5190
 5054
 4824
 4799
 4746
 4706
 4592
 4430
 4405
 4393
 4365
 4181
 4053
 4024
 3920
 3764
 3691
 3179
 2854
 2837
 2413
 2377
 2347
 2294
 2084
 1974
 1751
 1725
 1559
 1189
 1066
 947
 929
 829
 803
 712
 686
 334
 280
 97
 0
 0
 0
 